0.000000000000000e+00 0.000000000000000e+00 1.000000000000000e+00
5.000000000000000e-03 3.369477419287315e-03 1.000000299744033e+00
1.000000000000000e-02 6.741060871647481e-03 1.000001508722486e+00
1.500000000000000e-02 1.011685770649257e-02 1.000003539426138e+00
2.000000000000000e-02 1.349897790673588e-02 1.000006382120785e+00
2.500000000000000e-02 1.688953540759990e-02 1.000010045616388e+00
3.000000000000000e-02 2.029064941789469e-02 1.000014542093884e+00
3.500000000000000e-02 2.370444574459234e-02 1.000019886178924e+00
4.000000000000000e-02 2.713305812152553e-02 1.000026088921293e+00
4.500000000000000e-02 3.057862954304063e-02 1.000033161005224e+00
5.000000000000000e-02 3.404331360343898e-02 1.000041122616298e+00
5.500000000000000e-02 3.752927584304335e-02 1.000049997143405e+00
6.000000000000000e-02 4.103869510173117e-02 1.000059799684198e+00
6.500000000000000e-02 4.457376488078044e-02 1.000070556174753e+00
7.000000000000001e-02 4.813669471387935e-02 1.000082289464197e+00
7.500000000000000e-02 5.172971154815675e-02 1.000095036708428e+00
8.000000000000000e-02 5.535506113609672e-02 1.000108824558954e+00
8.500000000000001e-02 5.901500943920686e-02 1.000123683265647e+00
9.000000000000000e-02 6.271184404431801e-02 1.000139654923127e+00
9.500000000000000e-02 6.644787559340060e-02 1.000156777272605e+00
1.000000000000000e-01 7.022543922779090e-02 1.000175090255089e+00
1.050000000000000e-01 7.404689604773053e-02 1.000194638170351e+00
1.100000000000000e-01 7.791463458813094e-02 1.000215466524593e+00
1.150000000000000e-01 8.183107231148547e-02 1.000237623507577e+00
1.200000000000000e-01 8.579865711886202e-02 1.000261172309058e+00
1.250000000000000e-01 8.981986887992111e-02 1.000286166094261e+00
1.300000000000000e-01 9.389722098291493e-02 1.000312658759048e+00
1.350000000000000e-01 9.803326190563690e-02 1.000340711904857e+00
1.400000000000000e-01 1.022305768083033e-01 1.000370402235672e+00
1.450000000000000e-01 1.064917891493625e-01 1.000401799781477e+00
1.500000000000000e-01 1.108195623252418e-01 1.000434973727158e+00
1.550000000000000e-01 1.152166013350572e-01 1.000470000937488e+00
1.600000000000000e-01 1.196856544713255e-01 1.000506967497101e+00
1.650000000000000e-01 1.242295150377370e-01 1.000545963128310e+00
1.700000000000000e-01 1.288510230950609e-01 1.000587071393545e+00
1.750000000000000e-01 1.335530672362758e-01 1.000630397605693e+00
1.800000000000000e-01 1.383385863920344e-01 1.000676035375401e+00
1.850000000000000e-01 1.432105716675912e-01 1.000724085382548e+00
1.900000000000000e-01 1.481720682123397e-01 1.000774660991762e+00
1.950000000000000e-01 1.532261771231311e-01 1.000827876298075e+00
2.000000000000000e-01 1.583760573825595e-01 1.000883852687436e+00
2.050000000000000e-01 1.636249278334301e-01 1.000942721239994e+00
2.100000000000000e-01 1.689760691906397e-01 1.001004615600306e+00
2.150000000000000e-01 1.744328260917313e-01 1.001069658033646e+00
2.200000000000000e-01 1.799986091874004e-01 1.001137989067263e+00
2.250000000000000e-01 1.856768972732633e-01 1.001209759702805e+00
2.300000000000000e-01 1.914712394642179e-01 1.001285127868122e+00
2.350000000000000e-01 1.973852574127551e-01 1.001364249220686e+00
2.400000000000000e-01 2.034226475726105e-01 1.001447285028488e+00
2.450000000000000e-01 2.095871835091678e-01 1.001534406777279e+00
2.500000000000000e-01 2.158827182580599e-01 1.001625782932049e+00
2.550000000000000e-01 2.223131867334419e-01 1.001721592613682e+00
2.600000000000000e-01 2.288826081874405e-01 1.001822017324464e+00
2.650000000000000e-01 2.355950887223172e-01 1.001927243963480e+00
2.700000000000000e-01 2.424548238569160e-01 1.002037469012087e+00
2.750000000000000e-01 2.494661011489995e-01 1.002152887637895e+00
2.800000000000000e-01 2.566333028751116e-01 1.002273688758616e+00
2.850000000000000e-01 2.639609087696434e-01 1.002400070267319e+00
2.900000000000000e-01 2.714534988248126e-01 1.002532223648231e+00
2.950000000000000e-01 2.791157561533084e-01 1.002670343968503e+00
3.000000000000000e-01 2.869524699153886e-01 1.002814634900841e+00
3.050000000000000e-01 2.949685383122613e-01 1.002965274989703e+00
3.100000000000000e-01 3.031689716476197e-01 1.003122447495387e+00
3.150000000000000e-01 3.115588954592450e-01 1.003286316870291e+00
3.200000000000000e-01 3.201435537226349e-01 1.003457044844415e+00
3.250000000000000e-01 3.289283121286580e-01 1.003634792983945e+00
3.300000000000000e-01 3.379186614372866e-01 1.003819659868755e+00
3.350000000000000e-01 3.471202209094989e-01 1.004011745599990e+00
3.400000000000000e-01 3.565387418195016e-01 1.004211139301858e+00
3.450000000000000e-01 3.661801110494620e-01 1.004417875741840e+00
3.500000000000000e-01 3.760503547690021e-01 1.004631950617401e+00
3.550000000000000e-01 3.861556422017504e-01 1.004853311033024e+00
3.600000000000000e-01 3.965022894813072e-01 1.005081868429298e+00
3.650000000000000e-01 4.070967635990345e-01 1.005317457987067e+00
3.700000000000000e-01 4.179456864461349e-01 1.005559844026103e+00
3.750000000000000e-01 4.290558389525505e-01 1.005808726966780e+00
3.800000000000000e-01 4.404341653252637e-01 1.006063697725319e+00
3.850000000000000e-01 4.520877773886537e-01 1.006324265008186e+00
3.900000000000000e-01 4.640239590296172e-01 1.006589822643914e+00
3.950000000000000e-01 4.762501707502353e-01 1.006859634029534e+00
4.000000000000000e-01 4.887740543308307e-01 1.007132852492790e+00
4.050000000000000e-01 5.016034376063282e-01 1.007408469200551e+00
4.100000000000000e-01 5.147463393589066e-01 1.007685334055505e+00
4.150000000000000e-01 5.282109743299990e-01 1.007962148387216e+00
4.200000000000000e-01 5.420057583547735e-01 1.008237427385519e+00
4.250000000000000e-01 5.561393136223041e-01 1.008509543150816e+00
4.300000000000000e-01 5.706204740647189e-01 1.008776697611833e+00
4.350000000000000e-01 5.854582908786964e-01 1.009036922386041e+00
4.400000000000000e-01 6.006620381827575e-01 1.009288132238144e+00
4.450000000000000e-01 6.162412188138907e-01 1.009528102925723e+00
4.500000000000000e-01 6.322055702671360e-01 1.009754516426061e+00
4.550000000000000e-01 6.485650707818353e-01 1.009965028544714e+00
4.600000000000000e-01 6.653299455783577e-01 1.010157276945670e+00
4.650000000000000e-01 6.825106732491932e-01 1.010328974796643e+00
4.700000000000000e-01 7.001179923084168e-01 1.010478006235927e+00
4.750000000000000e-01 7.181629079036070e-01 1.010602480147364e+00
4.800000000000000e-01 7.366566986944229e-01 1.010700866607116e+00
4.850000000000000e-01 7.556109239021327e-01 1.010772126987126e+00
4.900000000000000e-01 7.750374305345038e-01 1.010815808296356e+00
4.950000000000000e-01 7.949483607905672e-01 1.010832201147014e+00
5.000000000000000e-01 8.153561596498893e-01 1.010822485377561e+00
5.050000000000000e-01 8.362735826510871e-01 1.010788831445361e+00
5.100000000000000e-01 8.577137038644561e-01 1.010734526423268e+00
5.150000000000000e-01 8.796899240636907e-01 1.010664074831429e+00
5.200000000000000e-01 9.022159791018011e-01 1.010583241976136e+00
5.250000000000000e-01 9.253059484964714e-01 1.010499077611269e+00
5.300000000000000e-01 9.489742642302165e-01 1.010419888563331e+00
5.350000000000000e-01 9.732357197708378e-01 1.010355145389591e+00
5.400000000000000e-01 9.981054793178262e-01 1.010315350411750e+00
5.450000000000000e-01 1.023599087280478e+00 1.010311835439237e+00
5.500000000000000e-01 1.049732477993657e+00 1.010356487119258e+00
5.550000000000000e-01 1.076521985677273e+00 1.010461458981426e+00
5.600000000000001e-01 1.103984354645701e+00 1.010638850468371e+00
5.650000000000001e-01 1.132136749773522e+00 1.010900308809860e+00
5.700000000000001e-01 1.160996767224129e+00 1.011256627236852e+00
5.750000000000001e-01 1.190582445447902e+00 1.011717408523063e+00
5.800000000000000e-01 1.220912276456826e+00 1.012290732626341e+00
5.850000000000000e-01 1.252005217382601e+00 1.012982784753440e+00
5.900000000000000e-01 1.283880702325469e+00 1.013797533231409e+00
5.950000000000000e-01 1.316558654501151e+00 1.014736534142118e+00
6.000000000000000e-01 1.350059498693518e+00 1.015798806078503e+00
6.050000000000000e-01 1.384404174020732e+00 1.016980693185075e+00
6.100000000000000e-01 1.419614147022888e+00 1.018275741111880e+00
6.150000000000000e-01 1.455711425079295e+00 1.019674669723590e+00
6.200000000000000e-01 1.492718570163803e+00 1.021165461098547e+00
6.250000000000000e-01 1.530658712946775e+00 1.022733498221618e+00
6.300000000000000e-01 1.569555567252506e+00 1.024361695650688e+00
6.350000000000000e-01 1.609433444881138e+00 1.026030626218083e+00
6.400000000000000e-01 1.650317270804325e+00 1.027718682782422e+00
6.450000000000000e-01 1.692232598744148e+00 1.029402305316060e+00
6.500000000000000e-01 1.735205627145031e+00 1.031056278602032e+00
6.550000000000000e-01 1.779263215548615e+00 1.032654092450049e+00
6.600000000000000e-01 1.824432901381847e+00 1.034168368079833e+00
6.650000000000000e-01 1.870742917168772e+00 1.035571371649023e+00
6.700000000000000e-01 1.918222208176775e+00 1.036835648424824e+00
6.750000000000000e-01 1.966900450508319e+00 1.037934816385892e+00
6.800000000000000e-01 2.016808069649473e+00 1.038844553102893e+00
6.850000000000001e-01 2.067976259486829e+00 1.039543797221882e+00
6.900000000000001e-01 2.120437001804702e+00 1.040016160712401e+00
6.950000000000001e-01 2.174223086274785e+00 1.040251506424120e+00
7.000000000000001e-01 2.229368130950753e+00 1.040247584267166e+00
7.050000000000000e-01 2.285906603280654e+00 1.040011541237396e+00
7.100000000000000e-01 2.343873841650178e+00 1.039561038764762e+00
7.150000000000000e-01 2.403306077470301e+00 1.038924650824056e+00
7.200000000000000e-01 2.464240457823092e+00 1.038141212727327e+00
7.250000000000000e-01 2.526715068679855e+00 1.037257876271341e+00
7.300000000000000e-01 2.590768958706095e+00 1.036326815456658e+00
7.350000000000000e-01 2.656442163668210e+00 1.035400796625830e+00
7.400000000000000e-01 2.723775731457148e+00 1.034528117085812e+00
7.450000000000000e-01 2.792811747744667e+00 1.033747643123104e+00
7.500000000000000e-01 2.863593362288260e+00 1.033084764729383e+00
7.550000000000000e-01 2.936164815901156e+00 1.032548991041239e+00
7.600000000000000e-01 3.010571468104263e+00 1.032133651040577e+00
7.650000000000000e-01 3.086859825477351e+00 1.031817797332762e+00
7.700000000000000e-01 3.165077570727174e+00 1.031570017747465e+00
7.750000000000000e-01 3.245273592490716e+00 1.031353519075757e+00
7.800000000000000e-01 3.327498015892184e+00 1.031131622765889e+00
7.850000000000000e-01 3.411802233872832e+00 1.030872747629296e+00
7.900000000000000e-01 3.498238939313234e+00 1.030554070800244e+00
7.950000000000000e-01 3.586862157968046e+00 1.030163344697647e+00
8.000000000000000e-01 3.677727282233856e+00 1.029698750395307e+00
8.050000000000000e-01 3.770891105771243e+00 1.029167089230544e+00
8.100000000000001e-01 3.866411859002656e+00 1.028580938108547e+00
8.150000000000001e-01 3.964349245508326e+00 1.027955527666958e+00
8.200000000000001e-01 4.064764479342956e+00 1.027306019667914e+00
8.250000000000001e-01 4.167720323296481e+00 1.026645612484647e+00
8.300000000000001e-01 4.273281128122877e+00 1.025984596218459e+00
8.350000000000000e-01 4.381512872761445e+00 1.025330220477668e+00
8.400000000000000e-01 4.492483205575838e+00 1.024687095624762e+00
8.450000000000000e-01 4.606261486636447e+00 1.024057830648792e+00
8.500000000000000e-01 4.722918831072739e+00 1.023443679717081e+00
8.550000000000000e-01 4.842528153522501e+00 1.022845070203307e+00
8.600000000000000e-01 4.965164213705875e+00 1.022261973426034e+00
8.650000000000000e-01 5.090903663152626e+00 1.021694134552706e+00
8.700000000000000e-01 5.219825093111814e+00 1.021141200190983e+00
8.750000000000000e-01 5.352009083673925e+00 1.020602782168609e+00
8.800000000000000e-01 5.487538254136007e+00 1.020078486291217e+00
8.850000000000000e-01 5.626497314641444e+00 1.019567923969910e+00
8.900000000000000e-01 5.768973119126561e+00 1.019070716330229e+00
8.950000000000000e-01 5.915054719607133e+00 1.018586495351044e+00
9.000000000000000e-01 6.064833421838831e+00 1.018114903949295e+00
9.050000000000000e-01 6.218402842386253e+00 1.017655595733181e+00
9.100000000000000e-01 6.375858967136348e+00 1.017208234668580e+00
9.150000000000000e-01 6.537300211292723e+00 1.016772494733089e+00
9.200000000000000e-01 6.702827480888332e+00 1.016348059577711e+00
9.250000000000000e-01 6.872544235855034e+00 1.015934622200735e+00
9.300000000000000e-01 7.046556554689444e+00 1.015531884634288e+00
9.350000000000001e-01 7.224973200755413e+00 1.015139557643231e+00
9.400000000000001e-01 7.407905690264673e+00 1.014757360435826e+00
9.450000000000001e-01 7.595468361978146e+00 1.014385020385665e+00
9.500000000000001e-01 7.787778448671316e+00 1.014022272764319e+00
9.550000000000001e-01 7.984956150408610e+00 1.013668860484236e+00
9.600000000000000e-01 8.187124709672272e+00 1.013324533851410e+00
9.650000000000000e-01 8.394410488393007e+00 1.012989050327390e+00
9.700000000000000e-01 8.606943046930221e+00 1.012662174300206e+00
9.750000000000000e-01 8.824855225051540e+00 1.012343676863822e+00
9.800000000000000e-01 9.048283224961922e+00 1.012033335605735e+00
9.850000000000000e-01 9.277366696434507e+00 1.011730934402376e+00
9.900000000000000e-01 9.512248824096272e+00 1.011436263221960e+00
9.950000000000000e-01 9.753076416923058e+00 1.011149117934473e+00
1.000000000000000e+00 1.000000000000000e+01 1.010869300128498e+00
