0.000000000000000e+00 0.000000000000000e+00 1.000000000000000e+00
5.000000000000000e-03 3.369477419287315e-03 1.000000000053068e+00
1.000000000000000e-02 6.741060871647481e-03 1.000000000346853e+00
1.500000000000000e-02 1.011685770649257e-02 1.000000001021256e+00
2.000000000000000e-02 1.349897790673588e-02 1.000000001877015e+00
2.500000000000000e-02 1.688953540759990e-02 1.000000002937066e+00
3.000000000000000e-02 2.029064941789469e-02 1.000000004316875e+00
3.500000000000000e-02 2.370444574459234e-02 1.000000005939179e+00
4.000000000000000e-02 2.713305812152553e-02 1.000000007762662e+00
4.500000000000000e-02 3.057862954304063e-02 1.000000009794259e+00
5.000000000000000e-02 3.404331360343898e-02 1.000000012128558e+00
5.500000000000000e-02 3.752927584304335e-02 1.000000014662980e+00
6.000000000000000e-02 4.103869510173117e-02 1.000000017492152e+00
6.500000000000000e-02 4.457376488078044e-02 1.000000020673545e+00
7.000000000000001e-02 4.813669471387935e-02 1.000000024111380e+00
7.500000000000000e-02 5.172971154815675e-02 1.000000027925186e+00
8.000000000000000e-02 5.535506113609672e-02 1.000000032109338e+00
8.500000000000001e-02 5.901500943920686e-02 1.000000036565669e+00
9.000000000000000e-02 6.271184404431801e-02 1.000000041413725e+00
9.500000000000000e-02 6.644787559340060e-02 1.000000046726255e+00
1.000000000000000e-01 7.022543922779090e-02 1.000000052467542e+00
1.050000000000000e-01 7.404689604773053e-02 1.000000058548992e+00
1.100000000000000e-01 7.791463458813094e-02 1.000000065144050e+00
1.150000000000000e-01 8.183107231148547e-02 1.000000072245368e+00
1.200000000000000e-01 8.579865711886202e-02 1.000000079926300e+00
1.250000000000000e-01 8.981986887992111e-02 1.000000088273244e+00
1.300000000000000e-01 9.389722098291493e-02 1.000000097128618e+00
1.350000000000000e-01 9.803326190563690e-02 1.000000106558162e+00
1.400000000000000e-01 1.022305768083033e-01 1.000000116639710e+00
1.450000000000000e-01 1.064917891493625e-01 1.000000127374197e+00
1.500000000000000e-01 1.108195623252418e-01 1.000000138894825e+00
1.550000000000000e-01 1.152166013350572e-01 1.000000151209803e+00
1.600000000000000e-01 1.196856544713255e-01 1.000000164469955e+00
1.650000000000000e-01 1.242295150377370e-01 1.000000178764191e+00
1.700000000000000e-01 1.288510230950609e-01 1.000000194091412e+00
1.750000000000000e-01 1.335530672362758e-01 1.000000210541524e+00
1.800000000000000e-01 1.383385863920344e-01 1.000000228115744e+00
1.850000000000000e-01 1.432105716675912e-01 1.000000247145686e+00
1.900000000000000e-01 1.481720682123397e-01 1.000000267676613e+00
1.950000000000000e-01 1.532261771231311e-01 1.000000289683731e+00
2.000000000000000e-01 1.583760573825595e-01 1.000000313342730e+00
2.050000000000000e-01 1.636249278334301e-01 1.000000338848385e+00
2.100000000000000e-01 1.689760691906397e-01 1.000000366310796e+00
2.150000000000000e-01 1.744328260917313e-01 1.000000395833824e+00
2.200000000000000e-01 1.799986091874004e-01 1.000000427623730e+00
2.250000000000000e-01 1.856768972732633e-01 1.000000462030711e+00
2.300000000000000e-01 1.914712394642179e-01 1.000000499240127e+00
2.350000000000000e-01 1.973852574127551e-01 1.000000539565157e+00
2.400000000000000e-01 2.034226475726105e-01 1.000000583490503e+00
2.450000000000000e-01 2.095871835091678e-01 1.000000631170565e+00
2.500000000000000e-01 2.158827182580599e-01 1.000000682918299e+00
2.550000000000000e-01 2.223131867334419e-01 1.000000739131997e+00
2.600000000000000e-01 2.288826081874405e-01 1.000000800273648e+00
2.650000000000000e-01 2.355950887223172e-01 1.000000866893133e+00
2.700000000000000e-01 2.424548238569160e-01 1.000000939527327e+00
2.750000000000000e-01 2.494661011489995e-01 1.000001018743641e+00
2.800000000000000e-01 2.566333028751116e-01 1.000001105588363e+00
2.850000000000000e-01 2.639609087696434e-01 1.000001200850502e+00
2.900000000000000e-01 2.714534988248126e-01 1.000001305287843e+00
2.950000000000000e-01 2.791157561533084e-01 1.000001420046574e+00
3.000000000000000e-01 2.869524699153886e-01 1.000001546204419e+00
3.050000000000000e-01 2.949685383122613e-01 1.000001684901072e+00
3.100000000000000e-01 3.031689716476197e-01 1.000001837823193e+00
3.150000000000000e-01 3.115588954592450e-01 1.000002007179702e+00
3.200000000000000e-01 3.201435537226349e-01 1.000002194565844e+00
3.250000000000000e-01 3.289283121286580e-01 1.000002401852162e+00
3.300000000000000e-01 3.379186614372866e-01 1.000002631782579e+00
3.350000000000000e-01 3.471202209094989e-01 1.000002887690434e+00
3.400000000000000e-01 3.565387418195016e-01 1.000003172687427e+00
3.450000000000000e-01 3.661801110494620e-01 1.000003490413673e+00
3.500000000000000e-01 3.760503547690021e-01 1.000003845180851e+00
3.550000000000000e-01 3.861556422017504e-01 1.000004241890691e+00
3.600000000000000e-01 3.965022894813072e-01 1.000004686636040e+00
3.650000000000000e-01 4.070967635990345e-01 1.000005185682328e+00
3.700000000000000e-01 4.179456864461349e-01 1.000005747072472e+00
3.750000000000000e-01 4.290558389525505e-01 1.000006379471032e+00
3.800000000000000e-01 4.404341653252637e-01 1.000007092982878e+00
3.850000000000000e-01 4.520877773886537e-01 1.000007899643973e+00
3.900000000000000e-01 4.640239590296172e-01 1.000008812872841e+00
3.950000000000000e-01 4.762501707502353e-01 1.000009849235923e+00
4.000000000000000e-01 4.887740543308307e-01 1.000011026732827e+00
4.050000000000000e-01 5.016034376063282e-01 1.000012367455184e+00
4.100000000000000e-01 5.147463393589066e-01 1.000013896446266e+00
4.150000000000000e-01 5.282109743299990e-01 1.000015642746925e+00
4.200000000000000e-01 5.420057583547735e-01 1.000017642401857e+00
4.250000000000000e-01 5.561393136223041e-01 1.000019935387147e+00
4.300000000000000e-01 5.706204740647189e-01 1.000022569053209e+00
4.350000000000000e-01 5.854582908786964e-01 1.000025598938302e+00
4.400000000000000e-01 6.006620381827575e-01 1.000029091471530e+00
4.450000000000000e-01 6.162412188138907e-01 1.000033124692821e+00
4.500000000000000e-01 6.322055702671360e-01 1.000037788464276e+00
4.550000000000000e-01 6.485650707818353e-01 1.000043191762114e+00
4.600000000000000e-01 6.653299455783577e-01 1.000049460830921e+00
4.650000000000000e-01 6.825106732491932e-01 1.000056745646711e+00
4.700000000000000e-01 7.001179923084168e-01 1.000065224599593e+00
4.750000000000000e-01 7.181629079036070e-01 1.000075105285231e+00
4.800000000000000e-01 7.366566986944229e-01 1.000086637140327e+00
4.850000000000000e-01 7.556109239021327e-01 1.000100111886960e+00
4.900000000000000e-01 7.750374305345038e-01 1.000115874348532e+00
4.950000000000000e-01 7.949483607905672e-01 1.000134335126659e+00
5.000000000000000e-01 8.153561596498893e-01 1.000155972639885e+00
5.050000000000000e-01 8.362735826510871e-01 1.000181355873675e+00
5.100000000000000e-01 8.577137038644561e-01 1.000211152934337e+00
5.150000000000000e-01 8.796899240636907e-01 1.000246143387536e+00
5.200000000000000e-01 9.022159791018011e-01 1.000287248618398e+00
5.250000000000000e-01 9.253059484964714e-01 1.000335536694652e+00
5.300000000000000e-01 9.489742642302165e-01 1.000392249501676e+00
5.350000000000000e-01 9.732357197708378e-01 1.000458832703543e+00
5.400000000000000e-01 9.981054793178262e-01 1.000536937201367e+00
5.450000000000000e-01 1.023599087280478e+00 1.000628455951507e+00
5.500000000000000e-01 1.049732477993657e+00 1.000735540380217e+00
5.550000000000000e-01 1.076521985677273e+00 1.000860587731045e+00
5.600000000000001e-01 1.103984354645701e+00 1.001006266386993e+00
5.650000000000001e-01 1.132136749773522e+00 1.001175490760590e+00
5.700000000000001e-01 1.160996767224129e+00 1.001371357845998e+00
5.750000000000001e-01 1.190582445447902e+00 1.001597112509389e+00
5.800000000000000e-01 1.220912276456826e+00 1.001856024634129e+00
5.850000000000000e-01 1.252005217382601e+00 1.002151198916098e+00
5.900000000000000e-01 1.283880702325469e+00 1.002485397008364e+00
5.950000000000000e-01 1.316558654501151e+00 1.002860735750786e+00
6.000000000000000e-01 1.350059498693518e+00 1.003278274913819e+00
6.050000000000000e-01 1.384404174020732e+00 1.003737618848684e+00
6.100000000000000e-01 1.419614147022888e+00 1.004236416724734e+00
6.150000000000000e-01 1.455711425079295e+00 1.004769758347551e+00
6.200000000000000e-01 1.492718570163803e+00 1.005329680891925e+00
6.250000000000000e-01 1.530658712946775e+00 1.005904792317734e+00
6.300000000000000e-01 1.569555567252506e+00 1.006480013296721e+00
6.350000000000000e-01 1.609433444881138e+00 1.007036739813478e+00
6.400000000000000e-01 1.650317270804325e+00 1.007553636488336e+00
6.450000000000000e-01 1.692232598744148e+00 1.008008053278906e+00
6.500000000000000e-01 1.735205627145031e+00 1.008378177762297e+00
6.550000000000000e-01 1.779263215548615e+00 1.008645985339786e+00
6.600000000000000e-01 1.824432901381847e+00 1.008800618254599e+00
6.650000000000000e-01 1.870742917168772e+00 1.008841575693624e+00
6.700000000000000e-01 1.918222208176775e+00 1.008781125237871e+00
6.750000000000000e-01 1.966900450508319e+00 1.008645326585294e+00
6.800000000000000e-01 2.016808069649473e+00 1.008473136497427e+00
6.850000000000001e-01 2.067976259486829e+00 1.008313492483424e+00
6.900000000000001e-01 2.120437001804702e+00 1.008220793497104e+00
6.950000000000001e-01 2.174223086274785e+00 1.008249486863989e+00
7.000000000000001e-01 2.229368130950753e+00 1.008448571091141e+00
7.050000000000000e-01 2.285906603280654e+00 1.008856820634321e+00
7.100000000000000e-01 2.343873841650178e+00 1.009499353544204e+00
7.150000000000000e-01 2.403306077470301e+00 1.010385795226857e+00
7.200000000000000e-01 2.464240457823092e+00 1.011509929075971e+00
7.250000000000000e-01 2.526715068679855e+00 1.012850521922020e+00
7.300000000000000e-01 2.590768958706095e+00 1.014372962118407e+00
7.350000000000000e-01 2.656442163668210e+00 1.016031376820244e+00
7.400000000000000e-01 2.723775731457148e+00 1.017770961382157e+00
7.450000000000000e-01 2.792811747744667e+00 1.019530357382534e+00
7.500000000000000e-01 2.863593362288260e+00 1.021244053862138e+00
7.550000000000000e-01 2.936164815901156e+00 1.022844932331348e+00
7.600000000000000e-01 3.010571468104263e+00 1.024267218574748e+00
7.650000000000000e-01 3.086859825477351e+00 1.025450223400311e+00
7.700000000000000e-01 3.165077570727174e+00 1.026343262269980e+00
7.750000000000000e-01 3.245273592490716e+00 1.026911867546223e+00
7.800000000000000e-01 3.327498015892184e+00 1.027144696139749e+00
7.850000000000000e-01 3.411802233872832e+00 1.027059492466828e+00
7.900000000000000e-01 3.498238939313234e+00 1.026705596361511e+00
7.950000000000000e-01 3.586862157968046e+00 1.026160526404059e+00
8.000000000000000e-01 3.677727282233856e+00 1.025519580145302e+00
8.050000000000000e-01 3.770891105771243e+00 1.024879851053557e+00
8.100000000000001e-01 3.866411859002656e+00 1.024322473294948e+00
8.150000000000001e-01 3.964349245508326e+00 1.023898038145562e+00
8.200000000000001e-01 4.064764479342956e+00 1.023619381983620e+00
8.250000000000001e-01 4.167720323296481e+00 1.023463651696027e+00
8.300000000000001e-01 4.273281128122877e+00 1.023382652499997e+00
8.350000000000000e-01 4.381512872761445e+00 1.023318022852281e+00
8.400000000000000e-01 4.492483205575838e+00 1.023216560396740e+00
8.450000000000000e-01 4.606261486636447e+00 1.023041417307287e+00
8.500000000000000e-01 4.722918831072739e+00 1.022776716113533e+00
8.550000000000000e-01 4.842528153522501e+00 1.022425652005441e+00
8.600000000000000e-01 4.965164213705875e+00 1.022004273859648e+00
8.650000000000000e-01 5.090903663152626e+00 1.021534028318247e+00
8.700000000000000e-01 5.219825093111814e+00 1.021035654163869e+00
8.750000000000000e-01 5.352009083673925e+00 1.020525680531258e+00
8.800000000000000e-01 5.487538254136007e+00 1.020015436927785e+00
8.850000000000000e-01 5.626497314641444e+00 1.019511702867693e+00
8.900000000000000e-01 5.768973119126561e+00 1.019018009596166e+00
8.950000000000000e-01 5.915054719607133e+00 1.018535904585647e+00
9.000000000000000e-01 6.064833421838831e+00 1.018065877081140e+00
9.050000000000000e-01 6.218402842386253e+00 1.017607919087405e+00
9.100000000000000e-01 6.375858967136348e+00 1.017161817517812e+00
9.150000000000000e-01 6.537300211292723e+00 1.016727287306660e+00
9.200000000000000e-01 6.702827480888332e+00 1.016304024967462e+00
9.250000000000000e-01 6.872544235855034e+00 1.015891727662607e+00
9.300000000000000e-01 7.046556554689444e+00 1.015490099138793e+00
9.350000000000001e-01 7.224973200755413e+00 1.015098851234568e+00
9.400000000000001e-01 7.407905690264673e+00 1.014717704062918e+00
9.450000000000001e-01 7.595468361978146e+00 1.014346385844877e+00
9.500000000000001e-01 7.787778448671316e+00 1.013984632666721e+00
9.550000000000001e-01 7.984956150408610e+00 1.013632188228396e+00
9.600000000000000e-01 8.187124709672272e+00 1.013288803597955e+00
9.650000000000000e-01 8.394410488393007e+00 1.012954236974633e+00
9.700000000000000e-01 8.606943046930221e+00 1.012628253460696e+00
9.750000000000000e-01 8.824855225051540e+00 1.012310624841755e+00
9.800000000000000e-01 9.048283224961922e+00 1.012001129375198e+00
9.850000000000000e-01 9.277366696434507e+00 1.011699551586368e+00
9.900000000000000e-01 9.512248824096272e+00 1.011405682072181e+00
9.950000000000000e-01 9.753076416923058e+00 1.011119317311836e+00
1.000000000000000e+00 1.000000000000000e+01 1.010840259484330e+00
