0.000000000000000e+00 0.000000000000000e+00 1.000000000000000e+00
5.000000000000000e-03 3.369477419287315e-03 1.000000000005883e+00
1.000000000000000e-02 6.741060871647481e-03 1.000000000020597e+00
1.500000000000000e-02 1.011685770649257e-02 1.000000000022907e+00
2.000000000000000e-02 1.349897790673588e-02 1.000000000027693e+00
2.500000000000000e-02 1.688953540759990e-02 1.000000000030477e+00
3.000000000000000e-02 2.029064941789469e-02 1.000000000036755e+00
3.500000000000000e-02 2.370444574459234e-02 1.000000000047997e+00
4.000000000000000e-02 2.713305812152553e-02 1.000000000063483e+00
4.500000000000000e-02 3.057862954304063e-02 1.000000000079473e+00
5.000000000000000e-02 3.404331360343898e-02 1.000000000098261e+00
5.500000000000000e-02 3.752927584304335e-02 1.000000000117063e+00
6.000000000000000e-02 4.103869510173117e-02 1.000000000135238e+00
6.500000000000000e-02 4.457376488078044e-02 1.000000000166138e+00
7.000000000000001e-02 4.813669471387935e-02 1.000000000198324e+00
7.500000000000000e-02 5.172971154815675e-02 1.000000000231326e+00
8.000000000000000e-02 5.535506113609672e-02 1.000000000275490e+00
8.500000000000001e-02 5.901500943920686e-02 1.000000000325387e+00
9.000000000000000e-02 6.271184404431801e-02 1.000000000374935e+00
9.500000000000000e-02 6.644787559340060e-02 1.000000000426709e+00
1.000000000000000e-01 7.022543922779090e-02 1.000000000477309e+00
1.050000000000000e-01 7.404689604773053e-02 1.000000000532453e+00
1.100000000000000e-01 7.791463458813094e-02 1.000000000592970e+00
1.150000000000000e-01 8.183107231148547e-02 1.000000000653302e+00
1.200000000000000e-01 8.579865711886202e-02 1.000000000712712e+00
1.250000000000000e-01 8.981986887992111e-02 1.000000000783076e+00
1.300000000000000e-01 9.389722098291493e-02 1.000000000855744e+00
1.350000000000000e-01 9.803326190563690e-02 1.000000000925272e+00
1.400000000000000e-01 1.022305768083033e-01 1.000000001003540e+00
1.450000000000000e-01 1.064917891493625e-01 1.000000001098019e+00
1.500000000000000e-01 1.108195623252418e-01 1.000000001204033e+00
1.550000000000000e-01 1.152166013350572e-01 1.000000001324216e+00
1.600000000000000e-01 1.196856544713255e-01 1.000000001445886e+00
1.650000000000000e-01 1.242295150377370e-01 1.000000001569273e+00
1.700000000000000e-01 1.288510230950609e-01 1.000000001711934e+00
1.750000000000000e-01 1.335530672362758e-01 1.000000001870945e+00
1.800000000000000e-01 1.383385863920344e-01 1.000000002040153e+00
1.850000000000000e-01 1.432105716675912e-01 1.000000002209714e+00
1.900000000000000e-01 1.481720682123397e-01 1.000000002396782e+00
1.950000000000000e-01 1.532261771231311e-01 1.000000002605284e+00
2.000000000000000e-01 1.583760573825595e-01 1.000000002822902e+00
2.050000000000000e-01 1.636249278334301e-01 1.000000003057397e+00
2.100000000000000e-01 1.689760691906397e-01 1.000000003314364e+00
2.150000000000000e-01 1.744328260917313e-01 1.000000003569459e+00
2.200000000000000e-01 1.799986091874004e-01 1.000000003851347e+00
2.250000000000000e-01 1.856768972732633e-01 1.000000004170127e+00
2.300000000000000e-01 1.914712394642179e-01 1.000000004527405e+00
2.350000000000000e-01 1.973852574127551e-01 1.000000004923710e+00
2.400000000000000e-01 2.034226475726105e-01 1.000000005350505e+00
2.450000000000000e-01 2.095871835091678e-01 1.000000005827315e+00
2.500000000000000e-01 2.158827182580599e-01 1.000000006348976e+00
2.550000000000000e-01 2.223131867334419e-01 1.000000006913089e+00
2.600000000000000e-01 2.288826081874405e-01 1.000000007522656e+00
2.650000000000000e-01 2.355950887223172e-01 1.000000008185715e+00
2.700000000000000e-01 2.424548238569160e-01 1.000000008910326e+00
2.750000000000000e-01 2.494661011489995e-01 1.000000009721410e+00
2.800000000000000e-01 2.566333028751116e-01 1.000000010600540e+00
2.850000000000000e-01 2.639609087696434e-01 1.000000011587214e+00
2.900000000000000e-01 2.714534988248126e-01 1.000000012704934e+00
2.950000000000000e-01 2.791157561533084e-01 1.000000013943351e+00
3.000000000000000e-01 2.869524699153886e-01 1.000000015320787e+00
3.050000000000000e-01 2.949685383122613e-01 1.000000016842327e+00
3.100000000000000e-01 3.031689716476197e-01 1.000000018521240e+00
3.150000000000000e-01 3.115588954592450e-01 1.000000020395796e+00
3.200000000000000e-01 3.201435537226349e-01 1.000000022520415e+00
3.250000000000000e-01 3.289283121286580e-01 1.000000024890911e+00
3.300000000000000e-01 3.379186614372866e-01 1.000000027596737e+00
3.350000000000000e-01 3.471202209094989e-01 1.000000030658797e+00
3.400000000000000e-01 3.565387418195016e-01 1.000000034085754e+00
3.450000000000000e-01 3.661801110494620e-01 1.000000037949863e+00
3.500000000000000e-01 3.760503547690021e-01 1.000000042372095e+00
3.550000000000000e-01 3.861556422017504e-01 1.000000047463670e+00
3.600000000000000e-01 3.965022894813072e-01 1.000000053228180e+00
3.650000000000000e-01 4.070967635990345e-01 1.000000059801789e+00
3.700000000000000e-01 4.179456864461349e-01 1.000000067332701e+00
3.750000000000000e-01 4.290558389525505e-01 1.000000076022975e+00
3.800000000000000e-01 4.404341653252637e-01 1.000000086046367e+00
3.850000000000000e-01 4.520877773886537e-01 1.000000097632939e+00
3.900000000000000e-01 4.640239590296172e-01 1.000000111067791e+00
3.950000000000000e-01 4.762501707502353e-01 1.000000126656654e+00
4.000000000000000e-01 4.887740543308307e-01 1.000000144848705e+00
4.050000000000000e-01 5.016034376063282e-01 1.000000166069724e+00
4.100000000000000e-01 5.147463393589066e-01 1.000000190968329e+00
4.150000000000000e-01 5.282109743299990e-01 1.000000220219108e+00
4.200000000000000e-01 5.420057583547735e-01 1.000000254649827e+00
4.250000000000000e-01 5.561393136223041e-01 1.000000295297830e+00
4.300000000000000e-01 5.706204740647189e-01 1.000000343418666e+00
4.350000000000000e-01 5.854582908786964e-01 1.000000400618730e+00
4.400000000000000e-01 6.006620381827575e-01 1.000000468723429e+00
4.450000000000000e-01 6.162412188138907e-01 1.000000550197069e+00
4.500000000000000e-01 6.322055702671360e-01 1.000000647686709e+00
4.550000000000000e-01 6.485650707818353e-01 1.000000764694883e+00
4.600000000000000e-01 6.653299455783577e-01 1.000000905776396e+00
4.650000000000000e-01 6.825106732491932e-01 1.000001076095835e+00
4.700000000000000e-01 7.001179923084168e-01 1.000001282526498e+00
4.750000000000000e-01 7.181629079036070e-01 1.000001533199346e+00
4.800000000000000e-01 7.366566986944229e-01 1.000001838492552e+00
4.850000000000000e-01 7.556109239021327e-01 1.000002211479641e+00
4.900000000000000e-01 7.750374305345038e-01 1.000002668028940e+00
4.950000000000000e-01 7.949483607905672e-01 1.000003228839804e+00
5.000000000000000e-01 8.153561596498893e-01 1.000003919066214e+00
5.050000000000000e-01 8.362735826510871e-01 1.000004770797411e+00
5.100000000000000e-01 8.577137038644561e-01 1.000005824819093e+00
5.150000000000000e-01 8.796899240636907e-01 1.000007131449139e+00
5.200000000000000e-01 9.022159791018011e-01 1.000008755806078e+00
5.250000000000000e-01 9.253059484964714e-01 1.000010779126949e+00
5.300000000000000e-01 9.489742642302165e-01 1.000013304154899e+00
5.350000000000000e-01 9.732357197708378e-01 1.000016462687760e+00
5.400000000000000e-01 9.981054793178262e-01 1.000020419172414e+00
5.450000000000000e-01 1.023599087280478e+00 1.000025383964666e+00
5.500000000000000e-01 1.049732477993657e+00 1.000031623832896e+00
5.550000000000000e-01 1.076521985677273e+00 1.000039473526786e+00
5.600000000000001e-01 1.103984354645701e+00 1.000049360575443e+00
5.650000000000001e-01 1.132136749773522e+00 1.000061822490294e+00
5.700000000000001e-01 1.160996767224129e+00 1.000077534283464e+00
5.750000000000001e-01 1.190582445447902e+00 1.000097350019977e+00
5.800000000000000e-01 1.220912276456826e+00 1.000122333227073e+00
5.850000000000000e-01 1.252005217382601e+00 1.000153808570503e+00
5.900000000000000e-01 1.283880702325469e+00 1.000193425400911e+00
5.950000000000000e-01 1.316558654501151e+00 1.000243204294420e+00
6.000000000000000e-01 1.350059498693518e+00 1.000305611931679e+00
6.050000000000000e-01 1.384404174020732e+00 1.000383638686787e+00
6.100000000000000e-01 1.419614147022888e+00 1.000480838158436e+00
6.150000000000000e-01 1.455711425079295e+00 1.000601383217998e+00
6.200000000000000e-01 1.492718570163803e+00 1.000750095405655e+00
6.250000000000000e-01 1.530658712946775e+00 1.000932373361252e+00
6.300000000000000e-01 1.569555567252506e+00 1.001154075504247e+00
6.350000000000000e-01 1.609433444881138e+00 1.001421307094041e+00
6.400000000000000e-01 1.650317270804325e+00 1.001739981480657e+00
6.450000000000000e-01 1.692232598744148e+00 1.002115201237416e+00
6.500000000000000e-01 1.735205627145031e+00 1.002550463424862e+00
6.550000000000000e-01 1.779263215548615e+00 1.003046552807264e+00
6.600000000000000e-01 1.824432901381847e+00 1.003600199365148e+00
6.650000000000000e-01 1.870742917168772e+00 1.004202728774600e+00
6.700000000000000e-01 1.918222208176775e+00 1.004838814854784e+00
6.750000000000000e-01 1.966900450508319e+00 1.005485612739133e+00
6.800000000000000e-01 2.016808069649473e+00 1.006112939778850e+00
6.850000000000001e-01 2.067976259486829e+00 1.006685159919084e+00
6.900000000000001e-01 2.120437001804702e+00 1.007165116005361e+00
6.950000000000001e-01 2.174223086274785e+00 1.007520120069471e+00
7.000000000000001e-01 2.229368130950753e+00 1.007729337711332e+00
7.050000000000000e-01 2.285906603280654e+00 1.007790907800948e+00
7.100000000000000e-01 2.343873841650178e+00 1.007726612641538e+00
7.150000000000000e-01 2.403306077470301e+00 1.007582356779135e+00
7.200000000000000e-01 2.464240457823092e+00 1.007423826178228e+00
7.250000000000000e-01 2.526715068679855e+00 1.007328016372554e+00
7.300000000000000e-01 2.590768958706095e+00 1.007372472456061e+00
7.350000000000000e-01 2.656442163668210e+00 1.007624642221178e+00
7.400000000000000e-01 2.723775731457148e+00 1.008133434705863e+00
7.450000000000000e-01 2.792811747744667e+00 1.008924132782912e+00
7.500000000000000e-01 2.863593362288260e+00 1.009996774268698e+00
7.550000000000000e-01 2.936164815901156e+00 1.011327383061269e+00
7.600000000000000e-01 3.010571468104263e+00 1.012871100973607e+00
7.650000000000000e-01 3.086859825477351e+00 1.014566287098106e+00
7.700000000000000e-01 3.165077570727174e+00 1.016338889865498e+00
7.750000000000000e-01 3.245273592490716e+00 1.018106716395261e+00
7.800000000000000e-01 3.327498015892184e+00 1.019783574366161e+00
7.850000000000000e-01 3.411802233872832e+00 1.021283691233484e+00
7.900000000000000e-01 3.498238939313234e+00 1.022527289670252e+00
7.950000000000000e-01 3.586862157968046e+00 1.023448355698610e+00
8.000000000000000e-01 3.677727282233856e+00 1.024004878948470e+00
8.050000000000000e-01 3.770891105771243e+00 1.024189923434076e+00
8.100000000000001e-01 3.866411859002656e+00 1.024039555209237e+00
8.150000000000001e-01 3.964349245508326e+00 1.023632614934437e+00
8.200000000000001e-01 4.064764479342956e+00 1.023079084360124e+00
8.250000000000001e-01 4.167720323296481e+00 1.022498183064113e+00
8.300000000000001e-01 4.273281128122877e+00 1.021992176443073e+00
8.350000000000000e-01 4.381512872761445e+00 1.021624418166295e+00
8.400000000000000e-01 4.492483205575838e+00 1.021408947825435e+00
8.450000000000000e-01 4.606261486636447e+00 1.021314650676155e+00
8.500000000000000e-01 4.722918831072739e+00 1.021281595133013e+00
8.550000000000000e-01 4.842528153522501e+00 1.021242975417817e+00
8.600000000000000e-01 4.965164213705875e+00 1.021144745012559e+00
8.650000000000000e-01 5.090903663152626e+00 1.020956954868504e+00
8.700000000000000e-01 5.219825093111814e+00 1.020674945338521e+00
8.750000000000000e-01 5.352009083673925e+00 1.020312754452954e+00
8.800000000000000e-01 5.487538254136007e+00 1.019893393615502e+00
8.850000000000000e-01 5.626497314641444e+00 1.019440324149757e+00
8.900000000000000e-01 5.768973119126561e+00 1.018972415844404e+00
8.950000000000000e-01 5.915054719607133e+00 1.018502436421338e+00
9.000000000000000e-01 6.064833421838831e+00 1.018037823232300e+00
9.050000000000000e-01 6.218402842386253e+00 1.017582310528803e+00
9.100000000000000e-01 6.375858967136348e+00 1.017137463605082e+00
9.150000000000000e-01 6.537300211292723e+00 1.016703749517237e+00
9.200000000000000e-01 6.702827480888332e+00 1.016281149544900e+00
9.250000000000000e-01 6.872544235855034e+00 1.015869457880173e+00
9.300000000000000e-01 7.046556554689444e+00 1.015468408266351e+00
9.350000000000001e-01 7.224973200755413e+00 1.015077721149054e+00
9.400000000000001e-01 7.407905690264673e+00 1.014697119121016e+00
9.450000000000001e-01 7.595468361978146e+00 1.014326331296912e+00
9.500000000000001e-01 7.787778448671316e+00 1.013965094278493e+00
9.550000000000001e-01 7.984956150408610e+00 1.013613152191458e+00
9.600000000000000e-01 8.187124709672272e+00 1.013270256502116e+00
9.650000000000000e-01 8.394410488393007e+00 1.012936165792875e+00
9.700000000000000e-01 8.606943046930221e+00 1.012610645536630e+00
9.750000000000000e-01 8.824855225051540e+00 1.012293467877853e+00
9.800000000000000e-01 9.048283224961922e+00 1.011984411421498e+00
9.850000000000000e-01 9.277366696434507e+00 1.011683261029604e+00
9.900000000000000e-01 9.512248824096272e+00 1.011389807625294e+00
9.950000000000000e-01 9.753076416923058e+00 1.011103848003877e+00
1.000000000000000e+00 1.000000000000000e+01 1.010825184650845e+00
