0.000000000000000e+00 0.000000000000000e+00 1.000000000000000e+00
5.000000000000000e-03 3.369477419287315e-03 1.000000050324725e+00
1.000000000000000e-02 6.741060871647481e-03 1.000000253834041e+00
1.500000000000000e-02 1.011685770649257e-02 1.000000596984240e+00
2.000000000000000e-02 1.349897790673588e-02 1.000001079468373e+00
2.500000000000000e-02 1.688953540759990e-02 1.000001702678809e+00
3.000000000000000e-02 2.029064941789469e-02 1.000002467256575e+00
3.500000000000000e-02 2.370444574459234e-02 1.000003377268523e+00
4.000000000000000e-02 2.713305812152553e-02 1.000004434941508e+00
4.500000000000000e-02 3.057862954304063e-02 1.000005643261872e+00
5.000000000000000e-02 3.404331360343898e-02 1.000007004189977e+00
5.500000000000000e-02 3.752927584304335e-02 1.000008524069036e+00
6.000000000000000e-02 4.103869510173117e-02 1.000010208964761e+00
6.500000000000000e-02 4.457376488078044e-02 1.000012064325317e+00
7.000000000000001e-02 4.813669471387935e-02 1.000014095809008e+00
7.500000000000000e-02 5.172971154815675e-02 1.000016310600415e+00
8.000000000000000e-02 5.535506113609672e-02 1.000018716006576e+00
8.500000000000001e-02 5.901500943920686e-02 1.000021316656444e+00
9.000000000000000e-02 6.271184404431801e-02 1.000024123664793e+00
9.500000000000000e-02 6.644787559340060e-02 1.000027147622719e+00
1.000000000000000e-01 7.022543922779090e-02 1.000030399477717e+00
1.050000000000000e-01 7.404689604773053e-02 1.000033891350370e+00
1.100000000000000e-01 7.791463458813094e-02 1.000037635615030e+00
1.150000000000000e-01 8.183107231148547e-02 1.000041645883123e+00
1.200000000000000e-01 8.579865711886202e-02 1.000045935045000e+00
1.250000000000000e-01 8.981986887992111e-02 1.000050520542128e+00
1.300000000000000e-01 9.389722098291493e-02 1.000055419094128e+00
1.350000000000000e-01 9.803326190563690e-02 1.000060651219154e+00
1.400000000000000e-01 1.022305768083033e-01 1.000066239700945e+00
1.450000000000000e-01 1.064917891493625e-01 1.000072205767082e+00
1.500000000000000e-01 1.108195623252418e-01 1.000078575844876e+00
1.550000000000000e-01 1.152166013350572e-01 1.000085375662987e+00
1.600000000000000e-01 1.196856544713255e-01 1.000092634540711e+00
1.650000000000000e-01 1.242295150377370e-01 1.000100384664706e+00
1.700000000000000e-01 1.288510230950609e-01 1.000108661720590e+00
1.750000000000000e-01 1.335530672362758e-01 1.000117508251440e+00
1.800000000000000e-01 1.383385863920344e-01 1.000126965150480e+00
1.850000000000000e-01 1.432105716675912e-01 1.000137080044394e+00
1.900000000000000e-01 1.481720682123397e-01 1.000147902558220e+00
1.950000000000000e-01 1.532261771231311e-01 1.000159486940071e+00
2.000000000000000e-01 1.583760573825595e-01 1.000171899707520e+00
2.050000000000000e-01 1.636249278334301e-01 1.000185208187042e+00
2.100000000000000e-01 1.689760691906397e-01 1.000199490663013e+00
2.150000000000000e-01 1.744328260917313e-01 1.000214828854599e+00
2.200000000000000e-01 1.799986091874004e-01 1.000231308812181e+00
2.250000000000000e-01 1.856768972732633e-01 1.000249036362216e+00
2.300000000000000e-01 1.914712394642179e-01 1.000268123074939e+00
2.350000000000000e-01 1.973852574127551e-01 1.000288694353922e+00
2.400000000000000e-01 2.034226475726105e-01 1.000310888656720e+00
2.450000000000000e-01 2.095871835091678e-01 1.000334847247517e+00
2.500000000000000e-01 2.158827182580599e-01 1.000360738790329e+00
2.550000000000000e-01 2.223131867334419e-01 1.000388759073326e+00
2.600000000000000e-01 2.288826081874405e-01 1.000419106211819e+00
2.650000000000000e-01 2.355950887223172e-01 1.000451998528182e+00
2.700000000000000e-01 2.424548238569160e-01 1.000487693564672e+00
2.750000000000000e-01 2.494661011489995e-01 1.000526466795350e+00
2.800000000000000e-01 2.566333028751116e-01 1.000568618700857e+00
2.850000000000000e-01 2.639609087696434e-01 1.000614488357672e+00
2.900000000000000e-01 2.714534988248126e-01 1.000664445634048e+00
2.950000000000000e-01 2.791157561533084e-01 1.000718901054529e+00
3.000000000000000e-01 2.869524699153886e-01 1.000778304275035e+00
3.050000000000000e-01 2.949685383122613e-01 1.000843150589127e+00
3.100000000000000e-01 3.031689716476197e-01 1.000913988470186e+00
3.150000000000000e-01 3.115588954592450e-01 1.000991412164941e+00
3.200000000000000e-01 3.201435537226349e-01 1.001076079911920e+00
3.250000000000000e-01 3.289283121286580e-01 1.001168710249137e+00
3.300000000000000e-01 3.379186614372866e-01 1.001270082621852e+00
3.350000000000000e-01 3.471202209094989e-01 1.001381057605027e+00
3.400000000000000e-01 3.565387418195016e-01 1.001502561722895e+00
3.450000000000000e-01 3.661801110494620e-01 1.001635602801024e+00
3.500000000000000e-01 3.760503547690021e-01 1.001781280696157e+00
3.550000000000000e-01 3.861556422017504e-01 1.001940768031227e+00
3.600000000000000e-01 3.965022894813072e-01 1.002115338675403e+00
3.650000000000000e-01 4.070967635990345e-01 1.002306362592802e+00
3.700000000000000e-01 4.179456864461349e-01 1.002515289824846e+00
3.750000000000000e-01 4.290558389525505e-01 1.002743685562797e+00
3.800000000000000e-01 4.404341653252637e-01 1.002993207397856e+00
3.850000000000000e-01 4.520877773886537e-01 1.003265593786772e+00
3.900000000000000e-01 4.640239590296172e-01 1.003562700491207e+00
3.950000000000000e-01 4.762501707502353e-01 1.003886461902222e+00
4.000000000000000e-01 4.887740543308307e-01 1.004238880784246e+00
4.050000000000000e-01 5.016034376063282e-01 1.004622065028829e+00
4.100000000000000e-01 5.147463393589066e-01 1.005038174750165e+00
4.150000000000000e-01 5.282109743299990e-01 1.005489402818067e+00
4.200000000000000e-01 5.420057583547735e-01 1.005978014058675e+00
4.250000000000000e-01 5.561393136223041e-01 1.006506283954647e+00
4.300000000000000e-01 5.706204740647189e-01 1.007076456871815e+00
4.350000000000000e-01 5.854582908786964e-01 1.007690789372631e+00
4.400000000000000e-01 6.006620381827575e-01 1.008351494486282e+00
4.450000000000000e-01 6.162412188138907e-01 1.009060660705572e+00
4.500000000000000e-01 6.322055702671360e-01 1.009820287754571e+00
4.550000000000000e-01 6.485650707818353e-01 1.010632265905263e+00
4.600000000000000e-01 6.653299455783577e-01 1.011498258910040e+00
4.650000000000000e-01 6.825106732491932e-01 1.012419692053018e+00
4.700000000000000e-01 7.001179923084168e-01 1.013397783734733e+00
4.750000000000000e-01 7.181629079036070e-01 1.014433445225226e+00
4.800000000000000e-01 7.366566986944229e-01 1.015527180994668e+00
4.850000000000000e-01 7.556109239021327e-01 1.016679120397240e+00
4.900000000000000e-01 7.750374305345038e-01 1.017889015289891e+00
4.950000000000000e-01 7.949483607905672e-01 1.019156112084865e+00
5.000000000000000e-01 8.153561596498893e-01 1.020479071806793e+00
5.050000000000000e-01 8.362735826510871e-01 1.021856012272416e+00
5.100000000000000e-01 8.577137038644561e-01 1.023284510108671e+00
5.150000000000000e-01 8.796899240636907e-01 1.024761486325827e+00
5.200000000000000e-01 9.022159791018011e-01 1.026283113362238e+00
5.250000000000000e-01 9.253059484964714e-01 1.027844839313391e+00
5.300000000000000e-01 9.489742642302165e-01 1.029441435817360e+00
5.350000000000000e-01 9.732357197708378e-01 1.031066956907364e+00
5.400000000000000e-01 9.981054793178262e-01 1.032714641648225e+00
5.450000000000000e-01 1.023599087280478e+00 1.034376870268356e+00
5.500000000000000e-01 1.049732477993657e+00 1.036045206756462e+00
5.550000000000000e-01 1.076521985677273e+00 1.037710462333534e+00
5.600000000000001e-01 1.103984354645701e+00 1.039362716523994e+00
5.650000000000001e-01 1.132136749773522e+00 1.040991300029044e+00
5.700000000000001e-01 1.160996767224129e+00 1.042584783552621e+00
5.750000000000001e-01 1.190582445447902e+00 1.044131009435550e+00
5.800000000000000e-01 1.220912276456826e+00 1.045617172031188e+00
5.850000000000000e-01 1.252005217382601e+00 1.047029931052867e+00
5.900000000000000e-01 1.283880702325469e+00 1.048355546334989e+00
5.950000000000000e-01 1.316558654501151e+00 1.049580034288761e+00
6.000000000000000e-01 1.350059498693518e+00 1.050689355175476e+00
6.050000000000000e-01 1.384404174020732e+00 1.051669644690285e+00
6.100000000000000e-01 1.419614147022888e+00 1.052507500635614e+00
6.150000000000000e-01 1.455711425079295e+00 1.053190332953863e+00
6.200000000000000e-01 1.492718570163803e+00 1.053706781738397e+00
6.250000000000000e-01 1.530658712946775e+00 1.054047203887676e+00
6.300000000000000e-01 1.569555567252506e+00 1.054204223602907e+00
6.350000000000000e-01 1.609433444881138e+00 1.054173333769238e+00
6.400000000000000e-01 1.650317270804325e+00 1.053953524266984e+00
6.450000000000000e-01 1.692232598744148e+00 1.053547899330106e+00
6.500000000000000e-01 1.735205627145031e+00 1.052964230354668e+00
6.550000000000000e-01 1.779263215548615e+00 1.052215374990873e+00
6.600000000000000e-01 1.824432901381847e+00 1.051319481154559e+00
6.650000000000000e-01 1.870742917168772e+00 1.050299889932874e+00
6.700000000000000e-01 1.918222208176775e+00 1.049184658805729e+00
6.750000000000000e-01 1.966900450508319e+00 1.048005649956948e+00
6.800000000000000e-01 2.016808069649473e+00 1.046797169237450e+00
6.850000000000001e-01 2.067976259486829e+00 1.045594197389798e+00
6.900000000000001e-01 2.120437001804702e+00 1.044430319816237e+00
6.950000000000001e-01 2.174223086274785e+00 1.043335523887117e+00
7.000000000000001e-01 2.229368130950753e+00 1.042334080954296e+00
7.050000000000000e-01 2.285906603280654e+00 1.041442752238393e+00
7.100000000000000e-01 2.343873841650178e+00 1.040669546025454e+00
7.150000000000000e-01 2.403306077470301e+00 1.040013206673015e+00
7.200000000000000e-01 2.464240457823092e+00 1.039463538786623e+00
7.250000000000000e-01 2.526715068679855e+00 1.039002572724111e+00
7.300000000000000e-01 2.590768958706095e+00 1.038606473352439e+00
7.350000000000000e-01 2.656442163668210e+00 1.038247996519215e+00
7.400000000000000e-01 2.723775731457148e+00 1.037899220222633e+00
7.450000000000000e-01 2.792811747744667e+00 1.037534231940440e+00
7.500000000000000e-01 2.863593362288260e+00 1.037131449951368e+00
7.550000000000000e-01 2.936164815901156e+00 1.036675300818550e+00
7.600000000000000e-01 3.010571468104263e+00 1.036157066631345e+00
7.650000000000000e-01 3.086859825477351e+00 1.035574843192238e+00
7.700000000000000e-01 3.165077570727174e+00 1.034932692191050e+00
7.750000000000000e-01 3.245273592490716e+00 1.034239197000396e+00
7.800000000000000e-01 3.327498015892184e+00 1.033505713716236e+00
7.850000000000000e-01 3.411802233872832e+00 1.032744627147283e+00
7.900000000000000e-01 3.498238939313234e+00 1.031967873867146e+00
7.950000000000000e-01 3.586862157968046e+00 1.031185898255936e+00
8.000000000000000e-01 3.677727282233856e+00 1.030407092520600e+00
8.050000000000000e-01 3.770891105771243e+00 1.029637669765745e+00
8.100000000000001e-01 3.866411859002656e+00 1.028881853212548e+00
8.150000000000001e-01 3.964349245508326e+00 1.028142242574633e+00
8.200000000000001e-01 4.064764479342956e+00 1.027420233788460e+00
8.250000000000001e-01 4.167720323296481e+00 1.026716405272651e+00
8.300000000000001e-01 4.273281128122877e+00 1.026030825780665e+00
8.350000000000000e-01 4.381512872761445e+00 1.025363273322352e+00
8.400000000000000e-01 4.492483205575838e+00 1.024713376045779e+00
8.450000000000000e-01 4.606261486636447e+00 1.024080694853853e+00
8.500000000000000e-01 4.722918831072739e+00 1.023464767667560e+00
8.550000000000000e-01 4.842528153522501e+00 1.022865131054312e+00
8.600000000000000e-01 4.965164213705875e+00 1.022281329775266e+00
8.650000000000000e-01 5.090903663152626e+00 1.021712920475845e+00
8.700000000000000e-01 5.219825093111814e+00 1.021159472794412e+00
8.750000000000000e-01 5.352009083673925e+00 1.020620569439514e+00
8.800000000000000e-01 5.487538254136007e+00 1.020095805898986e+00
8.850000000000000e-01 5.626497314641444e+00 1.019584790037886e+00
8.900000000000000e-01 5.768973119126561e+00 1.019087141675234e+00
8.950000000000000e-01 5.915054719607133e+00 1.018602492167759e+00
9.000000000000000e-01 6.064833421838831e+00 1.018130484008247e+00
9.050000000000000e-01 6.218402842386253e+00 1.017670770439859e+00
9.100000000000000e-01 6.375858967136348e+00 1.017223015086156e+00
9.150000000000000e-01 6.537300211292723e+00 1.016786891596175e+00
9.200000000000000e-01 6.702827480888332e+00 1.016362083303837e+00
9.250000000000000e-01 6.872544235855034e+00 1.015948282901028e+00
9.300000000000000e-01 7.046556554689444e+00 1.015545192123678e+00
9.350000000000001e-01 7.224973200755413e+00 1.015152521450240e+00
9.400000000000001e-01 7.407905690264673e+00 1.014769989811985e+00
9.450000000000001e-01 7.595468361978146e+00 1.014397324314564e+00
9.500000000000001e-01 7.787778448671316e+00 1.014034259970317e+00
9.550000000000001e-01 7.984956150408610e+00 1.013680539440836e+00
9.600000000000000e-01 8.187124709672272e+00 1.013335912789321e+00
9.650000000000000e-01 8.394410488393007e+00 1.013000137242291e+00
9.700000000000000e-01 8.606943046930221e+00 1.012672976960216e+00
9.750000000000000e-01 8.824855225051540e+00 1.012354202816702e+00
9.800000000000000e-01 9.048283224961922e+00 1.012043592185823e+00
9.850000000000000e-01 9.277366696434507e+00 1.011740928737271e+00
9.900000000000000e-01 9.512248824096272e+00 1.011446002238960e+00
9.950000000000000e-01 9.753076416923058e+00 1.011158608366794e+00
1.000000000000000e+00 1.000000000000000e+01 1.010878548521258e+00
