0.000000000000000e+00 0.000000000000000e+00 1.000000000000000e+00
5.000000000000000e-03 3.369477419287315e-03 1.000000000008753e+00
1.000000000000000e-02 6.741060871647481e-03 1.000000000009605e+00
1.500000000000000e-02 1.011685770649257e-02 1.000000000012014e+00
2.000000000000000e-02 1.349897790673588e-02 1.000000000009177e+00
2.500000000000000e-02 1.688953540759990e-02 1.000000000008030e+00
3.000000000000000e-02 2.029064941789469e-02 1.000000000006730e+00
3.500000000000000e-02 2.370444574459234e-02 1.000000000006958e+00
4.000000000000000e-02 2.713305812152553e-02 1.000000000007338e+00
4.500000000000000e-02 3.057862954304063e-02 1.000000000007291e+00
5.000000000000000e-02 3.404331360343898e-02 1.000000000007240e+00
5.500000000000000e-02 3.752927584304335e-02 1.000000000007104e+00
6.000000000000000e-02 4.103869510173117e-02 1.000000000008004e+00
6.500000000000000e-02 4.457376488078044e-02 1.000000000008354e+00
7.000000000000001e-02 4.813669471387935e-02 1.000000000009750e+00
7.500000000000000e-02 5.172971154815675e-02 1.000000000011025e+00
8.000000000000000e-02 5.535506113609672e-02 1.000000000012293e+00
8.500000000000001e-02 5.901500943920686e-02 1.000000000015369e+00
9.000000000000000e-02 6.271184404431801e-02 1.000000000018402e+00
9.500000000000000e-02 6.644787559340060e-02 1.000000000020509e+00
1.000000000000000e-01 7.022543922779090e-02 1.000000000022543e+00
1.050000000000000e-01 7.404689604773053e-02 1.000000000026336e+00
1.100000000000000e-01 7.791463458813094e-02 1.000000000029955e+00
1.150000000000000e-01 8.183107231148547e-02 1.000000000033449e+00
1.200000000000000e-01 8.579865711886202e-02 1.000000000037519e+00
1.250000000000000e-01 8.981986887992111e-02 1.000000000042859e+00
1.300000000000000e-01 9.389722098291493e-02 1.000000000046110e+00
1.350000000000000e-01 9.803326190563690e-02 1.000000000048743e+00
1.400000000000000e-01 1.022305768083033e-01 1.000000000052261e+00
1.450000000000000e-01 1.064917891493625e-01 1.000000000056358e+00
1.500000000000000e-01 1.108195623252418e-01 1.000000000060399e+00
1.550000000000000e-01 1.152166013350572e-01 1.000000000063456e+00
1.600000000000000e-01 1.196856544713255e-01 1.000000000067404e+00
1.650000000000000e-01 1.242295150377370e-01 1.000000000071430e+00
1.700000000000000e-01 1.288510230950609e-01 1.000000000073973e+00
1.750000000000000e-01 1.335530672362758e-01 1.000000000077581e+00
1.800000000000000e-01 1.383385863920344e-01 1.000000000082982e+00
1.850000000000000e-01 1.432105716675912e-01 1.000000000088695e+00
1.900000000000000e-01 1.481720682123397e-01 1.000000000093491e+00
1.950000000000000e-01 1.532261771231311e-01 1.000000000099305e+00
2.000000000000000e-01 1.583760573825595e-01 1.000000000104892e+00
2.050000000000000e-01 1.636249278334301e-01 1.000000000112569e+00
2.100000000000000e-01 1.689760691906397e-01 1.000000000121008e+00
2.150000000000000e-01 1.744328260917313e-01 1.000000000126354e+00
2.200000000000000e-01 1.799986091874004e-01 1.000000000133426e+00
2.250000000000000e-01 1.856768972732633e-01 1.000000000142821e+00
2.300000000000000e-01 1.914712394642179e-01 1.000000000154135e+00
2.350000000000000e-01 1.973852574127551e-01 1.000000000167396e+00
2.400000000000000e-01 2.034226475726105e-01 1.000000000179539e+00
2.450000000000000e-01 2.095871835091678e-01 1.000000000189560e+00
2.500000000000000e-01 2.158827182580599e-01 1.000000000201748e+00
2.550000000000000e-01 2.223131867334419e-01 1.000000000213472e+00
2.600000000000000e-01 2.288826081874405e-01 1.000000000222654e+00
2.650000000000000e-01 2.355950887223172e-01 1.000000000231897e+00
2.700000000000000e-01 2.424548238569160e-01 1.000000000243985e+00
2.750000000000000e-01 2.494661011489995e-01 1.000000000258707e+00
2.800000000000000e-01 2.566333028751116e-01 1.000000000275557e+00
2.850000000000000e-01 2.639609087696434e-01 1.000000000290335e+00
2.900000000000000e-01 2.714534988248126e-01 1.000000000304589e+00
2.950000000000000e-01 2.791157561533084e-01 1.000000000321878e+00
3.000000000000000e-01 2.869524699153886e-01 1.000000000342892e+00
3.050000000000000e-01 2.949685383122613e-01 1.000000000363336e+00
3.100000000000000e-01 3.031689716476197e-01 1.000000000383299e+00
3.150000000000000e-01 3.115588954592450e-01 1.000000000405620e+00
3.200000000000000e-01 3.201435537226349e-01 1.000000000427633e+00
3.250000000000000e-01 3.289283121286580e-01 1.000000000451203e+00
3.300000000000000e-01 3.379186614372866e-01 1.000000000475355e+00
3.350000000000000e-01 3.471202209094989e-01 1.000000000502411e+00
3.400000000000000e-01 3.565387418195016e-01 1.000000000530534e+00
3.450000000000000e-01 3.661801110494620e-01 1.000000000557328e+00
3.500000000000000e-01 3.760503547690021e-01 1.000000000586006e+00
3.550000000000000e-01 3.861556422017504e-01 1.000000000619971e+00
3.600000000000000e-01 3.965022894813072e-01 1.000000000653288e+00
3.650000000000000e-01 4.070967635990345e-01 1.000000000685396e+00
3.700000000000000e-01 4.179456864461349e-01 1.000000000721899e+00
3.750000000000000e-01 4.290558389525505e-01 1.000000000760006e+00
3.800000000000000e-01 4.404341653252637e-01 1.000000000800824e+00
3.850000000000000e-01 4.520877773886537e-01 1.000000000846110e+00
3.900000000000000e-01 4.640239590296172e-01 1.000000000893450e+00
3.950000000000000e-01 4.762501707502353e-01 1.000000000941252e+00
4.000000000000000e-01 4.887740543308307e-01 1.000000000991529e+00
4.050000000000000e-01 5.016034376063282e-01 1.000000001039506e+00
4.100000000000000e-01 5.147463393589066e-01 1.000000001088003e+00
4.150000000000000e-01 5.282109743299990e-01 1.000000001147032e+00
4.200000000000000e-01 5.420057583547735e-01 1.000000001214239e+00
4.250000000000000e-01 5.561393136223041e-01 1.000000001280733e+00
4.300000000000000e-01 5.706204740647189e-01 1.000000001346010e+00
4.350000000000000e-01 5.854582908786964e-01 1.000000001414464e+00
4.400000000000000e-01 6.006620381827575e-01 1.000000001487411e+00
4.450000000000000e-01 6.162412188138907e-01 1.000000001562296e+00
4.500000000000000e-01 6.322055702671360e-01 1.000000001641608e+00
4.550000000000000e-01 6.485650707818353e-01 1.000000001728650e+00
4.600000000000000e-01 6.653299455783577e-01 1.000000001820216e+00
4.650000000000000e-01 6.825106732491932e-01 1.000000001918455e+00
4.700000000000000e-01 7.001179923084168e-01 1.000000002016728e+00
4.750000000000000e-01 7.181629079036070e-01 1.000000002118026e+00
4.800000000000000e-01 7.366566986944229e-01 1.000000002226115e+00
4.850000000000000e-01 7.556109239021327e-01 1.000000002339097e+00
4.900000000000000e-01 7.750374305345038e-01 1.000000002464856e+00
4.950000000000000e-01 7.949483607905672e-01 1.000000002591590e+00
5.000000000000000e-01 8.153561596498893e-01 1.000000002723187e+00
5.050000000000000e-01 8.362735826510871e-01 1.000000002861356e+00
5.100000000000000e-01 8.577137038644561e-01 1.000000003004637e+00
5.150000000000000e-01 8.796899240636907e-01 1.000000003167905e+00
5.200000000000000e-01 9.022159791018011e-01 1.000000003332676e+00
5.250000000000000e-01 9.253059484964714e-01 1.000000003496825e+00
5.300000000000000e-01 9.489742642302165e-01 1.000000003677211e+00
5.350000000000000e-01 9.732357197708378e-01 1.000000003872735e+00
5.400000000000000e-01 9.981054793178262e-01 1.000000004075969e+00
5.450000000000000e-01 1.023599087280478e+00 1.000000004285272e+00
5.500000000000000e-01 1.049732477993657e+00 1.000000004514241e+00
5.550000000000000e-01 1.076521985677273e+00 1.000000004757089e+00
5.600000000000001e-01 1.103984354645701e+00 1.000000005013769e+00
5.650000000000001e-01 1.132136749773522e+00 1.000000005294902e+00
5.700000000000001e-01 1.160996767224129e+00 1.000000005594301e+00
5.750000000000001e-01 1.190582445447902e+00 1.000000005924758e+00
5.800000000000000e-01 1.220912276456826e+00 1.000000006289236e+00
5.850000000000000e-01 1.252005217382601e+00 1.000000006691900e+00
5.900000000000000e-01 1.283880702325469e+00 1.000000007155921e+00
5.950000000000000e-01 1.316558654501151e+00 1.000000007684718e+00
6.000000000000000e-01 1.350059498693518e+00 1.000000008310164e+00
6.050000000000000e-01 1.384404174020732e+00 1.000000009071753e+00
6.100000000000000e-01 1.419614147022888e+00 1.000000010004719e+00
6.150000000000000e-01 1.455711425079295e+00 1.000000011209164e+00
6.200000000000000e-01 1.492718570163803e+00 1.000000012794807e+00
6.250000000000000e-01 1.530658712946775e+00 1.000000014937449e+00
6.300000000000000e-01 1.569555567252506e+00 1.000000017971908e+00
6.350000000000000e-01 1.609433444881138e+00 1.000000022341534e+00
6.400000000000000e-01 1.650317270804325e+00 1.000000028828063e+00
6.450000000000000e-01 1.692232598744148e+00 1.000000038773527e+00
6.500000000000000e-01 1.735205627145031e+00 1.000000054224107e+00
6.550000000000000e-01 1.779263215548615e+00 1.000000078765470e+00
6.600000000000000e-01 1.824432901381847e+00 1.000000118488660e+00
6.650000000000000e-01 1.870742917168772e+00 1.000000183313930e+00
6.700000000000000e-01 1.918222208176775e+00 1.000000290362340e+00
6.750000000000000e-01 1.966900450508319e+00 1.000000468791281e+00
6.800000000000000e-01 2.016808069649473e+00 1.000000767261472e+00
6.850000000000001e-01 2.067976259486829e+00 1.000001268453242e+00
6.900000000000001e-01 2.120437001804702e+00 1.000002112095105e+00
6.950000000000001e-01 2.174223086274785e+00 1.000003531588883e+00
7.000000000000001e-01 2.229368130950753e+00 1.000005916159067e+00
7.050000000000000e-01 2.285906603280654e+00 1.000009908313300e+00
7.100000000000000e-01 2.343873841650178e+00 1.000016557495246e+00
7.150000000000000e-01 2.403306077470301e+00 1.000027563201662e+00
7.200000000000000e-01 2.464240457823092e+00 1.000045621792333e+00
7.250000000000000e-01 2.526715068679855e+00 1.000074905422718e+00
7.300000000000000e-01 2.590768958706095e+00 1.000121752476221e+00
7.350000000000000e-01 2.656442163668210e+00 1.000195547247857e+00
7.400000000000000e-01 2.723775731457148e+00 1.000309514160781e+00
7.450000000000000e-01 2.792811747744667e+00 1.000481078230240e+00
7.500000000000000e-01 2.863593362288260e+00 1.000731556757785e+00
7.550000000000000e-01 2.936164815901156e+00 1.001084646522503e+00
7.600000000000000e-01 3.010571468104263e+00 1.001562163719549e+00
7.650000000000000e-01 3.086859825477351e+00 1.002174878967908e+00
7.700000000000000e-01 3.165077570727174e+00 1.002908284827833e+00
7.750000000000000e-01 3.245273592490716e+00 1.003708808642218e+00
7.800000000000000e-01 3.327498015892184e+00 1.004482031123906e+00
7.850000000000000e-01 3.411802233872832e+00 1.005113469187436e+00
7.900000000000000e-01 3.498238939313234e+00 1.005510269178215e+00
7.950000000000000e-01 3.586862157968046e+00 1.005645650243844e+00
8.000000000000000e-01 3.677727282233856e+00 1.005581513461288e+00
8.050000000000000e-01 3.770891105771243e+00 1.005455769136412e+00
8.100000000000001e-01 3.866411859002656e+00 1.005441135641297e+00
8.150000000000001e-01 3.964349245508326e+00 1.005695444254795e+00
8.200000000000001e-01 4.064764479342956e+00 1.006322726632598e+00
8.250000000000001e-01 4.167720323296481e+00 1.007354994873852e+00
8.300000000000001e-01 4.273281128122877e+00 1.008754393403103e+00
8.350000000000000e-01 4.381512872761445e+00 1.010427838725680e+00
8.400000000000000e-01 4.492483205575838e+00 1.012243642560091e+00
8.450000000000000e-01 4.606261486636447e+00 1.014044195591004e+00
8.500000000000000e-01 4.722918831072739e+00 1.015658321715087e+00
8.550000000000000e-01 4.842528153522501e+00 1.016923203903502e+00
8.600000000000000e-01 4.965164213705875e+00 1.017720939135740e+00
8.650000000000000e-01 5.090903663152626e+00 1.018019644788416e+00
8.700000000000000e-01 5.219825093111814e+00 1.017895565932167e+00
8.750000000000000e-01 5.352009083673925e+00 1.017515167657876e+00
8.800000000000000e-01 5.487538254136007e+00 1.017077273611323e+00
8.850000000000000e-01 5.626497314641444e+00 1.016740881321276e+00
8.900000000000000e-01 5.768973119126561e+00 1.016574898558913e+00
8.950000000000000e-01 5.915054719607133e+00 1.016553200650417e+00
9.000000000000000e-01 6.064833421838831e+00 1.016591233122137e+00
9.050000000000000e-01 6.218402842386253e+00 1.016598134010188e+00
9.100000000000000e-01 6.375858967136348e+00 1.016515353369729e+00
9.150000000000000e-01 6.537300211292723e+00 1.016327768023727e+00
9.200000000000000e-01 6.702827480888332e+00 1.016052339659526e+00
9.250000000000000e-01 6.872544235855034e+00 1.015718960382600e+00
9.300000000000000e-01 7.046556554689444e+00 1.015355602934089e+00
9.350000000000001e-01 7.224973200755413e+00 1.014981876309063e+00
9.400000000000001e-01 7.407905690264673e+00 1.014608958694872e+00
9.450000000000001e-01 7.595468361978146e+00 1.014242173252369e+00
9.500000000000001e-01 7.787778448671316e+00 1.013883617698512e+00
9.550000000000001e-01 7.984956150408610e+00 1.013533908194929e+00
9.600000000000000e-01 8.187124709672272e+00 1.013193080814293e+00
9.650000000000000e-01 8.394410488393007e+00 1.012860977281729e+00
9.700000000000000e-01 8.606943046930221e+00 1.012537385539320e+00
9.750000000000000e-01 8.824855225051540e+00 1.012222084038693e+00
9.800000000000000e-01 9.048283224961922e+00 1.011914853973858e+00
9.850000000000000e-01 9.277366696434507e+00 1.011615483321360e+00
9.900000000000000e-01 9.512248824096272e+00 1.011323779309306e+00
9.950000000000000e-01 9.753076416923058e+00 1.011039695936921e+00
1.000000000000000e+00 1.000000000000000e+01 1.010764681317839e+00
