0.000000000000000e+00 0.000000000000000e+00 1.000000000000000e+00
5.000000000000000e-03 3.369477419287315e-03 1.000000000004807e+00
1.000000000000000e-02 6.741060871647481e-03 1.000000000009066e+00
1.500000000000000e-02 1.011685770649257e-02 1.000000000010641e+00
2.000000000000000e-02 1.349897790673588e-02 1.000000000008084e+00
2.500000000000000e-02 1.688953540759990e-02 1.000000000006569e+00
3.000000000000000e-02 2.029064941789469e-02 1.000000000006475e+00
3.500000000000000e-02 2.370444574459234e-02 1.000000000005698e+00
4.000000000000000e-02 2.713305812152553e-02 1.000000000005666e+00
4.500000000000000e-02 3.057862954304063e-02 1.000000000005714e+00
5.000000000000000e-02 3.404331360343898e-02 1.000000000007033e+00
5.500000000000000e-02 3.752927584304335e-02 1.000000000009514e+00
6.000000000000000e-02 4.103869510173117e-02 1.000000000011867e+00
6.500000000000000e-02 4.457376488078044e-02 1.000000000014277e+00
7.000000000000001e-02 4.813669471387935e-02 1.000000000017419e+00
7.500000000000000e-02 5.172971154815675e-02 1.000000000020330e+00
8.000000000000000e-02 5.535506113609672e-02 1.000000000021450e+00
8.500000000000001e-02 5.901500943920686e-02 1.000000000022500e+00
9.000000000000000e-02 6.271184404431801e-02 1.000000000024798e+00
9.500000000000000e-02 6.644787559340060e-02 1.000000000028852e+00
1.000000000000000e-01 7.022543922779090e-02 1.000000000033158e+00
1.050000000000000e-01 7.404689604773053e-02 1.000000000035417e+00
1.100000000000000e-01 7.791463458813094e-02 1.000000000038636e+00
1.150000000000000e-01 8.183107231148547e-02 1.000000000043695e+00
1.200000000000000e-01 8.579865711886202e-02 1.000000000047513e+00
1.250000000000000e-01 8.981986887992111e-02 1.000000000050129e+00
1.300000000000000e-01 9.389722098291493e-02 1.000000000053439e+00
1.350000000000000e-01 9.803326190563690e-02 1.000000000056686e+00
1.400000000000000e-01 1.022305768083033e-01 1.000000000062393e+00
1.450000000000000e-01 1.064917891493625e-01 1.000000000067994e+00
1.500000000000000e-01 1.108195623252418e-01 1.000000000072064e+00
1.550000000000000e-01 1.152166013350572e-01 1.000000000076017e+00
1.600000000000000e-01 1.196856544713255e-01 1.000000000081193e+00
1.650000000000000e-01 1.242295150377370e-01 1.000000000086516e+00
1.700000000000000e-01 1.288510230950609e-01 1.000000000092228e+00
1.750000000000000e-01 1.335530672362758e-01 1.000000000096988e+00
1.800000000000000e-01 1.383385863920344e-01 1.000000000103320e+00
1.850000000000000e-01 1.432105716675912e-01 1.000000000112338e+00
1.900000000000000e-01 1.481720682123397e-01 1.000000000119958e+00
1.950000000000000e-01 1.532261771231311e-01 1.000000000127275e+00
2.000000000000000e-01 1.583760573825595e-01 1.000000000135440e+00
2.050000000000000e-01 1.636249278334301e-01 1.000000000145301e+00
2.100000000000000e-01 1.689760691906397e-01 1.000000000156648e+00
2.150000000000000e-01 1.744328260917313e-01 1.000000000168412e+00
2.200000000000000e-01 1.799986091874004e-01 1.000000000181377e+00
2.250000000000000e-01 1.856768972732633e-01 1.000000000194078e+00
2.300000000000000e-01 1.914712394642179e-01 1.000000000204762e+00
2.350000000000000e-01 1.973852574127551e-01 1.000000000217684e+00
2.400000000000000e-01 2.034226475726105e-01 1.000000000230531e+00
2.450000000000000e-01 2.095871835091678e-01 1.000000000242866e+00
2.500000000000000e-01 2.158827182580599e-01 1.000000000255465e+00
2.550000000000000e-01 2.223131867334419e-01 1.000000000267511e+00
2.600000000000000e-01 2.288826081874405e-01 1.000000000279688e+00
2.650000000000000e-01 2.355950887223172e-01 1.000000000298362e+00
2.700000000000000e-01 2.424548238569160e-01 1.000000000319834e+00
2.750000000000000e-01 2.494661011489995e-01 1.000000000339845e+00
2.800000000000000e-01 2.566333028751116e-01 1.000000000359153e+00
2.850000000000000e-01 2.639609087696434e-01 1.000000000378992e+00
2.900000000000000e-01 2.714534988248126e-01 1.000000000403065e+00
2.950000000000000e-01 2.791157561533084e-01 1.000000000428348e+00
3.000000000000000e-01 2.869524699153886e-01 1.000000000453431e+00
3.050000000000000e-01 2.949685383122613e-01 1.000000000478737e+00
3.100000000000000e-01 3.031689716476197e-01 1.000000000503460e+00
3.150000000000000e-01 3.115588954592450e-01 1.000000000524329e+00
3.200000000000000e-01 3.201435537226349e-01 1.000000000551618e+00
3.250000000000000e-01 3.289283121286580e-01 1.000000000582161e+00
3.300000000000000e-01 3.379186614372866e-01 1.000000000613105e+00
3.350000000000000e-01 3.471202209094989e-01 1.000000000648672e+00
3.400000000000000e-01 3.565387418195016e-01 1.000000000688154e+00
3.450000000000000e-01 3.661801110494620e-01 1.000000000729798e+00
3.500000000000000e-01 3.760503547690021e-01 1.000000000771704e+00
3.550000000000000e-01 3.861556422017504e-01 1.000000000812909e+00
3.600000000000000e-01 3.965022894813072e-01 1.000000000851498e+00
3.650000000000000e-01 4.070967635990345e-01 1.000000000895813e+00
3.700000000000000e-01 4.179456864461349e-01 1.000000000941651e+00
3.750000000000000e-01 4.290558389525505e-01 1.000000000993378e+00
3.800000000000000e-01 4.404341653252637e-01 1.000000001052057e+00
3.850000000000000e-01 4.520877773886537e-01 1.000000001111196e+00
3.900000000000000e-01 4.640239590296172e-01 1.000000001168948e+00
3.950000000000000e-01 4.762501707502353e-01 1.000000001230215e+00
4.000000000000000e-01 4.887740543308307e-01 1.000000001300710e+00
4.050000000000000e-01 5.016034376063282e-01 1.000000001369783e+00
4.100000000000000e-01 5.147463393589066e-01 1.000000001441492e+00
4.150000000000000e-01 5.282109743299990e-01 1.000000001516683e+00
4.200000000000000e-01 5.420057583547735e-01 1.000000001600388e+00
4.250000000000000e-01 5.561393136223041e-01 1.000000001693016e+00
4.300000000000000e-01 5.706204740647189e-01 1.000000001788567e+00
4.350000000000000e-01 5.854582908786964e-01 1.000000001890371e+00
4.400000000000000e-01 6.006620381827575e-01 1.000000001993914e+00
4.450000000000000e-01 6.162412188138907e-01 1.000000002103892e+00
4.500000000000000e-01 6.322055702671360e-01 1.000000002223638e+00
4.550000000000000e-01 6.485650707818353e-01 1.000000002354630e+00
4.600000000000000e-01 6.653299455783577e-01 1.000000002497859e+00
4.650000000000000e-01 6.825106732491932e-01 1.000000002650638e+00
4.700000000000000e-01 7.001179923084168e-01 1.000000002811923e+00
4.750000000000000e-01 7.181629079036070e-01 1.000000002987977e+00
4.800000000000000e-01 7.366566986944229e-01 1.000000003184363e+00
4.850000000000000e-01 7.556109239021327e-01 1.000000003402644e+00
4.900000000000000e-01 7.750374305345038e-01 1.000000003646697e+00
4.950000000000000e-01 7.949483607905672e-01 1.000000003905682e+00
5.000000000000000e-01 8.153561596498893e-01 1.000000004202923e+00
5.050000000000000e-01 8.362735826510871e-01 1.000000004557470e+00
5.100000000000000e-01 8.577137038644561e-01 1.000000004951069e+00
5.150000000000000e-01 8.796899240636907e-01 1.000000005408277e+00
5.200000000000000e-01 9.022159791018011e-01 1.000000005950106e+00
5.250000000000000e-01 9.253059484964714e-01 1.000000006598386e+00
5.300000000000000e-01 9.489742642302165e-01 1.000000007385341e+00
5.350000000000000e-01 9.732357197708378e-01 1.000000008342120e+00
5.400000000000000e-01 9.981054793178262e-01 1.000000009545709e+00
5.450000000000000e-01 1.023599087280478e+00 1.000000011060955e+00
5.500000000000000e-01 1.049732477993657e+00 1.000000013003336e+00
5.550000000000000e-01 1.076521985677273e+00 1.000000015547267e+00
5.600000000000001e-01 1.103984354645701e+00 1.000000018886469e+00
5.650000000000001e-01 1.132136749773522e+00 1.000000023377379e+00
5.700000000000001e-01 1.160996767224129e+00 1.000000029466945e+00
5.750000000000001e-01 1.190582445447902e+00 1.000000037806870e+00
5.800000000000000e-01 1.220912276456826e+00 1.000000049434890e+00
5.850000000000000e-01 1.252005217382601e+00 1.000000065713241e+00
5.900000000000000e-01 1.283880702325469e+00 1.000000088789037e+00
5.950000000000000e-01 1.316558654501151e+00 1.000000121833246e+00
6.000000000000000e-01 1.350059498693518e+00 1.000000169348479e+00
6.050000000000000e-01 1.384404174020732e+00 1.000000238379652e+00
6.100000000000000e-01 1.419614147022888e+00 1.000000339213414e+00
6.150000000000000e-01 1.455711425079295e+00 1.000000487101938e+00
6.200000000000000e-01 1.492718570163803e+00 1.000000705498346e+00
6.250000000000000e-01 1.530658712946775e+00 1.000001028955632e+00
6.300000000000000e-01 1.569555567252506e+00 1.000001509428563e+00
6.350000000000000e-01 1.609433444881138e+00 1.000002225857153e+00
6.400000000000000e-01 1.650317270804325e+00 1.000003295289990e+00
6.450000000000000e-01 1.692232598744148e+00 1.000004893439360e+00
6.500000000000000e-01 1.735205627145031e+00 1.000007284422286e+00
6.550000000000000e-01 1.779263215548615e+00 1.000010858635216e+00
6.600000000000000e-01 1.824432901381847e+00 1.000016194916933e+00
6.650000000000000e-01 1.870742917168772e+00 1.000024149026452e+00
6.700000000000000e-01 1.918222208176775e+00 1.000035966215417e+00
6.750000000000000e-01 1.966900450508319e+00 1.000053446374280e+00
6.800000000000000e-01 2.016808069649473e+00 1.000079170322921e+00
6.850000000000001e-01 2.067976259486829e+00 1.000116768372247e+00
6.900000000000001e-01 2.120437001804702e+00 1.000171248741131e+00
6.950000000000001e-01 2.174223086274785e+00 1.000249382337139e+00
7.000000000000001e-01 2.229368130950753e+00 1.000360054709966e+00
7.050000000000000e-01 2.285906603280654e+00 1.000514475553579e+00
7.100000000000000e-01 2.343873841650178e+00 1.000726077434047e+00
7.150000000000000e-01 2.403306077470301e+00 1.001009790904974e+00
7.200000000000000e-01 2.464240457823092e+00 1.001380393707253e+00
7.250000000000000e-01 2.526715068679855e+00 1.001849717604573e+00
7.300000000000000e-01 2.590768958706095e+00 1.002422360761128e+00
7.350000000000000e-01 2.656442163668210e+00 1.003089679547381e+00
7.400000000000000e-01 2.723775731457148e+00 1.003823133943491e+00
7.450000000000000e-01 2.792811747744667e+00 1.004570305174838e+00
7.500000000000000e-01 2.863593362288260e+00 1.005258357811336e+00
7.550000000000000e-01 2.936164815901156e+00 1.005808327046966e+00
7.600000000000000e-01 3.010571468104263e+00 1.006158675902712e+00
7.650000000000000e-01 3.086859825477351e+00 1.006290222902138e+00
7.700000000000000e-01 3.165077570727174e+00 1.006241299547927e+00
7.750000000000000e-01 3.245273592490716e+00 1.006105153178700e+00
7.800000000000000e-01 3.327498015892184e+00 1.006009720430156e+00
7.850000000000000e-01 3.411802233872832e+00 1.006087701141847e+00
7.900000000000000e-01 3.498238939313234e+00 1.006447717063983e+00
7.950000000000000e-01 3.586862157968046e+00 1.007154605799004e+00
8.000000000000000e-01 3.677727282233856e+00 1.008221608970188e+00
8.050000000000000e-01 3.770891105771243e+00 1.009612872751688e+00
8.100000000000001e-01 3.866411859002656e+00 1.011252541133568e+00
8.150000000000001e-01 3.964349245508326e+00 1.013036188082863e+00
8.200000000000001e-01 4.064764479342956e+00 1.014841158084790e+00
8.250000000000001e-01 4.167720323296481e+00 1.016535071304342e+00
8.300000000000001e-01 4.273281128122877e+00 1.017985587316000e+00
8.350000000000000e-01 4.381512872761445e+00 1.019076437544216e+00
8.400000000000000e-01 4.492483205575838e+00 1.019731430342927e+00
8.450000000000000e-01 4.606261486636447e+00 1.019940000683414e+00
8.500000000000000e-01 4.722918831072739e+00 1.019770651889554e+00
8.550000000000000e-01 4.842528153522501e+00 1.019359629609924e+00
8.600000000000000e-01 4.965164213705875e+00 1.018873297319269e+00
8.650000000000000e-01 5.090903663152626e+00 1.018457476422167e+00
8.700000000000000e-01 5.219825093111814e+00 1.018195428321657e+00
8.750000000000000e-01 5.352009083673925e+00 1.018092436535387e+00
8.800000000000000e-01 5.487538254136007e+00 1.018091385451069e+00
8.850000000000000e-01 5.626497314641444e+00 1.018108525751203e+00
8.900000000000000e-01 5.768973119126561e+00 1.018070528952226e+00
8.950000000000000e-01 5.915054719607133e+00 1.017936920287236e+00
9.000000000000000e-01 6.064833421838831e+00 1.017702771258637e+00
9.050000000000000e-01 6.218402842386253e+00 1.017387319641957e+00
9.100000000000000e-01 6.375858967136348e+00 1.017018689109161e+00
9.150000000000000e-01 6.537300211292723e+00 1.016622514542244e+00
9.200000000000000e-01 6.702827480888332e+00 1.016216986239794e+00
9.250000000000000e-01 6.872544235855034e+00 1.015812798701206e+00
9.300000000000000e-01 7.046556554689444e+00 1.015415268142052e+00
9.350000000000001e-01 7.224973200755413e+00 1.015026604381691e+00
9.400000000000001e-01 7.407905690264673e+00 1.014647507087773e+00
9.450000000000001e-01 7.595468361978146e+00 1.014278045603369e+00
9.500000000000001e-01 7.787778448671316e+00 1.013918062502661e+00
9.550000000000001e-01 7.984956150408610e+00 1.013567331922531e+00
9.600000000000000e-01 8.187124709672272e+00 1.013225613477416e+00
9.650000000000000e-01 8.394410488393007e+00 1.012892668273846e+00
9.700000000000000e-01 8.606943046930221e+00 1.012568262997824e+00
9.750000000000000e-01 8.824855225051540e+00 1.012252170715353e+00
9.800000000000000e-01 9.048283224961922e+00 1.011944170877400e+00
9.850000000000000e-01 9.277366696434507e+00 1.011644049160711e+00
9.900000000000000e-01 9.512248824096272e+00 1.011351597305509e+00
9.950000000000000e-01 9.753076416923058e+00 1.011066613203211e+00
1.000000000000000e+00 1.000000000000000e+01 1.010788903616515e+00
