0.000000000000000e+00 0.000000000000000e+00 1.000000000000000e+00
5.000000000000000e-03 3.369477419287315e-03 1.000000000038942e+00
1.000000000000000e-02 6.741060871647481e-03 1.000000000293192e+00
1.500000000000000e-02 1.011685770649257e-02 1.000000000920329e+00
2.000000000000000e-02 1.349897790673588e-02 1.000000001625140e+00
2.500000000000000e-02 1.688953540759990e-02 1.000000002408703e+00
3.000000000000000e-02 2.029064941789469e-02 1.000000003402373e+00
3.500000000000000e-02 2.370444574459234e-02 1.000000004606367e+00
4.000000000000000e-02 2.713305812152553e-02 1.000000006045759e+00
4.500000000000000e-02 3.057862954304063e-02 1.000000007787234e+00
5.000000000000000e-02 3.404331360343898e-02 1.000000009724661e+00
5.500000000000000e-02 3.752927584304335e-02 1.000000011856815e+00
6.000000000000000e-02 4.103869510173117e-02 1.000000014267169e+00
6.500000000000000e-02 4.457376488078044e-02 1.000000016913729e+00
7.000000000000001e-02 4.813669471387935e-02 1.000000019834909e+00
7.500000000000000e-02 5.172971154815675e-02 1.000000022978862e+00
8.000000000000000e-02 5.535506113609672e-02 1.000000026424949e+00
8.500000000000001e-02 5.901500943920686e-02 1.000000030140341e+00
9.000000000000000e-02 6.271184404431801e-02 1.000000034166820e+00
9.500000000000000e-02 6.644787559340060e-02 1.000000038502482e+00
1.000000000000000e-01 7.022543922779090e-02 1.000000043161994e+00
1.050000000000000e-01 7.404689604773053e-02 1.000000048190826e+00
1.100000000000000e-01 7.791463458813094e-02 1.000000053566804e+00
1.150000000000000e-01 8.183107231148547e-02 1.000000059349614e+00
1.200000000000000e-01 8.579865711886202e-02 1.000000065591700e+00
1.250000000000000e-01 8.981986887992111e-02 1.000000072217948e+00
1.300000000000000e-01 9.389722098291493e-02 1.000000079351707e+00
1.350000000000000e-01 9.803326190563690e-02 1.000000087006363e+00
1.400000000000000e-01 1.022305768083033e-01 1.000000095321077e+00
1.450000000000000e-01 1.064917891493625e-01 1.000000104330852e+00
1.500000000000000e-01 1.108195623252418e-01 1.000000113933058e+00
1.550000000000000e-01 1.152166013350572e-01 1.000000124183197e+00
1.600000000000000e-01 1.196856544713255e-01 1.000000135122886e+00
1.650000000000000e-01 1.242295150377370e-01 1.000000146853807e+00
1.700000000000000e-01 1.288510230950609e-01 1.000000159399380e+00
1.750000000000000e-01 1.335530672362758e-01 1.000000172944698e+00
1.800000000000000e-01 1.383385863920344e-01 1.000000187556904e+00
1.850000000000000e-01 1.432105716675912e-01 1.000000203213280e+00
1.900000000000000e-01 1.481720682123397e-01 1.000000219938424e+00
1.950000000000000e-01 1.532261771231311e-01 1.000000238019014e+00
2.000000000000000e-01 1.583760573825595e-01 1.000000257500780e+00
2.050000000000000e-01 1.636249278334301e-01 1.000000278444425e+00
2.100000000000000e-01 1.689760691906397e-01 1.000000301026110e+00
2.150000000000000e-01 1.744328260917313e-01 1.000000325500753e+00
2.200000000000000e-01 1.799986091874004e-01 1.000000351950317e+00
2.250000000000000e-01 1.856768972732633e-01 1.000000380474340e+00
2.300000000000000e-01 1.914712394642179e-01 1.000000411367088e+00
2.350000000000000e-01 1.973852574127551e-01 1.000000444713972e+00
2.400000000000000e-01 2.034226475726105e-01 1.000000480868100e+00
2.450000000000000e-01 2.095871835091678e-01 1.000000520181011e+00
2.500000000000000e-01 2.158827182580599e-01 1.000000562957780e+00
2.550000000000000e-01 2.223131867334419e-01 1.000000609522521e+00
2.600000000000000e-01 2.288826081874405e-01 1.000000660305318e+00
2.650000000000000e-01 2.355950887223172e-01 1.000000715531091e+00
2.700000000000000e-01 2.424548238569160e-01 1.000000775892024e+00
2.750000000000000e-01 2.494661011489995e-01 1.000000841842378e+00
2.800000000000000e-01 2.566333028751116e-01 1.000000913873109e+00
2.850000000000000e-01 2.639609087696434e-01 1.000000992989836e+00
2.900000000000000e-01 2.714534988248126e-01 1.000001079913996e+00
2.950000000000000e-01 2.791157561533084e-01 1.000001175504810e+00
3.000000000000000e-01 2.869524699153886e-01 1.000001280702993e+00
3.050000000000000e-01 2.949685383122613e-01 1.000001396679513e+00
3.100000000000000e-01 3.031689716476197e-01 1.000001524324556e+00
3.150000000000000e-01 3.115588954592450e-01 1.000001665321858e+00
3.200000000000000e-01 3.201435537226349e-01 1.000001821768513e+00
3.250000000000000e-01 3.289283121286580e-01 1.000001995472671e+00
3.300000000000000e-01 3.379186614372866e-01 1.000002188283065e+00
3.350000000000000e-01 3.471202209094989e-01 1.000002402591310e+00
3.400000000000000e-01 3.565387418195016e-01 1.000002641489722e+00
3.450000000000000e-01 3.661801110494620e-01 1.000002908114176e+00
3.500000000000000e-01 3.760503547690021e-01 1.000003206248016e+00
3.550000000000000e-01 3.861556422017504e-01 1.000003539961614e+00
3.600000000000000e-01 3.965022894813072e-01 1.000003914409459e+00
3.650000000000000e-01 4.070967635990345e-01 1.000004335239472e+00
3.700000000000000e-01 4.179456864461349e-01 1.000004808873784e+00
3.750000000000000e-01 4.290558389525505e-01 1.000005342953104e+00
3.800000000000000e-01 4.404341653252637e-01 1.000005946131652e+00
3.850000000000000e-01 4.520877773886537e-01 1.000006628809779e+00
3.900000000000000e-01 4.640239590296172e-01 1.000007402776652e+00
3.950000000000000e-01 4.762501707502353e-01 1.000008282250862e+00
4.000000000000000e-01 4.887740543308307e-01 1.000009282714957e+00
4.050000000000000e-01 5.016034376063282e-01 1.000010423058919e+00
4.100000000000000e-01 5.147463393589066e-01 1.000011725452410e+00
4.150000000000000e-01 5.282109743299990e-01 1.000013214974039e+00
4.200000000000000e-01 5.420057583547735e-01 1.000014922888242e+00
4.250000000000000e-01 5.561393136223041e-01 1.000016883912303e+00
4.300000000000000e-01 5.706204740647189e-01 1.000019139703359e+00
4.350000000000000e-01 5.854582908786964e-01 1.000021739532689e+00
4.400000000000000e-01 6.006620381827575e-01 1.000024740427551e+00
4.450000000000000e-01 6.162412188138907e-01 1.000028211365791e+00
4.500000000000000e-01 6.322055702671360e-01 1.000032231955767e+00
4.550000000000000e-01 6.485650707818353e-01 1.000036897955106e+00
4.600000000000000e-01 6.653299455783577e-01 1.000042321610101e+00
4.650000000000000e-01 6.825106732491932e-01 1.000048635122995e+00
4.700000000000000e-01 7.001179923084168e-01 1.000055997775021e+00
4.750000000000000e-01 7.181629079036070e-01 1.000064594688776e+00
4.800000000000000e-01 7.366566986944229e-01 1.000074648071710e+00
4.850000000000000e-01 7.556109239021327e-01 1.000086420762966e+00
4.900000000000000e-01 7.750374305345038e-01 1.000100221701812e+00
4.950000000000000e-01 7.949483607905672e-01 1.000116421704552e+00
5.000000000000000e-01 8.153561596498893e-01 1.000135454692637e+00
5.050000000000000e-01 8.362735826510871e-01 1.000157835798307e+00
5.100000000000000e-01 8.577137038644561e-01 1.000184176087352e+00
5.150000000000000e-01 8.796899240636907e-01 1.000215188772607e+00
5.200000000000000e-01 9.022159791018011e-01 1.000251719848293e+00
5.250000000000000e-01 9.253059484964714e-01 1.000294758738205e+00
5.300000000000000e-01 9.489742642302165e-01 1.000345456261484e+00
5.350000000000000e-01 9.732357197708378e-01 1.000405162043569e+00
5.400000000000000e-01 9.981054793178262e-01 1.000475429357423e+00
5.450000000000000e-01 1.023599087280478e+00 1.000558043928570e+00
5.500000000000000e-01 1.049732477993657e+00 1.000655056164657e+00
5.550000000000000e-01 1.076521985677273e+00 1.000768770662849e+00
5.600000000000001e-01 1.103984354645701e+00 1.000901769041576e+00
5.650000000000001e-01 1.132136749773522e+00 1.001056911178491e+00
5.700000000000001e-01 1.160996767224129e+00 1.001237276956029e+00
5.750000000000001e-01 1.190582445447902e+00 1.001446137731028e+00
5.800000000000000e-01 1.220912276456826e+00 1.001686873396014e+00
5.850000000000000e-01 1.252005217382601e+00 1.001962795041753e+00
5.900000000000000e-01 1.283880702325469e+00 1.002276979479184e+00
5.950000000000000e-01 1.316558654501151e+00 1.002632017920719e+00
6.000000000000000e-01 1.350059498693518e+00 1.003029620839298e+00
6.050000000000000e-01 1.384404174020732e+00 1.003470218223809e+00
6.100000000000000e-01 1.419614147022888e+00 1.003952491782861e+00
6.150000000000000e-01 1.455711425079295e+00 1.004472760612342e+00
6.200000000000000e-01 1.492718570163803e+00 1.005024416372744e+00
6.250000000000000e-01 1.530658712946775e+00 1.005597479642478e+00
6.300000000000000e-01 1.569555567252506e+00 1.006178228391080e+00
6.350000000000000e-01 1.609433444881138e+00 1.006749142876304e+00
6.400000000000000e-01 1.650317270804325e+00 1.007289450338369e+00
6.450000000000000e-01 1.692232598744148e+00 1.007776300752146e+00
6.500000000000000e-01 1.735205627145031e+00 1.008186663713635e+00
6.550000000000000e-01 1.779263215548615e+00 1.008500095368072e+00
6.600000000000000e-01 1.824432901381847e+00 1.008702142925360e+00
6.650000000000000e-01 1.870742917168772e+00 1.008787798577377e+00
6.700000000000000e-01 1.918222208176775e+00 1.008764383571577e+00
6.750000000000000e-01 1.966900450508319e+00 1.008653223684852e+00
6.800000000000000e-01 2.016808069649473e+00 1.008489477633175e+00
6.850000000000001e-01 2.067976259486829e+00 1.008319828047086e+00
6.900000000000001e-01 2.120437001804702e+00 1.008198307656110e+00
6.950000000000001e-01 2.174223086274785e+00 1.008180924971916e+00
7.000000000000001e-01 2.229368130950753e+00 1.008319916772924e+00
7.050000000000000e-01 2.285906603280654e+00 1.008658495930494e+00
7.100000000000000e-01 2.343873841650178e+00 1.009226831412818e+00
7.150000000000000e-01 2.403306077470301e+00 1.010039650163702e+00
7.200000000000000e-01 2.464240457823092e+00 1.011095447761128e+00
7.250000000000000e-01 2.526715068679855e+00 1.012377026721046e+00
7.300000000000000e-01 2.590768958706095e+00 1.013852987275303e+00
7.350000000000000e-01 2.656442163668210e+00 1.015479807003880e+00
7.400000000000000e-01 2.723775731457148e+00 1.017204204643398e+00
7.450000000000000e-01 2.792811747744667e+00 1.018965582636879e+00
7.500000000000000e-01 2.863593362288260e+00 1.020698481534111e+00
7.550000000000000e-01 2.936164815901156e+00 1.022335130461774e+00
7.600000000000000e-01 3.010571468104263e+00 1.023808328800403e+00
7.650000000000000e-01 3.086859825477351e+00 1.025055031166298e+00
7.700000000000000e-01 3.165077570727174e+00 1.026021059672108e+00
7.750000000000000e-01 3.245273592490716e+00 1.026667167733084e+00
7.800000000000000e-01 3.327498015892184e+00 1.026976045284762e+00
7.850000000000000e-01 3.411802233872832e+00 1.026958817085154e+00
7.900000000000000e-01 3.498238939313234e+00 1.026658583772385e+00
7.950000000000000e-01 3.586862157968046e+00 1.026148344789017e+00
8.000000000000000e-01 3.677727282233856e+00 1.025521810351560e+00
8.050000000000000e-01 3.770891105771243e+00 1.024878002689626e+00
8.100000000000001e-01 3.866411859002656e+00 1.024303148376924e+00
8.150000000000001e-01 3.964349245508326e+00 1.023854855697828e+00
8.200000000000001e-01 4.064764479342956e+00 1.023553167036329e+00
8.250000000000001e-01 4.167720323296481e+00 1.023380946396641e+00
8.300000000000001e-01 4.273281128122877e+00 1.023293107196530e+00
8.350000000000000e-01 4.381512872761445e+00 1.023231505380263e+00
8.400000000000000e-01 4.492483205575838e+00 1.023140808466406e+00
8.450000000000000e-01 4.606261486636447e+00 1.022980776899912e+00
8.500000000000000e-01 4.722918831072739e+00 1.022732076938037e+00
8.550000000000000e-01 4.842528153522501e+00 1.022395286443926e+00
8.600000000000000e-01 4.965164213705875e+00 1.021985066523093e+00
8.650000000000000e-01 5.090903663152626e+00 1.021522606703211e+00
8.700000000000000e-01 5.219825093111814e+00 1.021029130130139e+00
8.750000000000000e-01 5.352009083673925e+00 1.020521952092424e+00
8.800000000000000e-01 5.487538254136007e+00 1.020013165201730e+00
8.850000000000000e-01 5.626497314641444e+00 1.019510130330289e+00
8.900000000000000e-01 5.768973119126561e+00 1.019016752251375e+00
8.950000000000000e-01 5.915054719607133e+00 1.018534787013866e+00
9.000000000000000e-01 6.064833421838831e+00 1.018064826660254e+00
9.050000000000000e-01 6.218402842386253e+00 1.017606908318907e+00
9.100000000000000e-01 6.375858967136348e+00 1.017160836649248e+00
9.150000000000000e-01 6.537300211292723e+00 1.016726332867942e+00
9.200000000000000e-01 6.702827480888332e+00 1.016303095502523e+00
9.250000000000000e-01 6.872544235855034e+00 1.015890822308531e+00
9.300000000000000e-01 7.046556554689444e+00 1.015489217201156e+00
9.350000000000001e-01 7.224973200755413e+00 1.015097992072936e+00
9.400000000000001e-01 7.407905690264673e+00 1.014716867062659e+00
9.450000000000001e-01 7.595468361978146e+00 1.014345570410546e+00
9.500000000000001e-01 7.787778448671316e+00 1.013983838220291e+00
9.550000000000001e-01 7.984956150408610e+00 1.013631414208492e+00
9.600000000000000e-01 8.187124709672272e+00 1.013288049459286e+00
9.650000000000000e-01 8.394410488393007e+00 1.012953502187473e+00
9.700000000000000e-01 8.606943046930221e+00 1.012627537510390e+00
9.750000000000000e-01 8.824855225051540e+00 1.012309927228242e+00
9.800000000000000e-01 9.048283224961922e+00 1.012000449612549e+00
9.850000000000000e-01 9.277366696434507e+00 1.011698889202349e+00
9.900000000000000e-01 9.512248824096272e+00 1.011405036607823e+00
9.950000000000000e-01 9.753076416923058e+00 1.011118688321023e+00
1.000000000000000e+00 1.000000000000000e+01 1.010839646533406e+00
