0.000000000000000e+00 0.000000000000000e+00 1.000000000000000e+00
5.000000000000000e-03 3.369477419287315e-03 1.000000157557823e+00
1.000000000000000e-02 6.741060871647481e-03 1.000000786843921e+00
1.500000000000000e-02 1.011685770649257e-02 1.000001835232346e+00
2.000000000000000e-02 1.349897790673588e-02 1.000003310508775e+00
2.500000000000000e-02 1.688953540759990e-02 1.000005218304597e+00
3.000000000000000e-02 2.029064941789469e-02 1.000007565627542e+00
3.500000000000000e-02 2.370444574459234e-02 1.000010362884160e+00
4.000000000000000e-02 2.713305812152553e-02 1.000013620877258e+00
4.500000000000000e-02 3.057862954304063e-02 1.000017357663432e+00
5.000000000000000e-02 3.404331360343898e-02 1.000021585364252e+00
5.500000000000000e-02 3.752927584304335e-02 1.000026321123480e+00
6.000000000000000e-02 4.103869510173117e-02 1.000031586204053e+00
6.500000000000000e-02 4.457376488078044e-02 1.000037403924548e+00
7.000000000000001e-02 4.813669471387935e-02 1.000043800431790e+00
7.500000000000000e-02 5.172971154815675e-02 1.000050803260049e+00
8.000000000000000e-02 5.535506113609672e-02 1.000058446299925e+00
8.500000000000001e-02 5.901500943920686e-02 1.000066763997480e+00
9.000000000000000e-02 6.271184404431801e-02 1.000075789977016e+00
9.500000000000000e-02 6.644787559340060e-02 1.000085560909934e+00
1.000000000000000e-01 7.022543922779090e-02 1.000096128246564e+00
1.050000000000000e-01 7.404689604773053e-02 1.000107544170032e+00
1.100000000000000e-01 7.791463458813094e-02 1.000119858731604e+00
1.150000000000000e-01 8.183107231148547e-02 1.000133128021221e+00
1.200000000000000e-01 8.579865711886202e-02 1.000147413755262e+00
1.250000000000000e-01 8.981986887992111e-02 1.000162787895166e+00
1.300000000000000e-01 9.389722098291493e-02 1.000179325178760e+00
1.350000000000000e-01 9.803326190563690e-02 1.000197106576497e+00
1.400000000000000e-01 1.022305768083033e-01 1.000216220818734e+00
1.450000000000000e-01 1.064917891493625e-01 1.000236764992853e+00
1.500000000000000e-01 1.108195623252418e-01 1.000258839827665e+00
1.550000000000000e-01 1.152166013350572e-01 1.000282557009714e+00
1.600000000000000e-01 1.196856544713255e-01 1.000308039971893e+00
1.650000000000000e-01 1.242295150377370e-01 1.000335416996872e+00
1.700000000000000e-01 1.288510230950609e-01 1.000364835532930e+00
1.750000000000000e-01 1.335530672362758e-01 1.000396448317952e+00
1.800000000000000e-01 1.383385863920344e-01 1.000430421449761e+00
1.850000000000000e-01 1.432105716675912e-01 1.000466937448023e+00
1.900000000000000e-01 1.481720682123397e-01 1.000506191776197e+00
1.950000000000000e-01 1.532261771231311e-01 1.000548399907476e+00
2.000000000000000e-01 1.583760573825595e-01 1.000593783839252e+00
2.050000000000000e-01 1.636249278334301e-01 1.000642594485910e+00
2.100000000000000e-01 1.689760691906397e-01 1.000695095833749e+00
2.150000000000000e-01 1.744328260917313e-01 1.000751569742129e+00
2.200000000000000e-01 1.799986091874004e-01 1.000812339920644e+00
2.250000000000000e-01 1.856768972732633e-01 1.000877736565446e+00
2.300000000000000e-01 1.914712394642179e-01 1.000948116364755e+00
2.350000000000000e-01 1.973852574127551e-01 1.001023865394247e+00
2.400000000000000e-01 2.034226475726105e-01 1.001105398883179e+00
2.450000000000000e-01 2.095871835091678e-01 1.001193172770686e+00
2.500000000000000e-01 2.158827182580599e-01 1.001287660580036e+00
2.550000000000000e-01 2.223131867334419e-01 1.001389380521916e+00
2.600000000000000e-01 2.288826081874405e-01 1.001498884740220e+00
2.650000000000000e-01 2.355950887223172e-01 1.001616758258878e+00
2.700000000000000e-01 2.424548238569160e-01 1.001743642088168e+00
2.750000000000000e-01 2.494661011489995e-01 1.001880202318102e+00
2.800000000000000e-01 2.566333028751116e-01 1.002027159265056e+00
2.850000000000000e-01 2.639609087696434e-01 1.002185283045327e+00
2.900000000000000e-01 2.714534988248126e-01 1.002355375859277e+00
2.950000000000000e-01 2.791157561533084e-01 1.002538310497913e+00
3.000000000000000e-01 2.869524699153886e-01 1.002734996447667e+00
3.050000000000000e-01 2.949685383122613e-01 1.002946393374140e+00
3.100000000000000e-01 3.031689716476197e-01 1.003173532959610e+00
3.150000000000000e-01 3.115588954592450e-01 1.003417475306497e+00
3.200000000000000e-01 3.201435537226349e-01 1.003679349521821e+00
3.250000000000000e-01 3.289283121286580e-01 1.003960345224510e+00
3.300000000000000e-01 3.379186614372866e-01 1.004261678671728e+00
3.350000000000000e-01 3.471202209094989e-01 1.004584645555728e+00
3.400000000000000e-01 3.565387418195016e-01 1.004930583478651e+00
3.450000000000000e-01 3.661801110494620e-01 1.005300855984915e+00
3.500000000000000e-01 3.760503547690021e-01 1.005696904861109e+00
3.550000000000000e-01 3.861556422017504e-01 1.006120191076606e+00
3.600000000000000e-01 3.965022894813072e-01 1.006572194167793e+00
3.650000000000000e-01 4.070967635990345e-01 1.007054459861821e+00
3.700000000000000e-01 4.179456864461349e-01 1.007568525881644e+00
3.750000000000000e-01 4.290558389525505e-01 1.008115927515430e+00
3.800000000000000e-01 4.404341653252637e-01 1.008698244468768e+00
3.850000000000000e-01 4.520877773886537e-01 1.009317015711615e+00
3.900000000000000e-01 4.640239590296172e-01 1.009973737504555e+00
3.950000000000000e-01 4.762501707502353e-01 1.010669918424929e+00
4.000000000000000e-01 4.887740543308307e-01 1.011406990130782e+00
4.050000000000000e-01 5.016034376063282e-01 1.012186278478407e+00
4.100000000000000e-01 5.147463393589066e-01 1.013009072527368e+00
4.150000000000000e-01 5.282109743299990e-01 1.013876550800722e+00
4.200000000000000e-01 5.420057583547735e-01 1.014789705003112e+00
4.250000000000000e-01 5.561393136223041e-01 1.015749409732374e+00
4.300000000000000e-01 5.706204740647189e-01 1.016756400411920e+00
4.350000000000000e-01 5.854582908786964e-01 1.017811150432774e+00
4.400000000000000e-01 6.006620381827575e-01 1.018913890936752e+00
4.450000000000000e-01 6.162412188138907e-01 1.020064665396022e+00
4.500000000000000e-01 6.322055702671360e-01 1.021263224728325e+00
4.550000000000000e-01 6.485650707818353e-01 1.022508940342771e+00
4.600000000000000e-01 6.653299455783577e-01 1.023800869443150e+00
4.650000000000000e-01 6.825106732491932e-01 1.025137769631902e+00
4.700000000000000e-01 7.001179923084168e-01 1.026517973012928e+00
4.750000000000000e-01 7.181629079036070e-01 1.027939322351427e+00
4.800000000000000e-01 7.366566986944229e-01 1.029399241477980e+00
4.850000000000000e-01 7.556109239021327e-01 1.030894755265937e+00
4.900000000000000e-01 7.750374305345038e-01 1.032422380763062e+00
4.950000000000000e-01 7.949483607905672e-01 1.033978043975684e+00
5.000000000000000e-01 8.153561596498893e-01 1.035557123273581e+00
5.050000000000000e-01 8.362735826510871e-01 1.037154514652190e+00
5.100000000000000e-01 8.577137038644561e-01 1.038764598855869e+00
5.150000000000000e-01 8.796899240636907e-01 1.040381148825546e+00
5.200000000000000e-01 9.022159791018011e-01 1.041997291561946e+00
5.250000000000000e-01 9.253059484964714e-01 1.043605556555906e+00
5.300000000000000e-01 9.489742642302165e-01 1.045197945326387e+00
5.350000000000000e-01 9.732357197708378e-01 1.046765956162094e+00
5.400000000000000e-01 9.981054793178262e-01 1.048300563927962e+00
5.450000000000000e-01 1.023599087280478e+00 1.049792201245608e+00
5.500000000000000e-01 1.049732477993657e+00 1.051230778334093e+00
5.550000000000000e-01 1.076521985677273e+00 1.052605745991538e+00
5.600000000000001e-01 1.103984354645701e+00 1.053906185551481e+00
5.650000000000001e-01 1.132136749773522e+00 1.055120911696291e+00
5.700000000000001e-01 1.160996767224129e+00 1.056238584464316e+00
5.750000000000001e-01 1.190582445447902e+00 1.057247837916028e+00
5.800000000000000e-01 1.220912276456826e+00 1.058137435033420e+00
5.850000000000000e-01 1.252005217382601e+00 1.058896457433014e+00
5.900000000000000e-01 1.283880702325469e+00 1.059514535767966e+00
5.950000000000000e-01 1.316558654501151e+00 1.059982124001169e+00
6.000000000000000e-01 1.350059498693518e+00 1.060290819087781e+00
6.050000000000000e-01 1.384404174020732e+00 1.060433724947300e+00
6.100000000000000e-01 1.419614147022888e+00 1.060405856395761e+00
6.150000000000000e-01 1.455711425079295e+00 1.060204573652956e+00
6.200000000000000e-01 1.492718570163803e+00 1.059830031524664e+00
6.250000000000000e-01 1.530658712946775e+00 1.059285619252130e+00
6.300000000000000e-01 1.569555567252506e+00 1.058578357980527e+00
6.350000000000000e-01 1.609433444881138e+00 1.057719213722498e+00
6.400000000000000e-01 1.650317270804325e+00 1.056723276095938e+00
6.450000000000000e-01 1.692232598744148e+00 1.055609748962416e+00
6.500000000000000e-01 1.735205627145031e+00 1.054401700657898e+00
6.550000000000000e-01 1.779263215548615e+00 1.053125530945667e+00
6.600000000000000e-01 1.824432901381847e+00 1.051810130584931e+00
6.650000000000000e-01 1.870742917168772e+00 1.050485737574409e+00
6.700000000000000e-01 1.918222208176775e+00 1.049182529849989e+00
6.750000000000000e-01 1.966900450508319e+00 1.047929033520234e+00
6.800000000000000e-01 2.016808069649473e+00 1.046750462872376e+00
6.850000000000001e-01 2.067976259486829e+00 1.045667136791110e+00
6.900000000000001e-01 2.120437001804702e+00 1.044693129806640e+00
6.950000000000001e-01 2.174223086274785e+00 1.043835310486277e+00
7.000000000000001e-01 2.229368130950753e+00 1.043092893909466e+00
7.050000000000000e-01 2.285906603280654e+00 1.042457590288083e+00
7.100000000000000e-01 2.343873841650178e+00 1.041914372962488e+00
7.150000000000000e-01 2.403306077470301e+00 1.041442822511488e+00
7.200000000000000e-01 2.464240457823092e+00 1.041018937082882e+00
7.250000000000000e-01 2.526715068679855e+00 1.040617240160223e+00
7.300000000000000e-01 2.590768958706095e+00 1.040212973673337e+00
7.350000000000000e-01 2.656442163668210e+00 1.039784144038599e+00
7.400000000000000e-01 2.723775731457148e+00 1.039313197480196e+00
7.450000000000000e-01 2.792811747744667e+00 1.038788142019077e+00
7.500000000000000e-01 2.863593362288260e+00 1.038203004966645e+00
7.550000000000000e-01 2.936164815901156e+00 1.037557608004911e+00
7.600000000000000e-01 3.010571468104263e+00 1.036856741536573e+00
7.650000000000000e-01 3.086859825477351e+00 1.036108906269165e+00
7.700000000000000e-01 3.165077570727174e+00 1.035324844092799e+00
7.750000000000000e-01 3.245273592490716e+00 1.034516090148084e+00
7.800000000000000e-01 3.327498015892184e+00 1.033693742721136e+00
7.850000000000000e-01 3.411802233872832e+00 1.032867578402598e+00
7.900000000000000e-01 3.498238939313234e+00 1.032045556395251e+00
7.950000000000000e-01 3.586862157968046e+00 1.031233679424367e+00
8.000000000000000e-01 3.677727282233856e+00 1.030436125929801e+00
8.050000000000000e-01 3.770891105771243e+00 1.029655546295137e+00
8.100000000000001e-01 3.866411859002656e+00 1.028893422127061e+00
8.150000000000001e-01 3.964349245508326e+00 1.028150412454633e+00
8.200000000000001e-01 4.064764479342956e+00 1.027426642338408e+00
8.250000000000001e-01 4.167720323296481e+00 1.026721917910427e+00
8.300000000000001e-01 4.273281128122877e+00 1.026035871774547e+00
8.350000000000000e-01 4.381512872761445e+00 1.025368052898481e+00
8.400000000000000e-01 4.492483205575838e+00 1.024717977585848e+00
8.450000000000000e-01 4.606261486636447e+00 1.024085155966076e+00
8.500000000000000e-01 4.722918831072739e+00 1.023469104529535e+00
8.550000000000000e-01 4.842528153522501e+00 1.022869351418229e+00
8.600000000000000e-01 4.965164213705875e+00 1.022285438284940e+00
8.650000000000000e-01 5.090903663152626e+00 1.021716920671677e+00
8.700000000000000e-01 5.219825093111814e+00 1.021163367811131e+00
8.750000000000000e-01 5.352009083673925e+00 1.020624362231108e+00
8.800000000000000e-01 5.487538254136007e+00 1.020099499306947e+00
8.850000000000000e-01 5.626497314641444e+00 1.019588386811837e+00
8.900000000000000e-01 5.768973119126561e+00 1.019090644480265e+00
8.950000000000000e-01 5.915054719607133e+00 1.018605903588296e+00
9.000000000000000e-01 6.064833421838831e+00 1.018133806551029e+00
9.050000000000000e-01 6.218402842386253e+00 1.017674006536641e+00
9.100000000000000e-01 6.375858967136348e+00 1.017226167096274e+00
9.150000000000000e-01 6.537300211292723e+00 1.016789961808995e+00
9.200000000000000e-01 6.702827480888332e+00 1.016365073941116e+00
9.250000000000000e-01 6.872544235855034e+00 1.015951196119173e+00
9.300000000000000e-01 7.046556554689444e+00 1.015548030015920e+00
9.350000000000001e-01 7.224973200755413e+00 1.015155286048725e+00
9.400000000000001e-01 7.407905690264673e+00 1.014772683089780e+00
9.450000000000001e-01 7.595468361978146e+00 1.014399948187589e+00
9.500000000000001e-01 7.787778448671316e+00 1.014036816299201e+00
9.550000000000001e-01 7.984956150408610e+00 1.013683030032704e+00
9.600000000000000e-01 8.187124709672272e+00 1.013338339399517e+00
9.650000000000000e-01 8.394410488393007e+00 1.013002501576028e+00
9.700000000000000e-01 8.606943046930221e+00 1.012675280674176e+00
9.750000000000000e-01 8.824855225051540e+00 1.012356447520567e+00
9.800000000000000e-01 9.048283224961922e+00 1.012045779443757e+00
9.850000000000000e-01 9.277366696434507e+00 1.011743060069343e+00
9.900000000000000e-01 9.512248824096272e+00 1.011448079122523e+00
9.950000000000000e-01 9.753076416923058e+00 1.011160632237803e+00
1.000000000000000e+00 1.000000000000000e+01 1.010880520775555e+00
