0.000000000000000e+00 0.000000000000000e+00 1.000000000000000e+00
5.000000000000000e-03 3.369477419287315e-03 1.000000000751562e+00
1.000000000000000e-02 6.741060871647481e-03 1.000000003657193e+00
1.500000000000000e-02 1.011685770649257e-02 1.000000008211714e+00
2.000000000000000e-02 1.349897790673588e-02 1.000000014829577e+00
2.500000000000000e-02 1.688953540759990e-02 1.000000023554787e+00
3.000000000000000e-02 2.029064941789469e-02 1.000000034069418e+00
3.500000000000000e-02 2.370444574459234e-02 1.000000046614346e+00
4.000000000000000e-02 2.713305812152553e-02 1.000000061195079e+00
4.500000000000000e-02 3.057862954304063e-02 1.000000077808197e+00
5.000000000000000e-02 3.404331360343898e-02 1.000000096648041e+00
5.500000000000000e-02 3.752927584304335e-02 1.000000117634070e+00
6.000000000000000e-02 4.103869510173117e-02 1.000000140906003e+00
6.500000000000000e-02 4.457376488078044e-02 1.000000166711304e+00
7.000000000000001e-02 4.813669471387935e-02 1.000000194823559e+00
7.500000000000000e-02 5.172971154815675e-02 1.000000225183833e+00
8.000000000000000e-02 5.535506113609672e-02 1.000000258188902e+00
8.500000000000001e-02 5.901500943920686e-02 1.000000294276344e+00
9.000000000000000e-02 6.271184404431801e-02 1.000000333367429e+00
9.500000000000000e-02 6.644787559340060e-02 1.000000375768864e+00
1.000000000000000e-01 7.022543922779090e-02 1.000000421288623e+00
1.050000000000000e-01 7.404689604773053e-02 1.000000470090104e+00
1.100000000000000e-01 7.791463458813094e-02 1.000000522534260e+00
1.150000000000000e-01 8.183107231148547e-02 1.000000578897864e+00
1.200000000000000e-01 8.579865711886202e-02 1.000000639044274e+00
1.250000000000000e-01 8.981986887992111e-02 1.000000703268862e+00
1.300000000000000e-01 9.389722098291493e-02 1.000000772243079e+00
1.350000000000000e-01 9.803326190563690e-02 1.000000845960027e+00
1.400000000000000e-01 1.022305768083033e-01 1.000000924712039e+00
1.450000000000000e-01 1.064917891493625e-01 1.000001008996453e+00
1.500000000000000e-01 1.108195623252418e-01 1.000001098926244e+00
1.550000000000000e-01 1.152166013350572e-01 1.000001195181372e+00
1.600000000000000e-01 1.196856544713255e-01 1.000001298280950e+00
1.650000000000000e-01 1.242295150377370e-01 1.000001408073417e+00
1.700000000000000e-01 1.288510230950609e-01 1.000001525626075e+00
1.750000000000000e-01 1.335530672362758e-01 1.000001651647048e+00
1.800000000000000e-01 1.383385863920344e-01 1.000001786651757e+00
1.850000000000000e-01 1.432105716675912e-01 1.000001931231095e+00
1.900000000000000e-01 1.481720682123397e-01 1.000002085831649e+00
1.950000000000000e-01 1.532261771231311e-01 1.000002251292967e+00
2.000000000000000e-01 1.583760573825595e-01 1.000002428721101e+00
2.050000000000000e-01 1.636249278334301e-01 1.000002618730442e+00
2.100000000000000e-01 1.689760691906397e-01 1.000002822639126e+00
2.150000000000000e-01 1.744328260917313e-01 1.000003041590550e+00
2.200000000000000e-01 1.799986091874004e-01 1.000003276844545e+00
2.250000000000000e-01 1.856768972732633e-01 1.000003530188353e+00
2.300000000000000e-01 1.914712394642179e-01 1.000003802654310e+00
2.350000000000000e-01 1.973852574127551e-01 1.000004096286875e+00
2.400000000000000e-01 2.034226475726105e-01 1.000004413002706e+00
2.450000000000000e-01 2.095871835091678e-01 1.000004754447287e+00
2.500000000000000e-01 2.158827182580599e-01 1.000005122681821e+00
2.550000000000000e-01 2.223131867334419e-01 1.000005520455852e+00
2.600000000000000e-01 2.288826081874405e-01 1.000005950446641e+00
2.650000000000000e-01 2.355950887223172e-01 1.000006416267151e+00
2.700000000000000e-01 2.424548238569160e-01 1.000006921654245e+00
2.750000000000000e-01 2.494661011489995e-01 1.000007469953445e+00
2.800000000000000e-01 2.566333028751116e-01 1.000008065703166e+00
2.850000000000000e-01 2.639609087696434e-01 1.000008713540965e+00
2.900000000000000e-01 2.714534988248126e-01 1.000009418132303e+00
2.950000000000000e-01 2.791157561533084e-01 1.000010185533994e+00
3.000000000000000e-01 2.869524699153886e-01 1.000011023475816e+00
3.050000000000000e-01 2.949685383122613e-01 1.000011939068570e+00
3.100000000000000e-01 3.031689716476197e-01 1.000012940086426e+00
3.150000000000000e-01 3.115588954592450e-01 1.000014035693240e+00
3.200000000000000e-01 3.201435537226349e-01 1.000015237133005e+00
3.250000000000000e-01 3.289283121286580e-01 1.000016556450852e+00
3.300000000000000e-01 3.379186614372866e-01 1.000018006357576e+00
3.350000000000000e-01 3.471202209094989e-01 1.000019601938154e+00
3.400000000000000e-01 3.565387418195016e-01 1.000021360132964e+00
3.450000000000000e-01 3.661801110494620e-01 1.000023300604308e+00
3.500000000000000e-01 3.760503547690021e-01 1.000025444899552e+00
3.550000000000000e-01 3.861556422017504e-01 1.000027818191423e+00
3.600000000000000e-01 3.965022894813072e-01 1.000030447635184e+00
3.650000000000000e-01 4.070967635990345e-01 1.000033365005311e+00
3.700000000000000e-01 4.179456864461349e-01 1.000036606546713e+00
3.750000000000000e-01 4.290558389525505e-01 1.000040212270553e+00
3.800000000000000e-01 4.404341653252637e-01 1.000044230811180e+00
3.850000000000000e-01 4.520877773886537e-01 1.000048714360636e+00
3.900000000000000e-01 4.640239590296172e-01 1.000053723901670e+00
3.950000000000000e-01 4.762501707502353e-01 1.000059329023856e+00
4.000000000000000e-01 4.887740543308307e-01 1.000065608170092e+00
4.050000000000000e-01 5.016034376063282e-01 1.000072653934451e+00
4.100000000000000e-01 5.147463393589066e-01 1.000080568346100e+00
4.150000000000000e-01 5.282109743299990e-01 1.000089471159292e+00
4.200000000000000e-01 5.420057583547735e-01 1.000099499602857e+00
4.250000000000000e-01 5.561393136223041e-01 1.000110809995300e+00
4.300000000000000e-01 5.706204740647189e-01 1.000123582378237e+00
4.350000000000000e-01 5.854582908786964e-01 1.000138020789456e+00
4.400000000000000e-01 6.006620381827575e-01 1.000154364591585e+00
4.450000000000000e-01 6.162412188138907e-01 1.000172884272648e+00
4.500000000000000e-01 6.322055702671360e-01 1.000193890518972e+00
4.550000000000000e-01 6.485650707818353e-01 1.000217743182032e+00
4.600000000000000e-01 6.653299455783577e-01 1.000244848774827e+00
4.650000000000000e-01 6.825106732491932e-01 1.000275679238776e+00
4.700000000000000e-01 7.001179923084168e-01 1.000310770780375e+00
4.750000000000000e-01 7.181629079036070e-01 1.000350734424280e+00
4.800000000000000e-01 7.366566986944229e-01 1.000396273874857e+00
4.850000000000000e-01 7.556109239021327e-01 1.000448180399316e+00
4.900000000000000e-01 7.750374305345038e-01 1.000507358527211e+00
4.950000000000000e-01 7.949483607905672e-01 1.000574832021715e+00
5.000000000000000e-01 8.153561596498893e-01 1.000651745111112e+00
5.050000000000000e-01 8.362735826510871e-01 1.000739393599140e+00
5.100000000000000e-01 8.577137038644561e-01 1.000839214000754e+00
5.150000000000000e-01 8.796899240636907e-01 1.000952793794698e+00
5.200000000000000e-01 9.022159791018011e-01 1.001081890944841e+00
5.250000000000000e-01 9.253059484964714e-01 1.001228401063648e+00
5.300000000000000e-01 9.489742642302165e-01 1.001394364894422e+00
5.350000000000000e-01 9.732357197708378e-01 1.001581953397568e+00
5.400000000000000e-01 9.981054793178262e-01 1.001793396607492e+00
5.450000000000000e-01 1.023599087280478e+00 1.002030959571791e+00
5.500000000000000e-01 1.049732477993657e+00 1.002296861598162e+00
5.550000000000000e-01 1.076521985677273e+00 1.002593131541807e+00
5.600000000000001e-01 1.103984354645701e+00 1.002921508873014e+00
5.650000000000001e-01 1.132136749773522e+00 1.003283259753027e+00
5.700000000000001e-01 1.160996767224129e+00 1.003678914691413e+00
5.750000000000001e-01 1.190582445447902e+00 1.004108058206398e+00
5.800000000000000e-01 1.220912276456826e+00 1.004569036531119e+00
5.850000000000000e-01 1.252005217382601e+00 1.005058585043436e+00
5.900000000000000e-01 1.283880702325469e+00 1.005571555592264e+00
5.950000000000000e-01 1.316558654501151e+00 1.006100655019972e+00
6.000000000000000e-01 1.350059498693518e+00 1.006636176768241e+00
6.050000000000000e-01 1.384404174020732e+00 1.007165968463924e+00
6.100000000000000e-01 1.419614147022888e+00 1.007675661676916e+00
6.150000000000000e-01 1.455711425079295e+00 1.008149108583345e+00
6.200000000000000e-01 1.492718570163803e+00 1.008569239307357e+00
6.250000000000000e-01 1.530658712946775e+00 1.008919450033866e+00
6.300000000000000e-01 1.569555567252506e+00 1.009185349052746e+00
6.350000000000000e-01 1.609433444881138e+00 1.009356759192773e+00
6.400000000000000e-01 1.650317270804325e+00 1.009429883015080e+00
6.450000000000000e-01 1.692232598744148e+00 1.009409254739368e+00
6.500000000000000e-01 1.735205627145031e+00 1.009309016581475e+00
6.550000000000000e-01 1.779263215548615e+00 1.009153241650565e+00
6.600000000000000e-01 1.824432901381847e+00 1.008975128238411e+00
6.650000000000000e-01 1.870742917168772e+00 1.008814978675178e+00
6.700000000000000e-01 1.918222208176775e+00 1.008717143884040e+00
6.750000000000000e-01 1.966900450508319e+00 1.008726369271965e+00
6.800000000000000e-01 2.016808069649473e+00 1.008884020782932e+00
6.850000000000001e-01 2.067976259486829e+00 1.009224615540771e+00
6.900000000000001e-01 2.120437001804702e+00 1.009773041096606e+00
6.950000000000001e-01 2.174223086274785e+00 1.010542740611093e+00
7.000000000000001e-01 2.229368130950753e+00 1.011534927110641e+00
7.050000000000000e-01 2.285906603280654e+00 1.012738683784514e+00
7.100000000000000e-01 2.343873841650178e+00 1.014131724409604e+00
7.150000000000000e-01 2.403306077470301e+00 1.015681607285484e+00
7.200000000000000e-01 2.464240457823092e+00 1.017347234650963e+00
7.250000000000000e-01 2.526715068679855e+00 1.019080503122199e+00
7.300000000000000e-01 2.590768958706095e+00 1.020828020246296e+00
7.350000000000000e-01 2.656442163668210e+00 1.022532877335145e+00
7.400000000000000e-01 2.723775731457148e+00 1.024136562642290e+00
7.450000000000000e-01 2.792811747744667e+00 1.025581188039880e+00
7.500000000000000e-01 2.863593362288260e+00 1.026812269469107e+00
7.550000000000000e-01 2.936164815901156e+00 1.027782316131088e+00
7.600000000000000e-01 3.010571468104263e+00 1.028455370089567e+00
7.650000000000000e-01 3.086859825477351e+00 1.028812299786713e+00
7.700000000000000e-01 3.165077570727174e+00 1.028856056356452e+00
7.750000000000000e-01 3.245273592490716e+00 1.028615410967832e+00
7.800000000000000e-01 3.327498015892184e+00 1.028145289907530e+00
7.850000000000000e-01 3.411802233872832e+00 1.027522154872712e+00
7.900000000000000e-01 3.498238939313234e+00 1.026834114314347e+00
7.950000000000000e-01 3.586862157968046e+00 1.026167255807053e+00
8.000000000000000e-01 3.677727282233856e+00 1.025591288009040e+00
8.050000000000000e-01 3.770891105771243e+00 1.025148199943909e+00
8.100000000000001e-01 3.866411859002656e+00 1.024846963030814e+00
8.150000000000001e-01 3.964349245508326e+00 1.024665587507247e+00
8.200000000000001e-01 4.064764479342956e+00 1.024559745568515e+00
8.250000000000001e-01 4.167720323296481e+00 1.024475381969573e+00
8.300000000000001e-01 4.273281128122877e+00 1.024361775827561e+00
8.350000000000000e-01 4.381512872761445e+00 1.024181665345785e+00
8.400000000000000e-01 4.492483205575838e+00 1.023916245105862e+00
8.450000000000000e-01 4.606261486636447e+00 1.023564664926287e+00
8.500000000000000e-01 4.722918831072739e+00 1.023139397281747e+00
8.550000000000000e-01 4.842528153522501e+00 1.022659824879729e+00
8.600000000000000e-01 4.965164213705875e+00 1.022146343147295e+00
8.650000000000000e-01 5.090903663152626e+00 1.021616406928444e+00
8.700000000000000e-01 5.219825093111814e+00 1.021082839201636e+00
8.750000000000000e-01 5.352009083673925e+00 1.020553891031432e+00
8.800000000000000e-01 5.487538254136007e+00 1.020034227133253e+00
8.850000000000000e-01 5.626497314641444e+00 1.019526124486212e+00
8.900000000000000e-01 5.768973119126561e+00 1.019030473742618e+00
8.950000000000000e-01 5.915054719607133e+00 1.018547455079488e+00
9.000000000000000e-01 6.064833421838831e+00 1.018076926613528e+00
9.050000000000000e-01 6.218402842386253e+00 1.017618619070054e+00
9.100000000000000e-01 6.375858967136348e+00 1.017172221917250e+00
9.150000000000000e-01 6.537300211292723e+00 1.016737417194589e+00
9.200000000000000e-01 6.702827480888332e+00 1.016313891270285e+00
9.250000000000000e-01 6.872544235855034e+00 1.015901338362910e+00
9.300000000000000e-01 7.046556554689444e+00 1.015499461331132e+00
9.350000000000001e-01 7.224973200755413e+00 1.015107971658572e+00
9.400000000000001e-01 7.407905690264673e+00 1.014726589232005e+00
9.450000000000001e-01 7.595468361978146e+00 1.014355042078243e+00
9.500000000000001e-01 7.787778448671316e+00 1.013993066100330e+00
9.550000000000001e-01 7.984956150408610e+00 1.013640404821700e+00
9.600000000000000e-01 8.187124709672272e+00 1.013296809139694e+00
9.650000000000000e-01 8.394410488393007e+00 1.012962037088304e+00
9.700000000000000e-01 8.606943046930221e+00 1.012635853609807e+00
9.750000000000000e-01 8.824855225051540e+00 1.012318030334887e+00
9.800000000000000e-01 9.048283224961922e+00 1.012008345370873e+00
9.850000000000000e-01 9.277366696434507e+00 1.011706583097751e+00
9.900000000000000e-01 9.512248824096272e+00 1.011412533971605e+00
9.950000000000000e-01 9.753076416923058e+00 1.011125994335166e+00
1.000000000000000e+00 1.000000000000000e+01 1.010846766235172e+00
