0.000000000000000e+00 0.000000000000000e+00 1.000000000000000e+00
5.000000000000000e-03 3.369477419287315e-03 1.000000000016328e+00
1.000000000000000e-02 6.741060871647481e-03 1.000000000033890e+00
1.500000000000000e-02 1.011685770649257e-02 1.000000000025360e+00
2.000000000000000e-02 1.349897790673588e-02 1.000000000025445e+00
2.500000000000000e-02 1.688953540759990e-02 1.000000000034455e+00
3.000000000000000e-02 2.029064941789469e-02 1.000000000045681e+00
3.500000000000000e-02 2.370444574459234e-02 1.000000000053795e+00
4.000000000000000e-02 2.713305812152553e-02 1.000000000067437e+00
4.500000000000000e-02 3.057862954304063e-02 1.000000000080610e+00
5.000000000000000e-02 3.404331360343898e-02 1.000000000094751e+00
5.500000000000000e-02 3.752927584304335e-02 1.000000000109119e+00
6.000000000000000e-02 4.103869510173117e-02 1.000000000121788e+00
6.500000000000000e-02 4.457376488078044e-02 1.000000000137828e+00
7.000000000000001e-02 4.813669471387935e-02 1.000000000159560e+00
7.500000000000000e-02 5.172971154815675e-02 1.000000000188025e+00
8.000000000000000e-02 5.535506113609672e-02 1.000000000214448e+00
8.500000000000001e-02 5.901500943920686e-02 1.000000000233176e+00
9.000000000000000e-02 6.271184404431801e-02 1.000000000254301e+00
9.500000000000000e-02 6.644787559340060e-02 1.000000000282461e+00
1.000000000000000e-01 7.022543922779090e-02 1.000000000309607e+00
1.050000000000000e-01 7.404689604773053e-02 1.000000000337198e+00
1.100000000000000e-01 7.791463458813094e-02 1.000000000377158e+00
1.150000000000000e-01 8.183107231148547e-02 1.000000000428704e+00
1.200000000000000e-01 8.579865711886202e-02 1.000000000486340e+00
1.250000000000000e-01 8.981986887992111e-02 1.000000000550497e+00
1.300000000000000e-01 9.389722098291493e-02 1.000000000615496e+00
1.350000000000000e-01 9.803326190563690e-02 1.000000000675215e+00
1.400000000000000e-01 1.022305768083033e-01 1.000000000739667e+00
1.450000000000000e-01 1.064917891493625e-01 1.000000000810174e+00
1.500000000000000e-01 1.108195623252418e-01 1.000000000884032e+00
1.550000000000000e-01 1.152166013350572e-01 1.000000000966526e+00
1.600000000000000e-01 1.196856544713255e-01 1.000000001051617e+00
1.650000000000000e-01 1.242295150377370e-01 1.000000001134781e+00
1.700000000000000e-01 1.288510230950609e-01 1.000000001228198e+00
1.750000000000000e-01 1.335530672362758e-01 1.000000001335659e+00
1.800000000000000e-01 1.383385863920344e-01 1.000000001444437e+00
1.850000000000000e-01 1.432105716675912e-01 1.000000001555594e+00
1.900000000000000e-01 1.481720682123397e-01 1.000000001685257e+00
1.950000000000000e-01 1.532261771231311e-01 1.000000001829211e+00
2.000000000000000e-01 1.583760573825595e-01 1.000000001986548e+00
2.050000000000000e-01 1.636249278334301e-01 1.000000002159329e+00
2.100000000000000e-01 1.689760691906397e-01 1.000000002341943e+00
2.150000000000000e-01 1.744328260917313e-01 1.000000002540401e+00
2.200000000000000e-01 1.799986091874004e-01 1.000000002757223e+00
2.250000000000000e-01 1.856768972732633e-01 1.000000002995688e+00
2.300000000000000e-01 1.914712394642179e-01 1.000000003252693e+00
2.350000000000000e-01 1.973852574127551e-01 1.000000003525506e+00
2.400000000000000e-01 2.034226475726105e-01 1.000000003815317e+00
2.450000000000000e-01 2.095871835091678e-01 1.000000004128024e+00
2.500000000000000e-01 2.158827182580599e-01 1.000000004472066e+00
2.550000000000000e-01 2.223131867334419e-01 1.000000004854801e+00
2.600000000000000e-01 2.288826081874405e-01 1.000000005282382e+00
2.650000000000000e-01 2.355950887223172e-01 1.000000005771777e+00
2.700000000000000e-01 2.424548238569160e-01 1.000000006300747e+00
2.750000000000000e-01 2.494661011489995e-01 1.000000006862415e+00
2.800000000000000e-01 2.566333028751116e-01 1.000000007499511e+00
2.850000000000000e-01 2.639609087696434e-01 1.000000008209393e+00
2.900000000000000e-01 2.714534988248126e-01 1.000000008973018e+00
2.950000000000000e-01 2.791157561533084e-01 1.000000009820827e+00
3.000000000000000e-01 2.869524699153886e-01 1.000000010771540e+00
3.050000000000000e-01 2.949685383122613e-01 1.000000011833414e+00
3.100000000000000e-01 3.031689716476197e-01 1.000000013040057e+00
3.150000000000000e-01 3.115588954592450e-01 1.000000014372171e+00
3.200000000000000e-01 3.201435537226349e-01 1.000000015855458e+00
3.250000000000000e-01 3.289283121286580e-01 1.000000017523800e+00
3.300000000000000e-01 3.379186614372866e-01 1.000000019394307e+00
3.350000000000000e-01 3.471202209094989e-01 1.000000021504534e+00
3.400000000000000e-01 3.565387418195016e-01 1.000000023925513e+00
3.450000000000000e-01 3.661801110494620e-01 1.000000026694510e+00
3.500000000000000e-01 3.760503547690021e-01 1.000000029789664e+00
3.550000000000000e-01 3.861556422017504e-01 1.000000033293897e+00
3.600000000000000e-01 3.965022894813072e-01 1.000000037315499e+00
3.650000000000000e-01 4.070967635990345e-01 1.000000041966032e+00
3.700000000000000e-01 4.179456864461349e-01 1.000000047290191e+00
3.750000000000000e-01 4.290558389525505e-01 1.000000053409784e+00
3.800000000000000e-01 4.404341653252637e-01 1.000000060467458e+00
3.850000000000000e-01 4.520877773886537e-01 1.000000068613907e+00
3.900000000000000e-01 4.640239590296172e-01 1.000000078086457e+00
3.950000000000000e-01 4.762501707502353e-01 1.000000089064160e+00
4.000000000000000e-01 4.887740543308307e-01 1.000000101913483e+00
4.050000000000000e-01 5.016034376063282e-01 1.000000116944719e+00
4.100000000000000e-01 5.147463393589066e-01 1.000000134575701e+00
4.150000000000000e-01 5.282109743299990e-01 1.000000155335445e+00
4.200000000000000e-01 5.420057583547735e-01 1.000000179778846e+00
4.250000000000000e-01 5.561393136223041e-01 1.000000208734710e+00
4.300000000000000e-01 5.706204740647189e-01 1.000000243051846e+00
4.350000000000000e-01 5.854582908786964e-01 1.000000283934625e+00
4.400000000000000e-01 6.006620381827575e-01 1.000000332695895e+00
4.450000000000000e-01 6.162412188138907e-01 1.000000391003291e+00
4.500000000000000e-01 6.322055702671360e-01 1.000000461098499e+00
4.550000000000000e-01 6.485650707818353e-01 1.000000545485767e+00
4.600000000000000e-01 6.653299455783577e-01 1.000000647392132e+00
4.650000000000000e-01 6.825106732491932e-01 1.000000770650358e+00
4.700000000000000e-01 7.001179923084168e-01 1.000000920431604e+00
4.750000000000000e-01 7.181629079036070e-01 1.000001102977431e+00
4.800000000000000e-01 7.366566986944229e-01 1.000001325788869e+00
4.850000000000000e-01 7.556109239021327e-01 1.000001598876196e+00
4.900000000000000e-01 7.750374305345038e-01 1.000001934202423e+00
4.950000000000000e-01 7.949483607905672e-01 1.000002347291315e+00
5.000000000000000e-01 8.153561596498893e-01 1.000002857623381e+00
5.050000000000000e-01 8.362735826510871e-01 1.000003489343200e+00
5.100000000000000e-01 8.577137038644561e-01 1.000004273986152e+00
5.150000000000000e-01 8.796899240636907e-01 1.000005250426237e+00
5.200000000000000e-01 9.022159791018011e-01 1.000006468660575e+00
5.250000000000000e-01 9.253059484964714e-01 1.000007992567338e+00
5.300000000000000e-01 9.489742642302165e-01 1.000009902008478e+00
5.350000000000000e-01 9.732357197708378e-01 1.000012300613167e+00
5.400000000000000e-01 9.981054793178262e-01 1.000015319096791e+00
5.450000000000000e-01 1.023599087280478e+00 1.000019123669479e+00
5.500000000000000e-01 1.049732477993657e+00 1.000023928553581e+00
5.550000000000000e-01 1.076521985677273e+00 1.000030003488411e+00
5.600000000000001e-01 1.103984354645701e+00 1.000037693660059e+00
5.650000000000001e-01 1.132136749773522e+00 1.000047439549214e+00
5.700000000000001e-01 1.160996767224129e+00 1.000059795629637e+00
5.750000000000001e-01 1.190582445447902e+00 1.000075468619514e+00
5.800000000000000e-01 1.220912276456826e+00 1.000095350409939e+00
5.850000000000000e-01 1.252005217382601e+00 1.000120556943175e+00
5.900000000000000e-01 1.283880702325469e+00 1.000152492568485e+00
5.950000000000000e-01 1.316558654501151e+00 1.000192901702922e+00
6.000000000000000e-01 1.350059498693518e+00 1.000243931430449e+00
6.050000000000000e-01 1.384404174020732e+00 1.000308221063427e+00
6.100000000000000e-01 1.419614147022888e+00 1.000388961183809e+00
6.150000000000000e-01 1.455711425079295e+00 1.000489951154022e+00
6.200000000000000e-01 1.492718570163803e+00 1.000615668201107e+00
6.250000000000000e-01 1.530658712946775e+00 1.000771256642496e+00
6.300000000000000e-01 1.569555567252506e+00 1.000962451967597e+00
6.350000000000000e-01 1.609433444881138e+00 1.001195456990423e+00
6.400000000000000e-01 1.650317270804325e+00 1.001476634687427e+00
6.450000000000000e-01 1.692232598744148e+00 1.001811988304163e+00
6.500000000000000e-01 1.735205627145031e+00 1.002206481478774e+00
6.550000000000000e-01 1.779263215548615e+00 1.002663077102619e+00
6.600000000000000e-01 1.824432901381847e+00 1.003181446195942e+00
6.650000000000000e-01 1.870742917168772e+00 1.003756543334073e+00
6.700000000000000e-01 1.918222208176775e+00 1.004377185289905e+00
6.750000000000000e-01 1.966900450508319e+00 1.005024775930538e+00
6.800000000000000e-01 2.016808069649473e+00 1.005672712488414e+00
6.850000000000001e-01 2.067976259486829e+00 1.006287225118321e+00
6.900000000000001e-01 2.120437001804702e+00 1.006830203266073e+00
6.950000000000001e-01 2.174223086274785e+00 1.007264289389209e+00
7.000000000000001e-01 2.229368130950753e+00 1.007560019541055e+00
7.050000000000000e-01 2.285906603280654e+00 1.007703777935814e+00
7.100000000000000e-01 2.343873841650178e+00 1.007704388524279e+00
7.150000000000000e-01 2.403306077470301e+00 1.007596114535517e+00
7.200000000000000e-01 2.464240457823092e+00 1.007436716578373e+00
7.250000000000000e-01 2.526715068679855e+00 1.007300574831586e+00
7.300000000000000e-01 2.590768958706095e+00 1.007268288569543e+00
7.350000000000000e-01 2.656442163668210e+00 1.007415153298448e+00
7.400000000000000e-01 2.723775731457148e+00 1.007801023297277e+00
7.450000000000000e-01 2.792811747744667e+00 1.008463299271001e+00
7.500000000000000e-01 2.863593362288260e+00 1.009413646572679e+00
7.550000000000000e-01 2.936164815901156e+00 1.010638084202482e+00
7.600000000000000e-01 3.010571468104263e+00 1.012099533130280e+00
7.650000000000000e-01 3.086859825477351e+00 1.013741782080838e+00
7.700000000000000e-01 3.165077570727174e+00 1.015494004440841e+00
7.750000000000000e-01 3.245273592490716e+00 1.017275277107265e+00
7.800000000000000e-01 3.327498015892184e+00 1.018998910107629e+00
7.850000000000000e-01 3.411802233872832e+00 1.020576821618995e+00
7.900000000000000e-01 3.498238939313234e+00 1.021924719394719e+00
7.950000000000000e-01 3.586862157968046e+00 1.022969218073642e+00
8.000000000000000e-01 3.677727282233856e+00 1.023657621315099e+00
8.050000000000000e-01 3.770891105771243e+00 1.023969446160244e+00
8.100000000000001e-01 3.866411859002656e+00 1.023926276153962e+00
8.150000000000001e-01 3.964349245508326e+00 1.023594777518133e+00
8.200000000000001e-01 4.064764479342956e+00 1.023078549852533e+00
8.250000000000001e-01 4.167720323296481e+00 1.022498395504965e+00
8.300000000000001e-01 4.273281128122877e+00 1.021965841076964e+00
8.350000000000000e-01 4.381512872761445e+00 1.021558373991692e+00
8.400000000000000e-01 4.492483205575838e+00 1.021304772856890e+00
8.450000000000000e-01 4.606261486636447e+00 1.021185160344309e+00
8.500000000000000e-01 4.722918831072739e+00 1.021144837026745e+00
8.550000000000000e-01 4.842528153522501e+00 1.021116016045157e+00
8.600000000000000e-01 4.965164213705875e+00 1.021039273634172e+00
8.650000000000000e-01 5.090903663152626e+00 1.020877699026527e+00
8.700000000000000e-01 5.219825093111814e+00 1.020620639188693e+00
8.750000000000000e-01 5.352009083673925e+00 1.020278526800626e+00
8.800000000000000e-01 5.487538254136007e+00 1.019873275105356e+00
8.850000000000000e-01 5.626497314641444e+00 1.019429004163520e+00
8.900000000000000e-01 5.768973119126561e+00 1.018966014186695e+00
8.950000000000000e-01 5.915054719607133e+00 1.018498520589622e+00
9.000000000000000e-01 6.064833421838831e+00 1.018035057335110e+00
9.050000000000000e-01 6.218402842386253e+00 1.017580044253547e+00
9.100000000000000e-01 6.375858967136348e+00 1.017135414080505e+00
9.150000000000000e-01 6.537300211292723e+00 1.016701805946503e+00
9.200000000000000e-01 6.702827480888332e+00 1.016279272329870e+00
9.250000000000000e-01 6.872544235855034e+00 1.015867633645114e+00
9.300000000000000e-01 7.046556554689444e+00 1.015466632285344e+00
9.350000000000001e-01 7.224973200755413e+00 1.015075991274015e+00
9.400000000000001e-01 7.407905690264673e+00 1.014695433914348e+00
9.450000000000001e-01 7.595468361978146e+00 1.014324689517684e+00
9.500000000000001e-01 7.787778448671316e+00 1.013963494755035e+00
9.550000000000001e-01 7.984956150408610e+00 1.013611593792297e+00
9.600000000000000e-01 8.187124709672272e+00 1.013268738129334e+00
9.650000000000000e-01 8.394410488393007e+00 1.012934686380069e+00
9.700000000000000e-01 8.606943046930221e+00 1.012609204047755e+00
9.750000000000000e-01 8.824855225051540e+00 1.012292063306243e+00
9.800000000000000e-01 9.048283224961922e+00 1.011983042788936e+00
9.850000000000000e-01 9.277366696434507e+00 1.011681927385430e+00
9.900000000000000e-01 9.512248824096272e+00 1.011388508045550e+00
9.950000000000000e-01 9.753076416923058e+00 1.011102581590487e+00
1.000000000000000e+00 1.000000000000000e+01 1.010823950530877e+00
