0.000000000000000e+00 0.000000000000000e+00 1.000000000000000e+00
5.000000000000000e-03 3.369477419287315e-03 1.000002326481364e+00
1.000000000000000e-02 6.741060871647481e-03 1.000011650457133e+00
1.500000000000000e-02 1.011685770649257e-02 1.000027241795721e+00
2.000000000000000e-02 1.349897790673588e-02 1.000049119625745e+00
2.500000000000000e-02 1.688953540759990e-02 1.000077311523083e+00
3.000000000000000e-02 2.029064941789469e-02 1.000111897943099e+00
3.500000000000000e-02 2.370444574459234e-02 1.000152980213876e+00
4.000000000000000e-02 2.713305812152553e-02 1.000200633631048e+00
4.500000000000000e-02 3.057862954304063e-02 1.000254954666288e+00
5.000000000000000e-02 3.404331360343898e-02 1.000316087088516e+00
5.500000000000000e-02 3.752927584304335e-02 1.000384171071879e+00
6.000000000000000e-02 4.103869510173117e-02 1.000459349641551e+00
6.500000000000000e-02 4.457376488078044e-02 1.000541802136471e+00
7.000000000000001e-02 4.813669471387935e-02 1.000631714959295e+00
7.500000000000000e-02 5.172971154815675e-02 1.000729281835384e+00
8.000000000000000e-02 5.535506113609672e-02 1.000834732937622e+00
8.500000000000001e-02 5.901500943920686e-02 1.000948307083810e+00
9.000000000000000e-02 6.271184404431801e-02 1.001070246637122e+00
9.500000000000000e-02 6.644787559340060e-02 1.001200830363908e+00
1.000000000000000e-01 7.022543922779090e-02 1.001340350769767e+00
1.050000000000000e-01 7.404689604773053e-02 1.001489103552799e+00
1.100000000000000e-01 7.791463458813094e-02 1.001647423030705e+00
1.150000000000000e-01 8.183107231148547e-02 1.001815662514480e+00
1.200000000000000e-01 8.579865711886202e-02 1.001994172744478e+00
1.250000000000000e-01 8.981986887992111e-02 1.002183340028845e+00
1.300000000000000e-01 9.389722098291493e-02 1.002383579750743e+00
1.350000000000000e-01 9.803326190563690e-02 1.002595306343048e+00
1.400000000000000e-01 1.022305768083033e-01 1.002818965542261e+00
1.450000000000000e-01 1.064917891493625e-01 1.003055038382766e+00
1.500000000000000e-01 1.108195623252418e-01 1.003304003235191e+00
1.550000000000000e-01 1.152166013350572e-01 1.003566361670496e+00
1.600000000000000e-01 1.196856544713255e-01 1.003842662572001e+00
1.650000000000000e-01 1.242295150377370e-01 1.004133460678901e+00
1.700000000000000e-01 1.288510230950609e-01 1.004439318569851e+00
1.750000000000000e-01 1.335530672362758e-01 1.004760845366720e+00
1.800000000000000e-01 1.383385863920344e-01 1.005098670326399e+00
1.850000000000000e-01 1.432105716675912e-01 1.005453421980949e+00
1.900000000000000e-01 1.481720682123397e-01 1.005825768898226e+00
1.950000000000000e-01 1.532261771231311e-01 1.006216416504111e+00
2.000000000000000e-01 1.583760573825595e-01 1.006626062932273e+00
2.050000000000000e-01 1.636249278334301e-01 1.007055422459838e+00
2.100000000000000e-01 1.689760691906397e-01 1.007505262160713e+00
2.150000000000000e-01 1.744328260917313e-01 1.007976362359769e+00
2.200000000000000e-01 1.799986091874004e-01 1.008469488180798e+00
2.250000000000000e-01 1.856768972732633e-01 1.008985434332637e+00
2.300000000000000e-01 1.914712394642179e-01 1.009525040727801e+00
2.350000000000000e-01 1.973852574127551e-01 1.010089141552269e+00
2.400000000000000e-01 2.034226475726105e-01 1.010678552374621e+00
2.450000000000000e-01 2.095871835091678e-01 1.011294116855152e+00
2.500000000000000e-01 2.158827182580599e-01 1.011936712015952e+00
2.550000000000000e-01 2.223131867334419e-01 1.012607195559436e+00
2.600000000000000e-01 2.288826081874405e-01 1.013306390509475e+00
2.650000000000000e-01 2.355950887223172e-01 1.014035129642163e+00
2.700000000000000e-01 2.424548238569160e-01 1.014794269983693e+00
2.750000000000000e-01 2.494661011489995e-01 1.015584640576814e+00
2.800000000000000e-01 2.566333028751116e-01 1.016407005334089e+00
2.850000000000000e-01 2.639609087696434e-01 1.017262095331027e+00
2.900000000000000e-01 2.714534988248126e-01 1.018150641107603e+00
2.950000000000000e-01 2.791157561533084e-01 1.019073342297748e+00
3.000000000000000e-01 2.869524699153886e-01 1.020030822216648e+00
3.050000000000000e-01 2.949685383122613e-01 1.021023613398049e+00
3.100000000000000e-01 3.031689716476197e-01 1.022052158249653e+00
3.150000000000000e-01 3.115588954592450e-01 1.023116827181159e+00
3.200000000000000e-01 3.201435537226349e-01 1.024217927721252e+00
3.250000000000000e-01 3.289283121286580e-01 1.025355658998541e+00
3.300000000000000e-01 3.379186614372866e-01 1.026530075047087e+00
3.350000000000000e-01 3.471202209094989e-01 1.027741072597230e+00
3.400000000000000e-01 3.565387418195016e-01 1.028988360646435e+00
3.450000000000000e-01 3.661801110494620e-01 1.030271470718894e+00
3.500000000000000e-01 3.760503547690021e-01 1.031589743357972e+00
3.550000000000000e-01 3.861556422017504e-01 1.032942310528503e+00
3.600000000000000e-01 3.965022894813072e-01 1.034328084840265e+00
3.650000000000000e-01 4.070967635990345e-01 1.035745728052616e+00
3.700000000000000e-01 4.179456864461349e-01 1.037193637724848e+00
3.750000000000000e-01 4.290558389525505e-01 1.038669920969313e+00
3.800000000000000e-01 4.404341653252637e-01 1.040172379221604e+00
3.850000000000000e-01 4.520877773886537e-01 1.041698489015989e+00
3.900000000000000e-01 4.640239590296172e-01 1.043245387447070e+00
3.950000000000000e-01 4.762501707502353e-01 1.044809858198975e+00
4.000000000000000e-01 4.887740543308307e-01 1.046388320707967e+00
4.050000000000000e-01 5.016034376063282e-01 1.047976822151963e+00
4.100000000000000e-01 5.147463393589066e-01 1.049571033322522e+00
4.150000000000000e-01 5.282109743299990e-01 1.051166248985183e+00
4.200000000000000e-01 5.420057583547735e-01 1.052757393560724e+00
4.250000000000000e-01 5.561393136223041e-01 1.054339032917850e+00
4.300000000000000e-01 5.706204740647189e-01 1.055905393093324e+00
4.350000000000000e-01 5.854582908786964e-01 1.057450386729569e+00
4.400000000000000e-01 6.006620381827575e-01 1.058967647972631e+00
4.450000000000000e-01 6.162412188138907e-01 1.060450576488056e+00
4.500000000000000e-01 6.322055702671360e-01 1.061892391125882e+00
4.550000000000000e-01 6.485650707818353e-01 1.063286193592172e+00
4.600000000000000e-01 6.653299455783577e-01 1.064625042258984e+00
4.650000000000000e-01 6.825106732491932e-01 1.065902035964286e+00
4.700000000000000e-01 7.001179923084168e-01 1.067110407316795e+00
4.750000000000000e-01 7.181629079036070e-01 1.068243624629924e+00
4.800000000000000e-01 7.366566986944229e-01 1.069295501168624e+00
4.850000000000000e-01 7.556109239021327e-01 1.070260309912047e+00
4.900000000000000e-01 7.750374305345038e-01 1.071132901526951e+00
4.950000000000000e-01 7.949483607905672e-01 1.071908822729997e+00
5.000000000000000e-01 8.153561596498893e-01 1.072584431714744e+00
5.050000000000000e-01 8.362735826510871e-01 1.073157006859294e+00
5.100000000000000e-01 8.577137038644561e-01 1.073624844545181e+00
5.150000000000000e-01 8.796899240636907e-01 1.073987341642309e+00
5.200000000000000e-01 9.022159791018011e-01 1.074245058084951e+00
5.250000000000000e-01 9.253059484964714e-01 1.074399755015857e+00
5.300000000000000e-01 9.489742642302165e-01 1.074454404242105e+00
5.350000000000000e-01 9.732357197708378e-01 1.074413165254400e+00
5.400000000000000e-01 9.981054793178262e-01 1.074281326829503e+00
5.450000000000000e-01 1.023599087280478e+00 1.074065211270130e+00
5.500000000000000e-01 1.049732477993657e+00 1.073772040631146e+00
5.550000000000000e-01 1.076521985677273e+00 1.073409765812060e+00
5.600000000000001e-01 1.103984354645701e+00 1.072986861123400e+00
5.650000000000001e-01 1.132136749773522e+00 1.072512088800091e+00
5.700000000000001e-01 1.160996767224129e+00 1.071994239862270e+00
5.750000000000001e-01 1.190582445447902e+00 1.071441859620230e+00
5.800000000000000e-01 1.220912276456826e+00 1.070862967877843e+00
5.850000000000000e-01 1.252005217382601e+00 1.070264785388681e+00
5.900000000000000e-01 1.283880702325469e+00 1.069653479233842e+00
5.950000000000000e-01 1.316558654501151e+00 1.069033940390143e+00
6.000000000000000e-01 1.350059498693518e+00 1.068409606714897e+00
6.050000000000000e-01 1.384404174020732e+00 1.067782343773606e+00
6.100000000000000e-01 1.419614147022888e+00 1.067152394285992e+00
6.150000000000000e-01 1.455711425079295e+00 1.066518404405221e+00
6.200000000000000e-01 1.492718570163803e+00 1.065877531567429e+00
6.250000000000000e-01 1.530658712946775e+00 1.065225634314943e+00
6.300000000000000e-01 1.569555567252506e+00 1.064557539456222e+00
6.350000000000000e-01 1.609433444881138e+00 1.063867376431214e+00
6.400000000000000e-01 1.650317270804325e+00 1.063148963168241e+00
6.450000000000000e-01 1.692232598744148e+00 1.062396222521541e+00
6.500000000000000e-01 1.735205627145031e+00 1.061603604126187e+00
6.550000000000000e-01 1.779263215548615e+00 1.060766483795536e+00
6.600000000000000e-01 1.824432901381847e+00 1.059881511976235e+00
6.650000000000000e-01 1.870742917168772e+00 1.058946884698059e+00
6.700000000000000e-01 1.918222208176775e+00 1.057962515108738e+00
6.750000000000000e-01 1.966900450508319e+00 1.056930090940862e+00
6.800000000000000e-01 2.016808069649473e+00 1.055853012609551e+00
6.850000000000001e-01 2.067976259486829e+00 1.054736217195924e+00
6.900000000000001e-01 2.120437001804702e+00 1.053585904138244e+00
6.950000000000001e-01 2.174223086274785e+00 1.052409187686388e+00
7.000000000000001e-01 2.229368130950753e+00 1.051213707795247e+00
7.050000000000000e-01 2.285906603280654e+00 1.050007234155667e+00
7.100000000000000e-01 2.343873841650178e+00 1.048797297006261e+00
7.150000000000000e-01 2.403306077470301e+00 1.047590873380078e+00
7.200000000000000e-01 2.464240457823092e+00 1.046394149291426e+00
7.250000000000000e-01 2.526715068679855e+00 1.045212368339470e+00
7.300000000000000e-01 2.590768958706095e+00 1.044049766845565e+00
7.350000000000000e-01 2.656442163668210e+00 1.042909586474449e+00
7.400000000000000e-01 2.723775731457148e+00 1.041794148527843e+00
7.450000000000000e-01 2.792811747744667e+00 1.040704970432598e+00
7.500000000000000e-01 2.863593362288260e+00 1.039642904454784e+00
7.550000000000000e-01 2.936164815901156e+00 1.038608280877705e+00
7.600000000000000e-01 3.010571468104263e+00 1.037601041917549e+00
7.650000000000000e-01 3.086859825477351e+00 1.036620857489513e+00
7.700000000000000e-01 3.165077570727174e+00 1.035667218631087e+00
7.750000000000000e-01 3.245273592490716e+00 1.034739508241425e+00
7.800000000000000e-01 3.327498015892184e+00 1.033837051446172e+00
7.850000000000000e-01 3.411802233872832e+00 1.032959149309182e+00
7.900000000000000e-01 3.498238939313234e+00 1.032105099988606e+00
7.950000000000000e-01 3.586862157968046e+00 1.031274211099797e+00
8.000000000000000e-01 3.677727282233856e+00 1.030465806338548e+00
8.050000000000000e-01 3.770891105771243e+00 1.029679228609235e+00
8.100000000000001e-01 3.866411859002656e+00 1.028913841170287e+00
8.150000000000001e-01 3.964349245508326e+00 1.028169027736897e+00
8.200000000000001e-01 4.064764479342956e+00 1.027444192081325e+00
8.250000000000001e-01 4.167720323296481e+00 1.026738757418352e+00
8.300000000000001e-01 4.273281128122877e+00 1.026052165717256e+00
8.350000000000000e-01 4.381512872761445e+00 1.025383877004194e+00
8.400000000000000e-01 4.492483205575838e+00 1.024733368681111e+00
8.450000000000000e-01 4.606261486636447e+00 1.024100134870382e+00
8.500000000000000e-01 4.722918831072739e+00 1.023483685787474e+00
8.550000000000000e-01 4.842528153522501e+00 1.022883547141385e+00
8.600000000000000e-01 4.965164213705875e+00 1.022299259561722e+00
8.650000000000000e-01 5.090903663152626e+00 1.021730378051147e+00
8.700000000000000e-01 5.219825093111814e+00 1.021176471461866e+00
8.750000000000000e-01 5.352009083673925e+00 1.020637121994914e+00
8.800000000000000e-01 5.487538254136007e+00 1.020111924721070e+00
8.850000000000000e-01 5.626497314641444e+00 1.019600487122281e+00
8.900000000000000e-01 5.768973119126561e+00 1.019102428652557e+00
8.950000000000000e-01 5.915054719607133e+00 1.018617380317357e+00
9.000000000000000e-01 6.064833421838831e+00 1.018144984270546e+00
9.050000000000000e-01 6.218402842386253e+00 1.017684893428030e+00
9.100000000000000e-01 6.375858967136348e+00 1.017236771097283e+00
9.150000000000000e-01 6.537300211292723e+00 1.016800290621963e+00
9.200000000000000e-01 6.702827480888332e+00 1.016375135040894e+00
9.250000000000000e-01 6.872544235855034e+00 1.015960996760743e+00
9.300000000000000e-01 7.046556554689444e+00 1.015557577241702e+00
9.350000000000001e-01 7.224973200755413e+00 1.015164586695611e+00
9.400000000000001e-01 7.407905690264673e+00 1.014781743795889e+00
9.450000000000001e-01 7.595468361978146e+00 1.014408775398763e+00
9.500000000000001e-01 7.787778448671316e+00 1.014045416275255e+00
9.550000000000001e-01 7.984956150408610e+00 1.013691408853442e+00
9.600000000000000e-01 8.187124709672272e+00 1.013346502970512e+00
9.650000000000000e-01 8.394410488393007e+00 1.013010455634199e+00
9.700000000000000e-01 8.606943046930221e+00 1.012683030793148e+00
9.750000000000000e-01 8.824855225051540e+00 1.012363999115842e+00
9.800000000000000e-01 9.048283224961922e+00 1.012053137777686e+00
9.850000000000000e-01 9.277366696434507e+00 1.011750230255929e+00
9.900000000000000e-01 9.512248824096272e+00 1.011455066132038e+00
9.950000000000000e-01 9.753076416923058e+00 1.011167440901253e+00
1.000000000000000e+00 1.000000000000000e+01 1.010887155788972e+00
