0.000000000000000e+00 0.000000000000000e+00 1.000000000000000e+00
5.000000000000000e-03 3.369477419287315e-03 1.000000000007540e+00
1.000000000000000e-02 6.741060871647481e-03 1.000000000014658e+00
1.500000000000000e-02 1.011685770649257e-02 1.000000000009822e+00
2.000000000000000e-02 1.349897790673588e-02 1.000000000012134e+00
2.500000000000000e-02 1.688953540759990e-02 1.000000000013660e+00
3.000000000000000e-02 2.029064941789469e-02 1.000000000012967e+00
3.500000000000000e-02 2.370444574459234e-02 1.000000000011302e+00
4.000000000000000e-02 2.713305812152553e-02 1.000000000010812e+00
4.500000000000000e-02 3.057862954304063e-02 1.000000000009719e+00
5.000000000000000e-02 3.404331360343898e-02 1.000000000010349e+00
5.500000000000000e-02 3.752927584304335e-02 1.000000000011067e+00
6.000000000000000e-02 4.103869510173117e-02 1.000000000011005e+00
6.500000000000000e-02 4.457376488078044e-02 1.000000000011197e+00
7.000000000000001e-02 4.813669471387935e-02 1.000000000010904e+00
7.500000000000000e-02 5.172971154815675e-02 1.000000000010445e+00
8.000000000000000e-02 5.535506113609672e-02 1.000000000010797e+00
8.500000000000001e-02 5.901500943920686e-02 1.000000000013926e+00
9.000000000000000e-02 6.271184404431801e-02 1.000000000015955e+00
9.500000000000000e-02 6.644787559340060e-02 1.000000000017004e+00
1.000000000000000e-01 7.022543922779090e-02 1.000000000018789e+00
1.050000000000000e-01 7.404689604773053e-02 1.000000000020034e+00
1.100000000000000e-01 7.791463458813094e-02 1.000000000021752e+00
1.150000000000000e-01 8.183107231148547e-02 1.000000000024422e+00
1.200000000000000e-01 8.579865711886202e-02 1.000000000026151e+00
1.250000000000000e-01 8.981986887992111e-02 1.000000000027951e+00
1.300000000000000e-01 9.389722098291493e-02 1.000000000030020e+00
1.350000000000000e-01 9.803326190563690e-02 1.000000000031531e+00
1.400000000000000e-01 1.022305768083033e-01 1.000000000033901e+00
1.450000000000000e-01 1.064917891493625e-01 1.000000000038258e+00
1.500000000000000e-01 1.108195623252418e-01 1.000000000043075e+00
1.550000000000000e-01 1.152166013350572e-01 1.000000000046776e+00
1.600000000000000e-01 1.196856544713255e-01 1.000000000049258e+00
1.650000000000000e-01 1.242295150377370e-01 1.000000000052059e+00
1.700000000000000e-01 1.288510230950609e-01 1.000000000053987e+00
1.750000000000000e-01 1.335530672362758e-01 1.000000000056858e+00
1.800000000000000e-01 1.383385863920344e-01 1.000000000059726e+00
1.850000000000000e-01 1.432105716675912e-01 1.000000000062453e+00
1.900000000000000e-01 1.481720682123397e-01 1.000000000066708e+00
1.950000000000000e-01 1.532261771231311e-01 1.000000000071496e+00
2.000000000000000e-01 1.583760573825595e-01 1.000000000074539e+00
2.050000000000000e-01 1.636249278334301e-01 1.000000000078025e+00
2.100000000000000e-01 1.689760691906397e-01 1.000000000082879e+00
2.150000000000000e-01 1.744328260917313e-01 1.000000000087705e+00
2.200000000000000e-01 1.799986091874004e-01 1.000000000092837e+00
2.250000000000000e-01 1.856768972732633e-01 1.000000000098162e+00
2.300000000000000e-01 1.914712394642179e-01 1.000000000104258e+00
2.350000000000000e-01 1.973852574127551e-01 1.000000000114493e+00
2.400000000000000e-01 2.034226475726105e-01 1.000000000124108e+00
2.450000000000000e-01 2.095871835091678e-01 1.000000000130596e+00
2.500000000000000e-01 2.158827182580599e-01 1.000000000137934e+00
2.550000000000000e-01 2.223131867334419e-01 1.000000000144376e+00
2.600000000000000e-01 2.288826081874405e-01 1.000000000152188e+00
2.650000000000000e-01 2.355950887223172e-01 1.000000000162454e+00
2.700000000000000e-01 2.424548238569160e-01 1.000000000171944e+00
2.750000000000000e-01 2.494661011489995e-01 1.000000000180780e+00
2.800000000000000e-01 2.566333028751116e-01 1.000000000192491e+00
2.850000000000000e-01 2.639609087696434e-01 1.000000000203484e+00
2.900000000000000e-01 2.714534988248126e-01 1.000000000213306e+00
2.950000000000000e-01 2.791157561533084e-01 1.000000000221627e+00
3.000000000000000e-01 2.869524699153886e-01 1.000000000231208e+00
3.050000000000000e-01 2.949685383122613e-01 1.000000000243068e+00
3.100000000000000e-01 3.031689716476197e-01 1.000000000258339e+00
3.150000000000000e-01 3.115588954592450e-01 1.000000000274392e+00
3.200000000000000e-01 3.201435537226349e-01 1.000000000289213e+00
3.250000000000000e-01 3.289283121286580e-01 1.000000000307022e+00
3.300000000000000e-01 3.379186614372866e-01 1.000000000326284e+00
3.350000000000000e-01 3.471202209094989e-01 1.000000000346192e+00
3.400000000000000e-01 3.565387418195016e-01 1.000000000366512e+00
3.450000000000000e-01 3.661801110494620e-01 1.000000000386545e+00
3.500000000000000e-01 3.760503547690021e-01 1.000000000405538e+00
3.550000000000000e-01 3.861556422017504e-01 1.000000000425065e+00
3.600000000000000e-01 3.965022894813072e-01 1.000000000443632e+00
3.650000000000000e-01 4.070967635990345e-01 1.000000000467580e+00
3.700000000000000e-01 4.179456864461349e-01 1.000000000493120e+00
3.750000000000000e-01 4.290558389525505e-01 1.000000000518627e+00
3.800000000000000e-01 4.404341653252637e-01 1.000000000549207e+00
3.850000000000000e-01 4.520877773886537e-01 1.000000000582884e+00
3.900000000000000e-01 4.640239590296172e-01 1.000000000616499e+00
3.950000000000000e-01 4.762501707502353e-01 1.000000000649242e+00
4.000000000000000e-01 4.887740543308307e-01 1.000000000682383e+00
4.050000000000000e-01 5.016034376063282e-01 1.000000000714130e+00
4.100000000000000e-01 5.147463393589066e-01 1.000000000750585e+00
4.150000000000000e-01 5.282109743299990e-01 1.000000000788325e+00
4.200000000000000e-01 5.420057583547735e-01 1.000000000830466e+00
4.250000000000000e-01 5.561393136223041e-01 1.000000000878557e+00
4.300000000000000e-01 5.706204740647189e-01 1.000000000928078e+00
4.350000000000000e-01 5.854582908786964e-01 1.000000000976382e+00
4.400000000000000e-01 6.006620381827575e-01 1.000000001025506e+00
4.450000000000000e-01 6.162412188138907e-01 1.000000001082826e+00
4.500000000000000e-01 6.322055702671360e-01 1.000000001140606e+00
4.550000000000000e-01 6.485650707818353e-01 1.000000001198213e+00
4.600000000000000e-01 6.653299455783577e-01 1.000000001258246e+00
4.650000000000000e-01 6.825106732491932e-01 1.000000001324924e+00
4.700000000000000e-01 7.001179923084168e-01 1.000000001397883e+00
4.750000000000000e-01 7.181629079036070e-01 1.000000001473279e+00
4.800000000000000e-01 7.366566986944229e-01 1.000000001551655e+00
4.850000000000000e-01 7.556109239021327e-01 1.000000001631338e+00
4.900000000000000e-01 7.750374305345038e-01 1.000000001715098e+00
4.950000000000000e-01 7.949483607905672e-01 1.000000001804944e+00
5.000000000000000e-01 8.153561596498893e-01 1.000000001901741e+00
5.050000000000000e-01 8.362735826510871e-01 1.000000002005004e+00
5.100000000000000e-01 8.577137038644561e-01 1.000000002112542e+00
5.150000000000000e-01 8.796899240636907e-01 1.000000002219669e+00
5.200000000000000e-01 9.022159791018011e-01 1.000000002334072e+00
5.250000000000000e-01 9.253059484964714e-01 1.000000002457448e+00
5.300000000000000e-01 9.489742642302165e-01 1.000000002587878e+00
5.350000000000000e-01 9.732357197708378e-01 1.000000002730867e+00
5.400000000000000e-01 9.981054793178262e-01 1.000000002870343e+00
5.450000000000000e-01 1.023599087280478e+00 1.000000003016754e+00
5.500000000000000e-01 1.049732477993657e+00 1.000000003181676e+00
5.550000000000000e-01 1.076521985677273e+00 1.000000003348780e+00
5.600000000000001e-01 1.103984354645701e+00 1.000000003523637e+00
5.650000000000001e-01 1.132136749773522e+00 1.000000003708598e+00
5.700000000000001e-01 1.160996767224129e+00 1.000000003905315e+00
5.750000000000001e-01 1.190582445447902e+00 1.000000004111503e+00
5.800000000000000e-01 1.220912276456826e+00 1.000000004325003e+00
5.850000000000000e-01 1.252005217382601e+00 1.000000004555551e+00
5.900000000000000e-01 1.283880702325469e+00 1.000000004794285e+00
5.950000000000000e-01 1.316558654501151e+00 1.000000005046034e+00
6.000000000000000e-01 1.350059498693518e+00 1.000000005314569e+00
6.050000000000000e-01 1.384404174020732e+00 1.000000005591833e+00
6.100000000000000e-01 1.419614147022888e+00 1.000000005889939e+00
6.150000000000000e-01 1.455711425079295e+00 1.000000006202922e+00
6.200000000000000e-01 1.492718570163803e+00 1.000000006531458e+00
6.250000000000000e-01 1.530658712946775e+00 1.000000006887747e+00
6.300000000000000e-01 1.569555567252506e+00 1.000000007261570e+00
6.350000000000000e-01 1.609433444881138e+00 1.000000007665333e+00
6.400000000000000e-01 1.650317270804325e+00 1.000000008108323e+00
6.450000000000000e-01 1.692232598744148e+00 1.000000008586370e+00
6.500000000000000e-01 1.735205627145031e+00 1.000000009126770e+00
6.550000000000000e-01 1.779263215548615e+00 1.000000009746007e+00
6.600000000000000e-01 1.824432901381847e+00 1.000000010466442e+00
6.650000000000000e-01 1.870742917168772e+00 1.000000011353853e+00
6.700000000000000e-01 1.918222208176775e+00 1.000000012481463e+00
6.750000000000000e-01 1.966900450508319e+00 1.000000013984579e+00
6.800000000000000e-01 2.016808069649473e+00 1.000000016112708e+00
6.850000000000001e-01 2.067976259486829e+00 1.000000019271413e+00
6.900000000000001e-01 2.120437001804702e+00 1.000000024248090e+00
6.950000000000001e-01 2.174223086274785e+00 1.000000032451746e+00
7.000000000000001e-01 2.229368130950753e+00 1.000000046466604e+00
7.050000000000000e-01 2.285906603280654e+00 1.000000071506957e+00
7.100000000000000e-01 2.343873841650178e+00 1.000000117326872e+00
7.150000000000000e-01 2.403306077470301e+00 1.000000202047683e+00
7.200000000000000e-01 2.464240457823092e+00 1.000000362042285e+00
7.250000000000000e-01 2.526715068679855e+00 1.000000668041717e+00
7.300000000000000e-01 2.590768958706095e+00 1.000001250401766e+00
7.350000000000000e-01 2.656442163668210e+00 1.000002356363284e+00
7.400000000000000e-01 2.723775731457148e+00 1.000004464524466e+00
7.450000000000000e-01 2.792811747744667e+00 1.000008459852167e+00
7.500000000000000e-01 2.863593362288260e+00 1.000015910095956e+00
7.550000000000000e-01 2.936164815901156e+00 1.000029599842949e+00
7.600000000000000e-01 3.010571468104263e+00 1.000054480383120e+00
7.650000000000000e-01 3.086859825477351e+00 1.000098950444563e+00
7.700000000000000e-01 3.165077570727174e+00 1.000176197224340e+00
7.750000000000000e-01 3.245273592490716e+00 1.000305610661403e+00
7.800000000000000e-01 3.327498015892184e+00 1.000514438491225e+00
7.850000000000000e-01 3.411802233872832e+00 1.000838164124112e+00
7.900000000000000e-01 3.498238939313234e+00 1.001314508718650e+00
7.950000000000000e-01 3.586862157968046e+00 1.001964781952263e+00
8.000000000000000e-01 3.677727282233856e+00 1.002764184627059e+00
8.050000000000000e-01 3.770891105771243e+00 1.003619454456849e+00
8.100000000000001e-01 3.866411859002656e+00 1.004381776103030e+00
8.150000000000001e-01 3.964349245508326e+00 1.004905040899116e+00
8.200000000000001e-01 4.064764479342956e+00 1.005121741603911e+00
8.250000000000001e-01 4.167720323296481e+00 1.005088418230097e+00
8.300000000000001e-01 4.273281128122877e+00 1.004972120284275e+00
8.350000000000000e-01 4.381512872761445e+00 1.004988268313475e+00
8.400000000000000e-01 4.492483205575838e+00 1.005325274464188e+00
8.450000000000000e-01 4.606261486636447e+00 1.006090804365289e+00
8.500000000000000e-01 4.722918831072739e+00 1.007295486630478e+00
8.550000000000000e-01 4.842528153522501e+00 1.008865606129079e+00
8.600000000000000e-01 4.965164213705875e+00 1.010663688038780e+00
8.650000000000000e-01 5.090903663152626e+00 1.012504212953359e+00
8.700000000000000e-01 5.219825093111814e+00 1.014171400079911e+00
8.750000000000000e-01 5.352009083673925e+00 1.015456053163756e+00
8.800000000000000e-01 5.487538254136007e+00 1.016215573629606e+00
8.850000000000000e-01 5.626497314641444e+00 1.016433208675075e+00
8.900000000000000e-01 5.768973119126561e+00 1.016235647996042e+00
8.950000000000000e-01 5.915054719607133e+00 1.015844539605303e+00
9.000000000000000e-01 6.064833421838831e+00 1.015480659033875e+00
9.050000000000000e-01 6.218402842386253e+00 1.015274710570578e+00
9.100000000000000e-01 6.375858967136348e+00 1.015234832054584e+00
9.150000000000000e-01 6.537300211292723e+00 1.015280418324588e+00
9.200000000000000e-01 6.702827480888332e+00 1.015309006168262e+00
9.250000000000000e-01 6.872544235855034e+00 1.015250734133004e+00
9.300000000000000e-01 7.046556554689444e+00 1.015086109603111e+00
9.350000000000001e-01 7.224973200755413e+00 1.014832942268947e+00
9.400000000000001e-01 7.407905690264673e+00 1.014523102923076e+00
9.450000000000001e-01 7.595468361978146e+00 1.014185384114313e+00
9.500000000000001e-01 7.787778448671316e+00 1.013838972763730e+00
9.550000000000001e-01 7.984956150408610e+00 1.013494161340926e+00
9.600000000000000e-01 8.187124709672272e+00 1.013155517392563e+00
9.650000000000000e-01 8.394410488393007e+00 1.012824689419430e+00
9.700000000000000e-01 8.606943046930221e+00 1.012502089514484e+00
9.750000000000000e-01 8.824855225051540e+00 1.012187692627843e+00
9.800000000000000e-01 9.048283224961922e+00 1.011881408989493e+00
9.850000000000000e-01 9.277366696434507e+00 1.011583808276019e+00
9.900000000000000e-01 9.512248824096272e+00 1.011302203726076e+00
9.950000000000000e-01 9.753076416923058e+00 1.011114978917315e+00
1.000000000000000e+00 1.000000000000000e+01 1.011851438131100e+00
