0.000000000000000e+00 0.000000000000000e+00 1.000000000000000e+00
5.000000000000000e-03 3.369477419287315e-03 1.000000000001002e+00
1.000000000000000e-02 6.741060871647481e-03 1.000000000003542e+00
1.500000000000000e-02 1.011685770649257e-02 1.000000000009196e+00
2.000000000000000e-02 1.349897790673588e-02 1.000000000008043e+00
2.500000000000000e-02 1.688953540759990e-02 1.000000000007466e+00
3.000000000000000e-02 2.029064941789469e-02 1.000000000007788e+00
3.500000000000000e-02 2.370444574459234e-02 1.000000000006918e+00
4.000000000000000e-02 2.713305812152553e-02 1.000000000006519e+00
4.500000000000000e-02 3.057862954304063e-02 1.000000000005790e+00
5.000000000000000e-02 3.404331360343898e-02 1.000000000005271e+00
5.500000000000000e-02 3.752927584304335e-02 1.000000000005706e+00
6.000000000000000e-02 4.103869510173117e-02 1.000000000006566e+00
6.500000000000000e-02 4.457376488078044e-02 1.000000000006602e+00
7.000000000000001e-02 4.813669471387935e-02 1.000000000006675e+00
7.500000000000000e-02 5.172971154815675e-02 1.000000000007258e+00
8.000000000000000e-02 5.535506113609672e-02 1.000000000008533e+00
8.500000000000001e-02 5.901500943920686e-02 1.000000000009465e+00
9.000000000000000e-02 6.271184404431801e-02 1.000000000010319e+00
9.500000000000000e-02 6.644787559340060e-02 1.000000000011864e+00
1.000000000000000e-01 7.022543922779090e-02 1.000000000014934e+00
1.050000000000000e-01 7.404689604773053e-02 1.000000000019866e+00
1.100000000000000e-01 7.791463458813094e-02 1.000000000024162e+00
1.150000000000000e-01 8.183107231148547e-02 1.000000000028475e+00
1.200000000000000e-01 8.579865711886202e-02 1.000000000032863e+00
1.250000000000000e-01 8.981986887992111e-02 1.000000000037376e+00
1.300000000000000e-01 9.389722098291493e-02 1.000000000040919e+00
1.350000000000000e-01 9.803326190563690e-02 1.000000000044329e+00
1.400000000000000e-01 1.022305768083033e-01 1.000000000045847e+00
1.450000000000000e-01 1.064917891493625e-01 1.000000000047862e+00
1.500000000000000e-01 1.108195623252418e-01 1.000000000051165e+00
1.550000000000000e-01 1.152166013350572e-01 1.000000000053812e+00
1.600000000000000e-01 1.196856544713255e-01 1.000000000057544e+00
1.650000000000000e-01 1.242295150377370e-01 1.000000000061549e+00
1.700000000000000e-01 1.288510230950609e-01 1.000000000066274e+00
1.750000000000000e-01 1.335530672362758e-01 1.000000000071150e+00
1.800000000000000e-01 1.383385863920344e-01 1.000000000073574e+00
1.850000000000000e-01 1.432105716675912e-01 1.000000000075674e+00
1.900000000000000e-01 1.481720682123397e-01 1.000000000078531e+00
1.950000000000000e-01 1.532261771231311e-01 1.000000000082674e+00
2.000000000000000e-01 1.583760573825595e-01 1.000000000086184e+00
2.050000000000000e-01 1.636249278334301e-01 1.000000000091026e+00
2.100000000000000e-01 1.689760691906397e-01 1.000000000097091e+00
2.150000000000000e-01 1.744328260917313e-01 1.000000000105208e+00
2.200000000000000e-01 1.799986091874004e-01 1.000000000113654e+00
2.250000000000000e-01 1.856768972732633e-01 1.000000000119811e+00
2.300000000000000e-01 1.914712394642179e-01 1.000000000128318e+00
2.350000000000000e-01 1.973852574127551e-01 1.000000000138385e+00
2.400000000000000e-01 2.034226475726105e-01 1.000000000148711e+00
2.450000000000000e-01 2.095871835091678e-01 1.000000000159325e+00
2.500000000000000e-01 2.158827182580599e-01 1.000000000170473e+00
2.550000000000000e-01 2.223131867334419e-01 1.000000000179708e+00
2.600000000000000e-01 2.288826081874405e-01 1.000000000189821e+00
2.650000000000000e-01 2.355950887223172e-01 1.000000000201158e+00
2.700000000000000e-01 2.424548238569160e-01 1.000000000211129e+00
2.750000000000000e-01 2.494661011489995e-01 1.000000000221186e+00
2.800000000000000e-01 2.566333028751116e-01 1.000000000232314e+00
2.850000000000000e-01 2.639609087696434e-01 1.000000000242773e+00
2.900000000000000e-01 2.714534988248126e-01 1.000000000255464e+00
2.950000000000000e-01 2.791157561533084e-01 1.000000000268013e+00
3.000000000000000e-01 2.869524699153886e-01 1.000000000282786e+00
3.050000000000000e-01 2.949685383122613e-01 1.000000000299813e+00
3.100000000000000e-01 3.031689716476197e-01 1.000000000318132e+00
3.150000000000000e-01 3.115588954592450e-01 1.000000000340704e+00
3.200000000000000e-01 3.201435537226349e-01 1.000000000361746e+00
3.250000000000000e-01 3.289283121286580e-01 1.000000000381580e+00
3.300000000000000e-01 3.379186614372866e-01 1.000000000402396e+00
3.350000000000000e-01 3.471202209094989e-01 1.000000000424121e+00
3.400000000000000e-01 3.565387418195016e-01 1.000000000446746e+00
3.450000000000000e-01 3.661801110494620e-01 1.000000000471944e+00
3.500000000000000e-01 3.760503547690021e-01 1.000000000494207e+00
3.550000000000000e-01 3.861556422017504e-01 1.000000000516758e+00
3.600000000000000e-01 3.965022894813072e-01 1.000000000543659e+00
3.650000000000000e-01 4.070967635990345e-01 1.000000000576679e+00
3.700000000000000e-01 4.179456864461349e-01 1.000000000610244e+00
3.750000000000000e-01 4.290558389525505e-01 1.000000000642125e+00
3.800000000000000e-01 4.404341653252637e-01 1.000000000677987e+00
3.850000000000000e-01 4.520877773886537e-01 1.000000000714316e+00
3.900000000000000e-01 4.640239590296172e-01 1.000000000750472e+00
3.950000000000000e-01 4.762501707502353e-01 1.000000000789716e+00
4.000000000000000e-01 4.887740543308307e-01 1.000000000833226e+00
4.050000000000000e-01 5.016034376063282e-01 1.000000000876546e+00
4.100000000000000e-01 5.147463393589066e-01 1.000000000924115e+00
4.150000000000000e-01 5.282109743299990e-01 1.000000000972514e+00
4.200000000000000e-01 5.420057583547735e-01 1.000000001019515e+00
4.250000000000000e-01 5.561393136223041e-01 1.000000001073143e+00
4.300000000000000e-01 5.706204740647189e-01 1.000000001134826e+00
4.350000000000000e-01 5.854582908786964e-01 1.000000001199617e+00
4.400000000000000e-01 6.006620381827575e-01 1.000000001261266e+00
4.450000000000000e-01 6.162412188138907e-01 1.000000001323740e+00
4.500000000000000e-01 6.322055702671360e-01 1.000000001390803e+00
4.550000000000000e-01 6.485650707818353e-01 1.000000001462401e+00
4.600000000000000e-01 6.653299455783577e-01 1.000000001539468e+00
4.650000000000000e-01 6.825106732491932e-01 1.000000001622369e+00
4.700000000000000e-01 7.001179923084168e-01 1.000000001709094e+00
4.750000000000000e-01 7.181629079036070e-01 1.000000001799950e+00
4.800000000000000e-01 7.366566986944229e-01 1.000000001891853e+00
4.850000000000000e-01 7.556109239021327e-01 1.000000001987968e+00
4.900000000000000e-01 7.750374305345038e-01 1.000000002091471e+00
4.950000000000000e-01 7.949483607905672e-01 1.000000002201195e+00
5.000000000000000e-01 8.153561596498893e-01 1.000000002320429e+00
5.050000000000000e-01 8.362735826510871e-01 1.000000002438924e+00
5.100000000000000e-01 8.577137038644561e-01 1.000000002562949e+00
5.150000000000000e-01 8.796899240636907e-01 1.000000002694555e+00
5.200000000000000e-01 9.022159791018011e-01 1.000000002832586e+00
5.250000000000000e-01 9.253059484964714e-01 1.000000002988626e+00
5.300000000000000e-01 9.489742642302165e-01 1.000000003142301e+00
5.350000000000000e-01 9.732357197708378e-01 1.000000003297148e+00
5.400000000000000e-01 9.981054793178262e-01 1.000000003470189e+00
5.450000000000000e-01 1.023599087280478e+00 1.000000003653008e+00
5.500000000000000e-01 1.049732477993657e+00 1.000000003841718e+00
5.550000000000000e-01 1.076521985677273e+00 1.000000004036954e+00
5.600000000000001e-01 1.103984354645701e+00 1.000000004247831e+00
5.650000000000001e-01 1.132136749773522e+00 1.000000004468595e+00
5.700000000000001e-01 1.160996767224129e+00 1.000000004697859e+00
5.750000000000001e-01 1.190582445447902e+00 1.000000004945232e+00
5.800000000000000e-01 1.220912276456826e+00 1.000000005202070e+00
5.850000000000000e-01 1.252005217382601e+00 1.000000005476502e+00
5.900000000000000e-01 1.283880702325469e+00 1.000000005769325e+00
5.950000000000000e-01 1.316558654501151e+00 1.000000006077018e+00
6.000000000000000e-01 1.350059498693518e+00 1.000000006413643e+00
6.050000000000000e-01 1.384404174020732e+00 1.000000006772714e+00
6.100000000000000e-01 1.419614147022888e+00 1.000000007164480e+00
6.150000000000000e-01 1.455711425079295e+00 1.000000007603479e+00
6.200000000000000e-01 1.492718570163803e+00 1.000000008087264e+00
6.250000000000000e-01 1.530658712946775e+00 1.000000008647747e+00
6.300000000000000e-01 1.569555567252506e+00 1.000000009306935e+00
6.350000000000000e-01 1.609433444881138e+00 1.000000010091860e+00
6.400000000000000e-01 1.650317270804325e+00 1.000000011086170e+00
6.450000000000000e-01 1.692232598744148e+00 1.000000012370259e+00
6.500000000000000e-01 1.735205627145031e+00 1.000000014092447e+00
6.550000000000000e-01 1.779263215548615e+00 1.000000016542851e+00
6.600000000000000e-01 1.824432901381847e+00 1.000000020123313e+00
6.650000000000000e-01 1.870742917168772e+00 1.000000025572260e+00
6.700000000000000e-01 1.918222208176775e+00 1.000000034231522e+00
6.750000000000000e-01 1.966900450508319e+00 1.000000048324495e+00
6.800000000000000e-01 2.016808069649473e+00 1.000000071887555e+00
6.850000000000001e-01 2.067976259486829e+00 1.000000112211607e+00
6.900000000000001e-01 2.120437001804702e+00 1.000000182224287e+00
6.950000000000001e-01 2.174223086274785e+00 1.000000305369408e+00
7.000000000000001e-01 2.229368130950753e+00 1.000000523669737e+00
7.050000000000000e-01 2.285906603280654e+00 1.000000912418166e+00
7.100000000000000e-01 2.343873841650178e+00 1.000001607636771e+00
7.150000000000000e-01 2.403306077470301e+00 1.000002849820357e+00
7.200000000000000e-01 2.464240457823092e+00 1.000005059113886e+00
7.250000000000000e-01 2.526715068679855e+00 1.000008975209741e+00
7.300000000000000e-01 2.590768958706095e+00 1.000015879774985e+00
7.350000000000000e-01 2.656442163668210e+00 1.000027918167854e+00
7.400000000000000e-01 2.723775731457148e+00 1.000048618877954e+00
7.450000000000000e-01 2.792811747744667e+00 1.000083738987364e+00
7.500000000000000e-01 2.863593362288260e+00 1.000142370999951e+00
7.550000000000000e-01 2.936164815901156e+00 1.000238013758732e+00
7.600000000000000e-01 3.010571468104263e+00 1.000389370991235e+00
7.650000000000000e-01 3.086859825477351e+00 1.000620755975039e+00
7.700000000000000e-01 3.165077570727174e+00 1.000961193256215e+00
7.750000000000000e-01 3.245273592490716e+00 1.001439344976039e+00
7.800000000000000e-01 3.327498015892184e+00 1.002070478563541e+00
7.850000000000000e-01 3.411802233872832e+00 1.002835811897883e+00
7.900000000000000e-01 3.498238939313234e+00 1.003664556508642e+00
7.950000000000000e-01 3.586862157968046e+00 1.004437075020715e+00
8.000000000000000e-01 3.677727282233856e+00 1.005021167095505e+00
8.050000000000000e-01 3.770891105771243e+00 1.005330670443939e+00
8.100000000000001e-01 3.866411859002656e+00 1.005374280022130e+00
8.150000000000001e-01 3.964349245508326e+00 1.005264615491397e+00
8.200000000000001e-01 4.064764479342956e+00 1.005182651885695e+00
8.250000000000001e-01 4.167720323296481e+00 1.005317968373824e+00
8.300000000000001e-01 4.273281128122877e+00 1.005812966738834e+00
8.350000000000000e-01 4.381512872761445e+00 1.006730740120748e+00
8.400000000000000e-01 4.492483205575838e+00 1.008051246872601e+00
8.450000000000000e-01 4.606261486636447e+00 1.009686452001958e+00
8.500000000000000e-01 4.722918831072739e+00 1.011499236985204e+00
8.550000000000000e-01 4.842528153522501e+00 1.013317584762025e+00
8.600000000000000e-01 4.965164213705875e+00 1.014949481396032e+00
8.650000000000000e-01 5.090903663152626e+00 1.016211676844842e+00
8.700000000000000e-01 5.219825093111814e+00 1.016976830017329e+00
8.750000000000000e-01 5.352009083673925e+00 1.017222646345547e+00
8.800000000000000e-01 5.487538254136007e+00 1.017051626615685e+00
8.850000000000000e-01 5.626497314641444e+00 1.016658730113076e+00
8.900000000000000e-01 5.768973119126561e+00 1.016255180970198e+00
8.950000000000000e-01 5.915054719607133e+00 1.015987037747032e+00
9.000000000000000e-01 6.064833421838831e+00 1.015892135869562e+00
9.050000000000000e-01 6.218402842386253e+00 1.015913848401667e+00
9.100000000000000e-01 6.375858967136348e+00 1.015954354218674e+00
9.150000000000000e-01 6.537300211292723e+00 1.015930532997299e+00
9.200000000000000e-01 6.702827480888332e+00 1.015803562168682e+00
9.250000000000000e-01 6.872544235855034e+00 1.015577170858436e+00
9.300000000000000e-01 7.046556554689444e+00 1.015278465199563e+00
9.350000000000001e-01 7.224973200755413e+00 1.014938408760679e+00
9.400000000000001e-01 7.407905690264673e+00 1.014580920364692e+00
9.450000000000001e-01 7.595468361978146e+00 1.014220531042423e+00
9.500000000000001e-01 7.787778448671316e+00 1.013864520794911e+00
9.550000000000001e-01 7.984956150408610e+00 1.013515920813480e+00
9.600000000000000e-01 8.187124709672272e+00 1.013175726469697e+00
9.650000000000000e-01 8.394410488393007e+00 1.012844109800692e+00
9.700000000000000e-01 8.606943046930221e+00 1.012520958527938e+00
9.750000000000000e-01 8.824855225051540e+00 1.012206078161476e+00
9.800000000000000e-01 9.048283224961922e+00 1.011899259399412e+00
9.850000000000000e-01 9.277366696434507e+00 1.011600320697981e+00
9.900000000000000e-01 9.512248824096272e+00 1.011309351099599e+00
9.950000000000000e-01 9.753076416923058e+00 1.011029244454087e+00
1.000000000000000e+00 1.000000000000000e+01 1.010792457784635e+00
