0.000000000000000e+00 0.000000000000000e+00 1.000000000000000e+00
5.000000000000000e-03 3.369477419287315e-03 1.000000000589728e+00
1.000000000000000e-02 6.741060871647481e-03 1.000000002726122e+00
1.500000000000000e-02 1.011685770649257e-02 1.000000005765857e+00
2.000000000000000e-02 1.349897790673588e-02 1.000000010267180e+00
2.500000000000000e-02 1.688953540759990e-02 1.000000016442055e+00
3.000000000000000e-02 2.029064941789469e-02 1.000000023820903e+00
3.500000000000000e-02 2.370444574459234e-02 1.000000032411612e+00
4.000000000000000e-02 2.713305812152553e-02 1.000000042427786e+00
4.500000000000000e-02 3.057862954304063e-02 1.000000054127876e+00
5.000000000000000e-02 3.404331360343898e-02 1.000000067222460e+00
5.500000000000000e-02 3.752927584304335e-02 1.000000081886345e+00
6.000000000000000e-02 4.103869510173117e-02 1.000000098328193e+00
6.500000000000000e-02 4.457376488078044e-02 1.000000116273285e+00
7.000000000000001e-02 4.813669471387935e-02 1.000000135889445e+00
7.500000000000000e-02 5.172971154815675e-02 1.000000157373583e+00
8.000000000000000e-02 5.535506113609672e-02 1.000000180675591e+00
8.500000000000001e-02 5.901500943920686e-02 1.000000205925201e+00
9.000000000000000e-02 6.271184404431801e-02 1.000000233230777e+00
9.500000000000000e-02 6.644787559340060e-02 1.000000262777727e+00
1.000000000000000e-01 7.022543922779090e-02 1.000000294676312e+00
1.050000000000000e-01 7.404689604773053e-02 1.000000329030110e+00
1.100000000000000e-01 7.791463458813094e-02 1.000000365600218e+00
1.150000000000000e-01 8.183107231148547e-02 1.000000404673101e+00
1.200000000000000e-01 8.579865711886202e-02 1.000000446779388e+00
1.250000000000000e-01 8.981986887992111e-02 1.000000491992501e+00
1.300000000000000e-01 9.389722098291493e-02 1.000000540442635e+00
1.350000000000000e-01 9.803326190563690e-02 1.000000592167549e+00
1.400000000000000e-01 1.022305768083033e-01 1.000000647551987e+00
1.450000000000000e-01 1.064917891493625e-01 1.000000707029983e+00
1.500000000000000e-01 1.108195623252418e-01 1.000000770431205e+00
1.550000000000000e-01 1.152166013350572e-01 1.000000838172281e+00
1.600000000000000e-01 1.196856544713255e-01 1.000000910707291e+00
1.650000000000000e-01 1.242295150377370e-01 1.000000988143561e+00
1.700000000000000e-01 1.288510230950609e-01 1.000001071182860e+00
1.750000000000000e-01 1.335530672362758e-01 1.000001159930783e+00
1.800000000000000e-01 1.383385863920344e-01 1.000001254968133e+00
1.850000000000000e-01 1.432105716675912e-01 1.000001356798368e+00
1.900000000000000e-01 1.481720682123397e-01 1.000001465737537e+00
1.950000000000000e-01 1.532261771231311e-01 1.000001582422134e+00
2.000000000000000e-01 1.583760573825595e-01 1.000001707690328e+00
2.050000000000000e-01 1.636249278334301e-01 1.000001842417330e+00
2.100000000000000e-01 1.689760691906397e-01 1.000001987228217e+00
2.150000000000000e-01 1.744328260917313e-01 1.000002142941933e+00
2.200000000000000e-01 1.799986091874004e-01 1.000002310331575e+00
2.250000000000000e-01 1.856768972732633e-01 1.000002490266417e+00
2.300000000000000e-01 1.914712394642179e-01 1.000002683864763e+00
2.350000000000000e-01 1.973852574127551e-01 1.000002892736727e+00
2.400000000000000e-01 2.034226475726105e-01 1.000003117898866e+00
2.450000000000000e-01 2.095871835091678e-01 1.000003361056874e+00
2.500000000000000e-01 2.158827182580599e-01 1.000003624051833e+00
2.550000000000000e-01 2.223131867334419e-01 1.000003908664342e+00
2.600000000000000e-01 2.288826081874405e-01 1.000004217060234e+00
2.650000000000000e-01 2.355950887223172e-01 1.000004551563112e+00
2.700000000000000e-01 2.424548238569160e-01 1.000004914301749e+00
2.750000000000000e-01 2.494661011489995e-01 1.000005307876946e+00
2.800000000000000e-01 2.566333028751116e-01 1.000005736061027e+00
2.850000000000000e-01 2.639609087696434e-01 1.000006201803040e+00
2.900000000000000e-01 2.714534988248126e-01 1.000006709739027e+00
2.950000000000000e-01 2.791157561533084e-01 1.000007264732538e+00
3.000000000000000e-01 2.869524699153886e-01 1.000007871388406e+00
3.050000000000000e-01 2.949685383122613e-01 1.000008534389401e+00
3.100000000000000e-01 3.031689716476197e-01 1.000009260171340e+00
3.150000000000000e-01 3.115588954592450e-01 1.000010057002678e+00
3.200000000000000e-01 3.201435537226349e-01 1.000010931972954e+00
3.250000000000000e-01 3.289283121286580e-01 1.000011893944614e+00
3.300000000000000e-01 3.379186614372866e-01 1.000012952791110e+00
3.350000000000000e-01 3.471202209094989e-01 1.000014120585782e+00
3.400000000000000e-01 3.565387418195016e-01 1.000015410092496e+00
3.450000000000000e-01 3.661801110494620e-01 1.000016835724288e+00
3.500000000000000e-01 3.760503547690021e-01 1.000018414267557e+00
3.550000000000000e-01 3.861556422017504e-01 1.000020163916909e+00
3.600000000000000e-01 3.965022894813072e-01 1.000022107162990e+00
3.650000000000000e-01 4.070967635990345e-01 1.000024267736688e+00
3.700000000000000e-01 4.179456864461349e-01 1.000026674048246e+00
3.750000000000000e-01 4.290558389525505e-01 1.000029357923792e+00
3.800000000000000e-01 4.404341653252637e-01 1.000032354662754e+00
3.850000000000000e-01 4.520877773886537e-01 1.000035706257194e+00
3.900000000000000e-01 4.640239590296172e-01 1.000039460010625e+00
3.950000000000000e-01 4.762501707502353e-01 1.000043671062344e+00
4.000000000000000e-01 4.887740543308307e-01 1.000048401488076e+00
4.050000000000000e-01 5.016034376063282e-01 1.000053723610354e+00
4.100000000000000e-01 5.147463393589066e-01 1.000059719035357e+00
4.150000000000000e-01 5.282109743299990e-01 1.000066482319582e+00
4.200000000000000e-01 5.420057583547735e-01 1.000074124038040e+00
4.250000000000000e-01 5.561393136223041e-01 1.000082767909760e+00
4.300000000000000e-01 5.706204740647189e-01 1.000092560609408e+00
4.350000000000000e-01 5.854582908786964e-01 1.000103668742400e+00
4.400000000000000e-01 6.006620381827575e-01 1.000116283727399e+00
4.450000000000000e-01 6.162412188138907e-01 1.000130629527857e+00
4.500000000000000e-01 6.322055702671360e-01 1.000146960307012e+00
4.550000000000000e-01 6.485650707818353e-01 1.000165573644199e+00
4.600000000000000e-01 6.653299455783577e-01 1.000186809562618e+00
4.650000000000000e-01 6.825106732491932e-01 1.000211059467081e+00
4.700000000000000e-01 7.001179923084168e-01 1.000238778740430e+00
4.750000000000000e-01 7.181629079036070e-01 1.000270484115267e+00
4.800000000000000e-01 7.366566986944229e-01 1.000306775354339e+00
4.850000000000000e-01 7.556109239021327e-01 1.000348338726548e+00
4.900000000000000e-01 7.750374305345038e-01 1.000395954701343e+00
4.950000000000000e-01 7.949483607905672e-01 1.000450523651962e+00
5.000000000000000e-01 8.153561596498893e-01 1.000513060911231e+00
5.050000000000000e-01 8.362735826510871e-01 1.000584719746515e+00
5.100000000000000e-01 8.577137038644561e-01 1.000666808507008e+00
5.150000000000000e-01 8.796899240636907e-01 1.000760781767925e+00
5.200000000000000e-01 9.022159791018011e-01 1.000868271756874e+00
5.250000000000000e-01 9.253059484964714e-01 1.000991084006969e+00
5.300000000000000e-01 9.489742642302165e-01 1.001131181839761e+00
5.350000000000000e-01 9.732357197708378e-01 1.001290707232116e+00
5.400000000000000e-01 9.981054793178262e-01 1.001471936915062e+00
5.450000000000000e-01 1.023599087280478e+00 1.001677240095912e+00
5.500000000000000e-01 1.049732477993657e+00 1.001909056728212e+00
5.550000000000000e-01 1.076521985677273e+00 1.002169781601293e+00
5.600000000000001e-01 1.103984354645701e+00 1.002461652458936e+00
5.650000000000001e-01 1.132136749773522e+00 1.002786640781778e+00
5.700000000000001e-01 1.160996767224129e+00 1.003146218541485e+00
5.750000000000001e-01 1.190582445447902e+00 1.003541122032595e+00
5.800000000000000e-01 1.220912276456826e+00 1.003971120365304e+00
5.850000000000000e-01 1.252005217382601e+00 1.004434648806598e+00
5.900000000000000e-01 1.283880702325469e+00 1.004928445181050e+00
5.950000000000000e-01 1.316558654501151e+00 1.005447259195601e+00
6.000000000000000e-01 1.350059498693518e+00 1.005983502533560e+00
6.050000000000000e-01 1.384404174020732e+00 1.006526979497987e+00
6.100000000000000e-01 1.419614147022888e+00 1.007064888346025e+00
6.150000000000000e-01 1.455711425079295e+00 1.007582022003343e+00
6.200000000000000e-01 1.492718570163803e+00 1.008061251871768e+00
6.250000000000000e-01 1.530658712946775e+00 1.008484549418462e+00
6.300000000000000e-01 1.569555567252506e+00 1.008834523140946e+00
6.350000000000000e-01 1.609433444881138e+00 1.009096320944010e+00
6.400000000000000e-01 1.650317270804325e+00 1.009259868199333e+00
6.450000000000000e-01 1.692232598744148e+00 1.009322235766033e+00
6.500000000000000e-01 1.735205627145031e+00 1.009289645693080e+00
6.550000000000000e-01 1.779263215548615e+00 1.009178675629006e+00
6.600000000000000e-01 1.824432901381847e+00 1.009016387948122e+00
6.650000000000000e-01 1.870742917168772e+00 1.008839168408546e+00
6.700000000000000e-01 1.918222208176775e+00 1.008690241398393e+00
6.750000000000000e-01 1.966900450508319e+00 1.008616167717395e+00
6.800000000000000e-01 2.016808069649473e+00 1.008662835708994e+00
6.850000000000001e-01 2.067976259486829e+00 1.008871455638711e+00
6.900000000000001e-01 2.120437001804702e+00 1.009275025890327e+00
6.950000000000001e-01 2.174223086274785e+00 1.009895677839198e+00
7.000000000000001e-01 2.229368130950753e+00 1.010743126642522e+00
7.050000000000000e-01 2.285906603280654e+00 1.011814199544586e+00
7.100000000000000e-01 2.343873841650178e+00 1.013093237987028e+00
7.150000000000000e-01 2.403306077470301e+00 1.014553130015258e+00
7.200000000000000e-01 2.464240457823092e+00 1.016156758276883e+00
7.250000000000000e-01 2.526715068679855e+00 1.017858687792275e+00
7.300000000000000e-01 2.590768958706095e+00 1.019606962404259e+00
7.350000000000000e-01 2.656442163668210e+00 1.021344946984885e+00
7.400000000000000e-01 2.723775731457148e+00 1.023013249035695e+00
7.450000000000000e-01 2.792811747744667e+00 1.024551854317384e+00
7.500000000000000e-01 2.863593362288260e+00 1.025902699902228e+00
7.550000000000000e-01 2.936164815901156e+00 1.027012963561242e+00
7.600000000000000e-01 3.010571468104263e+00 1.027839310764488e+00
7.650000000000000e-01 3.086859825477351e+00 1.028353106156301e+00
7.700000000000000e-01 3.165077570727174e+00 1.028546076816848e+00
7.750000000000000e-01 3.245273592490716e+00 1.028435176773427e+00
7.800000000000000e-01 3.327498015892184e+00 1.028064767478669e+00
7.850000000000000e-01 3.411802233872832e+00 1.027504192045592e+00
7.900000000000000e-01 3.498238939313234e+00 1.026839742872082e+00
7.950000000000000e-01 3.586862157968046e+00 1.026161778886662e+00
8.000000000000000e-01 3.677727282233856e+00 1.025549654170524e+00
8.050000000000000e-01 3.770891105771243e+00 1.025058270860221e+00
8.100000000000001e-01 3.866411859002656e+00 1.024709884159782e+00
8.150000000000001e-01 3.964349245508326e+00 1.024493320322654e+00
8.200000000000001e-01 4.064764479342956e+00 1.024370603399121e+00
8.250000000000001e-01 4.167720323296481e+00 1.024288887761844e+00
8.300000000000001e-01 4.273281128122877e+00 1.024194211952741e+00
8.350000000000000e-01 4.381512872761445e+00 1.024043324647018e+00
8.400000000000000e-01 4.492483205575838e+00 1.023810755594992e+00
8.450000000000000e-01 4.606261486636447e+00 1.023490083368325e+00
8.500000000000000e-01 4.722918831072739e+00 1.023090301053509e+00
8.550000000000000e-01 4.842528153522501e+00 1.022629526560184e+00
8.600000000000000e-01 4.965164213705875e+00 1.022128580758784e+00
8.650000000000000e-01 5.090903663152626e+00 1.021606251137164e+00
8.700000000000000e-01 5.219825093111814e+00 1.021076903248053e+00
8.750000000000000e-01 5.352009083673925e+00 1.020550107512744e+00
8.800000000000000e-01 5.487538254136007e+00 1.020031463819863e+00
8.850000000000000e-01 5.626497314641444e+00 1.019523821723914e+00
8.900000000000000e-01 5.768973119126561e+00 1.019028380712669e+00
8.950000000000000e-01 5.915054719607133e+00 1.018545469310713e+00
9.000000000000000e-01 6.064833421838831e+00 1.018075009514753e+00
9.050000000000000e-01 6.218402842386253e+00 1.017616756821839e+00
9.100000000000000e-01 6.375858967136348e+00 1.017170409386543e+00
9.150000000000000e-01 6.537300211292723e+00 1.016735652020918e+00
9.200000000000000e-01 6.702827480888332e+00 1.016312171913903e+00
9.250000000000000e-01 6.872544235855034e+00 1.015899663524367e+00
9.300000000000000e-01 7.046556554689444e+00 1.015497829794950e+00
9.350000000000001e-01 7.224973200755413e+00 1.015106382254535e+00
9.400000000000001e-01 7.407905690264673e+00 1.014725040825805e+00
9.450000000000001e-01 7.595468361978146e+00 1.014353533568748e+00
9.500000000000001e-01 7.787778448671316e+00 1.013991596418224e+00
9.550000000000001e-01 7.984956150408610e+00 1.013638972928410e+00
9.600000000000000e-01 8.187124709672272e+00 1.013295414026395e+00
9.650000000000000e-01 8.394410488393007e+00 1.012960677774972e+00
9.700000000000000e-01 8.606943046930221e+00 1.012634529144300e+00
9.750000000000000e-01 8.824855225051540e+00 1.012316739792061e+00
9.800000000000000e-01 9.048283224961922e+00 1.012007087851738e+00
9.850000000000000e-01 9.277366696434507e+00 1.011705357728650e+00
9.900000000000000e-01 9.512248824096272e+00 1.011411339903423e+00
9.950000000000000e-01 9.753076416923058e+00 1.011124830742572e+00
1.000000000000000e+00 1.000000000000000e+01 1.010845632315887e+00
