0.000000000000000e+00 0.000000000000000e+00 1.000000000000000e+00
5.000000000000000e-03 3.369477419287315e-03 1.000000000010513e+00
1.000000000000000e-02 6.741060871647481e-03 1.000000000018316e+00
1.500000000000000e-02 1.011685770649257e-02 1.000000000012648e+00
2.000000000000000e-02 1.349897790673588e-02 1.000000000012585e+00
2.500000000000000e-02 1.688953540759990e-02 1.000000000013735e+00
3.000000000000000e-02 2.029064941789469e-02 1.000000000013864e+00
3.500000000000000e-02 2.370444574459234e-02 1.000000000012458e+00
4.000000000000000e-02 2.713305812152553e-02 1.000000000011374e+00
4.500000000000000e-02 3.057862954304063e-02 1.000000000011450e+00
5.000000000000000e-02 3.404331360343898e-02 1.000000000012669e+00
5.500000000000000e-02 3.752927584304335e-02 1.000000000013861e+00
6.000000000000000e-02 4.103869510173117e-02 1.000000000015273e+00
6.500000000000000e-02 4.457376488078044e-02 1.000000000014809e+00
7.000000000000001e-02 4.813669471387935e-02 1.000000000015453e+00
7.500000000000000e-02 5.172971154815675e-02 1.000000000017455e+00
8.000000000000000e-02 5.535506113609672e-02 1.000000000018364e+00
8.500000000000001e-02 5.901500943920686e-02 1.000000000019807e+00
9.000000000000000e-02 6.271184404431801e-02 1.000000000022202e+00
9.500000000000000e-02 6.644787559340060e-02 1.000000000023164e+00
1.000000000000000e-01 7.022543922779090e-02 1.000000000022856e+00
1.050000000000000e-01 7.404689604773053e-02 1.000000000022564e+00
1.100000000000000e-01 7.791463458813094e-02 1.000000000022514e+00
1.150000000000000e-01 8.183107231148547e-02 1.000000000022675e+00
1.200000000000000e-01 8.579865711886202e-02 1.000000000023523e+00
1.250000000000000e-01 8.981986887992111e-02 1.000000000024328e+00
1.300000000000000e-01 9.389722098291493e-02 1.000000000025169e+00
1.350000000000000e-01 9.803326190563690e-02 1.000000000026943e+00
1.400000000000000e-01 1.022305768083033e-01 1.000000000028273e+00
1.450000000000000e-01 1.064917891493625e-01 1.000000000030237e+00
1.500000000000000e-01 1.108195623252418e-01 1.000000000033691e+00
1.550000000000000e-01 1.152166013350572e-01 1.000000000037722e+00
1.600000000000000e-01 1.196856544713255e-01 1.000000000040981e+00
1.650000000000000e-01 1.242295150377370e-01 1.000000000042439e+00
1.700000000000000e-01 1.288510230950609e-01 1.000000000044955e+00
1.750000000000000e-01 1.335530672362758e-01 1.000000000046771e+00
1.800000000000000e-01 1.383385863920344e-01 1.000000000049782e+00
1.850000000000000e-01 1.432105716675912e-01 1.000000000052531e+00
1.900000000000000e-01 1.481720682123397e-01 1.000000000055403e+00
1.950000000000000e-01 1.532261771231311e-01 1.000000000060835e+00
2.000000000000000e-01 1.583760573825595e-01 1.000000000065959e+00
2.050000000000000e-01 1.636249278334301e-01 1.000000000070182e+00
2.100000000000000e-01 1.689760691906397e-01 1.000000000075834e+00
2.150000000000000e-01 1.744328260917313e-01 1.000000000082827e+00
2.200000000000000e-01 1.799986091874004e-01 1.000000000089332e+00
2.250000000000000e-01 1.856768972732633e-01 1.000000000094650e+00
2.300000000000000e-01 1.914712394642179e-01 1.000000000098454e+00
2.350000000000000e-01 1.973852574127551e-01 1.000000000102979e+00
2.400000000000000e-01 2.034226475726105e-01 1.000000000108297e+00
2.450000000000000e-01 2.095871835091678e-01 1.000000000112793e+00
2.500000000000000e-01 2.158827182580599e-01 1.000000000117892e+00
2.550000000000000e-01 2.223131867334419e-01 1.000000000124161e+00
2.600000000000000e-01 2.288826081874405e-01 1.000000000132294e+00
2.650000000000000e-01 2.355950887223172e-01 1.000000000140702e+00
2.700000000000000e-01 2.424548238569160e-01 1.000000000148303e+00
2.750000000000000e-01 2.494661011489995e-01 1.000000000157729e+00
2.800000000000000e-01 2.566333028751116e-01 1.000000000165593e+00
2.850000000000000e-01 2.639609087696434e-01 1.000000000174522e+00
2.900000000000000e-01 2.714534988248126e-01 1.000000000185173e+00
2.950000000000000e-01 2.791157561533084e-01 1.000000000196865e+00
3.000000000000000e-01 2.869524699153886e-01 1.000000000209337e+00
3.050000000000000e-01 2.949685383122613e-01 1.000000000221839e+00
3.100000000000000e-01 3.031689716476197e-01 1.000000000234800e+00
3.150000000000000e-01 3.115588954592450e-01 1.000000000247527e+00
3.200000000000000e-01 3.201435537226349e-01 1.000000000260034e+00
3.250000000000000e-01 3.289283121286580e-01 1.000000000274405e+00
3.300000000000000e-01 3.379186614372866e-01 1.000000000288752e+00
3.350000000000000e-01 3.471202209094989e-01 1.000000000304285e+00
3.400000000000000e-01 3.565387418195016e-01 1.000000000321209e+00
3.450000000000000e-01 3.661801110494620e-01 1.000000000337849e+00
3.500000000000000e-01 3.760503547690021e-01 1.000000000357216e+00
3.550000000000000e-01 3.861556422017504e-01 1.000000000374971e+00
3.600000000000000e-01 3.965022894813072e-01 1.000000000395292e+00
3.650000000000000e-01 4.070967635990345e-01 1.000000000417661e+00
3.700000000000000e-01 4.179456864461349e-01 1.000000000439694e+00
3.750000000000000e-01 4.290558389525505e-01 1.000000000460511e+00
3.800000000000000e-01 4.404341653252637e-01 1.000000000484365e+00
3.850000000000000e-01 4.520877773886537e-01 1.000000000512969e+00
3.900000000000000e-01 4.640239590296172e-01 1.000000000542968e+00
3.950000000000000e-01 4.762501707502353e-01 1.000000000572383e+00
4.000000000000000e-01 4.887740543308307e-01 1.000000000602751e+00
4.050000000000000e-01 5.016034376063282e-01 1.000000000636308e+00
4.100000000000000e-01 5.147463393589066e-01 1.000000000666825e+00
4.150000000000000e-01 5.282109743299990e-01 1.000000000699962e+00
4.200000000000000e-01 5.420057583547735e-01 1.000000000735984e+00
4.250000000000000e-01 5.561393136223041e-01 1.000000000775795e+00
4.300000000000000e-01 5.706204740647189e-01 1.000000000819175e+00
4.350000000000000e-01 5.854582908786964e-01 1.000000000867920e+00
4.400000000000000e-01 6.006620381827575e-01 1.000000000916590e+00
4.450000000000000e-01 6.162412188138907e-01 1.000000000959705e+00
4.500000000000000e-01 6.322055702671360e-01 1.000000001007228e+00
4.550000000000000e-01 6.485650707818353e-01 1.000000001059122e+00
4.600000000000000e-01 6.653299455783577e-01 1.000000001117201e+00
4.650000000000000e-01 6.825106732491932e-01 1.000000001176049e+00
4.700000000000000e-01 7.001179923084168e-01 1.000000001239104e+00
4.750000000000000e-01 7.181629079036070e-01 1.000000001307898e+00
4.800000000000000e-01 7.366566986944229e-01 1.000000001377162e+00
4.850000000000000e-01 7.556109239021327e-01 1.000000001449872e+00
4.900000000000000e-01 7.750374305345038e-01 1.000000001523215e+00
4.950000000000000e-01 7.949483607905672e-01 1.000000001603031e+00
5.000000000000000e-01 8.153561596498893e-01 1.000000001689025e+00
5.050000000000000e-01 8.362735826510871e-01 1.000000001780619e+00
5.100000000000000e-01 8.577137038644561e-01 1.000000001877003e+00
5.150000000000000e-01 8.796899240636907e-01 1.000000001974372e+00
5.200000000000000e-01 9.022159791018011e-01 1.000000002076428e+00
5.250000000000000e-01 9.253059484964714e-01 1.000000002186507e+00
5.300000000000000e-01 9.489742642302165e-01 1.000000002305035e+00
5.350000000000000e-01 9.732357197708378e-01 1.000000002430144e+00
5.400000000000000e-01 9.981054793178262e-01 1.000000002560246e+00
5.450000000000000e-01 1.023599087280478e+00 1.000000002689037e+00
5.500000000000000e-01 1.049732477993657e+00 1.000000002831626e+00
5.550000000000000e-01 1.076521985677273e+00 1.000000002990830e+00
5.600000000000001e-01 1.103984354645701e+00 1.000000003146482e+00
5.650000000000001e-01 1.132136749773522e+00 1.000000003312057e+00
5.700000000000001e-01 1.160996767224129e+00 1.000000003490165e+00
5.750000000000001e-01 1.190582445447902e+00 1.000000003676203e+00
5.800000000000000e-01 1.220912276456826e+00 1.000000003873317e+00
5.850000000000000e-01 1.252005217382601e+00 1.000000004077546e+00
5.900000000000000e-01 1.283880702325469e+00 1.000000004297160e+00
5.950000000000000e-01 1.316558654501151e+00 1.000000004526221e+00
6.000000000000000e-01 1.350059498693518e+00 1.000000004765878e+00
6.050000000000000e-01 1.384404174020732e+00 1.000000005023405e+00
6.100000000000000e-01 1.419614147022888e+00 1.000000005289124e+00
6.150000000000000e-01 1.455711425079295e+00 1.000000005572725e+00
6.200000000000000e-01 1.492718570163803e+00 1.000000005872633e+00
6.250000000000000e-01 1.530658712946775e+00 1.000000006184003e+00
6.300000000000000e-01 1.569555567252506e+00 1.000000006519437e+00
6.350000000000000e-01 1.609433444881138e+00 1.000000006870528e+00
6.400000000000000e-01 1.650317270804325e+00 1.000000007241797e+00
6.450000000000000e-01 1.692232598744148e+00 1.000000007643360e+00
6.500000000000000e-01 1.735205627145031e+00 1.000000008067753e+00
6.550000000000000e-01 1.779263215548615e+00 1.000000008529183e+00
6.600000000000000e-01 1.824432901381847e+00 1.000000009037012e+00
6.650000000000000e-01 1.870742917168772e+00 1.000000009597460e+00
6.700000000000000e-01 1.918222208176775e+00 1.000000010241161e+00
6.750000000000000e-01 1.966900450508319e+00 1.000000010995362e+00
6.800000000000000e-01 2.016808069649473e+00 1.000000011918857e+00
6.850000000000001e-01 2.067976259486829e+00 1.000000013111915e+00
6.900000000000001e-01 2.120437001804702e+00 1.000000014713110e+00
6.950000000000001e-01 2.174223086274785e+00 1.000000017042658e+00
7.000000000000001e-01 2.229368130950753e+00 1.000000020650158e+00
7.050000000000000e-01 2.285906603280654e+00 1.000000026438856e+00
7.100000000000000e-01 2.343873841650178e+00 1.000000036446483e+00
7.150000000000000e-01 2.403306077470301e+00 1.000000054699517e+00
7.200000000000000e-01 2.464240457823092e+00 1.000000088349269e+00
7.250000000000000e-01 2.526715068679855e+00 1.000000152365714e+00
7.300000000000000e-01 2.590768958706095e+00 1.000000278673032e+00
7.350000000000000e-01 2.656442163668210e+00 1.000000528097530e+00
7.400000000000000e-01 2.723775731457148e+00 1.000001017253862e+00
7.450000000000000e-01 2.792811747744667e+00 1.000001986213886e+00
7.500000000000000e-01 2.863593362288260e+00 1.000003915287859e+00
7.550000000000000e-01 2.936164815901156e+00 1.000007697477882e+00
7.600000000000000e-01 3.010571468104263e+00 1.000014969960384e+00
7.650000000000000e-01 3.086859825477351e+00 1.000028815397396e+00
7.700000000000000e-01 3.165077570727174e+00 1.000054915789918e+00
7.750000000000000e-01 3.245273592490716e+00 1.000102949399418e+00
7.800000000000000e-01 3.327498015892184e+00 1.000188124219014e+00
7.850000000000000e-01 3.411802233872832e+00 1.000333322701589e+00
7.900000000000000e-01 3.498238939313234e+00 1.000571697912620e+00
7.950000000000000e-01 3.586862157968046e+00 1.000945911068148e+00
8.000000000000000e-01 3.677727282233856e+00 1.001495790062359e+00
8.050000000000000e-01 3.770891105771243e+00 1.002228862788112e+00
8.100000000000001e-01 3.866411859002656e+00 1.003084993638239e+00
8.150000000000001e-01 3.964349245508326e+00 1.003927049689300e+00
8.200000000000001e-01 4.064764479342956e+00 1.004584862602076e+00
8.250000000000001e-01 4.167720323296481e+00 1.004939246017744e+00
8.300000000000001e-01 4.273281128122877e+00 1.004993676555308e+00
8.350000000000000e-01 4.381512872761445e+00 1.004886228251599e+00
8.400000000000000e-01 4.492483205575838e+00 1.004836416254986e+00
8.450000000000000e-01 4.606261486636447e+00 1.005060817845591e+00
8.500000000000000e-01 4.722918831072739e+00 1.005702450133434e+00
8.550000000000000e-01 4.842528153522501e+00 1.006801225835484e+00
8.600000000000000e-01 4.965164213705875e+00 1.008301554316464e+00
8.650000000000000e-01 5.090903663152626e+00 1.010073101101646e+00
8.700000000000000e-01 5.219825093111814e+00 1.011927481583889e+00
8.750000000000000e-01 5.352009083673925e+00 1.013636815534256e+00
8.800000000000000e-01 5.487538254136007e+00 1.014973490957704e+00
8.850000000000000e-01 5.626497314641444e+00 1.015776991557466e+00
8.900000000000000e-01 5.768973119126561e+00 1.016021331455444e+00
8.950000000000000e-01 5.915054719607133e+00 1.015836247488936e+00
9.000000000000000e-01 6.064833421838831e+00 1.015453973836567e+00
9.050000000000000e-01 6.218402842386253e+00 1.015103669259856e+00
9.100000000000000e-01 6.375858967136348e+00 1.014915677372646e+00
9.150000000000000e-01 6.537300211292723e+00 1.014890844198771e+00
9.200000000000000e-01 6.702827480888332e+00 1.014941682546830e+00
9.250000000000000e-01 6.872544235855034e+00 1.014964881235893e+00
9.300000000000000e-01 7.046556554689444e+00 1.014895503356460e+00
9.350000000000001e-01 7.224973200755413e+00 1.014720490887642e+00
9.400000000000001e-01 7.407905690264673e+00 1.014461779633722e+00
9.450000000000001e-01 7.595468361978146e+00 1.014152075373576e+00
9.500000000000001e-01 7.787778448671316e+00 1.013818900074407e+00
9.550000000000001e-01 7.984956150408610e+00 1.013479644803323e+00
9.600000000000000e-01 8.187124709672272e+00 1.013143198244668e+00
9.650000000000000e-01 8.394410488393007e+00 1.012813315074812e+00
9.700000000000000e-01 8.606943046930221e+00 1.012491274499017e+00
9.750000000000000e-01 8.824855225051540e+00 1.012177404455090e+00
9.800000000000000e-01 9.048283224961922e+00 1.011872130489013e+00
9.850000000000000e-01 9.277366696434507e+00 1.011580058833232e+00
9.900000000000000e-01 9.512248824096272e+00 1.011347486036892e+00
9.950000000000000e-01 9.753076416923058e+00 1.011660294716338e+00
1.000000000000000e+00 1.000000000000000e+01 1.017666180372450e+00
