0.000000000000000e+00 0.000000000000000e+00 1.000000000000000e+00
5.000000000000000e-03 3.369477419287315e-03 1.000000001749918e+00
1.000000000000000e-02 6.741060871647481e-03 1.000000008851293e+00
1.500000000000000e-02 1.011685770649257e-02 1.000000020656589e+00
2.000000000000000e-02 1.349897790673588e-02 1.000000037107986e+00
2.500000000000000e-02 1.688953540759990e-02 1.000000058144353e+00
3.000000000000000e-02 2.029064941789469e-02 1.000000083930812e+00
3.500000000000000e-02 2.370444574459234e-02 1.000000114844495e+00
4.000000000000000e-02 2.713305812152553e-02 1.000000150749837e+00
4.500000000000000e-02 3.057862954304063e-02 1.000000192242940e+00
5.000000000000000e-02 3.404331360343898e-02 1.000000238983838e+00
5.500000000000000e-02 3.752927584304335e-02 1.000000290865068e+00
6.000000000000000e-02 4.103869510173117e-02 1.000000348462479e+00
6.500000000000000e-02 4.457376488078044e-02 1.000000411992786e+00
7.000000000000001e-02 4.813669471387935e-02 1.000000481539089e+00
7.500000000000000e-02 5.172971154815675e-02 1.000000557147350e+00
8.000000000000000e-02 5.535506113609672e-02 1.000000639376961e+00
8.500000000000001e-02 5.901500943920686e-02 1.000000728745783e+00
9.000000000000000e-02 6.271184404431801e-02 1.000000825116429e+00
9.500000000000000e-02 6.644787559340060e-02 1.000000929007069e+00
1.000000000000000e-01 7.022543922779090e-02 1.000001040711731e+00
1.050000000000000e-01 7.404689604773053e-02 1.000001160833554e+00
1.100000000000000e-01 7.791463458813094e-02 1.000001289445928e+00
1.150000000000000e-01 8.183107231148547e-02 1.000001426748409e+00
1.200000000000000e-01 8.579865711886202e-02 1.000001574154172e+00
1.250000000000000e-01 8.981986887992111e-02 1.000001732156109e+00
1.300000000000000e-01 9.389722098291493e-02 1.000001901065508e+00
1.350000000000000e-01 9.803326190563690e-02 1.000002081748423e+00
1.400000000000000e-01 1.022305768083033e-01 1.000002274571782e+00
1.450000000000000e-01 1.064917891493625e-01 1.000002480299198e+00
1.500000000000000e-01 1.108195623252418e-01 1.000002699713692e+00
1.550000000000000e-01 1.152166013350572e-01 1.000002934016461e+00
1.600000000000000e-01 1.196856544713255e-01 1.000003184670276e+00
1.650000000000000e-01 1.242295150377370e-01 1.000003451706124e+00
1.700000000000000e-01 1.288510230950609e-01 1.000003736762581e+00
1.750000000000000e-01 1.335530672362758e-01 1.000004041308086e+00
1.800000000000000e-01 1.383385863920344e-01 1.000004366495131e+00
1.850000000000000e-01 1.432105716675912e-01 1.000004713746209e+00
1.900000000000000e-01 1.481720682123397e-01 1.000005084913243e+00
1.950000000000000e-01 1.532261771231311e-01 1.000005482246170e+00
2.000000000000000e-01 1.583760573825595e-01 1.000005907482010e+00
2.050000000000000e-01 1.636249278334301e-01 1.000006362696404e+00
2.100000000000000e-01 1.689760691906397e-01 1.000006850246563e+00
2.150000000000000e-01 1.744328260917313e-01 1.000007372436078e+00
2.200000000000000e-01 1.799986091874004e-01 1.000007931659332e+00
2.250000000000000e-01 1.856768972732633e-01 1.000008531565640e+00
2.300000000000000e-01 1.914712394642179e-01 1.000009175308131e+00
2.350000000000000e-01 1.973852574127551e-01 1.000009867014012e+00
2.400000000000000e-01 2.034226475726105e-01 1.000010610693583e+00
2.450000000000000e-01 2.095871835091678e-01 1.000011410753892e+00
2.500000000000000e-01 2.158827182580599e-01 1.000012272498658e+00
2.550000000000000e-01 2.223131867334419e-01 1.000013201411034e+00
2.600000000000000e-01 2.288826081874405e-01 1.000014202709204e+00
2.650000000000000e-01 2.355950887223172e-01 1.000015282702425e+00
2.700000000000000e-01 2.424548238569160e-01 1.000016449638348e+00
2.750000000000000e-01 2.494661011489995e-01 1.000017710601252e+00
2.800000000000000e-01 2.566333028751116e-01 1.000019075857945e+00
2.850000000000000e-01 2.639609087696434e-01 1.000020556090274e+00
2.900000000000000e-01 2.714534988248126e-01 1.000022161860765e+00
2.950000000000000e-01 2.791157561533084e-01 1.000023904023005e+00
3.000000000000000e-01 2.869524699153886e-01 1.000025796644964e+00
3.050000000000000e-01 2.949685383122613e-01 1.000027856966589e+00
3.100000000000000e-01 3.031689716476197e-01 1.000030100604490e+00
3.150000000000000e-01 3.115588954592450e-01 1.000032546551931e+00
3.200000000000000e-01 3.201435537226349e-01 1.000035215701074e+00
3.250000000000000e-01 3.289283121286580e-01 1.000038132928264e+00
3.300000000000000e-01 3.379186614372866e-01 1.000041324626369e+00
3.350000000000000e-01 3.471202209094989e-01 1.000044820306782e+00
3.400000000000000e-01 3.565387418195016e-01 1.000048653715160e+00
3.450000000000000e-01 3.661801110494620e-01 1.000052861356587e+00
3.500000000000000e-01 3.760503547690021e-01 1.000057487128244e+00
3.550000000000000e-01 3.861556422017504e-01 1.000062577468299e+00
3.600000000000000e-01 3.965022894813072e-01 1.000068186836888e+00
3.650000000000000e-01 4.070967635990345e-01 1.000074375632551e+00
3.700000000000000e-01 4.179456864461349e-01 1.000081210184813e+00
3.750000000000000e-01 4.290558389525505e-01 1.000088767955460e+00
3.800000000000000e-01 4.404341653252637e-01 1.000097135292569e+00
3.850000000000000e-01 4.520877773886537e-01 1.000106411082587e+00
3.900000000000000e-01 4.640239590296172e-01 1.000116705609953e+00
3.950000000000000e-01 4.762501707502353e-01 1.000128144955708e+00
4.000000000000000e-01 4.887740543308307e-01 1.000140869438524e+00
4.050000000000000e-01 5.016034376063282e-01 1.000155039420292e+00
4.100000000000000e-01 5.147463393589066e-01 1.000170839005069e+00
4.150000000000000e-01 5.282109743299990e-01 1.000188471239752e+00
4.200000000000000e-01 5.420057583547735e-01 1.000208172262172e+00
4.250000000000000e-01 5.561393136223041e-01 1.000230206156140e+00
4.300000000000000e-01 5.706204740647189e-01 1.000254870886289e+00
4.350000000000000e-01 5.854582908786964e-01 1.000282508363153e+00
4.400000000000000e-01 6.006620381827575e-01 1.000313499733031e+00
4.450000000000000e-01 6.162412188138907e-01 1.000348282084172e+00
4.500000000000000e-01 6.322055702671360e-01 1.000387345017677e+00
4.550000000000000e-01 6.485650707818353e-01 1.000431240220051e+00
4.600000000000000e-01 6.653299455783577e-01 1.000480595547543e+00
4.650000000000000e-01 6.825106732491932e-01 1.000536107328837e+00
4.700000000000000e-01 7.001179923084168e-01 1.000598564604702e+00
4.750000000000000e-01 7.181629079036070e-01 1.000668848050211e+00
4.800000000000000e-01 7.366566986944229e-01 1.000747932663847e+00
4.850000000000000e-01 7.556109239021327e-01 1.000836913152871e+00
4.900000000000000e-01 7.750374305345038e-01 1.000936987376701e+00
4.950000000000000e-01 7.949483607905672e-01 1.001049473531940e+00
5.000000000000000e-01 8.153561596498893e-01 1.001175818602946e+00
5.050000000000000e-01 8.362735826510871e-01 1.001317570615211e+00
5.100000000000000e-01 8.577137038644561e-01 1.001476399284341e+00
5.150000000000000e-01 8.796899240636907e-01 1.001654070617736e+00
5.200000000000000e-01 9.022159791018011e-01 1.001852404120561e+00
5.250000000000000e-01 9.253059484964714e-01 1.002073273585451e+00
5.300000000000000e-01 9.489742642302165e-01 1.002318529278432e+00
5.350000000000000e-01 9.732357197708378e-01 1.002589920521901e+00
5.400000000000000e-01 9.981054793178262e-01 1.002889046382754e+00
5.450000000000000e-01 1.023599087280478e+00 1.003217201149825e+00
5.500000000000000e-01 1.049732477993657e+00 1.003575230570961e+00
5.550000000000000e-01 1.076521985677273e+00 1.003963406186653e+00
5.600000000000001e-01 1.103984354645701e+00 1.004381178270203e+00
5.650000000000001e-01 1.132136749773522e+00 1.004826948481427e+00
5.700000000000001e-01 1.160996767224129e+00 1.005297883625619e+00
5.750000000000001e-01 1.190582445447902e+00 1.005789625232081e+00
5.800000000000000e-01 1.220912276456826e+00 1.006296050166463e+00
5.850000000000000e-01 1.252005217382601e+00 1.006809168212592e+00
5.900000000000000e-01 1.283880702325469e+00 1.007319020723926e+00
5.950000000000000e-01 1.316558654501151e+00 1.007813717343107e+00
6.000000000000000e-01 1.350059498693518e+00 1.008279791479036e+00
6.050000000000000e-01 1.384404174020732e+00 1.008702773094628e+00
6.100000000000000e-01 1.419614147022888e+00 1.009068007120942e+00
6.150000000000000e-01 1.455711425079295e+00 1.009361892627824e+00
6.200000000000000e-01 1.492718570163803e+00 1.009573436786316e+00
6.250000000000000e-01 1.530658712946775e+00 1.009695900791652e+00
6.300000000000000e-01 1.569555567252506e+00 1.009728453185216e+00
6.350000000000000e-01 1.609433444881138e+00 1.009677636110180e+00
6.400000000000000e-01 1.650317270804325e+00 1.009558269767063e+00
6.450000000000000e-01 1.692232598744148e+00 1.009393543799949e+00
6.500000000000000e-01 1.735205627145031e+00 1.009214224176235e+00
6.550000000000000e-01 1.779263215548615e+00 1.009056950090420e+00
6.600000000000000e-01 1.824432901381847e+00 1.008961720131714e+00
6.650000000000000e-01 1.870742917168772e+00 1.008968885048480e+00
6.700000000000000e-01 1.918222208176775e+00 1.009116039220011e+00
6.750000000000000e-01 1.966900450508319e+00 1.009435127081283e+00
6.800000000000000e-01 2.016808069649473e+00 1.009950028801190e+00
6.850000000000001e-01 2.067976259486829e+00 1.010674859877062e+00
6.900000000000001e-01 2.120437001804702e+00 1.011613099093679e+00
6.950000000000001e-01 2.174223086274785e+00 1.012757476694534e+00
7.000000000000001e-01 2.229368130950753e+00 1.014090445267183e+00
7.050000000000000e-01 2.285906603280654e+00 1.015585057924521e+00
7.100000000000000e-01 2.343873841650178e+00 1.017206121604390e+00
7.150000000000000e-01 2.403306077470301e+00 1.018911525118425e+00
7.200000000000000e-01 2.464240457823092e+00 1.020653664709589e+00
7.250000000000000e-01 2.526715068679855e+00 1.022380929533517e+00
7.300000000000000e-01 2.590768958706095e+00 1.024039277747494e+00
7.350000000000000e-01 2.656442163668210e+00 1.025574009376347e+00
7.400000000000000e-01 2.723775731457148e+00 1.026931906936480e+00
7.450000000000000e-01 2.792811747744667e+00 1.028063952602365e+00
7.500000000000000e-01 2.863593362288260e+00 1.028928807342602e+00
7.550000000000000e-01 2.936164815901156e+00 1.029497092868740e+00
7.600000000000000e-01 3.010571468104263e+00 1.029756182861695e+00
7.650000000000000e-01 3.086859825477351e+00 1.029714690215697e+00
7.700000000000000e-01 3.165077570727174e+00 1.029405293866697e+00
7.750000000000000e-01 3.245273592490716e+00 1.028884305700856e+00
7.800000000000000e-01 3.327498015892184e+00 1.028226770714949e+00
7.850000000000000e-01 3.411802233872832e+00 1.027517015488408e+00
7.900000000000000e-01 3.498238939313234e+00 1.026836091447838e+00
7.950000000000000e-01 3.586862157968046e+00 1.026248861831128e+00
8.000000000000000e-01 3.677727282233856e+00 1.025793941151162e+00
8.050000000000000e-01 3.770891105771243e+00 1.025479073426696e+00
8.100000000000001e-01 3.866411859002656e+00 1.025283064041141e+00
8.150000000000001e-01 3.964349245508326e+00 1.025163591024397e+00
8.200000000000001e-01 4.064764479342956e+00 1.025068681461525e+00
8.250000000000001e-01 4.167720323296481e+00 1.024948780121462e+00
8.300000000000001e-01 4.273281128122877e+00 1.024766392607817e+00
8.350000000000000e-01 4.381512872761445e+00 1.024501237104480e+00
8.400000000000000e-01 4.492483205575838e+00 1.024150372616031e+00
8.450000000000000e-01 4.606261486636447e+00 1.023724326890727e+00
8.500000000000000e-01 4.722918831072739e+00 1.023241237769805e+00
8.550000000000000e-01 4.842528153522501e+00 1.022721131627956e+00
8.600000000000000e-01 4.965164213705875e+00 1.022181806962436e+00
8.650000000000000e-01 5.090903663152626e+00 1.021636812403125e+00
8.700000000000000e-01 5.219825093111814e+00 1.021095189286021e+00
8.750000000000000e-01 5.352009083673925e+00 1.020562257482905e+00
8.800000000000000e-01 5.487538254136007e+00 1.020040744882561e+00
8.850000000000000e-01 5.626497314641444e+00 1.019531807776663e+00
8.900000000000000e-01 5.768973119126561e+00 1.019035761031408e+00
8.950000000000000e-01 5.915054719607133e+00 1.018552520019654e+00
9.000000000000000e-01 6.064833421838831e+00 1.018081833281752e+00
9.050000000000000e-01 6.218402842386253e+00 1.017623390586125e+00
9.100000000000000e-01 6.375858967136348e+00 1.017176867511647e+00
9.150000000000000e-01 6.537300211292723e+00 1.016741941783253e+00
9.200000000000000e-01 6.702827480888332e+00 1.016318298503010e+00
9.250000000000000e-01 6.872544235855034e+00 1.015905631500113e+00
9.300000000000000e-01 7.046556554689444e+00 1.015503643473339e+00
9.350000000000001e-01 7.224973200755413e+00 1.015112045802510e+00
9.400000000000001e-01 7.407905690264673e+00 1.014730558284803e+00
9.450000000000001e-01 7.595468361978146e+00 1.014358908862433e+00
9.500000000000001e-01 7.787778448671316e+00 1.013996833356956e+00
9.550000000000001e-01 7.984956150408610e+00 1.013644075213007e+00
9.600000000000000e-01 8.187124709672272e+00 1.013300385251667e+00
9.650000000000000e-01 8.394410488393007e+00 1.012965521433109e+00
9.700000000000000e-01 8.606943046930221e+00 1.012639248628136e+00
9.750000000000000e-01 8.824855225051540e+00 1.012321338398213e+00
9.800000000000000e-01 9.048283224961922e+00 1.012011568783635e+00
9.850000000000000e-01 9.277366696434507e+00 1.011709724099449e+00
9.900000000000000e-01 9.512248824096272e+00 1.011415594738821e+00
9.950000000000000e-01 9.753076416923058e+00 1.011128976983517e+00
1.000000000000000e+00 1.000000000000000e+01 1.010849672821191e+00
