0.000000000000000e+00 0.000000000000000e+00 1.000000000000000e+00
3.125000000000000e-03 3.369263549427258e-03 9.999929092504991e-01
6.250000000000000e-03 6.739349689698711e-03 9.999645375938652e-01
9.375000000000001e-03 1.011108121249049e-02 9.999172253802188e-01
1.250000000000000e-02 1.348528131119160e-02 9.998509410169668e-01
1.562500000000000e-02 1.686277378188298e-02 9.997656365960922e-01
1.875000000000000e-02 2.024438322446370e-02 9.996612517260988e-01
2.187500000000000e-02 2.363093524397333e-02 9.995377120953738e-01
2.500000000000000e-02 2.702325665215984e-02 9.993949299770496e-01
2.812500000000000e-02 3.042217566934200e-02 9.992328041790146e-01
3.125000000000000e-02 3.382852212661575e-02 9.990512200896063e-01
3.437500000000000e-02 3.724312766845378e-02 9.988500497064944e-01
3.750000000000001e-02 4.066682595574785e-02 9.986291516719383e-01
4.062500000000000e-02 4.410045286934348e-02 9.983883713125378e-01
4.375000000000000e-02 4.754484671411652e-02 9.981275406844387e-01
4.687500000000000e-02 5.100084842364160e-02 9.978464786245106e-01
5.000000000000000e-02 5.446930176550237e-02 9.975449908080608e-01
5.312500000000001e-02 5.795105354729364e-02 9.972228698136740e-01
5.625000000000000e-02 6.144695382336569e-02 9.968798951958042e-01
5.937500000000000e-02 6.495785610236132e-02 9.965158335657853e-01
6.250000000000000e-02 6.848461755559625e-02 9.961304386819676e-01
6.562500000000000e-02 7.202809922633362e-02 9.957234515497293e-01
6.875000000000001e-02 7.558916624000402e-02 9.952946005321556e-01
7.187500000000001e-02 7.916868801542200e-02 9.948436014722166e-01
7.500000000000001e-02 8.276753847705080e-02 9.943701578273215e-01
7.812500000000000e-02 8.638659626836727e-02 9.938739608171610e-01
8.125000000000000e-02 9.002674496637868e-02 9.933546895857942e-01
8.437500000000001e-02 9.368887329734420e-02 9.928120113789736e-01
8.750000000000001e-02 9.737387535375355e-02 9.922455817377358e-01
9.062500000000001e-02 1.010826508126157e-01 9.916550447093249e-01
9.375000000000000e-02 1.048161051551108e-01 9.910400330765455e-01
9.687500000000000e-02 1.085751498876601e-01 9.904001686066746e-01
1.000000000000000e-01 1.123607027644654e-01 9.897350623210873e-01
1.031250000000000e-01 1.161736880115753e-01 9.890443147867802e-01
1.062500000000000e-01 1.200150365525305e-01 9.883275164309914e-01
1.093750000000000e-01 1.238856862356450e-01 9.875842478801375e-01
1.125000000000000e-01 1.277865820629775e-01 9.868140803242995e-01
1.156250000000000e-01 1.317186764210495e-01 9.860165759084920e-01
1.187500000000000e-01 1.356829293133661e-01 9.851912881519583e-01
1.218750000000000e-01 1.396803085947971e-01 9.843377623967221e-01
1.250000000000000e-01 1.437117902078738e-01 9.834555362866167e-01
1.281250000000000e-01 1.477783584210617e-01 9.825441402779921e-01
1.312500000000000e-01 1.518810060690650e-01 9.816030981832685e-01
1.343750000000000e-01 1.560207347952229e-01 9.806319277484695e-01
1.375000000000000e-01 1.601985552960564e-01 9.796301412658132e-01
1.406250000000000e-01 1.644154875680252e-01 9.785972462223841e-01
1.437500000000000e-01 1.686725611565558e-01 9.775327459858321e-01
1.468750000000000e-01 1.729708154074000e-01 9.764361405279565e-01
1.500000000000000e-01 1.773112997203869e-01 9.753069271869372e-01
1.531250000000000e-01 1.816950738056289e-01 9.741446014688525e-01
1.562500000000000e-01 1.861232079422458e-01 9.729486578889929e-01
1.593750000000000e-01 1.905967832396682e-01 9.717185908533301e-01
1.625000000000000e-01 1.951168919015860e-01 9.704538955803277e-01
1.656250000000000e-01 1.996846374926046e-01 9.691540690630918e-01
1.687500000000000e-01 2.043011352076760e-01 9.678186110716498e-01
1.718750000000000e-01 2.089675121443681e-01 9.664470251949114e-01
1.750000000000000e-01 2.136849075780412e-01 9.650388199216081e-01
1.781250000000000e-01 2.184544732399964e-01 9.635935097592301e-01
1.812500000000000e-01 2.232773735986666e-01 9.621106163896691e-01
1.843750000000000e-01 2.281547861439151e-01 9.605896698599469e-01
1.875000000000000e-01 2.330879016745160e-01 9.590302098060451e-01
1.906250000000000e-01 2.380779245888810e-01 9.574317867074693e-01
1.937500000000000e-01 2.431260731791094e-01 9.557939631697570e-01
1.968750000000000e-01 2.482335799284277e-01 9.541163152317015e-01
2.000000000000000e-01 2.534016918120952e-01 9.523984336935815e-01
2.031250000000000e-01 2.586316706018478e-01 9.506399254621852e-01
2.062500000000000e-01 2.639247931739538e-01 9.488404149078841e-01
2.093750000000000e-01 2.692823518209576e-01 9.469995452284456e-01
2.125000000000000e-01 2.747056545671873e-01 9.451169798136863e-01
2.156250000000000e-01 2.801960254881028e-01 9.431924036044432e-01
2.187500000000000e-01 2.857548050335636e-01 9.412255244387028e-01
2.218750000000000e-01 2.913833503550930e-01 9.392160743770503e-01
2.250000000000000e-01 2.970830356372213e-01 9.371638109989174e-01
2.281250000000000e-01 3.028552524329863e-01 9.350685186603905e-01
2.312500000000000e-01 3.087014100036755e-01 9.329300097036201e-01
2.343750000000000e-01 3.146229356628902e-01 9.307481256071263e-01
2.375000000000000e-01 3.206212751250189e-01 9.285227380655553e-01
2.406250000000000e-01 3.266978928582008e-01 9.262537499866856e-01
2.437500000000000e-01 3.328542724418705e-01 9.239410963927396e-01
2.468750000000000e-01 3.390919169289667e-01 9.215847452123159e-01
2.500000000000000e-01 3.454123492128958e-01 9.191846979485405e-01
2.531250000000000e-01 3.518171123993401e-01 9.167409902083348e-01
2.562500000000000e-01 3.583077701830001e-01 9.142536920770412e-01
2.593750000000000e-01 3.648859072293631e-01 9.117229083220293e-01
2.625000000000000e-01 3.715531295615936e-01 9.091487784083432e-01
2.656250000000000e-01 3.783110649526354e-01 9.065314763089611e-01
2.687500000000000e-01 3.851613633226258e-01 9.038712100918244e-01
2.718750000000000e-01 3.921056971417164e-01 9.011682212654777e-01
2.750000000000000e-01 3.991457618383991e-01 8.984227838649629e-01
2.781250000000000e-01 4.062832762134377e-01 8.956352032595296e-01
2.812500000000000e-01 4.135199828595055e-01 8.928058146638015e-01
2.843750000000000e-01 4.208576485866312e-01 8.899349813342774e-01
2.875000000000000e-01 4.282980648535585e-01 8.870230924334732e-01
2.906250000000000e-01 4.358430482051222e-01 8.840705605446491e-01
2.937500000000000e-01 4.434944407157500e-01 8.810778188209381e-01
2.968750000000000e-01 4.512541104391968e-01 8.780453177538239e-01
3.000000000000000e-01 4.591239518646220e-01 8.749735215473282e-01
3.031250000000000e-01 4.671058863791195e-01 8.718629040859955e-01
3.062500000000000e-01 4.752018627368176e-01 8.687139444868281e-01
3.093750000000000e-01 4.834138575346580e-01 8.655271222277566e-01
3.125000000000000e-01 4.917438756949728e-01 8.623029118480600e-01
3.156250000000000e-01 5.001939509549778e-01 8.590417772194039e-01
3.187500000000000e-01 5.087661463633005e-01 8.557441653898741e-01
3.218750000000000e-01 5.174625547836644e-01 8.524105000075687e-01
3.250000000000000e-01 5.262852994058529e-01 8.490411743350110e-01
3.281250000000000e-01 5.352365342640750e-01 8.456365438708680e-01
3.312500000000000e-01 5.443184447628656e-01 8.421969186012357e-01
3.343750000000000e-01 5.535332482106405e-01 8.387225549090968e-01
3.375000000000000e-01 5.628831943610435e-01 8.352136471774652e-01
3.406250000000000e-01 5.723705659622137e-01 8.316703191292343e-01
3.437500000000000e-01 5.819976793141081e-01 8.280926149548049e-01
3.468750000000000e-01 5.917668848340161e-01 8.244804902871891e-01
3.500000000000000e-01 6.016805676304035e-01 8.208338030934287e-01
3.531250000000000e-01 6.117411480852264e-01 8.171523045607855e-01
3.562500000000000e-01 6.219510824448572e-01 8.134356300661930e-01
3.593750000000000e-01 6.323128634197650e-01 8.096832903278257e-01
3.625000000000000e-01 6.428290207931012e-01 8.058946628482272e-01
3.656250000000000e-01 6.535021220383342e-01 8.020689837691218e-01
3.687500000000000e-01 6.643347729460869e-01 7.982053402686422e-01
3.718750000000000e-01 6.753296182603294e-01 7.943026636420620e-01
3.750000000000000e-01 6.864893423240808e-01 7.903597232169918e-01
3.781250000000000e-01 6.978166697347804e-01 7.863751212631280e-01
3.812500000000000e-01 7.093143660094854e-01 7.823472890647509e-01
3.843750000000000e-01 7.209852382600603e-01 7.782744843309124e-01
3.875000000000000e-01 7.328321358785219e-01 7.741547901232935e-01
3.906250000000000e-01 7.448579512327029e-01 7.699861154846503e-01
3.937500000000000e-01 7.570656203724140e-01 7.657661979511963e-01
3.968750000000000e-01 7.694581237462648e-01 7.614926081297618e-01
4.000000000000000e-01 7.820384869293291e-01 7.571627565146911e-01
4.031250000000000e-01 7.948097813618253e-01 7.527739027097472e-01
4.062500000000000e-01 8.077751250989945e-01 7.483231672063799e-01
4.093750000000000e-01 8.209376835723596e-01 7.438075458511881e-01
4.125000000000000e-01 8.343006703625532e-01 7.392239271119353e-01
4.156250000000000e-01 8.478673479838968e-01 7.345691122228036e-01
4.187500000000000e-01 8.616410286809313e-01 7.298398382555163e-01
4.218750000000000e-01 8.756250752370857e-01 7.250328041234754e-01
4.250000000000000e-01 8.898229017956865e-01 7.201446994812303e-01
4.281250000000000e-01 9.042379746935050e-01 7.151722364316587e-01
4.312500000000000e-01 9.188738133070491e-01 7.101121838986224e-01
4.343750000000000e-01 9.337339909118028e-01 7.049614044641782e-01
4.375000000000000e-01 9.488221355546261e-01 6.997168934074973e-01
4.406250000000000e-01 9.641419309395265e-01 6.943758196185064e-01
4.437500000000000e-01 9.796971173270190e-01 6.889355679941572e-01
4.468750000000000e-01 9.954914924472941e-01 6.833937828605977e-01
4.500000000000000e-01 1.011528912427417e+00 6.777484119019739e-01
4.531250000000000e-01 1.027813292732786e+00 6.719977500179259e-01
4.562500000000000e-01 1.044348609123070e+00 6.661404824789290e-01
4.593750000000000e-01 1.061138898622882e+00 6.601757267034382e-01
4.625000000000000e-01 1.078188260507393e+00 6.541030719453075e-01
4.656250000000000e-01 1.095500857303154e+00 6.479226161560824e-01
4.687500000000000e-01 1.113080915804360e+00 6.416349992763505e-01
4.718750000000000e-01 1.130932728104805e+00 6.352414322150016e-01
4.750000000000000e-01 1.149060652645771e+00 6.287437207963892e-01
4.781250000000000e-01 1.167469115280130e+00 6.221442839940603e-01
4.812500000000000e-01 1.186162610352890e+00 6.154461658265997e-01
4.843750000000000e-01 1.205145701798475e+00 6.086530403664240e-01
4.875000000000000e-01 1.224423024254985e+00 6.017692094057661e-01
4.906250000000000e-01 1.243999284195726e+00 5.947995924347348e-01
4.937500000000000e-01 1.263879261078271e+00 5.877497087127616e-01
4.968750000000000e-01 1.284067808511348e+00 5.806256513548750e-01
5.000000000000000e-01 1.304569855439823e+00 5.734340535053816e-01
5.031250000000000e-01 1.325390407348082e+00 5.661820468303924e-01
5.062500000000000e-01 1.346534547482100e+00 5.588772127234004e-01
5.093750000000000e-01 1.368007438090487e+00 5.515275267804984e-01
5.125000000000001e-01 1.389814321684837e+00 5.441412972592108e-01
5.156250000000000e-01 1.411960522319654e+00 5.367270983824515e-01
5.187500000000000e-01 1.434451446892208e+00 5.292936994819715e-01
5.218750000000000e-01 1.457292586462593e+00 5.218499910890952e-01
5.250000000000000e-01 1.480489517594354e+00 5.144049091702461e-01
5.281250000000001e-01 1.504047903715979e+00 5.069673587669615e-01
5.312500000000000e-01 1.527973496503592e+00 4.995461383318137e-01
5.343750000000000e-01 1.552272137285215e+00 4.921498660508554e-01
5.375000000000000e-01 1.576949758466886e+00 4.847869094089726e-01
5.406250000000000e-01 1.602012384981041e+00 4.774653191870813e-01
5.437500000000001e-01 1.627466135757470e+00 4.701927689809433e-01
5.468750000000000e-01 1.653317225217225e+00 4.629765012031261e-01
5.500000000000000e-01 1.679571964789851e+00 4.558232803760866e-01
5.531250000000000e-01 1.706236764454286e+00 4.487393543502034e-01
5.562500000000000e-01 1.733318134303830e+00 4.417304238913348e-01
5.593750000000001e-01 1.760822686135563e+00 4.348016208841405e-01
5.625000000000000e-01 1.788757135064574e+00 4.279574951963172e-01
5.656250000000000e-01 1.817128301163438e+00 4.212020100514074e-01
5.687500000000000e-01 1.845943111127301e+00 4.145385455701051e-01
5.718750000000000e-01 1.875208599965003e+00 4.079699099677043e-01
5.750000000000001e-01 1.904931912716643e+00 4.014983577435695e-01
5.781250000000000e-01 1.935120306198011e+00 3.951256140714607e-01
5.812500000000000e-01 1.965781150772311e+00 3.888529045004821e-01
5.843750000000000e-01 1.996921932149593e+00 3.826809890074786e-01
5.875000000000000e-01 2.028550253214365e+00 3.766101994039180e-01
5.906250000000001e-01 2.060673835881802e+00 3.706404790935000e-01
5.937500000000000e-01 2.093300522983012e+00 3.647714241996354e-01
5.968750000000000e-01 2.126438280179837e+00 3.590023251321673e-01
6.000000000000001e-01 2.160095197909630e+00 3.533322077369077e-01
6.031250000000000e-01 2.194279493360494e+00 3.477598732656124e-01
6.062500000000001e-01 2.228999512477486e+00 3.422839365131438e-01
6.093750000000000e-01 2.264263732000228e+00 3.369028615876678e-01
6.125000000000000e-01 2.300080761532477e+00 3.316149949035491e-01
6.156250000000001e-01 2.336459345644116e+00 3.264185951100484e-01
6.187500000000000e-01 2.373408366006099e+00 3.213118597872864e-01
6.218750000000001e-01 2.410936843558884e+00 3.162929488501290e-01
6.250000000000000e-01 2.449053940714840e+00 3.113600046973871e-01
6.281250000000000e-01 2.487768963595221e+00 3.065111692256279e-01
6.312500000000001e-01 2.527091364302215e+00 3.017445978925882e-01
6.343750000000000e-01 2.567030743226622e+00 2.970584710642100e-01
6.375000000000001e-01 2.607596851391758e+00 2.924510029121597e-01
6.406250000000000e-01 2.648799592834118e+00 2.879204481465287e-01
6.437500000000000e-01 2.690649027021411e+00 2.834651068730523e-01
6.468750000000001e-01 2.733155371308524e+00 2.790833278577841e-01
6.500000000000000e-01 2.776329003432049e+00 2.747735104671151e-01
6.531250000000001e-01 2.820180464043967e+00 2.705341055296968e-01
6.562500000000000e-01 2.864720459285089e+00 2.663636153414776e-01
6.593750000000000e-01 2.909959863398929e+00 2.622605930076735e-01
6.625000000000001e-01 2.955909721386590e+00 2.582236412877393e-01
6.656250000000000e-01 3.002581251703353e+00 2.542514110825759e-01
6.687500000000001e-01 3.049985848997626e+00 2.503425996782482e-01
6.718750000000000e-01 3.098135086892879e+00 2.464959488379984e-01
6.750000000000000e-01 3.147040720813310e+00 2.427102428146302e-01
6.781250000000001e-01 3.196714690853871e+00 2.389843063385039e-01
6.812500000000000e-01 3.247169124695383e+00 2.353170026223254e-01
6.843750000000001e-01 3.298416340565477e+00 2.317072314124344e-01
6.875000000000000e-01 3.350468850246008e+00 2.281539271071154e-01
6.906250000000000e-01 3.403339362127777e+00 2.246560569552717e-01
6.937500000000001e-01 3.457040784313211e+00 2.212126193433004e-01
6.968750000000000e-01 3.511586227767823e+00 2.178226421738873e-01
7.000000000000001e-01 3.566989009521205e+00 2.144851813374487e-01
7.031250000000000e-01 3.623262655918307e+00 2.111993192748272e-01
7.062500000000000e-01 3.680420905921852e+00 2.079641636284249e-01
7.093750000000001e-01 3.738477714466631e+00 2.047788459780396e-01
7.125000000000000e-01 3.797447255866536e+00 2.016425206571393e-01
7.156250000000001e-01 3.857343927275175e+00 1.985543636450602e-01
7.187500000000000e-01 3.918182352200844e+00 1.955135715305433e-01
7.218750000000000e-01 3.979977384076828e+00 1.925193605421000e-01
7.250000000000001e-01 4.042744109887770e+00 1.895709656408426e-01
7.281250000000000e-01 4.106497853853101e+00 1.866676396716170e-01
7.312500000000001e-01 4.171254181168399e+00 1.838086525685045e-01
7.343750000000000e-01 4.237028901805528e+00 1.809932906109901e-01
7.375000000000000e-01 4.303838074372613e+00 1.782208557273360e-01
7.406250000000001e-01 4.371698010034643e+00 1.754906648419276e-01
7.437500000000000e-01 4.440625276495786e+00 1.728020492635744e-01
7.468750000000001e-01 4.510636702044332e+00 1.701543541119617e-01
7.500000000000000e-01 4.581749379661216e+00 1.675469377796364e-01
7.531250000000000e-01 4.653980671193226e+00 1.649791714270967e-01
7.562500000000001e-01 4.727348211591802e+00 1.624504385087195e-01
7.593750000000000e-01 4.801869913218528e+00 1.599601343274207e-01
7.625000000000001e-01 4.877563970218381e+00 1.575076656160850e-01
7.656250000000000e-01 4.954448862961714e+00 1.550924501439401e-01
7.687500000000000e-01 5.032543362556198e+00 1.527139163461753e-01
7.718750000000001e-01 5.111866535429675e+00 1.503715029752208e-01
7.750000000000000e-01 5.192437747985146e+00 1.480646587722147e-01
7.781250000000001e-01 5.274276671329015e+00 1.457928421572821e-01
7.812500000000000e-01 5.357403286073669e+00 1.435555209373506e-01
7.843750000000000e-01 5.441837887215693e+00 1.413521720303074e-01
7.875000000000001e-01 5.527601089090773e+00 1.391822812043920e-01
7.906250000000000e-01 5.614713830406605e+00 1.370453428317870e-01
7.937500000000001e-01 5.703197379355005e+00 1.349408596554466e-01
7.968750000000000e-01 5.793073338804412e+00 1.328683425682650e-01
8.000000000000000e-01 5.884363651574169e+00 1.308273104037492e-01
8.031250000000001e-01 5.977090605791737e+00 1.288172897374172e-01
8.062500000000000e-01 6.071276840334257e+00 1.268378146981979e-01
8.093750000000001e-01 6.166945350355728e+00 1.248884267891571e-01
8.125000000000000e-01 6.264119492901173e+00 1.229686747169198e-01
8.156250000000000e-01 6.362822992609162e+00 1.210781142292057e-01
8.187500000000001e-01 6.463079947504072e+00 1.192163079599303e-01
8.218750000000000e-01 6.564914834879517e+00 1.173828252813658e-01
8.250000000000001e-01 6.668352517274371e+00 1.155772421628893e-01
8.281250000000000e-01 6.773418248542846e+00 1.137991410358778e-01
8.312500000000000e-01 6.880137680020114e+00 1.120481106643416e-01
8.343750000000001e-01 6.988536866784961e+00 1.103237460209157e-01
8.375000000000000e-01 7.098642274021019e+00 1.086256481678544e-01
8.406250000000001e-01 7.210480783478133e+00 1.069534241427006e-01
8.437500000000000e-01 7.324079700035414e+00 1.053066868483225e-01
8.468750000000000e-01 7.439466758367605e+00 1.036850549470344e-01
8.500000000000001e-01 7.556670129716381e+00 1.020881527585353e-01
8.531250000000000e-01 7.675718428768239e+00 1.005156101614208e-01
8.562500000000001e-01 7.796640720640633e+00 9.896706249803845e-02
8.593750000000000e-01 7.919466527978115e+00 9.744215048247563e-02
8.625000000000000e-01 8.044225838160141e+00 9.594052011148095e-02
8.656250000000001e-01 8.170949110622363e+00 9.446182257813786e-02
8.687500000000000e-01 8.299667284293170e+00 9.300571418811918e-02
8.718750000000001e-01 8.430411785147284e+00 9.157185627836521e-02
8.750000000000000e-01 8.563214533878281e+00 9.015991513803914e-02
8.781250000000000e-01 8.698107953691880e+00 8.876956193162341e-02
8.812500000000001e-01 8.835124978221932e+00 8.740047262403157e-02
8.843750000000000e-01 8.974299059571019e+00 8.605232790761830e-02
8.875000000000001e-01 9.115664176477637e+00 8.472481313097954e-02
8.906250000000000e-01 9.259254842611947e+00 8.341761822944213e-02
8.937500000000000e-01 9.405106115002161e+00 8.213043765714993e-02
8.968750000000001e-01 9.553253602593529e+00 8.086297032066028e-02
9.000000000000000e-01 9.703733474942130e+00 7.961491951397057e-02
9.031250000000001e-01 9.856582471045494e+00 7.838599285490135e-02
9.062500000000000e-01 1.001183790831228e+01 7.717590222276711e-02
9.093750000000000e-01 1.016953769167313e+01 7.598436369727156e-02
9.125000000000001e-01 1.032972032283505e+01 7.481109749856810e-02
9.156250000000000e-01 1.049242490968134e+01 7.365582792843187e-02
9.187500000000001e-01 1.065769117581972e+01 7.251828331249238e-02
9.218750000000000e-01 1.082555947028058e+01 7.139819594348051e-02
9.250000000000000e-01 1.099607077736805e+01 7.029530202544647e-02
9.281250000000001e-01 1.116926672666618e+01 6.920934161890895e-02
9.312500000000000e-01 1.134518960320255e+01 6.814005858689859e-02
9.343750000000001e-01 1.152388235777201e+01 6.708720054186139e-02
9.375000000000000e-01 1.170538861742293e+01 6.605051879339034e-02
9.406250000000000e-01 1.188975269610854e+01 6.502976829675632e-02
9.437500000000001e-01 1.207701960550600e+01 6.402470760221057e-02
9.468750000000000e-01 1.226723506600578e+01 6.303509880503411e-02
9.500000000000001e-01 1.246044551787411e+01 6.206070749631025e-02
9.531250000000000e-01 1.265669813259115e+01 6.110130271439917e-02
9.562500000000000e-01 1.285604082436773e+01 6.015665689709392e-02
9.593750000000001e-01 1.305852226184337e+01 5.922654583443961e-02
9.625000000000000e-01 1.326419187996850e+01 5.831074862219832e-02
9.656250000000001e-01 1.347309989207381e+01 5.740904761594386e-02
9.687500000000000e-01 1.368529730212962e+01 5.652122838577098e-02
9.718750000000000e-01 1.390083591719824e+01 5.564707967160569e-02
9.750000000000001e-01 1.411976836008246e+01 5.478639333910312e-02
9.781250000000000e-01 1.434214808217320e+01 5.393896433612134e-02
9.812500000000001e-01 1.456802937649935e+01 5.310459064975922e-02
9.843750000000000e-01 1.479746739098328e+01 5.228307326394835e-02
9.875000000000000e-01 1.503051814190487e+01 5.147421611758845e-02
9.906250000000001e-01 1.526723852757770e+01 5.067782606321741e-02
9.937500000000000e-01 1.550768634224049e+01 4.989371282620690e-02
9.968750000000001e-01 1.575192029016732e+01 4.912168896447529e-02
1.000000000000000e+00 1.600000000000000e+01 4.836156982871014e-02
