0.000000000000000e+00 0.000000000000000e+00 1.000000000000000e+00
5.000000000000000e-03 3.369477419287315e-03 1.000000000534150e+00
1.000000000000000e-02 6.741060871647481e-03 1.000000002643781e+00
1.500000000000000e-02 1.011685770649257e-02 1.000000005947034e+00
2.000000000000000e-02 1.349897790673588e-02 1.000000010684223e+00
2.500000000000000e-02 1.688953540759990e-02 1.000000017067185e+00
3.000000000000000e-02 2.029064941789469e-02 1.000000024844808e+00
3.500000000000000e-02 2.370444574459234e-02 1.000000034105880e+00
4.000000000000000e-02 2.713305812152553e-02 1.000000044637417e+00
4.500000000000000e-02 3.057862954304063e-02 1.000000056612845e+00
5.000000000000000e-02 3.404331360343898e-02 1.000000070340767e+00
5.500000000000000e-02 3.752927584304335e-02 1.000000085885740e+00
6.000000000000000e-02 4.103869510173117e-02 1.000000103121806e+00
6.500000000000000e-02 4.457376488078044e-02 1.000000122026753e+00
7.000000000000001e-02 4.813669471387935e-02 1.000000142749828e+00
7.500000000000000e-02 5.172971154815675e-02 1.000000165427228e+00
8.000000000000000e-02 5.535506113609672e-02 1.000000190013689e+00
8.500000000000001e-02 5.901500943920686e-02 1.000000216624135e+00
9.000000000000000e-02 6.271184404431801e-02 1.000000245332219e+00
9.500000000000000e-02 6.644787559340060e-02 1.000000276358716e+00
1.000000000000000e-01 7.022543922779090e-02 1.000000309748004e+00
1.050000000000000e-01 7.404689604773053e-02 1.000000345515427e+00
1.100000000000000e-01 7.791463458813094e-02 1.000000383783208e+00
1.150000000000000e-01 8.183107231148547e-02 1.000000424962770e+00
1.200000000000000e-01 8.579865711886202e-02 1.000000469189885e+00
1.250000000000000e-01 8.981986887992111e-02 1.000000516663846e+00
1.300000000000000e-01 9.389722098291493e-02 1.000000567576055e+00
1.350000000000000e-01 9.803326190563690e-02 1.000000621890253e+00
1.400000000000000e-01 1.022305768083033e-01 1.000000680066656e+00
1.450000000000000e-01 1.064917891493625e-01 1.000000742445441e+00
1.500000000000000e-01 1.108195623252418e-01 1.000000808999993e+00
1.550000000000000e-01 1.152166013350572e-01 1.000000880243288e+00
1.600000000000000e-01 1.196856544713255e-01 1.000000956522377e+00
1.650000000000000e-01 1.242295150377370e-01 1.000001037770881e+00
1.700000000000000e-01 1.288510230950609e-01 1.000001124716987e+00
1.750000000000000e-01 1.335530672362758e-01 1.000001217817542e+00
1.800000000000000e-01 1.383385863920344e-01 1.000001317630548e+00
1.850000000000000e-01 1.432105716675912e-01 1.000001424364575e+00
1.900000000000000e-01 1.481720682123397e-01 1.000001538524861e+00
1.950000000000000e-01 1.532261771231311e-01 1.000001660855028e+00
2.000000000000000e-01 1.583760573825595e-01 1.000001792289448e+00
2.050000000000000e-01 1.636249278334301e-01 1.000001933657857e+00
2.100000000000000e-01 1.689760691906397e-01 1.000002085560930e+00
2.150000000000000e-01 1.744328260917313e-01 1.000002249007248e+00
2.200000000000000e-01 1.799986091874004e-01 1.000002424505180e+00
2.250000000000000e-01 1.856768972732633e-01 1.000002612878292e+00
2.300000000000000e-01 1.914712394642179e-01 1.000002815775778e+00
2.350000000000000e-01 1.973852574127551e-01 1.000003034809912e+00
2.400000000000000e-01 2.034226475726105e-01 1.000003270621907e+00
2.450000000000000e-01 2.095871835091678e-01 1.000003525268265e+00
2.500000000000000e-01 2.158827182580599e-01 1.000003800787219e+00
2.550000000000000e-01 2.223131867334419e-01 1.000004098964244e+00
2.600000000000000e-01 2.288826081874405e-01 1.000004422018190e+00
2.650000000000000e-01 2.355950887223172e-01 1.000004772122436e+00
2.700000000000000e-01 2.424548238569160e-01 1.000005151636503e+00
2.750000000000000e-01 2.494661011489995e-01 1.000005563571978e+00
2.800000000000000e-01 2.566333028751116e-01 1.000006011647311e+00
2.850000000000000e-01 2.639609087696434e-01 1.000006498976956e+00
2.900000000000000e-01 2.714534988248126e-01 1.000007030589504e+00
2.950000000000000e-01 2.791157561533084e-01 1.000007611080670e+00
3.000000000000000e-01 2.869524699153886e-01 1.000008245084461e+00
3.050000000000000e-01 2.949685383122613e-01 1.000008937970713e+00
3.100000000000000e-01 3.031689716476197e-01 1.000009696761663e+00
3.150000000000000e-01 3.115588954592450e-01 1.000010529669825e+00
3.200000000000000e-01 3.201435537226349e-01 1.000011443766508e+00
3.250000000000000e-01 3.289283121286580e-01 1.000012448443238e+00
3.300000000000000e-01 3.379186614372866e-01 1.000013554096667e+00
3.350000000000000e-01 3.471202209094989e-01 1.000014773197652e+00
3.400000000000000e-01 3.565387418195016e-01 1.000016119013129e+00
3.450000000000000e-01 3.661801110494620e-01 1.000017606574704e+00
3.500000000000000e-01 3.760503547690021e-01 1.000019253264341e+00
3.550000000000000e-01 3.861556422017504e-01 1.000021078098011e+00
3.600000000000000e-01 3.965022894813072e-01 1.000023104132773e+00
3.650000000000000e-01 4.070967635990345e-01 1.000025356017571e+00
3.700000000000000e-01 4.179456864461349e-01 1.000027863310817e+00
3.750000000000000e-01 4.290558389525505e-01 1.000030658864042e+00
3.800000000000000e-01 4.404341653252637e-01 1.000033779484380e+00
3.850000000000000e-01 4.520877773886537e-01 1.000037268414702e+00
3.900000000000000e-01 4.640239590296172e-01 1.000041174670697e+00
3.950000000000000e-01 4.762501707502353e-01 1.000045555187452e+00
4.000000000000000e-01 4.887740543308307e-01 1.000050474266465e+00
4.050000000000000e-01 5.016034376063282e-01 1.000056006989765e+00
4.100000000000000e-01 5.147463393589066e-01 1.000062236896896e+00
4.150000000000000e-01 5.282109743299990e-01 1.000069261713474e+00
4.200000000000000e-01 5.420057583547735e-01 1.000077195961008e+00
4.250000000000000e-01 5.561393136223041e-01 1.000086167228374e+00
4.300000000000000e-01 5.706204740647189e-01 1.000096326374998e+00
4.350000000000000e-01 5.854582908786964e-01 1.000107844703517e+00
4.400000000000000e-01 6.006620381827575e-01 1.000120919818682e+00
4.450000000000000e-01 6.162412188138907e-01 1.000135781736635e+00
4.500000000000000e-01 6.322055702671360e-01 1.000152691664973e+00
4.550000000000000e-01 6.485650707818353e-01 1.000171955486645e+00
4.600000000000000e-01 6.653299455783577e-01 1.000193921649427e+00
4.650000000000000e-01 6.825106732491932e-01 1.000218992017684e+00
4.700000000000000e-01 7.001179923084168e-01 1.000247632802153e+00
4.750000000000000e-01 7.181629079036070e-01 1.000280372773806e+00
4.800000000000000e-01 7.366566986944229e-01 1.000317825767977e+00
4.850000000000000e-01 7.556109239021327e-01 1.000360692006738e+00
4.900000000000000e-01 7.750374305345038e-01 1.000409768372614e+00
4.950000000000000e-01 7.949483607905672e-01 1.000465972495940e+00
5.000000000000000e-01 8.153561596498893e-01 1.000530337013991e+00
5.050000000000000e-01 8.362735826510871e-01 1.000604035102535e+00
5.100000000000000e-01 8.577137038644561e-01 1.000688393791226e+00
5.150000000000000e-01 8.796899240636907e-01 1.000784886365856e+00
5.200000000000000e-01 9.022159791018011e-01 1.000895164460523e+00
5.250000000000000e-01 9.253059484964714e-01 1.001021048569541e+00
5.300000000000000e-01 9.489742642302165e-01 1.001164515213671e+00
5.350000000000000e-01 9.732357197708378e-01 1.001327715441068e+00
5.400000000000000e-01 9.981054793178262e-01 1.001512924971091e+00
5.450000000000000e-01 1.023599087280478e+00 1.001722504885816e+00
5.500000000000000e-01 1.049732477993657e+00 1.001958874223647e+00
5.550000000000000e-01 1.076521985677273e+00 1.002224387131141e+00
5.600000000000001e-01 1.103984354645701e+00 1.002521223689915e+00
5.650000000000001e-01 1.132136749773522e+00 1.002851272622518e+00
5.700000000000001e-01 1.160996767224129e+00 1.003215890206436e+00
5.750000000000001e-01 1.190582445447902e+00 1.003615668057494e+00
5.800000000000000e-01 1.220912276456826e+00 1.004050195113981e+00
5.850000000000000e-01 1.252005217382601e+00 1.004517685157642e+00
5.900000000000000e-01 1.283880702325469e+00 1.005014624095466e+00
5.950000000000000e-01 1.316558654501151e+00 1.005535484552709e+00
6.000000000000000e-01 1.350059498693518e+00 1.006072381412536e+00
6.050000000000000e-01 1.384404174020732e+00 1.006614830624760e+00
6.100000000000000e-01 1.419614147022888e+00 1.007149783134278e+00
6.150000000000000e-01 1.455711425079295e+00 1.007661855085484e+00
6.200000000000000e-01 1.492718570163803e+00 1.008133859731372e+00
6.250000000000000e-01 1.530658712946775e+00 1.008547884857648e+00
6.300000000000000e-01 1.569555567252506e+00 1.008886866694136e+00
6.350000000000000e-01 1.609433444881138e+00 1.009136513476253e+00
6.400000000000000e-01 1.650317270804325e+00 1.009287546475200e+00
6.450000000000000e-01 1.692232598744148e+00 1.009338026968343e+00
6.500000000000000e-01 1.735205627145031e+00 1.009295271644342e+00
6.550000000000000e-01 1.779263215548615e+00 1.009176938389785e+00
6.600000000000000e-01 1.824432901381847e+00 1.009011024094044e+00
6.650000000000000e-01 1.870742917168772e+00 1.008834574436361e+00
6.700000000000000e-01 1.918222208176775e+00 1.008691102327292e+00
6.750000000000000e-01 1.966900450508319e+00 1.008627045464449e+00
6.800000000000000e-01 2.016808069649473e+00 1.008687774911581e+00
6.850000000000001e-01 2.067976259486829e+00 1.008913653476105e+00
6.900000000000001e-01 2.120437001804702e+00 1.009336600896350e+00
6.950000000000001e-01 2.174223086274785e+00 1.009977556074934e+00
7.000000000000001e-01 2.229368130950753e+00 1.010845040364795e+00
7.050000000000000e-01 2.285906603280654e+00 1.011934774336184e+00
7.100000000000000e-01 2.343873841650178e+00 1.013230137891250e+00
7.150000000000000e-01 2.403306077470301e+00 1.014703233997906e+00
7.200000000000000e-01 2.464240457823092e+00 1.016316347901289e+00
7.250000000000000e-01 2.526715068679855e+00 1.018023631963062e+00
7.300000000000000e-01 2.590768958706095e+00 1.019772891436244e+00
7.350000000000000e-01 2.656442163668210e+00 1.021507415661534e+00
7.400000000000000e-01 2.723775731457148e+00 1.023167895657339e+00
7.450000000000000e-01 2.792811747744667e+00 1.024694568684027e+00
7.500000000000000e-01 2.863593362288260e+00 1.026029816465752e+00
7.550000000000000e-01 2.936164815901156e+00 1.027121494350092e+00
7.600000000000000e-01 3.010571468104263e+00 1.027927221455435e+00
7.650000000000000e-01 3.086859825477351e+00 1.028419613070882e+00
7.700000000000000e-01 3.165077570727174e+00 1.028591904505872e+00
7.750000000000000e-01 3.245273592490716e+00 1.028462679946359e+00
7.800000000000000e-01 3.327498015892184e+00 1.028077812983782e+00
7.850000000000000e-01 3.411802233872832e+00 1.027507738423573e+00
7.900000000000000e-01 3.498238939313234e+00 1.026839145209806e+00
7.950000000000000e-01 3.586862157968046e+00 1.026161952014558e+00
8.000000000000000e-01 3.677727282233856e+00 1.025554297594529e+00
8.050000000000000e-01 3.770891105771243e+00 1.025069357465754e+00
8.100000000000001e-01 3.866411859002656e+00 1.024727540242538e+00
8.150000000000001e-01 3.964349245508326e+00 1.024516108462170e+00
8.200000000000001e-01 4.064764479342956e+00 1.024396106161442e+00
8.250000000000001e-01 4.167720323296481e+00 1.024314415500807e+00
8.300000000000001e-01 4.273281128122877e+00 1.024217441400130e+00
8.350000000000000e-01 4.381512872761445e+00 1.024062717608219e+00
8.400000000000000e-01 4.492483205575838e+00 1.023825692117469e+00
8.450000000000000e-01 4.606261486636447e+00 1.023500739582193e+00
8.500000000000000e-01 4.722918831072739e+00 1.023097372508306e+00
8.550000000000000e-01 4.842528153522501e+00 1.022633919536748e+00
8.600000000000000e-01 4.965164213705875e+00 1.022131167239436e+00
8.650000000000000e-01 5.090903663152626e+00 1.021607730297723e+00
8.700000000000000e-01 5.219825093111814e+00 1.021077762466813e+00
8.750000000000000e-01 5.352009083673925e+00 1.020550647978834e+00
8.800000000000000e-01 5.487538254136007e+00 1.020031852287895e+00
8.850000000000000e-01 5.626497314641444e+00 1.019524141439111e+00
8.900000000000000e-01 5.768973119126561e+00 1.019028669321364e+00
8.950000000000000e-01 5.915054719607133e+00 1.018545742316574e+00
9.000000000000000e-01 6.064833421838831e+00 1.018075272791619e+00
9.050000000000000e-01 6.218402842386253e+00 1.017617012474872e+00
9.100000000000000e-01 6.375858967136348e+00 1.017170658188223e+00
9.150000000000000e-01 6.537300211292723e+00 1.016735894315272e+00
9.200000000000000e-01 6.702827480888332e+00 1.016312407917626e+00
9.250000000000000e-01 6.872544235855034e+00 1.015899893417117e+00
9.300000000000000e-01 7.046556554689444e+00 1.015498053743848e+00
9.350000000000001e-01 7.224973200755413e+00 1.015106600420266e+00
9.400000000000001e-01 7.407905690264673e+00 1.014725253364075e+00
9.450000000000001e-01 7.595468361978146e+00 1.014353740630703e+00
9.500000000000001e-01 7.787778448671316e+00 1.013991798150639e+00
9.550000000000001e-01 7.984956150408610e+00 1.013639169473843e+00
9.600000000000000e-01 8.187124709672272e+00 1.013295605523319e+00
9.650000000000000e-01 8.394410488393007e+00 1.012960864357907e+00
9.700000000000000e-01 8.606943046930221e+00 1.012634710943938e+00
9.750000000000000e-01 8.824855225051540e+00 1.012316916935390e+00
9.800000000000000e-01 9.048283224961922e+00 1.012007260462155e+00
9.850000000000000e-01 9.277366696434507e+00 1.011705525926075e+00
9.900000000000000e-01 9.512248824096272e+00 1.011411503804407e+00
9.950000000000000e-01 9.753076416923058e+00 1.011124990460402e+00
1.000000000000000e+00 1.000000000000000e+01 1.010845787960684e+00
