0.000000000000000e+00 0.000000000000000e+00 1.000000000000000e+00
5.000000000000000e-03 3.369477419287315e-03 1.000000811625213e+00
1.000000000000000e-02 6.741060871647481e-03 1.000004055449918e+00
1.500000000000000e-02 1.011685770649257e-02 1.000009460714005e+00
2.000000000000000e-02 1.349897790673588e-02 1.000017050739336e+00
2.500000000000000e-02 1.688953540759990e-02 1.000026847503380e+00
3.000000000000000e-02 2.029064941789469e-02 1.000038868809283e+00
3.500000000000000e-02 2.370444574459234e-02 1.000053141233581e+00
4.000000000000000e-02 2.713305812152553e-02 1.000069704594579e+00
4.500000000000000e-02 3.057862954304063e-02 1.000088602058867e+00
5.000000000000000e-02 3.404331360343898e-02 1.000109875079864e+00
5.500000000000000e-02 3.752927584304335e-02 1.000133573289611e+00
6.000000000000000e-02 4.103869510173117e-02 1.000159760116885e+00
6.500000000000000e-02 4.457376488078044e-02 1.000188501986623e+00
7.000000000000001e-02 4.813669471387935e-02 1.000219863111615e+00
7.500000000000000e-02 5.172971154815675e-02 1.000253917594958e+00
8.000000000000000e-02 5.535506113609672e-02 1.000290755155457e+00
8.500000000000001e-02 5.901500943920686e-02 1.000330468370583e+00
9.000000000000000e-02 6.271184404431801e-02 1.000373146975725e+00
9.500000000000000e-02 6.644787559340060e-02 1.000418891557173e+00
1.000000000000000e-01 7.022543922779090e-02 1.000467820641935e+00
1.050000000000000e-01 7.404689604773053e-02 1.000520057154118e+00
1.100000000000000e-01 7.791463458813094e-02 1.000575720594195e+00
1.150000000000000e-01 8.183107231148547e-02 1.000634940696826e+00
1.200000000000000e-01 8.579865711886202e-02 1.000697867377611e+00
1.250000000000000e-01 8.981986887992111e-02 1.000764658908733e+00
1.300000000000000e-01 9.389722098291493e-02 1.000835471461858e+00
1.350000000000000e-01 9.803326190563690e-02 1.000910468691882e+00
1.400000000000000e-01 1.022305768083033e-01 1.000989832894846e+00
1.450000000000000e-01 1.064917891493625e-01 1.001073760980296e+00
1.500000000000000e-01 1.108195623252418e-01 1.001162456678896e+00
1.550000000000000e-01 1.152166013350572e-01 1.001256128339266e+00
1.600000000000000e-01 1.196856544713255e-01 1.001354991687889e+00
1.650000000000000e-01 1.242295150377370e-01 1.001459280538362e+00
1.700000000000000e-01 1.288510230950609e-01 1.001569253058438e+00
1.750000000000000e-01 1.335530672362758e-01 1.001685177033860e+00
1.800000000000000e-01 1.383385863920344e-01 1.001807319546904e+00
1.850000000000000e-01 1.432105716675912e-01 1.001935960002780e+00
1.900000000000000e-01 1.481720682123397e-01 1.002071396514765e+00
1.950000000000000e-01 1.532261771231311e-01 1.002213946051196e+00
2.000000000000000e-01 1.583760573825595e-01 1.002363952504908e+00
2.050000000000000e-01 1.636249278334301e-01 1.002521774364246e+00
2.100000000000000e-01 1.689760691906397e-01 1.002687776665792e+00
2.150000000000000e-01 1.744328260917313e-01 1.002862341739188e+00
2.200000000000000e-01 1.799986091874004e-01 1.003045860402350e+00
2.250000000000000e-01 1.856768972732633e-01 1.003238744209790e+00
2.300000000000000e-01 1.914712394642179e-01 1.003441426805564e+00
2.350000000000000e-01 1.973852574127551e-01 1.003654361456663e+00
2.400000000000000e-01 2.034226475726105e-01 1.003878027581820e+00
2.450000000000000e-01 2.095871835091678e-01 1.004112923802512e+00
2.500000000000000e-01 2.158827182580599e-01 1.004359573230278e+00
2.550000000000000e-01 2.223131867334419e-01 1.004618519837469e+00
2.600000000000000e-01 2.288826081874405e-01 1.004890331164731e+00
2.650000000000000e-01 2.355950887223172e-01 1.005175597584541e+00
2.700000000000000e-01 2.424548238569160e-01 1.005474933504129e+00
2.750000000000000e-01 2.494661011489995e-01 1.005788977613544e+00
2.800000000000000e-01 2.566333028751116e-01 1.006118393487522e+00
2.850000000000000e-01 2.639609087696434e-01 1.006463869936076e+00
2.900000000000000e-01 2.714534988248126e-01 1.006826121330364e+00
2.950000000000000e-01 2.791157561533084e-01 1.007205887800477e+00
3.000000000000000e-01 2.869524699153886e-01 1.007603935321799e+00
3.050000000000000e-01 2.949685383122613e-01 1.008021055660610e+00
3.100000000000000e-01 3.031689716476197e-01 1.008458066160231e+00
3.150000000000000e-01 3.115588954592450e-01 1.008915809341270e+00
3.200000000000000e-01 3.201435537226349e-01 1.009395152287200e+00
3.250000000000000e-01 3.289283121286580e-01 1.009896985782355e+00
3.300000000000000e-01 3.379186614372866e-01 1.010422223165386e+00
3.350000000000000e-01 3.471202209094989e-01 1.010971798856754e+00
3.400000000000000e-01 3.565387418195016e-01 1.011546666514008e+00
3.450000000000000e-01 3.661801110494620e-01 1.012147796763436e+00
3.500000000000000e-01 3.760503547690021e-01 1.012776174451097e+00
3.550000000000000e-01 3.861556422017504e-01 1.013432795350434e+00
3.600000000000000e-01 3.965022894813072e-01 1.014118662257511e+00
3.650000000000000e-01 4.070967635990345e-01 1.014834780398623e+00
3.700000000000000e-01 4.179456864461349e-01 1.015582152068693e+00
3.750000000000000e-01 4.290558389525505e-01 1.016361770412575e+00
3.800000000000000e-01 4.404341653252637e-01 1.017174612255487e+00
3.850000000000000e-01 4.520877773886537e-01 1.018021629883434e+00
3.900000000000000e-01 4.640239590296172e-01 1.018903741670097e+00
3.950000000000000e-01 4.762501707502353e-01 1.019821821443636e+00
4.000000000000000e-01 4.887740543308307e-01 1.020776686485704e+00
4.050000000000000e-01 5.016034376063282e-01 1.021769084056355e+00
4.100000000000000e-01 5.147463393589066e-01 1.022799676343061e+00
4.150000000000000e-01 5.282109743299990e-01 1.023869023740715e+00
4.200000000000000e-01 5.420057583547735e-01 1.024977566383031e+00
4.250000000000000e-01 5.561393136223041e-01 1.026125603865301e+00
4.300000000000000e-01 5.706204740647189e-01 1.027313273125043e+00
4.350000000000000e-01 5.854582908786964e-01 1.028540524481791e+00
4.400000000000000e-01 6.006620381827575e-01 1.029807095881216e+00
4.450000000000000e-01 6.162412188138907e-01 1.031112485442911e+00
4.500000000000000e-01 6.322055702671360e-01 1.032455922476411e+00
4.550000000000000e-01 6.485650707818353e-01 1.033836337206699e+00
4.600000000000000e-01 6.653299455783577e-01 1.035252329538980e+00
4.650000000000000e-01 6.825106732491932e-01 1.036702137292077e+00
4.700000000000000e-01 7.001179923084168e-01 1.038183604439594e+00
4.750000000000000e-01 7.181629079036070e-01 1.039694150015695e+00
4.800000000000000e-01 7.366566986944229e-01 1.041230738464989e+00
4.850000000000000e-01 7.556109239021327e-01 1.042789852339387e+00
4.900000000000000e-01 7.750374305345038e-01 1.044367468363339e+00
4.950000000000000e-01 7.949483607905672e-01 1.045959037996085e+00
5.000000000000000e-01 8.153561596498893e-01 1.047559473707570e+00
5.050000000000000e-01 8.362735826510871e-01 1.049163142245092e+00
5.100000000000000e-01 8.577137038644561e-01 1.050763866191529e+00
5.150000000000000e-01 8.796899240636907e-01 1.052354935094397e+00
5.200000000000000e-01 9.022159791018011e-01 1.053929127370117e+00
5.250000000000000e-01 9.253059484964714e-01 1.055478744053612e+00
5.300000000000000e-01 9.489742642302165e-01 1.056995655266101e+00
5.350000000000000e-01 9.732357197708378e-01 1.058471360013713e+00
5.400000000000000e-01 9.981054793178262e-01 1.059897059610204e+00
5.450000000000000e-01 1.023599087280478e+00 1.061263744647214e+00
5.500000000000000e-01 1.049732477993657e+00 1.062562295027640e+00
5.550000000000000e-01 1.076521985677273e+00 1.063783592148325e+00
5.600000000000001e-01 1.103984354645701e+00 1.064918641885554e+00
5.650000000000001e-01 1.132136749773522e+00 1.065958706619727e+00
5.700000000000001e-01 1.160996767224129e+00 1.066895444150378e+00
5.750000000000001e-01 1.190582445447902e+00 1.067721051011790e+00
5.800000000000000e-01 1.220912276456826e+00 1.068428407408107e+00
5.850000000000000e-01 1.252005217382601e+00 1.069011220743380e+00
5.900000000000000e-01 1.283880702325469e+00 1.069464164517063e+00
5.950000000000000e-01 1.316558654501151e+00 1.069783009175358e+00
6.000000000000000e-01 1.350059498693518e+00 1.069964741339121e+00
6.050000000000000e-01 1.384404174020732e+00 1.070007667661215e+00
6.100000000000000e-01 1.419614147022888e+00 1.069911499404590e+00
6.150000000000000e-01 1.455711425079295e+00 1.069677413700740e+00
6.200000000000000e-01 1.492718570163803e+00 1.069308087394514e+00
6.250000000000000e-01 1.530658712946775e+00 1.068807699477847e+00
6.300000000000000e-01 1.569555567252506e+00 1.068181898453163e+00
6.350000000000000e-01 1.609433444881138e+00 1.067437731644649e+00
6.400000000000000e-01 1.650317270804325e+00 1.066583534578109e+00
6.450000000000000e-01 1.692232598744148e+00 1.065628780127364e+00
6.500000000000000e-01 1.735205627145031e+00 1.064583889168063e+00
6.550000000000000e-01 1.779263215548615e+00 1.063460006899676e+00
6.600000000000000e-01 1.824432901381847e+00 1.062268751617582e+00
6.650000000000000e-01 1.870742917168772e+00 1.061021945281732e+00
6.700000000000000e-01 1.918222208176775e+00 1.059731337421666e+00
6.750000000000000e-01 1.966900450508319e+00 1.058408335409205e+00
6.800000000000000e-01 2.016808069649473e+00 1.057063754627717e+00
6.850000000000001e-01 2.067976259486829e+00 1.055707601373159e+00
6.900000000000001e-01 2.120437001804702e+00 1.054348899383967e+00
6.950000000000001e-01 2.174223086274785e+00 1.052995567833813e+00
7.000000000000001e-01 2.229368130950753e+00 1.051654354725684e+00
7.050000000000000e-01 2.285906603280654e+00 1.050330825330061e+00
7.100000000000000e-01 2.343873841650178e+00 1.049029401124688e+00
7.150000000000000e-01 2.403306077470301e+00 1.047753441124939e+00
7.200000000000000e-01 2.464240457823092e+00 1.046505354959935e+00
7.250000000000000e-01 2.526715068679855e+00 1.045286735807722e+00
7.300000000000000e-01 2.590768958706095e+00 1.044098501409174e+00
7.350000000000000e-01 2.656442163668210e+00 1.042941032687315e+00
7.400000000000000e-01 2.723775731457148e+00 1.041814301693184e+00
7.450000000000000e-01 2.792811747744667e+00 1.040717983270299e+00
7.500000000000000e-01 2.863593362288260e+00 1.039651547551140e+00
7.550000000000000e-01 2.936164815901156e+00 1.038614332806975e+00
7.600000000000000e-01 3.010571468104263e+00 1.037605600020303e+00
7.650000000000000e-01 3.086859825477351e+00 1.036624571730713e+00
7.700000000000000e-01 3.165077570727174e+00 1.035670458244136e+00
7.750000000000000e-01 3.245273592490716e+00 1.034742474311662e+00
7.800000000000000e-01 3.327498015892184e+00 1.033839849045004e+00
7.850000000000000e-01 3.411802233872832e+00 1.032961831312630e+00
7.900000000000000e-01 3.498238939313234e+00 1.032107692294879e+00
7.950000000000000e-01 3.586862157968046e+00 1.031276726363662e+00
8.000000000000000e-01 3.677727282233856e+00 1.030468251040992e+00
8.050000000000000e-01 3.770891105771243e+00 1.029681606491669e+00
8.100000000000001e-01 3.866411859002656e+00 1.028916154806458e+00
8.150000000000001e-01 3.964349245508326e+00 1.028171279209997e+00
8.200000000000001e-01 4.064764479342956e+00 1.027446383258415e+00
8.250000000000001e-01 4.167720323296481e+00 1.026740890055319e+00
8.300000000000001e-01 4.273281128122877e+00 1.026054241497190e+00
8.350000000000000e-01 4.381512872761445e+00 1.025385897551381e+00
8.400000000000000e-01 4.492483205575838e+00 1.024735335566670e+00
8.450000000000000e-01 4.606261486636447e+00 1.024102049615222e+00
8.500000000000000e-01 4.722918831072739e+00 1.023485549864412e+00
8.550000000000000e-01 4.842528153522501e+00 1.022885361976973e+00
8.600000000000000e-01 4.965164213705875e+00 1.022301026537951e+00
8.650000000000000e-01 5.090903663152626e+00 1.021732098507068e+00
8.700000000000000e-01 5.219825093111814e+00 1.021178146695134e+00
8.750000000000000e-01 5.352009083673925e+00 1.020638753263267e+00
8.800000000000000e-01 5.487538254136007e+00 1.020113513243748e+00
8.850000000000000e-01 5.626497314641444e+00 1.019602034081380e+00
8.900000000000000e-01 5.768973119126561e+00 1.019103935194331e+00
8.950000000000000e-01 5.915054719607133e+00 1.018618847553466e+00
9.000000000000000e-01 6.064833421838831e+00 1.018146413279247e+00
9.050000000000000e-01 6.218402842386253e+00 1.017686285255326e+00
9.100000000000000e-01 6.375858967136348e+00 1.017238126758022e+00
9.150000000000000e-01 6.537300211292723e+00 1.016801611100893e+00
9.200000000000000e-01 6.702827480888332e+00 1.016376421293680e+00
9.250000000000000e-01 6.872544235855034e+00 1.015962249714934e+00
9.300000000000000e-01 7.046556554689444e+00 1.015558797797673e+00
9.350000000000001e-01 7.224973200755413e+00 1.015165775727457e+00
9.400000000000001e-01 7.407905690264673e+00 1.014782902152291e+00
9.450000000000001e-01 7.595468361978146e+00 1.014409903903818e+00
9.500000000000001e-01 7.787778448671316e+00 1.014046515729277e+00
9.550000000000001e-01 7.984956150408610e+00 1.013692480033726e+00
9.600000000000000e-01 8.187124709672272e+00 1.013347546632081e+00
9.650000000000000e-01 8.394410488393007e+00 1.013011472510511e+00
9.700000000000000e-01 8.606943046930221e+00 1.012684021596783e+00
9.750000000000000e-01 8.824855225051540e+00 1.012364964539163e+00
9.800000000000000e-01 9.048283224961922e+00 1.012054078493476e+00
9.850000000000000e-01 9.277366696434507e+00 1.011751146918002e+00
9.900000000000000e-01 9.512248824096272e+00 1.011455959375835e+00
9.950000000000000e-01 9.753076416923058e+00 1.011168311344407e+00
1.000000000000000e+00 1.000000000000000e+01 1.010888004031860e+00
