0.000000000000000e+00 0.000000000000000e+00 1.000000000000000e+00
5.000000000000000e-03 3.369477419287315e-03 1.000000000002135e+00
1.000000000000000e-02 6.741060871647481e-03 1.000000000018649e+00
1.500000000000000e-02 1.011685770649257e-02 1.000000000015772e+00
2.000000000000000e-02 1.349897790673588e-02 1.000000000013254e+00
2.500000000000000e-02 1.688953540759990e-02 1.000000000013781e+00
3.000000000000000e-02 2.029064941789469e-02 1.000000000015279e+00
3.500000000000000e-02 2.370444574459234e-02 1.000000000015536e+00
4.000000000000000e-02 2.713305812152553e-02 1.000000000014885e+00
4.500000000000000e-02 3.057862954304063e-02 1.000000000016086e+00
5.000000000000000e-02 3.404331360343898e-02 1.000000000018041e+00
5.500000000000000e-02 3.752927584304335e-02 1.000000000020121e+00
6.000000000000000e-02 4.103869510173117e-02 1.000000000022393e+00
6.500000000000000e-02 4.457376488078044e-02 1.000000000026752e+00
7.000000000000001e-02 4.813669471387935e-02 1.000000000027911e+00
7.500000000000000e-02 5.172971154815675e-02 1.000000000027732e+00
8.000000000000000e-02 5.535506113609672e-02 1.000000000029642e+00
8.500000000000001e-02 5.901500943920686e-02 1.000000000030860e+00
9.000000000000000e-02 6.271184404431801e-02 1.000000000033151e+00
9.500000000000000e-02 6.644787559340060e-02 1.000000000038026e+00
1.000000000000000e-01 7.022543922779090e-02 1.000000000042817e+00
1.050000000000000e-01 7.404689604773053e-02 1.000000000047510e+00
1.100000000000000e-01 7.791463458813094e-02 1.000000000051547e+00
1.150000000000000e-01 8.183107231148547e-02 1.000000000058058e+00
1.200000000000000e-01 8.579865711886202e-02 1.000000000064662e+00
1.250000000000000e-01 8.981986887992111e-02 1.000000000068867e+00
1.300000000000000e-01 9.389722098291493e-02 1.000000000073906e+00
1.350000000000000e-01 9.803326190563690e-02 1.000000000081242e+00
1.400000000000000e-01 1.022305768083033e-01 1.000000000086835e+00
1.450000000000000e-01 1.064917891493625e-01 1.000000000093926e+00
1.500000000000000e-01 1.108195623252418e-01 1.000000000102819e+00
1.550000000000000e-01 1.152166013350572e-01 1.000000000110463e+00
1.600000000000000e-01 1.196856544713255e-01 1.000000000119951e+00
1.650000000000000e-01 1.242295150377370e-01 1.000000000130732e+00
1.700000000000000e-01 1.288510230950609e-01 1.000000000141838e+00
1.750000000000000e-01 1.335530672362758e-01 1.000000000151849e+00
1.800000000000000e-01 1.383385863920344e-01 1.000000000160026e+00
1.850000000000000e-01 1.432105716675912e-01 1.000000000169633e+00
1.900000000000000e-01 1.481720682123397e-01 1.000000000181948e+00
1.950000000000000e-01 1.532261771231311e-01 1.000000000198671e+00
2.000000000000000e-01 1.583760573825595e-01 1.000000000215750e+00
2.050000000000000e-01 1.636249278334301e-01 1.000000000229341e+00
2.100000000000000e-01 1.689760691906397e-01 1.000000000243798e+00
2.150000000000000e-01 1.744328260917313e-01 1.000000000258631e+00
2.200000000000000e-01 1.799986091874004e-01 1.000000000276270e+00
2.250000000000000e-01 1.856768972732633e-01 1.000000000294359e+00
2.300000000000000e-01 1.914712394642179e-01 1.000000000316311e+00
2.350000000000000e-01 1.973852574127551e-01 1.000000000338815e+00
2.400000000000000e-01 2.034226475726105e-01 1.000000000358753e+00
2.450000000000000e-01 2.095871835091678e-01 1.000000000382178e+00
2.500000000000000e-01 2.158827182580599e-01 1.000000000407969e+00
2.550000000000000e-01 2.223131867334419e-01 1.000000000433688e+00
2.600000000000000e-01 2.288826081874405e-01 1.000000000464075e+00
2.650000000000000e-01 2.355950887223172e-01 1.000000000499654e+00
2.700000000000000e-01 2.424548238569160e-01 1.000000000537104e+00
2.750000000000000e-01 2.494661011489995e-01 1.000000000577163e+00
2.800000000000000e-01 2.566333028751116e-01 1.000000000615531e+00
2.850000000000000e-01 2.639609087696434e-01 1.000000000654281e+00
2.900000000000000e-01 2.714534988248126e-01 1.000000000697272e+00
2.950000000000000e-01 2.791157561533084e-01 1.000000000749222e+00
3.000000000000000e-01 2.869524699153886e-01 1.000000000801219e+00
3.050000000000000e-01 2.949685383122613e-01 1.000000000855061e+00
3.100000000000000e-01 3.031689716476197e-01 1.000000000918892e+00
3.150000000000000e-01 3.115588954592450e-01 1.000000000992187e+00
3.200000000000000e-01 3.201435537226349e-01 1.000000001069725e+00
3.250000000000000e-01 3.289283121286580e-01 1.000000001153392e+00
3.300000000000000e-01 3.379186614372866e-01 1.000000001244075e+00
3.350000000000000e-01 3.471202209094989e-01 1.000000001333876e+00
3.400000000000000e-01 3.565387418195016e-01 1.000000001435521e+00
3.450000000000000e-01 3.661801110494620e-01 1.000000001546396e+00
3.500000000000000e-01 3.760503547690021e-01 1.000000001672158e+00
3.550000000000000e-01 3.861556422017504e-01 1.000000001820308e+00
3.600000000000000e-01 3.965022894813072e-01 1.000000001989727e+00
3.650000000000000e-01 4.070967635990345e-01 1.000000002167630e+00
3.700000000000000e-01 4.179456864461349e-01 1.000000002355090e+00
3.750000000000000e-01 4.290558389525505e-01 1.000000002577791e+00
3.800000000000000e-01 4.404341653252637e-01 1.000000002830261e+00
3.850000000000000e-01 4.520877773886537e-01 1.000000003113958e+00
3.900000000000000e-01 4.640239590296172e-01 1.000000003429298e+00
3.950000000000000e-01 4.762501707502353e-01 1.000000003795408e+00
4.000000000000000e-01 4.887740543308307e-01 1.000000004217819e+00
4.050000000000000e-01 5.016034376063282e-01 1.000000004698766e+00
4.100000000000000e-01 5.147463393589066e-01 1.000000005255724e+00
4.150000000000000e-01 5.282109743299990e-01 1.000000005891114e+00
4.200000000000000e-01 5.420057583547735e-01 1.000000006642870e+00
4.250000000000000e-01 5.561393136223041e-01 1.000000007523548e+00
4.300000000000000e-01 5.706204740647189e-01 1.000000008565841e+00
4.350000000000000e-01 5.854582908786964e-01 1.000000009804409e+00
4.400000000000000e-01 6.006620381827575e-01 1.000000011265311e+00
4.450000000000000e-01 6.162412188138907e-01 1.000000013010804e+00
4.500000000000000e-01 6.322055702671360e-01 1.000000015106565e+00
4.550000000000000e-01 6.485650707818353e-01 1.000000017653626e+00
4.600000000000000e-01 6.653299455783577e-01 1.000000020743034e+00
4.650000000000000e-01 6.825106732491932e-01 1.000000024523940e+00
4.700000000000000e-01 7.001179923084168e-01 1.000000029159567e+00
4.750000000000000e-01 7.181629079036070e-01 1.000000034875421e+00
4.800000000000000e-01 7.366566986944229e-01 1.000000041988259e+00
4.850000000000000e-01 7.556109239021327e-01 1.000000050814696e+00
4.900000000000000e-01 7.750374305345038e-01 1.000000061907334e+00
4.950000000000000e-01 7.949483607905672e-01 1.000000075882869e+00
5.000000000000000e-01 8.153561596498893e-01 1.000000093539386e+00
5.050000000000000e-01 8.362735826510871e-01 1.000000116023630e+00
5.100000000000000e-01 8.577137038644561e-01 1.000000144692266e+00
5.150000000000000e-01 8.796899240636907e-01 1.000000181527972e+00
5.200000000000000e-01 9.022159791018011e-01 1.000000228990442e+00
5.250000000000000e-01 9.253059484964714e-01 1.000000290374464e+00
5.300000000000000e-01 9.489742642302165e-01 1.000000370257236e+00
5.350000000000000e-01 9.732357197708378e-01 1.000000474388953e+00
5.400000000000000e-01 9.981054793178262e-01 1.000000610867271e+00
5.450000000000000e-01 1.023599087280478e+00 1.000000790373780e+00
5.500000000000000e-01 1.049732477993657e+00 1.000001027076855e+00
5.550000000000000e-01 1.076521985677273e+00 1.000001340709208e+00
5.600000000000001e-01 1.103984354645701e+00 1.000001757164357e+00
5.650000000000001e-01 1.132136749773522e+00 1.000002311889298e+00
5.700000000000001e-01 1.160996767224129e+00 1.000003053316154e+00
5.750000000000001e-01 1.190582445447902e+00 1.000004045915067e+00
5.800000000000000e-01 1.220912276456826e+00 1.000005378536457e+00
5.850000000000000e-01 1.252005217382601e+00 1.000007171406948e+00
5.900000000000000e-01 1.283880702325469e+00 1.000009586378577e+00
5.950000000000000e-01 1.316558654501151e+00 1.000012845452729e+00
6.000000000000000e-01 1.350059498693518e+00 1.000017247640123e+00
6.050000000000000e-01 1.384404174020732e+00 1.000023196122618e+00
6.100000000000000e-01 1.419614147022888e+00 1.000031238494321e+00
6.150000000000000e-01 1.455711425079295e+00 1.000042107106334e+00
6.200000000000000e-01 1.492718570163803e+00 1.000056780846194e+00
6.250000000000000e-01 1.530658712946775e+00 1.000076568139757e+00
6.300000000000000e-01 1.569555567252506e+00 1.000103191894907e+00
6.350000000000000e-01 1.609433444881138e+00 1.000138906952927e+00
6.400000000000000e-01 1.650317270804325e+00 1.000186645557139e+00
6.450000000000000e-01 1.692232598744148e+00 1.000250151126090e+00
6.500000000000000e-01 1.735205627145031e+00 1.000334128876758e+00
6.550000000000000e-01 1.779263215548615e+00 1.000444397643966e+00
6.600000000000000e-01 1.824432901381847e+00 1.000587947044947e+00
6.650000000000000e-01 1.870742917168772e+00 1.000772885827302e+00
6.700000000000000e-01 1.918222208176775e+00 1.001008245070356e+00
6.750000000000000e-01 1.966900450508319e+00 1.001303447043623e+00
6.800000000000000e-01 2.016808069649473e+00 1.001667323578440e+00
6.850000000000001e-01 2.067976259486829e+00 1.002106688771685e+00
6.900000000000001e-01 2.120437001804702e+00 1.002624368891523e+00
6.950000000000001e-01 2.174223086274785e+00 1.003216641249324e+00
7.000000000000001e-01 2.229368130950753e+00 1.003870401354213e+00
7.050000000000000e-01 2.285906603280654e+00 1.004560713684365e+00
7.100000000000000e-01 2.343873841650178e+00 1.005249768485964e+00
7.150000000000000e-01 2.403306077470301e+00 1.005888807144650e+00
7.200000000000000e-01 2.464240457823092e+00 1.006424539567303e+00
7.250000000000000e-01 2.526715068679855e+00 1.006810153121986e+00
7.300000000000000e-01 2.590768958706095e+00 1.007018688187362e+00
7.350000000000000e-01 2.656442163668210e+00 1.007054684699459e+00
7.400000000000000e-01 2.723775731457148e+00 1.006959673259918e+00
7.450000000000000e-01 2.792811747744667e+00 1.006808724924192e+00
7.500000000000000e-01 2.863593362288260e+00 1.006698404481625e+00
7.550000000000000e-01 2.936164815901156e+00 1.006729583223914e+00
7.600000000000000e-01 3.010571468104263e+00 1.006990018591150e+00
7.650000000000000e-01 3.086859825477351e+00 1.007540899986031e+00
7.700000000000000e-01 3.165077570727174e+00 1.008409493283322e+00
7.750000000000000e-01 3.245273592490716e+00 1.009587828261765e+00
7.800000000000000e-01 3.327498015892184e+00 1.011035948067041e+00
7.850000000000000e-01 3.411802233872832e+00 1.012687808635155e+00
7.900000000000000e-01 3.498238939313234e+00 1.014458152779752e+00
7.950000000000000e-01 3.586862157968046e+00 1.016249181023080e+00
8.000000000000000e-01 3.677727282233856e+00 1.017956580023128e+00
8.050000000000000e-01 3.770891105771243e+00 1.019475628010912e+00
8.100000000000001e-01 3.866411859002656e+00 1.020709320577048e+00
8.150000000000001e-01 3.964349245508326e+00 1.021580531042971e+00
8.200000000000001e-01 4.064764479342956e+00 1.022047932608415e+00
8.250000000000001e-01 4.167720323296481e+00 1.022121191902863e+00
8.300000000000001e-01 4.273281128122877e+00 1.021867544256214e+00
8.350000000000000e-01 4.381512872761445e+00 1.021402714262555e+00
8.400000000000000e-01 4.492483205575838e+00 1.020865227410034e+00
8.450000000000000e-01 4.606261486636447e+00 1.020381421157567e+00
8.500000000000000e-01 4.722918831072739e+00 1.020033845022243e+00
8.550000000000000e-01 4.842528153522501e+00 1.019844928722018e+00
8.600000000000000e-01 4.965164213705875e+00 1.019781274089167e+00
8.650000000000000e-01 5.090903663152626e+00 1.019775156314084e+00
8.700000000000000e-01 5.219825093111814e+00 1.019753103881457e+00
8.750000000000000e-01 5.352009083673925e+00 1.019659843644431e+00
8.800000000000000e-01 5.487538254136007e+00 1.019469835203987e+00
8.850000000000000e-01 5.626497314641444e+00 1.019185487297520e+00
8.900000000000000e-01 5.768973119126561e+00 1.018826934112266e+00
8.950000000000000e-01 5.915054719607133e+00 1.018420166618802e+00
9.000000000000000e-01 6.064833421838831e+00 1.017988444916836e+00
9.050000000000000e-01 6.218402842386253e+00 1.017548513221696e+00
9.100000000000000e-01 6.375858967136348e+00 1.017110533942265e+00
9.150000000000000e-01 6.537300211292723e+00 1.016679784289955e+00
9.200000000000000e-01 6.702827480888332e+00 1.016258580306803e+00
9.250000000000000e-01 6.872544235855034e+00 1.015847712713555e+00
9.300000000000000e-01 7.046556554689444e+00 1.015447292532885e+00
9.350000000000001e-01 7.224973200755413e+00 1.015057167755385e+00
9.400000000000001e-01 7.407905690264673e+00 1.014677099782607e+00
9.450000000000001e-01 7.595468361978146e+00 1.014306828553978e+00
9.500000000000001e-01 7.787778448671316e+00 1.013946093618606e+00
9.550000000000001e-01 7.984956150408610e+00 1.013594640057238e+00
9.600000000000000e-01 8.187124709672272e+00 1.013252219831338e+00
9.650000000000000e-01 8.394410488393007e+00 1.012918591915280e+00
9.700000000000000e-01 8.606943046930221e+00 1.012593522145445e+00
9.750000000000000e-01 8.824855225051540e+00 1.012276783015646e+00
9.800000000000000e-01 9.048283224961922e+00 1.011968153468802e+00
9.850000000000000e-01 9.277366696434507e+00 1.011667418694293e+00
9.900000000000000e-01 9.512248824096272e+00 1.011374369932484e+00
9.950000000000000e-01 9.753076416923058e+00 1.011088804287092e+00
1.000000000000000e+00 1.000000000000000e+01 1.010810524553010e+00
