0.000000000000000e+00 0.000000000000000e+00 1.000000000000000e+00
5.000000000000000e-03 3.369477419287315e-03 1.000000000017420e+00
1.000000000000000e-02 6.741060871647481e-03 1.000000000054982e+00
1.500000000000000e-02 1.011685770649257e-02 1.000000000059487e+00
2.000000000000000e-02 1.349897790673588e-02 1.000000000080090e+00
2.500000000000000e-02 1.688953540759990e-02 1.000000000137834e+00
3.000000000000000e-02 2.029064941789469e-02 1.000000000189579e+00
3.500000000000000e-02 2.370444574459234e-02 1.000000000267261e+00
4.000000000000000e-02 2.713305812152553e-02 1.000000000353658e+00
4.500000000000000e-02 3.057862954304063e-02 1.000000000436458e+00
5.000000000000000e-02 3.404331360343898e-02 1.000000000528299e+00
5.500000000000000e-02 3.752927584304335e-02 1.000000000639046e+00
6.000000000000000e-02 4.103869510173117e-02 1.000000000770146e+00
6.500000000000000e-02 4.457376488078044e-02 1.000000000919272e+00
7.000000000000001e-02 4.813669471387935e-02 1.000000001072159e+00
7.500000000000000e-02 5.172971154815675e-02 1.000000001222451e+00
8.000000000000000e-02 5.535506113609672e-02 1.000000001394511e+00
8.500000000000001e-02 5.901500943920686e-02 1.000000001589525e+00
9.000000000000000e-02 6.271184404431801e-02 1.000000001801577e+00
9.500000000000000e-02 6.644787559340060e-02 1.000000002042774e+00
1.000000000000000e-01 7.022543922779090e-02 1.000000002306181e+00
1.050000000000000e-01 7.404689604773053e-02 1.000000002581646e+00
1.100000000000000e-01 7.791463458813094e-02 1.000000002868623e+00
1.150000000000000e-01 8.183107231148547e-02 1.000000003190030e+00
1.200000000000000e-01 8.579865711886202e-02 1.000000003540158e+00
1.250000000000000e-01 8.981986887992111e-02 1.000000003911945e+00
1.300000000000000e-01 9.389722098291493e-02 1.000000004306294e+00
1.350000000000000e-01 9.803326190563690e-02 1.000000004730446e+00
1.400000000000000e-01 1.022305768083033e-01 1.000000005189950e+00
1.450000000000000e-01 1.064917891493625e-01 1.000000005672406e+00
1.500000000000000e-01 1.108195623252418e-01 1.000000006190794e+00
1.550000000000000e-01 1.152166013350572e-01 1.000000006750902e+00
1.600000000000000e-01 1.196856544713255e-01 1.000000007366076e+00
1.650000000000000e-01 1.242295150377370e-01 1.000000008031173e+00
1.700000000000000e-01 1.288510230950609e-01 1.000000008724238e+00
1.750000000000000e-01 1.335530672362758e-01 1.000000009489268e+00
1.800000000000000e-01 1.383385863920344e-01 1.000000010320361e+00
1.850000000000000e-01 1.432105716675912e-01 1.000000011200537e+00
1.900000000000000e-01 1.481720682123397e-01 1.000000012168244e+00
1.950000000000000e-01 1.532261771231311e-01 1.000000013179195e+00
2.000000000000000e-01 1.583760573825595e-01 1.000000014282113e+00
2.050000000000000e-01 1.636249278334301e-01 1.000000015509562e+00
2.100000000000000e-01 1.689760691906397e-01 1.000000016832898e+00
2.150000000000000e-01 1.744328260917313e-01 1.000000018246741e+00
2.200000000000000e-01 1.799986091874004e-01 1.000000019751382e+00
2.250000000000000e-01 1.856768972732633e-01 1.000000021396604e+00
2.300000000000000e-01 1.914712394642179e-01 1.000000023217698e+00
2.350000000000000e-01 1.973852574127551e-01 1.000000025212940e+00
2.400000000000000e-01 2.034226475726105e-01 1.000000027393124e+00
2.450000000000000e-01 2.095871835091678e-01 1.000000029785602e+00
2.500000000000000e-01 2.158827182580599e-01 1.000000032382979e+00
2.550000000000000e-01 2.223131867334419e-01 1.000000035209734e+00
2.600000000000000e-01 2.288826081874405e-01 1.000000038294359e+00
2.650000000000000e-01 2.355950887223172e-01 1.000000041710769e+00
2.700000000000000e-01 2.424548238569160e-01 1.000000045456738e+00
2.750000000000000e-01 2.494661011489995e-01 1.000000049556350e+00
2.800000000000000e-01 2.566333028751116e-01 1.000000054103161e+00
2.850000000000000e-01 2.639609087696434e-01 1.000000059155963e+00
2.900000000000000e-01 2.714534988248126e-01 1.000000064749849e+00
2.950000000000000e-01 2.791157561533084e-01 1.000000070967533e+00
3.000000000000000e-01 2.869524699153886e-01 1.000000077862411e+00
3.050000000000000e-01 2.949685383122613e-01 1.000000085444675e+00
3.100000000000000e-01 3.031689716476197e-01 1.000000093914328e+00
3.150000000000000e-01 3.115588954592450e-01 1.000000103343898e+00
3.200000000000000e-01 3.201435537226349e-01 1.000000113901545e+00
3.250000000000000e-01 3.289283121286580e-01 1.000000125820362e+00
3.300000000000000e-01 3.379186614372866e-01 1.000000139260821e+00
3.350000000000000e-01 3.471202209094989e-01 1.000000154288650e+00
3.400000000000000e-01 3.565387418195016e-01 1.000000171110217e+00
3.450000000000000e-01 3.661801110494620e-01 1.000000190208683e+00
3.500000000000000e-01 3.760503547690021e-01 1.000000211853789e+00
3.550000000000000e-01 3.861556422017504e-01 1.000000236390208e+00
3.600000000000000e-01 3.965022894813072e-01 1.000000264202417e+00
3.650000000000000e-01 4.070967635990345e-01 1.000000295911989e+00
3.700000000000000e-01 4.179456864461349e-01 1.000000332115532e+00
3.750000000000000e-01 4.290558389525505e-01 1.000000373492665e+00
3.800000000000000e-01 4.404341653252637e-01 1.000000420937366e+00
3.850000000000000e-01 4.520877773886537e-01 1.000000475342588e+00
3.900000000000000e-01 4.640239590296172e-01 1.000000538085093e+00
3.950000000000000e-01 4.762501707502353e-01 1.000000610465261e+00
4.000000000000000e-01 4.887740543308307e-01 1.000000694229985e+00
4.050000000000000e-01 5.016034376063282e-01 1.000000791395514e+00
4.100000000000000e-01 5.147463393589066e-01 1.000000904202223e+00
4.150000000000000e-01 5.282109743299990e-01 1.000001035612555e+00
4.200000000000000e-01 5.420057583547735e-01 1.000001188991314e+00
4.250000000000000e-01 5.561393136223041e-01 1.000001368616765e+00
4.300000000000000e-01 5.706204740647189e-01 1.000001579306034e+00
4.350000000000000e-01 5.854582908786964e-01 1.000001827141454e+00
4.400000000000000e-01 6.006620381827575e-01 1.000002119340902e+00
4.450000000000000e-01 6.162412188138907e-01 1.000002464550774e+00
4.500000000000000e-01 6.322055702671360e-01 1.000002873614179e+00
4.550000000000000e-01 6.485650707818353e-01 1.000003359059186e+00
4.600000000000000e-01 6.653299455783577e-01 1.000003937073887e+00
4.650000000000000e-01 6.825106732491932e-01 1.000004626769844e+00
4.700000000000000e-01 7.001179923084168e-01 1.000005451296537e+00
4.750000000000000e-01 7.181629079036070e-01 1.000006439856598e+00
4.800000000000000e-01 7.366566986944229e-01 1.000007627136478e+00
4.850000000000000e-01 7.556109239021327e-01 1.000009056893256e+00
4.900000000000000e-01 7.750374305345038e-01 1.000010782137581e+00
4.950000000000000e-01 7.949483607905672e-01 1.000012867935471e+00
5.000000000000000e-01 8.153561596498893e-01 1.000015395862769e+00
5.050000000000000e-01 8.362735826510871e-01 1.000018464421818e+00
5.100000000000000e-01 8.577137038644561e-01 1.000022197079925e+00
5.150000000000000e-01 8.796899240636907e-01 1.000026745881691e+00
5.200000000000000e-01 9.022159791018011e-01 1.000032297065966e+00
5.250000000000000e-01 9.253059484964714e-01 1.000039084009194e+00
5.300000000000000e-01 9.489742642302165e-01 1.000047391821346e+00
5.350000000000000e-01 9.732357197708378e-01 1.000057573443706e+00
5.400000000000000e-01 9.981054793178262e-01 1.000070066892887e+00
5.450000000000000e-01 1.023599087280478e+00 1.000085406494322e+00
5.500000000000000e-01 1.049732477993657e+00 1.000104253745073e+00
5.550000000000000e-01 1.076521985677273e+00 1.000127420133816e+00
5.600000000000001e-01 1.103984354645701e+00 1.000155892072899e+00
5.650000000000001e-01 1.132136749773522e+00 1.000190879283425e+00
5.700000000000001e-01 1.160996767224129e+00 1.000233844819132e+00
5.750000000000001e-01 1.190582445447902e+00 1.000286546584127e+00
5.800000000000000e-01 1.220912276456826e+00 1.000351100304470e+00
5.850000000000000e-01 1.252005217382601e+00 1.000430008977009e+00
5.900000000000000e-01 1.283880702325469e+00 1.000526205648609e+00
5.950000000000000e-01 1.316558654501151e+00 1.000643105829164e+00
6.000000000000000e-01 1.350059498693518e+00 1.000784594514915e+00
6.050000000000000e-01 1.384404174020732e+00 1.000955004479690e+00
6.100000000000000e-01 1.419614147022888e+00 1.001159073841214e+00
6.150000000000000e-01 1.455711425079295e+00 1.001401772846283e+00
6.200000000000000e-01 1.492718570163803e+00 1.001688054469332e+00
6.250000000000000e-01 1.530658712946775e+00 1.002022533082491e+00
6.300000000000000e-01 1.569555567252506e+00 1.002408945664557e+00
6.350000000000000e-01 1.609433444881138e+00 1.002849438332162e+00
6.400000000000000e-01 1.650317270804325e+00 1.003343769958226e+00
6.450000000000000e-01 1.692232598744148e+00 1.003888335555982e+00
6.500000000000000e-01 1.735205627145031e+00 1.004475076354671e+00
6.550000000000000e-01 1.779263215548615e+00 1.005090579062257e+00
6.600000000000000e-01 1.824432901381847e+00 1.005715543570846e+00
6.650000000000000e-01 1.870742917168772e+00 1.006324830981417e+00
6.700000000000000e-01 1.918222208176775e+00 1.006888611440731e+00
6.750000000000000e-01 1.966900450508319e+00 1.007375056335724e+00
6.800000000000000e-01 2.016808069649473e+00 1.007754560920658e+00
6.850000000000001e-01 2.067976259486829e+00 1.008005116856509e+00
6.900000000000001e-01 2.120437001804702e+00 1.008118051797322e+00
6.950000000000001e-01 2.174223086274785e+00 1.008102790152921e+00
7.000000000000001e-01 2.229368130950753e+00 1.007989099046378e+00
7.050000000000000e-01 2.285906603280654e+00 1.007825833708160e+00
7.100000000000000e-01 2.343873841650178e+00 1.007676130134455e+00
7.150000000000000e-01 2.403306077470301e+00 1.007609865512533e+00
7.200000000000000e-01 2.464240457823092e+00 1.007694855161159e+00
7.250000000000000e-01 2.526715068679855e+00 1.007988516558425e+00
7.300000000000000e-01 2.590768958706095e+00 1.008531442597493e+00
7.350000000000000e-01 2.656442163668210e+00 1.009343622798239e+00
7.400000000000000e-01 2.723775731457148e+00 1.010423317164535e+00
7.450000000000000e-01 2.792811747744667e+00 1.011748097133208e+00
7.500000000000000e-01 2.863593362288260e+00 1.013277359431245e+00
7.550000000000000e-01 2.936164815901156e+00 1.014955629307430e+00
7.600000000000000e-01 3.010571468104263e+00 1.016716129177816e+00
7.650000000000000e-01 3.086859825477351e+00 1.018484323460231e+00
7.700000000000000e-01 3.165077570727174e+00 1.020181408610938e+00
7.750000000000000e-01 3.245273592490716e+00 1.021727996732353e+00
7.800000000000000e-01 3.327498015892184e+00 1.023048553296323e+00
7.850000000000000e-01 3.411802233872832e+00 1.024077356251030e+00
7.900000000000000e-01 3.498238939313234e+00 1.024766480075323e+00
7.950000000000000e-01 3.586862157968046e+00 1.025095222376437e+00
8.000000000000000e-01 3.677727282233856e+00 1.025078626409792e+00
8.050000000000000e-01 3.770891105771243e+00 1.024771254500618e+00
8.100000000000001e-01 3.866411859002656e+00 1.024262484882589e+00
8.150000000000001e-01 3.964349245508326e+00 1.023662042220953e+00
8.200000000000001e-01 4.064764479342956e+00 1.023078426204917e+00
8.250000000000001e-01 4.167720323296481e+00 1.022596342226322e+00
8.300000000000001e-01 4.273281128122877e+00 1.022260251535972e+00
8.350000000000000e-01 4.381512872761445e+00 1.022069190192793e+00
8.400000000000000e-01 4.492483205575838e+00 1.021984014326177e+00
8.450000000000000e-01 4.606261486636447e+00 1.021943942515577e+00
8.500000000000000e-01 4.722918831072739e+00 1.021886345602963e+00
8.550000000000000e-01 4.842528153522501e+00 1.021763233404311e+00
8.600000000000000e-01 4.965164213705875e+00 1.021549906697960e+00
8.650000000000000e-01 5.090903663152626e+00 1.021244792153874e+00
8.700000000000000e-01 5.219825093111814e+00 1.020862851207469e+00
8.750000000000000e-01 5.352009083673925e+00 1.020426643815890e+00
8.800000000000000e-01 5.487538254136007e+00 1.019958699603738e+00
8.850000000000000e-01 5.626497314641444e+00 1.019477061693328e+00
8.900000000000000e-01 5.768973119126561e+00 1.018993982714796e+00
8.950000000000000e-01 5.915054719607133e+00 1.018516660792772e+00
9.000000000000000e-01 6.064833421838831e+00 1.018048752924242e+00
9.050000000000000e-01 6.218402842386253e+00 1.017591813876346e+00
9.100000000000000e-01 6.375858967136348e+00 1.017146315720743e+00
9.150000000000000e-01 6.537300211292723e+00 1.016712242068352e+00
9.200000000000000e-01 6.702827480888332e+00 1.016289384146384e+00
9.250000000000000e-01 6.872544235855034e+00 1.015877469322514e+00
9.300000000000000e-01 7.046556554689444e+00 1.015476210189161e+00
9.350000000000001e-01 7.224973200755413e+00 1.015085321086878e+00
9.400000000000001e-01 7.407905690264673e+00 1.014704522931946e+00
9.450000000000001e-01 7.595468361978146e+00 1.014333544333571e+00
9.500000000000001e-01 7.787778448671316e+00 1.013972121669186e+00
9.550000000000001e-01 7.984956150408610e+00 1.013619998903937e+00
9.600000000000000e-01 8.187124709672272e+00 1.013276927359624e+00
9.650000000000000e-01 8.394410488393007e+00 1.012942665480653e+00
9.700000000000000e-01 8.606943046930221e+00 1.012616978606599e+00
9.750000000000000e-01 8.824855225051540e+00 1.012299638752873e+00
9.800000000000000e-01 9.048283224961922e+00 1.011990424399432e+00
9.850000000000000e-01 9.277366696434507e+00 1.011689120287226e+00
9.900000000000000e-01 9.512248824096272e+00 1.011395517222061e+00
9.950000000000000e-01 9.753076416923058e+00 1.011109411885557e+00
1.000000000000000e+00 1.000000000000000e+01 1.010830606652906e+00
