0.000000000000000e+00 0.000000000000000e+00 1.000000000000000e+00
5.000000000000000e-03 3.369477419287315e-03 1.000000000005254e+00
1.000000000000000e-02 6.741060871647481e-03 1.000000000019012e+00
1.500000000000000e-02 1.011685770649257e-02 1.000000000016695e+00
2.000000000000000e-02 1.349897790673588e-02 1.000000000014081e+00
2.500000000000000e-02 1.688953540759990e-02 1.000000000011357e+00
3.000000000000000e-02 2.029064941789469e-02 1.000000000010307e+00
3.500000000000000e-02 2.370444574459234e-02 1.000000000011621e+00
4.000000000000000e-02 2.713305812152553e-02 1.000000000010870e+00
4.500000000000000e-02 3.057862954304063e-02 1.000000000009706e+00
5.000000000000000e-02 3.404331360343898e-02 1.000000000008783e+00
5.500000000000000e-02 3.752927584304335e-02 1.000000000008160e+00
6.000000000000000e-02 4.103869510173117e-02 1.000000000007847e+00
6.500000000000000e-02 4.457376488078044e-02 1.000000000008318e+00
7.000000000000001e-02 4.813669471387935e-02 1.000000000008626e+00
7.500000000000000e-02 5.172971154815675e-02 1.000000000008493e+00
8.000000000000000e-02 5.535506113609672e-02 1.000000000009046e+00
8.500000000000001e-02 5.901500943920686e-02 1.000000000009325e+00
9.000000000000000e-02 6.271184404431801e-02 1.000000000009930e+00
9.500000000000000e-02 6.644787559340060e-02 1.000000000012265e+00
1.000000000000000e-01 7.022543922779090e-02 1.000000000013627e+00
1.050000000000000e-01 7.404689604773053e-02 1.000000000014341e+00
1.100000000000000e-01 7.791463458813094e-02 1.000000000015822e+00
1.150000000000000e-01 8.183107231148547e-02 1.000000000018276e+00
1.200000000000000e-01 8.579865711886202e-02 1.000000000021363e+00
1.250000000000000e-01 8.981986887992111e-02 1.000000000023807e+00
1.300000000000000e-01 9.389722098291493e-02 1.000000000025557e+00
1.350000000000000e-01 9.803326190563690e-02 1.000000000027755e+00
1.400000000000000e-01 1.022305768083033e-01 1.000000000030288e+00
1.450000000000000e-01 1.064917891493625e-01 1.000000000032135e+00
1.500000000000000e-01 1.108195623252418e-01 1.000000000034059e+00
1.550000000000000e-01 1.152166013350572e-01 1.000000000034336e+00
1.600000000000000e-01 1.196856544713255e-01 1.000000000035248e+00
1.650000000000000e-01 1.242295150377370e-01 1.000000000037193e+00
1.700000000000000e-01 1.288510230950609e-01 1.000000000039583e+00
1.750000000000000e-01 1.335530672362758e-01 1.000000000043528e+00
1.800000000000000e-01 1.383385863920344e-01 1.000000000046159e+00
1.850000000000000e-01 1.432105716675912e-01 1.000000000048153e+00
1.900000000000000e-01 1.481720682123397e-01 1.000000000051881e+00
1.950000000000000e-01 1.532261771231311e-01 1.000000000055522e+00
2.000000000000000e-01 1.583760573825595e-01 1.000000000058373e+00
2.050000000000000e-01 1.636249278334301e-01 1.000000000060240e+00
2.100000000000000e-01 1.689760691906397e-01 1.000000000062425e+00
2.150000000000000e-01 1.744328260917313e-01 1.000000000064226e+00
2.200000000000000e-01 1.799986091874004e-01 1.000000000067055e+00
2.250000000000000e-01 1.856768972732633e-01 1.000000000071282e+00
2.300000000000000e-01 1.914712394642179e-01 1.000000000074773e+00
2.350000000000000e-01 1.973852574127551e-01 1.000000000077811e+00
2.400000000000000e-01 2.034226475726105e-01 1.000000000081958e+00
2.450000000000000e-01 2.095871835091678e-01 1.000000000088480e+00
2.500000000000000e-01 2.158827182580599e-01 1.000000000097616e+00
2.550000000000000e-01 2.223131867334419e-01 1.000000000106459e+00
2.600000000000000e-01 2.288826081874405e-01 1.000000000112587e+00
2.650000000000000e-01 2.355950887223172e-01 1.000000000119995e+00
2.700000000000000e-01 2.424548238569160e-01 1.000000000126925e+00
2.750000000000000e-01 2.494661011489995e-01 1.000000000133037e+00
2.800000000000000e-01 2.566333028751116e-01 1.000000000141088e+00
2.850000000000000e-01 2.639609087696434e-01 1.000000000151114e+00
2.900000000000000e-01 2.714534988248126e-01 1.000000000160205e+00
2.950000000000000e-01 2.791157561533084e-01 1.000000000167199e+00
3.000000000000000e-01 2.869524699153886e-01 1.000000000173728e+00
3.050000000000000e-01 2.949685383122613e-01 1.000000000182086e+00
3.100000000000000e-01 3.031689716476197e-01 1.000000000189517e+00
3.150000000000000e-01 3.115588954592450e-01 1.000000000198376e+00
3.200000000000000e-01 3.201435537226349e-01 1.000000000209172e+00
3.250000000000000e-01 3.289283121286580e-01 1.000000000221979e+00
3.300000000000000e-01 3.379186614372866e-01 1.000000000235503e+00
3.350000000000000e-01 3.471202209094989e-01 1.000000000249229e+00
3.400000000000000e-01 3.565387418195016e-01 1.000000000265403e+00
3.450000000000000e-01 3.661801110494620e-01 1.000000000280818e+00
3.500000000000000e-01 3.760503547690021e-01 1.000000000296891e+00
3.550000000000000e-01 3.861556422017504e-01 1.000000000314140e+00
3.600000000000000e-01 3.965022894813072e-01 1.000000000330876e+00
3.650000000000000e-01 4.070967635990345e-01 1.000000000347518e+00
3.700000000000000e-01 4.179456864461349e-01 1.000000000364398e+00
3.750000000000000e-01 4.290558389525505e-01 1.000000000378141e+00
3.800000000000000e-01 4.404341653252637e-01 1.000000000396905e+00
3.850000000000000e-01 4.520877773886537e-01 1.000000000420412e+00
3.900000000000000e-01 4.640239590296172e-01 1.000000000443768e+00
3.950000000000000e-01 4.762501707502353e-01 1.000000000468601e+00
4.000000000000000e-01 4.887740543308307e-01 1.000000000495896e+00
4.050000000000000e-01 5.016034376063282e-01 1.000000000525710e+00
4.100000000000000e-01 5.147463393589066e-01 1.000000000554675e+00
4.150000000000000e-01 5.282109743299990e-01 1.000000000582431e+00
4.200000000000000e-01 5.420057583547735e-01 1.000000000609756e+00
4.250000000000000e-01 5.561393136223041e-01 1.000000000641710e+00
4.300000000000000e-01 5.706204740647189e-01 1.000000000674626e+00
4.350000000000000e-01 5.854582908786964e-01 1.000000000711049e+00
4.400000000000000e-01 6.006620381827575e-01 1.000000000751951e+00
4.450000000000000e-01 6.162412188138907e-01 1.000000000791604e+00
4.500000000000000e-01 6.322055702671360e-01 1.000000000830884e+00
4.550000000000000e-01 6.485650707818353e-01 1.000000000875528e+00
4.600000000000000e-01 6.653299455783577e-01 1.000000000926646e+00
4.650000000000000e-01 6.825106732491932e-01 1.000000000975506e+00
4.700000000000000e-01 7.001179923084168e-01 1.000000001023958e+00
4.750000000000000e-01 7.181629079036070e-01 1.000000001075762e+00
4.800000000000000e-01 7.366566986944229e-01 1.000000001133409e+00
4.850000000000000e-01 7.556109239021327e-01 1.000000001196247e+00
4.900000000000000e-01 7.750374305345038e-01 1.000000001261931e+00
4.950000000000000e-01 7.949483607905672e-01 1.000000001330153e+00
5.000000000000000e-01 8.153561596498893e-01 1.000000001400283e+00
5.050000000000000e-01 8.362735826510871e-01 1.000000001471718e+00
5.100000000000000e-01 8.577137038644561e-01 1.000000001548337e+00
5.150000000000000e-01 8.796899240636907e-01 1.000000001631789e+00
5.200000000000000e-01 9.022159791018011e-01 1.000000001720427e+00
5.250000000000000e-01 9.253059484964714e-01 1.000000001816480e+00
5.300000000000000e-01 9.489742642302165e-01 1.000000001911695e+00
5.350000000000000e-01 9.732357197708378e-01 1.000000002011731e+00
5.400000000000000e-01 9.981054793178262e-01 1.000000002119774e+00
5.450000000000000e-01 1.023599087280478e+00 1.000000002233221e+00
5.500000000000000e-01 1.049732477993657e+00 1.000000002359040e+00
5.550000000000000e-01 1.076521985677273e+00 1.000000002482190e+00
5.600000000000001e-01 1.103984354645701e+00 1.000000002611341e+00
5.650000000000001e-01 1.132136749773522e+00 1.000000002757923e+00
5.700000000000001e-01 1.160996767224129e+00 1.000000002907937e+00
5.750000000000001e-01 1.190582445447902e+00 1.000000003063445e+00
5.800000000000000e-01 1.220912276456826e+00 1.000000003227464e+00
5.850000000000000e-01 1.252005217382601e+00 1.000000003404893e+00
5.900000000000000e-01 1.283880702325469e+00 1.000000003591092e+00
5.950000000000000e-01 1.316558654501151e+00 1.000000003783687e+00
6.000000000000000e-01 1.350059498693518e+00 1.000000003992270e+00
6.050000000000000e-01 1.384404174020732e+00 1.000000004208848e+00
6.100000000000000e-01 1.419614147022888e+00 1.000000004438200e+00
6.150000000000000e-01 1.455711425079295e+00 1.000000004682759e+00
6.200000000000000e-01 1.492718570163803e+00 1.000000004936457e+00
6.250000000000000e-01 1.530658712946775e+00 1.000000005208767e+00
6.300000000000000e-01 1.569555567252506e+00 1.000000005494266e+00
6.350000000000000e-01 1.609433444881138e+00 1.000000005794147e+00
6.400000000000000e-01 1.650317270804325e+00 1.000000006114714e+00
6.450000000000000e-01 1.692232598744148e+00 1.000000006449058e+00
6.500000000000000e-01 1.735205627145031e+00 1.000000006804599e+00
6.550000000000000e-01 1.779263215548615e+00 1.000000007180934e+00
6.600000000000000e-01 1.824432901381847e+00 1.000000007577470e+00
6.650000000000000e-01 1.870742917168772e+00 1.000000008002810e+00
6.700000000000000e-01 1.918222208176775e+00 1.000000008451603e+00
6.750000000000000e-01 1.966900450508319e+00 1.000000008937486e+00
6.800000000000000e-01 2.016808069649473e+00 1.000000009468255e+00
6.850000000000001e-01 2.067976259486829e+00 1.000000010039871e+00
6.900000000000001e-01 2.120437001804702e+00 1.000000010699313e+00
6.950000000000001e-01 2.174223086274785e+00 1.000000011470844e+00
7.000000000000001e-01 2.229368130950753e+00 1.000000012370817e+00
7.050000000000000e-01 2.285906603280654e+00 1.000000013558660e+00
7.100000000000000e-01 2.343873841650178e+00 1.000000015212788e+00
7.150000000000000e-01 2.403306077470301e+00 1.000000017525460e+00
7.200000000000000e-01 2.464240457823092e+00 1.000000021237046e+00
7.250000000000000e-01 2.526715068679855e+00 1.000000027817831e+00
7.300000000000000e-01 2.590768958706095e+00 1.000000039427585e+00
7.350000000000000e-01 2.656442163668210e+00 1.000000061186974e+00
7.400000000000000e-01 2.723775731457148e+00 1.000000105893313e+00
7.450000000000000e-01 2.792811747744667e+00 1.000000198358172e+00
7.500000000000000e-01 2.863593362288260e+00 1.000000386282122e+00
7.550000000000000e-01 2.936164815901156e+00 1.000000778953342e+00
7.600000000000000e-01 3.010571468104263e+00 1.000001621374537e+00
7.650000000000000e-01 3.086859825477351e+00 1.000003396099186e+00
7.700000000000000e-01 3.165077570727174e+00 1.000007025334932e+00
7.750000000000000e-01 3.245273592490716e+00 1.000014396682546e+00
7.800000000000000e-01 3.327498015892184e+00 1.000029374547591e+00
7.850000000000000e-01 3.411802233872832e+00 1.000059146830288e+00
7.900000000000000e-01 3.498238939313234e+00 1.000115806691965e+00
7.950000000000000e-01 3.586862157968046e+00 1.000218965818917e+00
8.000000000000000e-01 3.677727282233856e+00 1.000400215425902e+00
8.050000000000000e-01 3.770891105771243e+00 1.000706299613514e+00
8.100000000000001e-01 3.866411859002656e+00 1.001190668854322e+00
8.150000000000001e-01 3.964349245508326e+00 1.001881968735430e+00
8.200000000000001e-01 4.064764479342956e+00 1.002737033901820e+00
8.250000000000001e-01 4.167720323296481e+00 1.003617699360174e+00
8.300000000000001e-01 4.273281128122877e+00 1.004332634916331e+00
8.350000000000000e-01 4.381512872761445e+00 1.004735148741970e+00
8.400000000000000e-01 4.492483205575838e+00 1.004813556314519e+00
8.450000000000000e-01 4.606261486636447e+00 1.004711624854286e+00
8.500000000000000e-01 4.722918831072739e+00 1.004667858877994e+00
8.550000000000000e-01 4.842528153522501e+00 1.004915642081394e+00
8.600000000000000e-01 4.965164213705875e+00 1.005603083856158e+00
8.650000000000000e-01 5.090903663152626e+00 1.006764265973493e+00
8.700000000000000e-01 5.219825093111814e+00 1.008329999750927e+00
8.750000000000000e-01 5.352009083673925e+00 1.010147451895012e+00
8.800000000000000e-01 5.487538254136007e+00 1.011996302331737e+00
8.850000000000000e-01 5.626497314641444e+00 1.013617698051184e+00
8.900000000000000e-01 5.768973119126561e+00 1.014776684599734e+00
8.950000000000000e-01 5.915054719607133e+00 1.015348714843345e+00
9.000000000000000e-01 6.064833421838831e+00 1.015381641077304e+00
9.050000000000000e-01 6.218402842386253e+00 1.015079886701218e+00
9.100000000000000e-01 6.375858967136348e+00 1.014705167884426e+00
9.150000000000000e-01 6.537300211292723e+00 1.014452097973534e+00
9.200000000000000e-01 6.702827480888332e+00 1.014377307798657e+00
9.250000000000000e-01 6.872544235855034e+00 1.014416994107424e+00
9.300000000000000e-01 7.046556554689444e+00 1.014461884017100e+00
9.350000000000001e-01 7.224973200755413e+00 1.014428664107465e+00
9.400000000000001e-01 7.407905690264673e+00 1.014288878585839e+00
9.450000000000001e-01 7.595468361978146e+00 1.014057678864418e+00
9.500000000000001e-01 7.787778448671316e+00 1.013767643423420e+00
9.550000000000001e-01 7.984956150408610e+00 1.013448807013617e+00
9.600000000000000e-01 8.187124709672272e+00 1.013121045209844e+00
9.650000000000000e-01 8.394410488393007e+00 1.012794851561448e+00
9.700000000000000e-01 8.606943046930221e+00 1.012474909806820e+00
9.750000000000000e-01 8.824855225051540e+00 1.012163816341141e+00
9.800000000000000e-01 9.048283224961922e+00 1.011870377166296e+00
9.850000000000000e-01 9.277366696434507e+00 1.011674944059957e+00
9.900000000000000e-01 9.512248824096272e+00 1.012360205976229e+00
9.950000000000000e-01 9.753076416923058e+00 1.022178102371631e+00
1.000000000000000e+00 1.000000000000000e+01 1.134260460378464e+00
