0.000000000000000e+00 0.000000000000000e+00 1.000000000000000e+00
5.000000000000000e-03 3.369477419287315e-03 1.000000233253514e+00
1.000000000000000e-02 6.741060871647481e-03 1.000001161747967e+00
1.500000000000000e-02 1.011685770649257e-02 1.000002699853316e+00
2.000000000000000e-02 1.349897790673588e-02 1.000004862100617e+00
2.500000000000000e-02 1.688953540759990e-02 1.000007661613933e+00
3.000000000000000e-02 2.029064941789469e-02 1.000011095818153e+00
3.500000000000000e-02 2.370444574459234e-02 1.000015169164373e+00
4.000000000000000e-02 2.713305812152553e-02 1.000019894243720e+00
4.500000000000000e-02 3.057862954304063e-02 1.000025284325720e+00
5.000000000000000e-02 3.404331360343898e-02 1.000031355754803e+00
5.500000000000000e-02 3.752927584304335e-02 1.000038124278258e+00
6.000000000000000e-02 4.103869510173117e-02 1.000045605774738e+00
6.500000000000000e-02 4.457376488078044e-02 1.000053817288029e+00
7.000000000000001e-02 4.813669471387935e-02 1.000062781503600e+00
7.500000000000000e-02 5.172971154815675e-02 1.000072524015654e+00
8.000000000000000e-02 5.535506113609672e-02 1.000083067897253e+00
8.500000000000001e-02 5.901500943920686e-02 1.000094434902064e+00
9.000000000000000e-02 6.271184404431801e-02 1.000106654284129e+00
9.500000000000000e-02 6.644787559340060e-02 1.000119757832676e+00
1.000000000000000e-01 7.022543922779090e-02 1.000133781656559e+00
1.050000000000000e-01 7.404689604773053e-02 1.000148764382043e+00
1.100000000000000e-01 7.791463458813094e-02 1.000164738107455e+00
1.150000000000000e-01 8.183107231148547e-02 1.000181745283362e+00
1.200000000000000e-01 8.579865711886202e-02 1.000199829803723e+00
1.250000000000000e-01 8.981986887992111e-02 1.000219033410150e+00
1.300000000000000e-01 9.389722098291493e-02 1.000239412578129e+00
1.350000000000000e-01 9.803326190563690e-02 1.000261020150661e+00
1.400000000000000e-01 1.022305768083033e-01 1.000283899437515e+00
1.450000000000000e-01 1.064917891493625e-01 1.000308112256147e+00
1.500000000000000e-01 1.108195623252418e-01 1.000333725396225e+00
1.550000000000000e-01 1.152166013350572e-01 1.000360801737159e+00
1.600000000000000e-01 1.196856544713255e-01 1.000389408045783e+00
1.650000000000000e-01 1.242295150377370e-01 1.000419616349505e+00
1.700000000000000e-01 1.288510230950609e-01 1.000451505018285e+00
1.750000000000000e-01 1.335530672362758e-01 1.000485153905016e+00
1.800000000000000e-01 1.383385863920344e-01 1.000520649961354e+00
1.850000000000000e-01 1.432105716675912e-01 1.000558077997267e+00
1.900000000000000e-01 1.481720682123397e-01 1.000597537072351e+00
1.950000000000000e-01 1.532261771231311e-01 1.000639128937374e+00
2.000000000000000e-01 1.583760573825595e-01 1.000682953637771e+00
2.050000000000000e-01 1.636249278334301e-01 1.000729124434069e+00
2.100000000000000e-01 1.689760691906397e-01 1.000777754659052e+00
2.150000000000000e-01 1.744328260917313e-01 1.000828959302883e+00
2.200000000000000e-01 1.799986091874004e-01 1.000882867248786e+00
2.250000000000000e-01 1.856768972732633e-01 1.000939627563048e+00
2.300000000000000e-01 1.914712394642179e-01 1.000999374540968e+00
2.350000000000000e-01 1.973852574127551e-01 1.001062247246127e+00
2.400000000000000e-01 2.034226475726105e-01 1.001128396973345e+00
2.450000000000000e-01 2.095871835091678e-01 1.001197986594045e+00
2.500000000000000e-01 2.158827182580599e-01 1.001271189207951e+00
2.550000000000000e-01 2.223131867334419e-01 1.001348171257290e+00
2.600000000000000e-01 2.288826081874405e-01 1.001429124945859e+00
2.650000000000000e-01 2.355950887223172e-01 1.001514236092663e+00
2.700000000000000e-01 2.424548238569160e-01 1.001603701286259e+00
2.750000000000000e-01 2.494661011489995e-01 1.001697725864606e+00
2.800000000000000e-01 2.566333028751116e-01 1.001796512256372e+00
2.850000000000000e-01 2.639609087696434e-01 1.001900287089793e+00
2.900000000000000e-01 2.714534988248126e-01 1.002009270288654e+00
2.950000000000000e-01 2.791157561533084e-01 1.002123698862069e+00
3.000000000000000e-01 2.869524699153886e-01 1.002243803737822e+00
3.050000000000000e-01 2.949685383122613e-01 1.002369818194429e+00
3.100000000000000e-01 3.031689716476197e-01 1.002501994530907e+00
3.150000000000000e-01 3.115588954592450e-01 1.002640571005353e+00
3.200000000000000e-01 3.201435537226349e-01 1.002785804082489e+00
3.250000000000000e-01 3.289283121286580e-01 1.002937938242158e+00
3.300000000000000e-01 3.379186614372866e-01 1.003097198142423e+00
3.350000000000000e-01 3.471202209094989e-01 1.003263818425881e+00
3.400000000000000e-01 3.565387418195016e-01 1.003438038836075e+00
3.450000000000000e-01 3.661801110494620e-01 1.003620071581348e+00
3.500000000000000e-01 3.760503547690021e-01 1.003810090964318e+00
3.550000000000000e-01 3.861556422017504e-01 1.004008278518211e+00
3.600000000000000e-01 3.965022894813072e-01 1.004214777287107e+00
3.650000000000000e-01 4.070967635990345e-01 1.004429685427401e+00
3.700000000000000e-01 4.179456864461349e-01 1.004653075996705e+00
3.750000000000000e-01 4.290558389525505e-01 1.004884952752646e+00
3.800000000000000e-01 4.404341653252637e-01 1.005125272419909e+00
3.850000000000000e-01 4.520877773886537e-01 1.005373915865942e+00
3.900000000000000e-01 4.640239590296172e-01 1.005630673777625e+00
3.950000000000000e-01 4.762501707502353e-01 1.005895259764920e+00
4.000000000000000e-01 4.887740543308307e-01 1.006167257148910e+00
4.050000000000000e-01 5.016034376063282e-01 1.006446138295455e+00
4.100000000000000e-01 5.147463393589066e-01 1.006731240665111e+00
4.150000000000000e-01 5.282109743299990e-01 1.007021728232375e+00
4.200000000000000e-01 5.420057583547735e-01 1.007316619506782e+00
4.250000000000000e-01 5.561393136223041e-01 1.007614732951494e+00
4.300000000000000e-01 5.706204740647189e-01 1.007914683301867e+00
4.350000000000000e-01 5.854582908786964e-01 1.008214896728005e+00
4.400000000000000e-01 6.006620381827575e-01 1.008513553640041e+00
4.450000000000000e-01 6.162412188138907e-01 1.008808621593930e+00
4.500000000000000e-01 6.322055702671360e-01 1.009097858625165e+00
4.550000000000000e-01 6.485650707818353e-01 1.009378782669952e+00
4.600000000000000e-01 6.653299455783577e-01 1.009648739889556e+00
4.650000000000000e-01 6.825106732491932e-01 1.009904917396195e+00
4.700000000000000e-01 7.001179923084168e-01 1.010144361115388e+00
4.750000000000000e-01 7.181629079036070e-01 1.010364088054780e+00
4.800000000000000e-01 7.366566986944229e-01 1.010561138510338e+00
4.850000000000000e-01 7.556109239021327e-01 1.010732657465236e+00
4.900000000000000e-01 7.750374305345038e-01 1.010876061623311e+00
4.950000000000000e-01 7.949483607905672e-01 1.010989152179836e+00
5.000000000000000e-01 8.153561596498893e-01 1.011070255618569e+00
5.050000000000000e-01 8.362735826510871e-01 1.011118437535385e+00
5.100000000000000e-01 8.577137038644561e-01 1.011133665534050e+00
5.150000000000000e-01 8.796899240636907e-01 1.011116972245049e+00
5.200000000000000e-01 9.022159791018011e-01 1.011070658927687e+00
5.250000000000000e-01 9.253059484964714e-01 1.010998441124744e+00
5.300000000000000e-01 9.489742642302165e-01 1.010905548308739e+00
5.350000000000000e-01 9.732357197708378e-01 1.010798811138785e+00
5.400000000000000e-01 9.981054793178262e-01 1.010686672770439e+00
5.450000000000000e-01 1.023599087280478e+00 1.010579119772565e+00
5.500000000000000e-01 1.049732477993657e+00 1.010487553745482e+00
5.550000000000000e-01 1.076521985677273e+00 1.010424567184771e+00
5.600000000000001e-01 1.103984354645701e+00 1.010403638975644e+00
5.650000000000001e-01 1.132136749773522e+00 1.010438788955049e+00
5.700000000000001e-01 1.160996767224129e+00 1.010544156103288e+00
5.750000000000001e-01 1.190582445447902e+00 1.010733502380943e+00
5.800000000000000e-01 1.220912276456826e+00 1.011019735192035e+00
5.850000000000000e-01 1.252005217382601e+00 1.011414469818823e+00
5.900000000000000e-01 1.283880702325469e+00 1.011927566661166e+00
5.950000000000000e-01 1.316558654501151e+00 1.012566665898426e+00
6.000000000000000e-01 1.350059498693518e+00 1.013336829404597e+00
6.050000000000000e-01 1.384404174020732e+00 1.014240311439734e+00
6.100000000000000e-01 1.419614147022888e+00 1.015276374518128e+00
6.150000000000000e-01 1.455711425079295e+00 1.016441114220257e+00
6.200000000000000e-01 1.492718570163803e+00 1.017727357088226e+00
6.250000000000000e-01 1.530658712946775e+00 1.019124691345291e+00
6.300000000000000e-01 1.569555567252506e+00 1.020619603313385e+00
6.350000000000000e-01 1.609433444881138e+00 1.022195644807322e+00
6.400000000000000e-01 1.650317270804325e+00 1.023833595387315e+00
6.450000000000000e-01 1.692232598744148e+00 1.025511643790773e+00
6.500000000000000e-01 1.735205627145031e+00 1.027205626083483e+00
6.550000000000000e-01 1.779263215548615e+00 1.028889336307680e+00
6.600000000000000e-01 1.824432901381847e+00 1.030534907287979e+00
6.650000000000000e-01 1.870742917168772e+00 1.032113258529176e+00
6.700000000000000e-01 1.918222208176775e+00 1.033594626466793e+00
6.750000000000000e-01 1.966900450508319e+00 1.034949210699378e+00
6.800000000000000e-01 2.016808069649473e+00 1.036147979211942e+00
6.850000000000001e-01 2.067976259486829e+00 1.037163676756353e+00
6.900000000000001e-01 2.120437001804702e+00 1.037972069871668e+00
6.950000000000001e-01 2.174223086274785e+00 1.038553438904158e+00
7.000000000000001e-01 2.229368130950753e+00 1.038894284973933e+00
7.050000000000000e-01 2.285906603280654e+00 1.038989153490024e+00
7.100000000000000e-01 2.343873841650178e+00 1.038842386209058e+00
7.150000000000000e-01 2.403306077470301e+00 1.038469513296163e+00
7.200000000000000e-01 2.464240457823092e+00 1.037897914167429e+00
7.250000000000000e-01 2.526715068679855e+00 1.037166353495053e+00
7.300000000000000e-01 2.590768958706095e+00 1.036323080249709e+00
7.350000000000000e-01 2.656442163668210e+00 1.035422385318979e+00
7.400000000000000e-01 2.723775731457148e+00 1.034519826103685e+00
7.450000000000000e-01 2.792811747744667e+00 1.033666673212450e+00
7.500000000000000e-01 2.863593362288260e+00 1.032904411330616e+00
7.550000000000000e-01 2.936164815901156e+00 1.032260236513028e+00
7.600000000000000e-01 3.010571468104263e+00 1.031744385597256e+00
7.650000000000000e-01 3.086859825477351e+00 1.031349827140671e+00
7.700000000000000e-01 3.165077570727174e+00 1.031054411010355e+00
7.750000000000000e-01 3.245273592490716e+00 1.030825115600128e+00
7.800000000000000e-01 3.327498015892184e+00 1.030623643417928e+00
7.850000000000000e-01 3.411802233872832e+00 1.030412372253009e+00
7.900000000000000e-01 3.498238939313234e+00 1.030159619700005e+00
7.950000000000000e-01 3.586862157968046e+00 1.029843343398301e+00
8.000000000000000e-01 3.677727282233856e+00 1.029452756493006e+00
8.050000000000000e-01 3.770891105771243e+00 1.028987812422099e+00
8.100000000000001e-01 3.866411859002656e+00 1.028456982075434e+00
8.150000000000001e-01 3.964349245508326e+00 1.027874074055901e+00
8.200000000000001e-01 4.064764479342956e+00 1.027254941857347e+00
8.250000000000001e-01 4.167720323296481e+00 1.026614772656414e+00
8.300000000000001e-01 4.273281128122877e+00 1.025966342573627e+00
8.350000000000000e-01 4.381512872761445e+00 1.025319282136024e+00
8.400000000000000e-01 4.492483205575838e+00 1.024680139575283e+00
8.450000000000000e-01 4.606261486636447e+00 1.024052915836431e+00
8.500000000000000e-01 4.722918831072739e+00 1.023439763093693e+00
8.550000000000000e-01 4.842528153522501e+00 1.022841633899537e+00
8.600000000000000e-01 4.965164213705875e+00 1.022258779445874e+00
8.650000000000000e-01 5.090903663152626e+00 1.021691081215006e+00
8.700000000000000e-01 5.219825093111814e+00 1.021138246604848e+00
8.750000000000000e-01 5.352009083673925e+00 1.020599912298871e+00
8.800000000000000e-01 5.487538254136007e+00 1.020075693439754e+00
8.850000000000000e-01 5.626497314641444e+00 1.019565204679350e+00
8.900000000000000e-01 5.768973119126561e+00 1.019068068202308e+00
8.950000000000000e-01 5.915054719607133e+00 1.018583916334268e+00
9.000000000000000e-01 6.064833421838831e+00 1.018112392125948e+00
9.050000000000000e-01 6.218402842386253e+00 1.017653149260237e+00
9.100000000000000e-01 6.375858967136348e+00 1.017205851761699e+00
9.150000000000000e-01 6.537300211292723e+00 1.016770173661597e+00
9.200000000000000e-01 6.702827480888332e+00 1.016345798662182e+00
9.250000000000000e-01 6.872544235855034e+00 1.015932419811150e+00
9.300000000000000e-01 7.046556554689444e+00 1.015529739188383e+00
9.350000000000001e-01 7.224973200755413e+00 1.015137467604906e+00
9.400000000000001e-01 7.407905690264673e+00 1.014755324313636e+00
9.450000000000001e-01 7.595468361978146e+00 1.014383036731354e+00
9.500000000000001e-01 7.787778448671316e+00 1.014020340171421e+00
9.550000000000001e-01 7.984956150408610e+00 1.013666977586722e+00
9.600000000000000e-01 8.187124709672272e+00 1.013322699322390e+00
9.650000000000000e-01 8.394410488393007e+00 1.012987262877861e+00
9.700000000000000e-01 8.606943046930221e+00 1.012660432677848e+00
9.750000000000000e-01 8.824855225051540e+00 1.012341979851837e+00
9.800000000000000e-01 9.048283224961922e+00 1.012031682021732e+00
9.850000000000000e-01 9.277366696434507e+00 1.011729323097289e+00
9.900000000000000e-01 9.512248824096272e+00 1.011434693079011e+00
9.950000000000000e-01 9.753076416923058e+00 1.011147587868173e+00
1.000000000000000e+00 1.000000000000000e+01 1.010867809083680e+00
