0.000000000000000e+00 0.000000000000000e+00 1.000000000000000e+00
3.125000000000000e-03 3.369263549427258e-03 9.999929072478331e-01
6.250000000000000e-03 6.739349689698711e-03 9.999645283544550e-01
9.375000000000001e-03 1.011108121249049e-02 9.999172054538610e-01
1.250000000000000e-02 1.348528131119160e-02 9.998509062838884e-01
1.562500000000000e-02 1.686277378188298e-02 9.997655832779208e-01
1.875000000000000e-02 2.024438322446370e-02 9.996611756843563e-01
2.187500000000000e-02 2.363093524397333e-02 9.995376091851146e-01
2.500000000000000e-02 2.702325665215984e-02 9.993947960004513e-01
2.812500000000000e-02 3.042217566934200e-02 9.992326349004774e-01
3.125000000000000e-02 3.382852212661575e-02 9.990510112316506e-01
3.437500000000000e-02 3.724312766845378e-02 9.988497969463347e-01
3.750000000000001e-02 4.066682595574785e-02 9.986288506371827e-01
4.062500000000000e-02 4.410045286934348e-02 9.983880175766022e-01
4.375000000000000e-02 4.754484671411652e-02 9.981271297617581e-01
4.687500000000000e-02 5.100084842364160e-02 9.978460059655989e-01
5.000000000000000e-02 5.446930176550237e-02 9.975444517944445e-01
5.312500000000001e-02 5.795105354729364e-02 9.972222597527076e-01
5.625000000000000e-02 6.144695382336569e-02 9.968792093153703e-01
5.937500000000000e-02 6.495785610236132e-02 9.965150670088772e-01
6.250000000000000e-02 6.848461755559625e-02 9.961295865011499e-01
6.562500000000000e-02 7.202809922633362e-02 9.957225087014723e-01
6.875000000000001e-02 7.558916624000402e-02 9.952935618710351e-01
7.187500000000001e-02 7.916868801542200e-02 9.948424617449745e-01
7.500000000000001e-02 8.276753847705080e-02 9.943689116667770e-01
7.812500000000000e-02 8.638659626836727e-02 9.938726027359669e-01
8.125000000000000e-02 9.002674496637868e-02 9.933532139700288e-01
8.437500000000001e-02 9.368887329734420e-02 9.928104124815594e-01
8.750000000000001e-02 9.737387535375355e-02 9.922438536716770e-01
9.062500000000001e-02 1.010826508126157e-01 9.916531814407538e-01
9.375000000000000e-02 1.048161051551108e-01 9.910380284175689e-01
9.687500000000000e-02 1.085751498876601e-01 9.903980162080105e-01
1.000000000000000e-01 1.123607027644654e-01 9.897327556644818e-01
1.031250000000000e-01 1.161736880115753e-01 9.890418471771945e-01
1.062500000000000e-01 1.200150365525305e-01 9.883248809885480e-01
1.093750000000000e-01 1.238856862356450e-01 9.875814375318162e-01
1.125000000000000e-01 1.277865820629775e-01 9.868110877953700e-01
1.156250000000000e-01 1.317186764210495e-01 9.860133937136740e-01
1.187500000000000e-01 1.356829293133661e-01 9.851879085862962e-01
1.218750000000000e-01 1.396803085947971e-01 9.843341775261626e-01
1.250000000000000e-01 1.437117902078738e-01 9.834517379382778e-01
1.281250000000000e-01 1.477783584210617e-01 9.825401200301100e-01
1.312500000000000e-01 1.518810060690650e-01 9.815988473548114e-01
1.343750000000000e-01 1.560207347952229e-01 9.806274373884030e-01
1.375000000000000e-01 1.601985552960564e-01 9.796254021420063e-01
1.406250000000000e-01 1.644154875680252e-01 9.785922488101418e-01
1.437500000000000e-01 1.686725611565558e-01 9.775274804560392e-01
1.468750000000000e-01 1.729708154074000e-01 9.764305967348217e-01
1.500000000000000e-01 1.773112997203869e-01 9.753010946553206e-01
1.531250000000000e-01 1.816950738056289e-01 9.741384693811637e-01
1.562500000000000e-01 1.861232079422458e-01 9.729422150716457e-01
1.593750000000000e-01 1.905967832396682e-01 9.717118257627378e-01
1.625000000000000e-01 1.951168919015860e-01 9.704467962884252e-01
1.656250000000000e-01 1.996846374926046e-01 9.691466232423698e-01
1.687500000000000e-01 2.043011352076760e-01 9.678108059796865e-01
1.718750000000000e-01 2.089675121443681e-01 9.664388476583865e-01
1.750000000000000e-01 2.136849075780412e-01 9.650302563197855e-01
1.781250000000000e-01 2.184544732399964e-01 9.635845460068935e-01
1.812500000000000e-01 2.232773735986666e-01 9.621012379194985e-01
1.843750000000000e-01 2.281547861439151e-01 9.605798616043201e-01
1.875000000000000e-01 2.330879016745160e-01 9.590199561782521e-01
1.906250000000000e-01 2.380779245888810e-01 9.574210715823260e-01
1.937500000000000e-01 2.431260731791094e-01 9.557827698636076e-01
1.968750000000000e-01 2.482335799284277e-01 9.541046264817959e-01
2.000000000000000e-01 2.534016918120952e-01 9.523862316368199e-01
2.031250000000000e-01 2.586316706018478e-01 9.506271916132183e-01
2.062500000000000e-01 2.639247931739538e-01 9.488271301365628e-01
2.093750000000000e-01 2.692823518209576e-01 9.469856897366133e-01
2.125000000000000e-01 2.747056545671873e-01 9.451025331113083e-01
2.156250000000000e-01 2.801960254881028e-01 9.431773444850730e-01
2.187500000000000e-01 2.857548050335636e-01 9.412098309542828e-01
2.218750000000000e-01 2.913833503550930e-01 9.391997238120521e-01
2.250000000000000e-01 2.970830356372213e-01 9.371467798438254e-01
2.281250000000000e-01 3.028552524329863e-01 9.350507825845412e-01
2.312500000000000e-01 3.087014100036755e-01 9.329115435274085e-01
2.343750000000000e-01 3.146229356628902e-01 9.307289032735999e-01
2.375000000000000e-01 3.206212751250189e-01 9.285027326114199e-01
2.406250000000000e-01 3.266978928582008e-01 9.262329335127525e-01
2.437500000000000e-01 3.328542724418705e-01 9.239194400338527e-01
2.468750000000000e-01 3.390919169289667e-01 9.215622191068058e-01
2.500000000000000e-01 3.454123492128958e-01 9.191612712072584e-01
2.531250000000000e-01 3.518171123993401e-01 9.167166308833348e-01
2.562500000000000e-01 3.583077701830001e-01 9.142283671299872e-01
2.593750000000000e-01 3.648859072293631e-01 9.116965835924191e-01
2.625000000000000e-01 3.715531295615936e-01 9.091214185816572e-01
2.656250000000000e-01 3.783110649526354e-01 9.065030448848602e-01
2.687500000000000e-01 3.851613633226258e-01 9.038416693525426e-01
2.718750000000000e-01 3.921056971417164e-01 9.011375322445784e-01
2.750000000000000e-01 3.991457618383991e-01 8.983909063166508e-01
2.781250000000000e-01 4.062832762134377e-01 8.956020956287435e-01
2.812500000000000e-01 4.135199828595055e-01 8.927714340573440e-01
2.843750000000000e-01 4.208576485866312e-01 8.898992834932754e-01
2.875000000000000e-01 4.282980648535585e-01 8.869860317075056e-01
2.906250000000000e-01 4.358430482051222e-01 8.840320898679269e-01
2.937500000000000e-01 4.434944407157500e-01 8.810378896909761e-01
2.968750000000000e-01 4.512541104391968e-01 8.780038802131014e-01
3.000000000000000e-01 4.591239518646220e-01 8.749305241685086e-01
3.031250000000000e-01 4.671058863791195e-01 8.718182939613480e-01
3.062500000000000e-01 4.752018627368176e-01 8.686676672225828e-01
3.093750000000000e-01 4.834138575346580e-01 8.654791219442183e-01
3.125000000000000e-01 4.917438756949728e-01 8.622531311864149e-01
3.156250000000000e-01 5.001939509549778e-01 8.589901573562716e-01
3.187500000000000e-01 5.087661463633005e-01 8.556906460607877e-01
3.218750000000000e-01 5.174625547836644e-01 8.523550195407148e-01
3.250000000000000e-01 5.262852994058529e-01 8.489836696967185e-01
3.281250000000000e-01 5.352365342640750e-01 8.455769507245133e-01
3.312500000000000e-01 5.443184447628656e-01 8.421351713814244e-01
3.343750000000000e-01 5.535332482106405e-01 8.386585869131873e-01
3.375000000000000e-01 5.628831943610435e-01 8.351473906767318e-01
3.406250000000000e-01 5.723705659622137e-01 8.316017055022054e-01
3.437500000000000e-01 5.819976793141081e-01 8.280215748455717e-01
3.468750000000000e-01 5.917668848340161e-01 8.244069537917563e-01
3.500000000000000e-01 6.016805676304035e-01 8.207576999774616e-01
3.531250000000000e-01 6.117411480852264e-01 8.170735645124046e-01
3.562500000000000e-01 6.219510824448572e-01 8.133541829877695e-01
3.593750000000000e-01 6.323128634197650e-01 8.095990666710298e-01
3.625000000000000e-01 6.428290207931012e-01 8.058075939968746e-01
3.656250000000000e-01 6.535021220383342e-01 8.019790024746388e-01
3.687500000000000e-01 6.643347729460869e-01 7.981123811432155e-01
3.718750000000000e-01 6.753296182603294e-01 7.942066637147414e-01
3.750000000000000e-01 6.864893423240808e-01 7.902606225581547e-01
3.781250000000000e-01 6.978166697347804e-01 7.862728636827747e-01
3.812500000000000e-01 7.093143660094854e-01 7.822418228900485e-01
3.843750000000000e-01 7.209852382600603e-01 7.781657632682241e-01
3.875000000000000e-01 7.328321358785219e-01 7.740427742095756e-01
3.906250000000000e-01 7.448579512327029e-01 7.698707721325434e-01
3.937500000000000e-01 7.570656203724140e-01 7.656475030913310e-01
3.968750000000000e-01 7.694581237462648e-01 7.613705474527053e-01
4.000000000000000e-01 7.820384869293291e-01 7.570373268135270e-01
4.031250000000000e-01 7.948097813618253e-01 7.526451133224589e-01
4.062500000000000e-01 8.077751250989945e-01 7.481910415549496e-01
4.093750000000000e-01 8.209376835723596e-01 7.436721230715808e-01
4.125000000000000e-01 8.343006703625532e-01 7.390852637658676e-01
4.156250000000000e-01 8.478673479838968e-01 7.344272840783717e-01
4.187500000000000e-01 8.616410286809313e-01 7.296949421193504e-01
4.218750000000000e-01 8.756250752370857e-01 7.248849597021040e-01
4.250000000000000e-01 8.898229017956865e-01 7.199940512437989e-01
4.281250000000000e-01 9.042379746935050e-01 7.150189554401090e-01
4.312500000000000e-01 9.188738133070491e-01 7.099564695649951e-01
4.343750000000000e-01 9.337339909118028e-01 7.048034861879986e-01
4.375000000000000e-01 9.488221355546261e-01 6.995570320394207e-01
4.406250000000000e-01 9.641419309395265e-01 6.942143086898063e-01
4.437500000000000e-01 9.796971173270190e-01 6.887727346455319e-01
4.468750000000000e-01 9.954914924472941e-01 6.832299883985286e-01
4.500000000000000e-01 1.011528912427417e+00 6.775840519069339e-01
4.531250000000000e-01 1.027813292732786e+00 6.718332539265783e-01
4.562500000000000e-01 1.044348609123070e+00 6.659763125626034e-01
4.593750000000000e-01 1.061138898622882e+00 6.600123763681626e-01
4.625000000000000e-01 1.078188260507393e+00 6.539410632850154e-01
4.656250000000000e-01 1.095500857303154e+00 6.477624967007926e-01
4.687500000000000e-01 1.113080915804360e+00 6.414773378914933e-01
4.718750000000000e-01 1.130932728104805e+00 6.350868141268888e-01
4.750000000000000e-01 1.149060652645771e+00 6.285927417421253e-01
4.781250000000000e-01 1.167469115280130e+00 6.219975435217834e-01
4.812500000000000e-01 1.186162610352890e+00 6.153042598033318e-01
4.843750000000000e-01 1.205145701798475e+00 6.085165527852061e-01
4.875000000000000e-01 1.224423024254985e+00 6.016387036200134e-01
4.906250000000000e-01 1.243999284195726e+00 5.946756019844186e-01
4.937500000000000e-01 1.263879261078271e+00 5.876327279423450e-01
4.968750000000000e-01 1.284067808511348e+00 5.805161260549140e-01
5.000000000000000e-01 1.304569855439823e+00 5.733323718362312e-01
5.031250000000000e-01 1.325390407348082e+00 5.660885308053908e-01
5.062500000000000e-01 1.346534547482100e+00 5.587921105382356e-01
5.093750000000000e-01 1.368007438090487e+00 5.514510062734859e-01
5.125000000000001e-01 1.389814321684837e+00 5.440734407726553e-01
5.156250000000000e-01 1.411960522319654e+00 5.366678992674971e-01
5.187500000000000e-01 1.434451446892208e+00 5.292430604484053e-01
5.218750000000000e-01 1.457292586462593e+00 5.218077245483577e-01
5.250000000000000e-01 1.480489517594354e+00 5.143707396561048e-01
5.281250000000001e-01 1.504047903715979e+00 5.069409274464185e-01
5.312500000000000e-01 1.527973496503592e+00 4.995270095420147e-01
5.343750000000000e-01 1.552272137285215e+00 4.921375357197537e-01
5.375000000000000e-01 1.576949758466886e+00 4.847808151422497e-01
5.406250000000000e-01 1.602012384981041e+00 4.774648517354006e-01
5.437500000000001e-01 1.627466135757470e+00 4.701972847438055e-01
5.468750000000000e-01 1.653317225217225e+00 4.629853353817551e-01
5.500000000000000e-01 1.679571964789851e+00 4.558357603604815e-01
5.531250000000000e-01 1.706236764454286e+00 4.487548129164580e-01
5.562500000000000e-01 1.733318134303830e+00 4.417482117951917e-01
5.593750000000001e-01 1.760822686135563e+00 4.348211184650976e-01
5.625000000000000e-01 1.788757135064574e+00 4.279781226519430e-01
5.656250000000000e-01 1.817128301163438e+00 4.212232361014112e-01
5.687500000000000e-01 1.845943111127301e+00 4.145598943008999e-01
5.718750000000000e-01 1.875208599965003e+00 4.079909657268611e-01
5.750000000000001e-01 1.904931912716643e+00 4.015187680355227e-01
5.781250000000000e-01 1.935120306198011e+00 3.951450904868285e-01
5.812500000000000e-01 1.965781150772311e+00 3.888712217873228e-01
5.843750000000000e-01 1.996921932149593e+00 3.826979824600576e-01
5.875000000000000e-01 2.028550253214365e+00 3.766257608000465e-01
5.906250000000001e-01 2.060673835881802e+00 3.706545514529576e-01
5.937500000000000e-01 2.093300522983012e+00 3.647839956622209e-01
5.968750000000000e-01 2.126438280179837e+00 3.590134222640793e-01
6.000000000000001e-01 2.160095197909630e+00 3.533418885689300e-01
6.031250000000000e-01 2.194279493360494e+00 3.477682203472955e-01
6.062500000000001e-01 2.228999512477486e+00 3.422910502359328e-01
6.093750000000000e-01 2.264263732000228e+00 3.369088539893648e-01
6.125000000000000e-01 2.300080761532477e+00 3.316199841196634e-01
6.156250000000001e-01 2.336459345644116e+00 3.264227005876589e-01
6.187500000000000e-01 2.373408366006099e+00 3.213151983271427e-01
6.218750000000001e-01 2.410936843558884e+00 3.162956314957080e-01
6.250000000000000e-01 2.449053940714840e+00 3.113621344478909e-01
6.281250000000000e-01 2.487768963595221e+00 3.065128395152839e-01
6.312500000000001e-01 2.527091364302215e+00 3.017458917522333e-01
6.343750000000000e-01 2.567030743226622e+00 2.970594608634845e-01
6.375000000000001e-01 2.607596851391758e+00 2.924517505714964e-01
6.406250000000000e-01 2.648799592834118e+00 2.879210057067685e-01
6.437500000000000e-01 2.690649027021411e+00 2.834655173157367e-01
6.468750000000001e-01 2.733155371308524e+00 2.790836260795049e-01
6.500000000000000e-01 2.776329003432049e+00 2.747737243251239e-01
6.531250000000001e-01 2.820180464043967e+00 2.705342568917108e-01
6.562500000000000e-01 2.864720459285089e+00 2.663637210888214e-01
6.593750000000000e-01 2.909959863398929e+00 2.622606659563764e-01
6.625000000000001e-01 2.955909721386590e+00 2.582236910060611e-01
6.656250000000000e-01 3.002581251703353e+00 2.542514445950907e-01
6.687500000000001e-01 3.049985848997626e+00 2.503426220557930e-01
6.718750000000000e-01 3.098135086892879e+00 2.464959636794776e-01
6.750000000000000e-01 3.147040720813310e+00 2.427102526310497e-01
6.781250000000001e-01 3.196714690853871e+00 2.389843128520096e-01
6.812500000000000e-01 3.247169124695383e+00 2.353170069938436e-01
6.843750000000001e-01 3.298416340565477e+00 2.317072344111670e-01
6.875000000000000e-01 3.350468850246008e+00 2.281539292340233e-01
6.906250000000000e-01 3.403339362127777e+00 2.246560585311232e-01
6.937500000000001e-01 3.457040784313211e+00 2.212126205701256e-01
6.968750000000000e-01 3.511586227767823e+00 2.178226431769704e-01
7.000000000000001e-01 3.566989009521205e+00 2.144851821934184e-01
7.031250000000000e-01 3.623262655918307e+00 2.111993200300541e-01
7.062500000000000e-01 3.680420905921852e+00 2.079641643108170e-01
7.093750000000001e-01 3.738477714466631e+00 2.047788466044446e-01
7.125000000000000e-01 3.797447255866536e+00 2.016425212378939e-01
7.156250000000001e-01 3.857343927275175e+00 1.985543641867246e-01
7.187500000000000e-01 3.918182352200844e+00 1.955135720375122e-01
7.218750000000000e-01 3.979977384076828e+00 1.925193610175311e-01
7.250000000000001e-01 4.042744109887770e+00 1.895709660871807e-01
7.281250000000000e-01 4.106497853853101e+00 1.866676400908859e-01
7.312500000000001e-01 4.171254181168399e+00 1.838086529624650e-01
7.343750000000000e-01 4.237028901805528e+00 1.809932909812267e-01
7.375000000000000e-01 4.303838074372613e+00 1.782208560753036e-01
7.406250000000001e-01 4.371698010034643e+00 1.754906651689768e-01
7.437500000000000e-01 4.440625276495786e+00 1.728020495709672e-01
7.468750000000001e-01 4.510636702044332e+00 1.701543544008806e-01
7.500000000000000e-01 4.581749379661216e+00 1.675469380511915e-01
7.531250000000000e-01 4.653980671193226e+00 1.649791716823306e-01
7.562500000000001e-01 4.727348211591802e+00 1.624504387486120e-01
7.593750000000000e-01 4.801869913218528e+00 1.599601345528928e-01
7.625000000000001e-01 4.877563970218381e+00 1.575076658280023e-01
7.656250000000000e-01 4.954448862961714e+00 1.550924503431163e-01
7.687500000000000e-01 5.032543362556198e+00 1.527139165333751e-01
7.718750000000001e-01 5.111866535429675e+00 1.503715031511633e-01
7.750000000000000e-01 5.192437747985146e+00 1.480646589375756e-01
7.781250000000001e-01 5.274276671329015e+00 1.457928423126968e-01
7.812500000000000e-01 5.357403286073669e+00 1.435555210834162e-01
7.843750000000000e-01 5.441837887215693e+00 1.413521721675854e-01
7.875000000000001e-01 5.527601089090773e+00 1.391822813334101e-01
7.906250000000000e-01 5.614713830406605e+00 1.370453429530412e-01
7.937500000000001e-01 5.703197379355005e+00 1.349408597694033e-01
7.968750000000000e-01 5.793073338804412e+00 1.328683426753626e-01
8.000000000000000e-01 5.884363651574169e+00 1.308273105043997e-01
8.031250000000001e-01 5.977090605791737e+00 1.288172898320081e-01
8.062500000000000e-01 6.071276840334257e+00 1.268378147870934e-01
8.093750000000001e-01 6.166945350355728e+00 1.248884268726993e-01
8.125000000000000e-01 6.264119492901173e+00 1.229686747954307e-01
8.156250000000000e-01 6.362822992609162e+00 1.210781143029876e-01
8.187500000000001e-01 6.463079947504072e+00 1.192163080292675e-01
8.218750000000000e-01 6.564914834879517e+00 1.173828253465256e-01
8.250000000000001e-01 6.668352517274371e+00 1.155772422241230e-01
8.281250000000000e-01 6.773418248542846e+00 1.137991410934214e-01
8.312500000000000e-01 6.880137680020114e+00 1.120481107184171e-01
8.343750000000001e-01 6.988536866784961e+00 1.103237460717318e-01
8.375000000000000e-01 7.098642274021019e+00 1.086256482156072e-01
8.406250000000001e-01 7.210480783478133e+00 1.069534241875744e-01
8.437500000000000e-01 7.324079700035414e+00 1.053066868904907e-01
8.468750000000000e-01 7.439466758367605e+00 1.036850549866597e-01
8.500000000000001e-01 7.556670129716381e+00 1.020881527957709e-01
8.531250000000000e-01 7.675718428768239e+00 1.005156101964105e-01
8.562500000000001e-01 7.796640720640633e+00 9.896706253091751e-02
8.593750000000000e-01 7.919466527978115e+00 9.744215051337117e-02
8.625000000000000e-01 8.044225838160141e+00 9.594052014051244e-02
8.656250000000001e-01 8.170949110622363e+00 9.446182260541761e-02
8.687500000000000e-01 8.299667284293170e+00 9.300571421375270e-02
8.718750000000001e-01 8.430411785147284e+00 9.157185630245174e-02
8.750000000000000e-01 8.563214533878281e+00 9.015991516067186e-02
8.781250000000000e-01 8.698107953691880e+00 8.876956195288994e-02
8.812500000000001e-01 8.835124978221932e+00 8.740047264401428e-02
8.843750000000000e-01 8.974299059571019e+00 8.605232792639458e-02
8.875000000000001e-01 9.115664176477637e+00 8.472481314862212e-02
8.906250000000000e-01 9.259254842611947e+00 8.341761824601937e-02
8.937500000000000e-01 9.405106115002161e+00 8.213043767272608e-02
8.968750000000001e-01 9.553253602593529e+00 8.086297033529570e-02
9.000000000000000e-01 9.703733474942130e+00 7.961491952772198e-02
9.031250000000001e-01 9.856582471045494e+00 7.838599286782208e-02
9.062500000000000e-01 1.001183790831228e+01 7.717590223490733e-02
9.093750000000000e-01 1.016953769167313e+01 7.598436370867832e-02
9.125000000000001e-01 1.032972032283505e+01 7.481109750928566e-02
9.156250000000000e-01 1.049242490968134e+01 7.365582793850182e-02
9.187500000000001e-01 1.065769117581972e+01 7.251828332195383e-02
9.218750000000000e-01 1.082555947028058e+01 7.139819595237019e-02
9.250000000000000e-01 1.099607077736805e+01 7.029530203379887e-02
9.281250000000001e-01 1.116926672666618e+01 6.920934162675652e-02
9.312500000000000e-01 1.134518960320255e+01 6.814005859427183e-02
9.343750000000001e-01 1.152388235777201e+01 6.708720054878893e-02
9.375000000000000e-01 1.170538861742293e+01 6.605051879989912e-02
9.406250000000000e-01 1.188975269610854e+01 6.502976830287162e-02
9.437500000000001e-01 1.207701960550600e+01 6.402470760795614e-02
9.468750000000000e-01 1.226723506600578e+01 6.303509881043226e-02
9.500000000000001e-01 1.246044551787411e+01 6.206070750138201e-02
9.531250000000000e-01 1.265669813259115e+01 6.110130271916425e-02
9.562500000000000e-01 1.285604082436773e+01 6.015665690157083e-02
9.593750000000001e-01 1.305852226184337e+01 5.922654583864577e-02
9.625000000000000e-01 1.326419187996850e+01 5.831074862615011e-02
9.656250000000001e-01 1.347309989207381e+01 5.740904761965664e-02
9.687500000000000e-01 1.368529730212962e+01 5.652122838925919e-02
9.718750000000000e-01 1.390083591719824e+01 5.564707967488290e-02
9.750000000000001e-01 1.411976836008246e+01 5.478639334218211e-02
9.781250000000000e-01 1.434214808217320e+01 5.393896433901406e-02
9.812500000000001e-01 1.456802937649935e+01 5.310459065247695e-02
9.843750000000000e-01 1.479746739098328e+01 5.228307326650165e-02
9.875000000000000e-01 1.503051814190487e+01 5.147421611998727e-02
9.906250000000001e-01 1.526723852757770e+01 5.067782606547109e-02
9.937500000000000e-01 1.550768634224049e+01 4.989371282832423e-02
9.968750000000001e-01 1.575192029016732e+01 4.912168896646450e-02
1.000000000000000e+00 1.600000000000000e+01 4.836156983057899e-02
