0.000000000000000e+00 0.000000000000000e+00 1.000000000000000e+00
5.000000000000000e-03 3.369477419287315e-03 1.000000041219265e+00
1.000000000000000e-02 6.741060871647481e-03 1.000000203877567e+00
1.500000000000000e-02 1.011685770649257e-02 1.000000471155930e+00
2.000000000000000e-02 1.349897790673588e-02 1.000000848481878e+00
2.500000000000000e-02 1.688953540759990e-02 1.000001339629323e+00
3.000000000000000e-02 2.029064941789469e-02 1.000001943750068e+00
3.500000000000000e-02 2.370444574459234e-02 1.000002660757956e+00
4.000000000000000e-02 2.713305812152553e-02 1.000003495645210e+00
4.500000000000000e-02 3.057862954304063e-02 1.000004452703574e+00
5.000000000000000e-02 3.404331360343898e-02 1.000005532963459e+00
5.500000000000000e-02 3.752927584304335e-02 1.000006740948945e+00
6.000000000000000e-02 4.103869510173117e-02 1.000008082938806e+00
6.500000000000000e-02 4.457376488078044e-02 1.000009563687463e+00
7.000000000000001e-02 4.813669471387935e-02 1.000011189687827e+00
7.500000000000000e-02 5.172971154815675e-02 1.000012966752584e+00
8.000000000000000e-02 5.535506113609672e-02 1.000014902779935e+00
8.500000000000001e-02 5.901500943920686e-02 1.000017005743439e+00
9.000000000000000e-02 6.271184404431801e-02 1.000019283293168e+00
9.500000000000000e-02 6.644787559340060e-02 1.000021745491381e+00
1.000000000000000e-01 7.022543922779090e-02 1.000024402340059e+00
1.050000000000000e-01 7.404689604773053e-02 1.000027266699591e+00
1.100000000000000e-01 7.791463458813094e-02 1.000030351185513e+00
1.150000000000000e-01 8.183107231148547e-02 1.000033669439718e+00
1.200000000000000e-01 8.579865711886202e-02 1.000037236728244e+00
1.250000000000000e-01 8.981986887992111e-02 1.000041071104648e+00
1.300000000000000e-01 9.389722098291493e-02 1.000045189745459e+00
1.350000000000000e-01 9.803326190563690e-02 1.000049609502649e+00
1.400000000000000e-01 1.022305768083033e-01 1.000054355275183e+00
1.450000000000000e-01 1.064917891493625e-01 1.000059451419364e+00
1.500000000000000e-01 1.108195623252418e-01 1.000064925397138e+00
1.550000000000000e-01 1.152166013350572e-01 1.000070805749883e+00
1.600000000000000e-01 1.196856544713255e-01 1.000077122796518e+00
1.650000000000000e-01 1.242295150377370e-01 1.000083912026099e+00
1.700000000000000e-01 1.288510230950609e-01 1.000091208642448e+00
1.750000000000000e-01 1.335530672362758e-01 1.000099057479456e+00
1.800000000000000e-01 1.383385863920344e-01 1.000107505122429e+00
1.850000000000000e-01 1.432105716675912e-01 1.000116602929648e+00
1.900000000000000e-01 1.481720682123397e-01 1.000126408147290e+00
1.950000000000000e-01 1.532261771231311e-01 1.000136977766118e+00
2.000000000000000e-01 1.583760573825595e-01 1.000148381378371e+00
2.050000000000000e-01 1.636249278334301e-01 1.000160693579862e+00
2.100000000000000e-01 1.689760691906397e-01 1.000173998231156e+00
2.150000000000000e-01 1.744328260917313e-01 1.000188390411263e+00
2.200000000000000e-01 1.799986091874004e-01 1.000203965894187e+00
2.250000000000000e-01 1.856768972732633e-01 1.000220834750331e+00
2.300000000000000e-01 1.914712394642179e-01 1.000239120946095e+00
2.350000000000000e-01 1.973852574127551e-01 1.000258959695891e+00
2.400000000000000e-01 2.034226475726105e-01 1.000280506352097e+00
2.450000000000000e-01 2.095871835091678e-01 1.000303922076916e+00
2.500000000000000e-01 2.158827182580599e-01 1.000329380968545e+00
2.550000000000000e-01 2.223131867334419e-01 1.000357096152693e+00
2.600000000000000e-01 2.288826081874405e-01 1.000387293603520e+00
2.650000000000000e-01 2.355950887223172e-01 1.000420208165517e+00
2.700000000000000e-01 2.424548238569160e-01 1.000456114356377e+00
2.750000000000000e-01 2.494661011489995e-01 1.000495315027900e+00
2.800000000000000e-01 2.566333028751116e-01 1.000538138920936e+00
2.850000000000000e-01 2.639609087696434e-01 1.000584947954006e+00
2.900000000000000e-01 2.714534988248126e-01 1.000636141148367e+00
2.950000000000000e-01 2.791157561533084e-01 1.000692161582430e+00
3.000000000000000e-01 2.869524699153886e-01 1.000753489070344e+00
3.050000000000000e-01 2.949685383122613e-01 1.000820654614316e+00
3.100000000000000e-01 3.031689716476197e-01 1.000894241135573e+00
3.150000000000000e-01 3.115588954592450e-01 1.000974879721709e+00
3.200000000000000e-01 3.201435537226349e-01 1.001063269146588e+00
3.250000000000000e-01 3.289283121286580e-01 1.001160164536568e+00
3.300000000000000e-01 3.379186614372866e-01 1.001266388009461e+00
3.350000000000000e-01 3.471202209094989e-01 1.001382841393734e+00
3.400000000000000e-01 3.565387418195016e-01 1.001510489836409e+00
3.450000000000000e-01 3.661801110494620e-01 1.001650386715089e+00
3.500000000000000e-01 3.760503547690021e-01 1.001803670395317e+00
3.550000000000000e-01 3.861556422017504e-01 1.001971552649350e+00
3.600000000000000e-01 3.965022894813072e-01 1.002155350500130e+00
3.650000000000000e-01 4.070967635990345e-01 1.002356465468714e+00
3.700000000000000e-01 4.179456864461349e-01 1.002576382699023e+00
3.750000000000000e-01 4.290558389525505e-01 1.002816701593289e+00
3.800000000000000e-01 4.404341653252637e-01 1.003079099409910e+00
3.850000000000000e-01 4.520877773886537e-01 1.003365339581634e+00
3.900000000000000e-01 4.640239590296172e-01 1.003677296790630e+00
3.950000000000000e-01 4.762501707502353e-01 1.004016906595658e+00
4.000000000000000e-01 4.887740543308307e-01 1.004386178313283e+00
4.050000000000000e-01 5.016034376063282e-01 1.004787216617560e+00
4.100000000000000e-01 5.147463393589066e-01 1.005222156717634e+00
4.150000000000000e-01 5.282109743299990e-01 1.005693171493566e+00
4.200000000000000e-01 5.420057583547735e-01 1.006202495636608e+00
4.250000000000000e-01 5.561393136223041e-01 1.006752347006129e+00
4.300000000000000e-01 5.706204740647189e-01 1.007344914361122e+00
4.350000000000000e-01 5.854582908786964e-01 1.007982393354302e+00
4.400000000000000e-01 6.006620381827575e-01 1.008666904024739e+00
4.450000000000000e-01 6.162412188138907e-01 1.009400436519184e+00
4.500000000000000e-01 6.322055702671360e-01 1.010184896524791e+00
4.550000000000000e-01 6.485650707818353e-01 1.011022050270803e+00
4.600000000000000e-01 6.653299455783577e-01 1.011913417312066e+00
4.650000000000000e-01 6.825106732491932e-01 1.012860290176212e+00
4.700000000000000e-01 7.001179923084168e-01 1.013863742931813e+00
4.750000000000000e-01 7.181629079036070e-01 1.014924509290642e+00
4.800000000000000e-01 7.366566986944229e-01 1.016042915197614e+00
4.850000000000000e-01 7.556109239021327e-01 1.017218925949401e+00
4.900000000000000e-01 7.750374305345038e-01 1.018452111391899e+00
4.950000000000000e-01 7.949483607905672e-01 1.019741509996804e+00
5.000000000000000e-01 8.153561596498893e-01 1.021085583740711e+00
5.050000000000000e-01 8.362735826510871e-01 1.022482270875648e+00
5.100000000000000e-01 8.577137038644561e-01 1.023928958737322e+00
5.150000000000000e-01 8.796899240636907e-01 1.025422358383179e+00
5.200000000000000e-01 9.022159791018011e-01 1.026958439121023e+00
5.250000000000000e-01 9.253059484964714e-01 1.028532473055199e+00
5.300000000000000e-01 9.489742642302165e-01 1.030139068366998e+00
5.350000000000000e-01 9.732357197708378e-01 1.031772107047330e+00
5.400000000000000e-01 9.981054793178262e-01 1.033424651839760e+00
5.450000000000000e-01 1.023599087280478e+00 1.035088924159603e+00
5.500000000000000e-01 1.049732477993657e+00 1.036756359254228e+00
5.550000000000000e-01 1.076521985677273e+00 1.038417663869784e+00
5.600000000000001e-01 1.103984354645701e+00 1.040062825321689e+00
5.650000000000001e-01 1.132136749773522e+00 1.041681090778117e+00
5.700000000000001e-01 1.160996767224129e+00 1.043260963395201e+00
5.750000000000001e-01 1.190582445447902e+00 1.044790244777574e+00
5.800000000000000e-01 1.220912276456826e+00 1.046256123325958e+00
5.850000000000000e-01 1.252005217382601e+00 1.047645291610457e+00
5.900000000000000e-01 1.283880702325469e+00 1.048944083370670e+00
5.950000000000000e-01 1.316558654501151e+00 1.050138633211818e+00
6.000000000000000e-01 1.350059498693518e+00 1.051215069210965e+00
6.050000000000000e-01 1.384404174020732e+00 1.052159751635721e+00
6.100000000000000e-01 1.419614147022888e+00 1.052959567785942e+00
6.150000000000000e-01 1.455711425079295e+00 1.053602290278090e+00
6.200000000000000e-01 1.492718570163803e+00 1.054077002547277e+00
6.250000000000000e-01 1.530658712946775e+00 1.054374591226711e+00
6.300000000000000e-01 1.569555567252506e+00 1.054488299329239e+00
6.350000000000000e-01 1.609433444881138e+00 1.054414325652267e+00
6.400000000000000e-01 1.650317270804325e+00 1.054152444545170e+00
6.450000000000000e-01 1.692232598744148e+00 1.053706606167820e+00
6.500000000000000e-01 1.735205627145031e+00 1.053085461905446e+00
6.550000000000000e-01 1.779263215548615e+00 1.052302744768747e+00
6.600000000000000e-01 1.824432901381847e+00 1.051377423710643e+00
6.650000000000000e-01 1.870742917168772e+00 1.050333547987000e+00
6.700000000000000e-01 1.918222208176775e+00 1.049199707366320e+00
6.750000000000000e-01 1.966900450508319e+00 1.048008059568768e+00
6.800000000000000e-01 2.016808069649473e+00 1.046792918771290e+00
6.850000000000001e-01 2.067976259486829e+00 1.045588955581890e+00
6.900000000000001e-01 2.120437001804702e+00 1.044429122476249e+00
6.950000000000001e-01 2.174223086274785e+00 1.043342478599761e+00
7.000000000000001e-01 2.229368130950753e+00 1.042352131804659e+00
7.050000000000000e-01 2.285906603280654e+00 1.041473532936260e+00
7.100000000000000e-01 2.343873841650178e+00 1.040713341089083e+00
7.150000000000000e-01 2.403306077470301e+00 1.040069028260895e+00
7.200000000000000e-01 2.464240457823092e+00 1.039529313139614e+00
7.250000000000000e-01 2.526715068679855e+00 1.039075416985848e+00
7.300000000000000e-01 2.590768958706095e+00 1.038683032574604e+00
7.350000000000000e-01 2.656442163668210e+00 1.038324803341326e+00
7.400000000000000e-01 2.723775731457148e+00 1.037973037014547e+00
7.450000000000000e-01 2.792811747744667e+00 1.037602337648123e+00
7.500000000000000e-01 2.863593362288260e+00 1.037191841532311e+00
7.550000000000000e-01 2.936164815901156e+00 1.036726791346804e+00
7.600000000000000e-01 3.010571468104263e+00 1.036199277348117e+00
7.650000000000000e-01 3.086859825477351e+00 1.035608102503040e+00
7.700000000000000e-01 3.165077570727174e+00 1.034957867821676e+00
7.750000000000000e-01 3.245273592490716e+00 1.034257495380668e+00
7.800000000000000e-01 3.327498015892184e+00 1.033518481465619e+00
7.850000000000000e-01 3.411802233872832e+00 1.032753183425920e+00
7.900000000000000e-01 3.498238939313234e+00 1.031973391353374e+00
7.950000000000000e-01 3.586862157968046e+00 1.031189337855326e+00
8.000000000000000e-01 3.677727282233856e+00 1.030409185926612e+00
8.050000000000000e-01 3.770891105771243e+00 1.029638937001953e+00
8.100000000000001e-01 3.866411859002656e+00 1.028882640024418e+00
8.150000000000001e-01 3.964349245508326e+00 1.028142764233073e+00
8.200000000000001e-01 4.064764479342956e+00 1.027420615850509e+00
8.250000000000001e-01 4.167720323296481e+00 1.026716716332879e+00
8.300000000000001e-01 4.273281128122877e+00 1.026031100939432e+00
8.350000000000000e-01 4.381512872761445e+00 1.025363529415052e+00
8.400000000000000e-01 4.492483205575838e+00 1.024713620665834e+00
8.450000000000000e-01 4.606261486636447e+00 1.024080931255364e+00
8.500000000000000e-01 4.722918831072739e+00 1.023464997214134e+00
8.550000000000000e-01 4.842528153522501e+00 1.022865354344772e+00
8.600000000000000e-01 4.965164213705875e+00 1.022281547120117e+00
8.650000000000000e-01 5.090903663152626e+00 1.021713132082937e+00
8.700000000000000e-01 5.219825093111814e+00 1.021159678835583e+00
8.750000000000000e-01 5.352009083673925e+00 1.020620770072642e+00
8.800000000000000e-01 5.487538254136007e+00 1.020096001274781e+00
8.850000000000000e-01 5.626497314641444e+00 1.019584980301889e+00
8.900000000000000e-01 5.768973119126561e+00 1.019087326968440e+00
8.950000000000000e-01 5.915054719607133e+00 1.018602672626882e+00
9.000000000000000e-01 6.064833421838831e+00 1.018130659765889e+00
9.050000000000000e-01 6.218402842386253e+00 1.017670941624655e+00
9.100000000000000e-01 6.375858967136348e+00 1.017223181822909e+00
9.150000000000000e-01 6.537300211292723e+00 1.016787054005988e+00
9.200000000000000e-01 6.702827480888332e+00 1.016362241504237e+00
9.250000000000000e-01 6.872544235855034e+00 1.015948437006084e+00
9.300000000000000e-01 7.046556554689444e+00 1.015545342244118e+00
9.350000000000001e-01 7.224973200755413e+00 1.015152667693559e+00
9.400000000000001e-01 7.407905690264673e+00 1.014770132282555e+00
9.450000000000001e-01 7.595468361978146e+00 1.014397463113734e+00
9.500000000000001e-01 7.787778448671316e+00 1.014034395196510e+00
9.550000000000001e-01 7.984956150408610e+00 1.013680671189645e+00
9.600000000000000e-01 8.187124709672272e+00 1.013336041153601e+00
9.650000000000000e-01 8.394410488393007e+00 1.013000262312244e+00
9.700000000000000e-01 8.606943046930221e+00 1.012673098823478e+00
9.750000000000000e-01 8.824855225051540e+00 1.012354321558421e+00
9.800000000000000e-01 9.048283224961922e+00 1.012043707888742e+00
9.850000000000000e-01 9.277366696434507e+00 1.011741041481798e+00
9.900000000000000e-01 9.512248824096272e+00 1.011446112103244e+00
9.950000000000000e-01 9.753076416923058e+00 1.011158715426795e+00
1.000000000000000e+00 1.000000000000000e+01 1.010878652850813e+00
