0.000000000000000e+00 0.000000000000000e+00 1.000000000000000e+00
5.000000000000000e-03 3.369477419287315e-03 1.000000309568219e+00
1.000000000000000e-02 6.741060871647481e-03 1.000001544547289e+00
1.500000000000000e-02 1.011685770649257e-02 1.000003598082519e+00
2.000000000000000e-02 1.349897790673588e-02 1.000006486759829e+00
2.500000000000000e-02 1.688953540759990e-02 1.000010217080543e+00
3.000000000000000e-02 2.029064941789469e-02 1.000014788554888e+00
3.500000000000000e-02 2.370444574459234e-02 1.000020214485293e+00
4.000000000000000e-02 2.713305812152553e-02 1.000026513713091e+00
4.500000000000000e-02 3.057862954304063e-02 1.000033700054305e+00
5.000000000000000e-02 3.404331360343898e-02 1.000041791461466e+00
5.500000000000000e-02 3.752927584304335e-02 1.000050811484405e+00
6.000000000000000e-02 4.103869510173117e-02 1.000060772999283e+00
6.500000000000000e-02 4.457376488078044e-02 1.000071701115562e+00
7.000000000000001e-02 4.813669471387935e-02 1.000083624868131e+00
7.500000000000000e-02 5.172971154815675e-02 1.000096579797205e+00
8.000000000000000e-02 5.535506113609672e-02 1.000110592127775e+00
8.500000000000001e-02 5.901500943920686e-02 1.000125694649114e+00
9.000000000000000e-02 6.271184404431801e-02 1.000141923599358e+00
9.500000000000000e-02 6.644787559340060e-02 1.000159317015392e+00
1.000000000000000e-01 7.022543922779090e-02 1.000177920575385e+00
1.050000000000000e-01 7.404689604773053e-02 1.000197776283001e+00
1.100000000000000e-01 7.791463458813094e-02 1.000218933826012e+00
1.150000000000000e-01 8.183107231148547e-02 1.000241445174035e+00
1.200000000000000e-01 8.579865711886202e-02 1.000265366156978e+00
1.250000000000000e-01 8.981986887992111e-02 1.000290753809846e+00
1.300000000000000e-01 9.389722098291493e-02 1.000317666521506e+00
1.350000000000000e-01 9.803326190563690e-02 1.000346161880517e+00
1.400000000000000e-01 1.022305768083033e-01 1.000376315440025e+00
1.450000000000000e-01 1.064917891493625e-01 1.000408198915101e+00
1.500000000000000e-01 1.108195623252418e-01 1.000441881705167e+00
1.550000000000000e-01 1.152166013350572e-01 1.000477444948158e+00
1.600000000000000e-01 1.196856544713255e-01 1.000514976565303e+00
1.650000000000000e-01 1.242295150377370e-01 1.000554564912298e+00
1.700000000000000e-01 1.288510230950609e-01 1.000596297253805e+00
1.750000000000000e-01 1.335530672362758e-01 1.000640275931557e+00
1.800000000000000e-01 1.383385863920344e-01 1.000686594342484e+00
1.850000000000000e-01 1.432105716675912e-01 1.000735356580339e+00
1.900000000000000e-01 1.481720682123397e-01 1.000786676188379e+00
1.950000000000000e-01 1.532261771231311e-01 1.000840666474792e+00
2.000000000000000e-01 1.583760573825595e-01 1.000897452546562e+00
2.050000000000000e-01 1.636249278334301e-01 1.000957168322965e+00
2.100000000000000e-01 1.689760691906397e-01 1.001019943498008e+00
2.150000000000000e-01 1.744328260917313e-01 1.001085900280298e+00
2.200000000000000e-01 1.799986091874004e-01 1.001155182220239e+00
2.250000000000000e-01 1.856768972732633e-01 1.001227945776599e+00
2.300000000000000e-01 1.914712394642179e-01 1.001304342753353e+00
2.350000000000000e-01 1.973852574127551e-01 1.001384525181800e+00
2.400000000000000e-01 2.034226475726105e-01 1.001468659516877e+00
2.450000000000000e-01 2.095871835091678e-01 1.001556917423565e+00
2.500000000000000e-01 2.158827182580599e-01 1.001649470405264e+00
2.550000000000000e-01 2.223131867334419e-01 1.001746493788516e+00
2.600000000000000e-01 2.288826081874405e-01 1.001848168026065e+00
2.650000000000000e-01 2.355950887223172e-01 1.001954678806913e+00
2.700000000000000e-01 2.424548238569160e-01 1.002066219582602e+00
2.750000000000000e-01 2.494661011489995e-01 1.002182986814728e+00
2.800000000000000e-01 2.566333028751116e-01 1.002305166543532e+00
2.850000000000000e-01 2.639609087696434e-01 1.002432956894180e+00
2.900000000000000e-01 2.714534988248126e-01 1.002566542034997e+00
2.950000000000000e-01 2.791157561533084e-01 1.002706111175813e+00
3.000000000000000e-01 2.869524699153886e-01 1.002851867926837e+00
3.050000000000000e-01 2.949685383122613e-01 1.003003984439255e+00
3.100000000000000e-01 3.031689716476197e-01 1.003162641425534e+00
3.150000000000000e-01 3.115588954592450e-01 1.003327996438592e+00
3.200000000000000e-01 3.201435537226349e-01 1.003500196195130e+00
3.250000000000000e-01 3.289283121286580e-01 1.003679394163731e+00
3.300000000000000e-01 3.379186614372866e-01 1.003865688260514e+00
3.350000000000000e-01 3.471202209094989e-01 1.004059164740634e+00
3.400000000000000e-01 3.565387418195016e-01 1.004259893815553e+00
3.450000000000000e-01 3.661801110494620e-01 1.004467902521803e+00
3.500000000000000e-01 3.760503547690021e-01 1.004683170486052e+00
3.550000000000000e-01 3.861556422017504e-01 1.004905626461819e+00
3.600000000000000e-01 3.965022894813072e-01 1.005135165984933e+00
3.650000000000000e-01 4.070967635990345e-01 1.005371602684705e+00
3.700000000000000e-01 4.179456864461349e-01 1.005614681466862e+00
3.750000000000000e-01 4.290558389525505e-01 1.005864078492132e+00
3.800000000000000e-01 4.404341653252637e-01 1.006119360436887e+00
3.850000000000000e-01 4.520877773886537e-01 1.006380012559720e+00
3.900000000000000e-01 4.640239590296172e-01 1.006645399041539e+00
3.950000000000000e-01 4.762501707502353e-01 1.006914758109828e+00
4.000000000000000e-01 4.887740543308307e-01 1.007187214839907e+00
4.050000000000000e-01 5.016034376063282e-01 1.007461730639786e+00
4.100000000000000e-01 5.147463393589066e-01 1.007737131437731e+00
4.150000000000000e-01 5.282109743299990e-01 1.008012090357233e+00
4.200000000000000e-01 5.420057583547735e-01 1.008285099658074e+00
4.250000000000000e-01 5.561393136223041e-01 1.008554513931836e+00
4.300000000000000e-01 5.706204740647189e-01 1.008818516775784e+00
4.350000000000000e-01 5.854582908786964e-01 1.009075133226483e+00
4.400000000000000e-01 6.006620381827575e-01 1.009322277901906e+00
4.450000000000000e-01 6.162412188138907e-01 1.009557732539234e+00
4.500000000000000e-01 6.322055702671360e-01 1.009779202836003e+00
4.550000000000000e-01 6.485650707818353e-01 1.009984378388446e+00
4.600000000000000e-01 6.653299455783577e-01 1.010170944626050e+00
4.650000000000000e-01 6.825106732491932e-01 1.010336685355596e+00
4.700000000000000e-01 7.001179923084168e-01 1.010479570133908e+00
4.750000000000000e-01 7.181629079036070e-01 1.010597813056820e+00
4.800000000000000e-01 7.366566986944229e-01 1.010690014939594e+00
4.850000000000000e-01 7.556109239021327e-01 1.010755284759712e+00
4.900000000000000e-01 7.750374305345038e-01 1.010793336375372e+00
4.950000000000000e-01 7.949483607905672e-01 1.010804648248027e+00
5.000000000000000e-01 8.153561596498893e-01 1.010790598991069e+00
5.050000000000000e-01 8.362735826510871e-01 1.010753566216394e+00
5.100000000000000e-01 8.577137038644561e-01 1.010697049674715e+00
5.150000000000000e-01 8.796899240636907e-01 1.010625760323507e+00
5.200000000000000e-01 9.022159791018011e-01 1.010545656469196e+00
5.250000000000000e-01 9.253059484964714e-01 1.010463960588468e+00
5.300000000000000e-01 9.489742642302165e-01 1.010389120142132e+00
5.350000000000000e-01 9.732357197708378e-01 1.010330707215368e+00
5.400000000000000e-01 9.981054793178262e-01 1.010299280384463e+00
5.450000000000000e-01 1.023599087280478e+00 1.010306172393475e+00
5.500000000000000e-01 1.049732477993657e+00 1.010363212872781e+00
5.550000000000000e-01 1.076521985677273e+00 1.010482443383260e+00
5.600000000000001e-01 1.103984354645701e+00 1.010675793121299e+00
5.650000000000001e-01 1.132136749773522e+00 1.010954679743901e+00
5.700000000000001e-01 1.160996767224129e+00 1.011329619508480e+00
5.750000000000001e-01 1.190582445447902e+00 1.011809902926369e+00
5.800000000000000e-01 1.220912276456826e+00 1.012403264527155e+00
5.850000000000000e-01 1.252005217382601e+00 1.013115516036855e+00
5.900000000000000e-01 1.283880702325469e+00 1.013950241608121e+00
5.950000000000000e-01 1.316558654501151e+00 1.014908619393879e+00
6.000000000000000e-01 1.350059498693518e+00 1.015989301115086e+00
6.050000000000000e-01 1.384404174020732e+00 1.017188275457462e+00
6.100000000000000e-01 1.419614147022888e+00 1.018498751735211e+00
6.150000000000000e-01 1.455711425079295e+00 1.019911145599692e+00
6.200000000000000e-01 1.492718570163803e+00 1.021413175222260e+00
6.250000000000000e-01 1.530658712946775e+00 1.022989999649016e+00
6.300000000000000e-01 1.569555567252506e+00 1.024624345683575e+00
6.350000000000000e-01 1.609433444881138e+00 1.026296633616003e+00
6.400000000000000e-01 1.650317270804325e+00 1.027985142081896e+00
6.450000000000000e-01 1.692232598744148e+00 1.029666239587557e+00
6.500000000000000e-01 1.735205627145031e+00 1.031314685830462e+00
6.550000000000000e-01 1.779263215548615e+00 1.032903994894856e+00
6.600000000000000e-01 1.824432901381847e+00 1.034406865448180e+00
6.650000000000000e-01 1.870742917168772e+00 1.035795700394847e+00
6.700000000000000e-01 1.918222208176775e+00 1.037043249971387e+00
6.750000000000000e-01 1.966900450508319e+00 1.038123416609072e+00
6.800000000000000e-01 2.016808069649473e+00 1.039012254188794e+00
6.850000000000001e-01 2.067976259486829e+00 1.039689180929318e+00
6.900000000000001e-01 2.120437001804702e+00 1.040138398974286e+00
6.950000000000001e-01 2.174223086274785e+00 1.040350470943708e+00
7.000000000000001e-01 2.229368130950753e+00 1.040323941568770e+00
7.050000000000000e-01 2.285906603280654e+00 1.040066814443148e+00
7.100000000000000e-01 2.343873841650178e+00 1.039597613920229e+00
7.150000000000000e-01 2.403306077470301e+00 1.038945706189691e+00
7.200000000000000e-01 2.464240457823092e+00 1.038150556196120e+00
7.250000000000000e-01 2.526715068679855e+00 1.037259689712198e+00
7.300000000000000e-01 2.590768958706095e+00 1.036325323633445e+00
7.350000000000000e-01 2.656442163668210e+00 1.035399898063531e+00
7.400000000000000e-01 2.723775731457148e+00 1.034531028951779e+00
7.450000000000000e-01 2.792811747744667e+00 1.033756616586524e+00
7.500000000000000e-01 2.863593362288260e+00 1.033100918926118e+00
7.550000000000000e-01 2.936164815901156e+00 1.032572294194572e+00
7.600000000000000e-01 3.010571468104263e+00 1.032163051236386e+00
7.650000000000000e-01 3.086859825477351e+00 1.031851479071655e+00
7.700000000000000e-01 3.165077570727174e+00 1.031605739233378e+00
7.750000000000000e-01 3.245273592490716e+00 1.031388973010219e+00
7.800000000000000e-01 3.327498015892184e+00 1.031164762006157e+00
7.850000000000000e-01 3.411802233872832e+00 1.030902026527392e+00
7.900000000000000e-01 3.498238939313234e+00 1.030578571753366e+00
7.950000000000000e-01 3.586862157968046e+00 1.030182783823116e+00
8.000000000000000e-01 3.677727282233856e+00 1.029713380826294e+00
8.050000000000000e-01 3.770891105771243e+00 1.029177539089291e+00
8.100000000000001e-01 3.866411859002656e+00 1.028588027900515e+00
8.150000000000001e-01 3.964349245508326e+00 1.027960107276906e+00
8.200000000000001e-01 4.064764479342956e+00 1.027308851161471e+00
8.250000000000001e-01 4.167720323296481e+00 1.026647307305877e+00
8.300000000000001e-01 4.273281128122877e+00 1.025985600232237e+00
8.350000000000000e-01 4.381512872761445e+00 1.025330831575626e+00
8.400000000000000e-01 4.492483205575838e+00 1.024687496977518e+00
8.450000000000000e-01 4.606261486636447e+00 1.024058126170850e+00
8.500000000000000e-01 4.722918831072739e+00 1.023443923878853e+00
8.550000000000000e-01 4.842528153522501e+00 1.022845289420026e+00
8.600000000000000e-01 4.965164213705875e+00 1.022262179575155e+00
8.650000000000000e-01 5.090903663152626e+00 1.021694332615792e+00
8.700000000000000e-01 5.219825093111814e+00 1.021141392150980e+00
8.750000000000000e-01 5.352009083673925e+00 1.020602968811549e+00
8.800000000000000e-01 5.487538254136007e+00 1.020078667963430e+00
8.850000000000000e-01 5.626497314641444e+00 1.019568100867844e+00
8.900000000000000e-01 5.768973119126561e+00 1.019070888601605e+00
8.950000000000000e-01 5.915054719607133e+00 1.018586663127111e+00
9.000000000000000e-01 6.064833421838831e+00 1.018115067354270e+00
9.050000000000000e-01 6.218402842386253e+00 1.017655754886842e+00
9.100000000000000e-01 6.375858967136348e+00 1.017208389686984e+00
9.150000000000000e-01 6.537300211292723e+00 1.016772645728819e+00
9.200000000000000e-01 6.702827480888332e+00 1.016348206660023e+00
9.250000000000000e-01 6.872544235855034e+00 1.015934765475668e+00
9.300000000000000e-01 7.046556554689444e+00 1.015532024204778e+00
9.350000000000001e-01 7.224973200755413e+00 1.015139693609207e+00
9.400000000000001e-01 7.407905690264673e+00 1.014757492894315e+00
9.450000000000001e-01 7.595468361978146e+00 1.014385149430882e+00
9.500000000000001e-01 7.787778448671316e+00 1.014022398487762e+00
9.550000000000001e-01 7.984956150408610e+00 1.013668982974772e+00
9.600000000000000e-01 8.187124709672272e+00 1.013324653195361e+00
9.650000000000000e-01 8.394410488393007e+00 1.012989166608610e+00
9.700000000000000e-01 8.606943046930221e+00 1.012662287600165e+00
9.750000000000000e-01 8.824855225051540e+00 1.012343787261678e+00
9.800000000000000e-01 9.048283224961922e+00 1.012033443178409e+00
9.850000000000000e-01 9.277366696434507e+00 1.011731039224620e+00
9.900000000000000e-01 9.512248824096272e+00 1.011436365366424e+00
9.950000000000000e-01 9.753076416923058e+00 1.011149217471775e+00
1.000000000000000e+00 1.000000000000000e+01 1.010869397127281e+00
