0.000000000000000e+00 0.000000000000000e+00 1.000000000000000e+00
5.000000000000000e-03 3.369477419287315e-03 1.000000004325056e+00
1.000000000000000e-02 6.741060871647481e-03 1.000000022442691e+00
1.500000000000000e-02 1.011685770649257e-02 1.000000054417737e+00
2.000000000000000e-02 1.349897790673588e-02 1.000000098730822e+00
2.500000000000000e-02 1.688953540759990e-02 1.000000155108180e+00
3.000000000000000e-02 2.029064941789469e-02 1.000000224580470e+00
3.500000000000000e-02 2.370444574459234e-02 1.000000307085884e+00
4.000000000000000e-02 2.713305812152553e-02 1.000000402852369e+00
4.500000000000000e-02 3.057862954304063e-02 1.000000512300504e+00
5.000000000000000e-02 3.404331360343898e-02 1.000000635832991e+00
5.500000000000000e-02 3.752927584304335e-02 1.000000773142317e+00
6.000000000000000e-02 4.103869510173117e-02 1.000000925069190e+00
6.500000000000000e-02 4.457376488078044e-02 1.000001092915884e+00
7.000000000000001e-02 4.813669471387935e-02 1.000001276669699e+00
7.500000000000000e-02 5.172971154815675e-02 1.000001477336681e+00
8.000000000000000e-02 5.535506113609672e-02 1.000001695173698e+00
8.500000000000001e-02 5.901500943920686e-02 1.000001930191359e+00
9.000000000000000e-02 6.271184404431801e-02 1.000002184848485e+00
9.500000000000000e-02 6.644787559340060e-02 1.000002459489069e+00
1.000000000000000e-01 7.022543922779090e-02 1.000002754411784e+00
1.050000000000000e-01 7.404689604773053e-02 1.000003071115160e+00
1.100000000000000e-01 7.791463458813094e-02 1.000003410588395e+00
1.150000000000000e-01 8.183107231148547e-02 1.000003773775065e+00
1.200000000000000e-01 8.579865711886202e-02 1.000004161399409e+00
1.250000000000000e-01 8.981986887992111e-02 1.000004574971315e+00
1.300000000000000e-01 9.389722098291493e-02 1.000005016684197e+00
1.350000000000000e-01 9.803326190563690e-02 1.000005488401877e+00
1.400000000000000e-01 1.022305768083033e-01 1.000005992111645e+00
1.450000000000000e-01 1.064917891493625e-01 1.000006529148910e+00
1.500000000000000e-01 1.108195623252418e-01 1.000007101304902e+00
1.550000000000000e-01 1.152166013350572e-01 1.000007711353421e+00
1.600000000000000e-01 1.196856544713255e-01 1.000008361761420e+00
1.650000000000000e-01 1.242295150377370e-01 1.000009055117388e+00
1.700000000000000e-01 1.288510230950609e-01 1.000009794199544e+00
1.750000000000000e-01 1.335530672362758e-01 1.000010582286243e+00
1.800000000000000e-01 1.383385863920344e-01 1.000011422221196e+00
1.850000000000000e-01 1.432105716675912e-01 1.000012317348217e+00
1.900000000000000e-01 1.481720682123397e-01 1.000013271904948e+00
1.950000000000000e-01 1.532261771231311e-01 1.000014290125681e+00
2.000000000000000e-01 1.583760573825595e-01 1.000015376598417e+00
2.050000000000000e-01 1.636249278334301e-01 1.000016537228827e+00
2.100000000000000e-01 1.689760691906397e-01 1.000017777491451e+00
2.150000000000000e-01 1.744328260917313e-01 1.000019103260861e+00
2.200000000000000e-01 1.799986091874004e-01 1.000020520891989e+00
2.250000000000000e-01 1.856768972732633e-01 1.000022036638998e+00
2.300000000000000e-01 1.914712394642179e-01 1.000023658985090e+00
2.350000000000000e-01 1.973852574127551e-01 1.000025396798374e+00
2.400000000000000e-01 2.034226475726105e-01 1.000027258327722e+00
2.450000000000000e-01 2.095871835091678e-01 1.000029254730565e+00
2.500000000000000e-01 2.158827182580599e-01 1.000031397873428e+00
2.550000000000000e-01 2.223131867334419e-01 1.000033698445718e+00
2.600000000000000e-01 2.288826081874405e-01 1.000036170597302e+00
2.650000000000000e-01 2.355950887223172e-01 1.000038828894149e+00
2.700000000000000e-01 2.424548238569160e-01 1.000041689123605e+00
2.750000000000000e-01 2.494661011489995e-01 1.000044769719526e+00
2.800000000000000e-01 2.566333028751116e-01 1.000048091919539e+00
2.850000000000000e-01 2.639609087696434e-01 1.000051676971471e+00
2.900000000000000e-01 2.714534988248126e-01 1.000055546489398e+00
2.950000000000000e-01 2.791157561533084e-01 1.000059727597378e+00
3.000000000000000e-01 2.869524699153886e-01 1.000064250584551e+00
3.050000000000000e-01 2.949685383122613e-01 1.000069148964891e+00
3.100000000000000e-01 3.031689716476197e-01 1.000074457236786e+00
3.150000000000000e-01 3.115588954592450e-01 1.000080215636896e+00
3.200000000000000e-01 3.201435537226349e-01 1.000086467680654e+00
3.250000000000000e-01 3.289283121286580e-01 1.000093262009459e+00
3.300000000000000e-01 3.379186614372866e-01 1.000100653846502e+00
3.350000000000000e-01 3.471202209094989e-01 1.000108701780006e+00
3.400000000000000e-01 3.565387418195016e-01 1.000117476044720e+00
3.450000000000000e-01 3.661801110494620e-01 1.000127050105609e+00
3.500000000000000e-01 3.760503547690021e-01 1.000137507568580e+00
3.550000000000000e-01 3.861556422017504e-01 1.000148941888572e+00
3.600000000000000e-01 3.965022894813072e-01 1.000161454333493e+00
3.650000000000000e-01 4.070967635990345e-01 1.000175162916966e+00
3.700000000000000e-01 4.179456864461349e-01 1.000190195230247e+00
3.750000000000000e-01 4.290558389525505e-01 1.000206697077823e+00
3.800000000000000e-01 4.404341653252637e-01 1.000224828026505e+00
3.850000000000000e-01 4.520877773886537e-01 1.000244766345644e+00
3.900000000000000e-01 4.640239590296172e-01 1.000266716806067e+00
3.950000000000000e-01 4.762501707502353e-01 1.000290902796930e+00
4.000000000000000e-01 4.887740543308307e-01 1.000317574137420e+00
4.050000000000000e-01 5.016034376063282e-01 1.000347008400780e+00
4.100000000000000e-01 5.147463393589066e-01 1.000379522492542e+00
4.150000000000000e-01 5.282109743299990e-01 1.000415466538683e+00
4.200000000000000e-01 5.420057583547735e-01 1.000455225258673e+00
4.250000000000000e-01 5.561393136223041e-01 1.000499236982413e+00
4.300000000000000e-01 5.706204740647189e-01 1.000547981943983e+00
4.350000000000000e-01 5.854582908786964e-01 1.000601998072149e+00
4.400000000000000e-01 6.006620381827575e-01 1.000661883035239e+00
4.450000000000000e-01 6.162412188138907e-01 1.000728291939465e+00
4.500000000000000e-01 6.322055702671360e-01 1.000801959172941e+00
4.550000000000000e-01 6.485650707818353e-01 1.000883683909329e+00
4.600000000000000e-01 6.653299455783577e-01 1.000974346824793e+00
4.650000000000000e-01 6.825106732491932e-01 1.001074916493884e+00
4.700000000000000e-01 7.001179923084168e-01 1.001186433403144e+00
4.750000000000000e-01 7.181629079036070e-01 1.001310036713823e+00
4.800000000000000e-01 7.366566986944229e-01 1.001446944128781e+00
4.850000000000000e-01 7.556109239021327e-01 1.001598445533183e+00
4.900000000000000e-01 7.750374305345038e-01 1.001765917996045e+00
4.950000000000000e-01 7.949483607905672e-01 1.001950778332035e+00
5.000000000000000e-01 8.153561596498893e-01 1.002154481839586e+00
5.050000000000000e-01 8.362735826510871e-01 1.002378502400524e+00
5.100000000000000e-01 8.577137038644561e-01 1.002624256040885e+00
5.150000000000000e-01 8.796899240636907e-01 1.002893085672211e+00
5.200000000000000e-01 9.022159791018011e-01 1.003186186849778e+00
5.250000000000000e-01 9.253059484964714e-01 1.003504491418672e+00
5.300000000000000e-01 9.489742642302165e-01 1.003848614503293e+00
5.350000000000000e-01 9.732357197708378e-01 1.004218712696231e+00
5.400000000000000e-01 9.981054793178262e-01 1.004614314088594e+00
5.450000000000000e-01 1.023599087280478e+00 1.005034217549732e+00
5.500000000000000e-01 1.049732477993657e+00 1.005476296002618e+00
5.550000000000000e-01 1.076521985677273e+00 1.005937287632395e+00
5.600000000000001e-01 1.103984354645701e+00 1.006412691021945e+00
5.650000000000001e-01 1.132136749773522e+00 1.006896602662049e+00
5.700000000000001e-01 1.160996767224129e+00 1.007381578374930e+00
5.750000000000001e-01 1.190582445447902e+00 1.007858684865625e+00
5.800000000000000e-01 1.220912276456826e+00 1.008317610423296e+00
5.850000000000000e-01 1.252005217382601e+00 1.008746869709506e+00
5.900000000000000e-01 1.283880702325469e+00 1.009134308666179e+00
5.950000000000000e-01 1.316558654501151e+00 1.009467830951127e+00
6.000000000000000e-01 1.350059498693518e+00 1.009736261707271e+00
6.050000000000000e-01 1.384404174020732e+00 1.009930473213030e+00
6.100000000000000e-01 1.419614147022888e+00 1.010044705027946e+00
6.150000000000000e-01 1.455711425079295e+00 1.010077829218079e+00
6.200000000000000e-01 1.492718570163803e+00 1.010034452518353e+00
6.250000000000000e-01 1.530658712946775e+00 1.009925753951132e+00
6.300000000000000e-01 1.569555567252506e+00 1.009769807542191e+00
6.350000000000000e-01 1.609433444881138e+00 1.009591222863517e+00
6.400000000000000e-01 1.650317270804325e+00 1.009420117321922e+00
6.450000000000000e-01 1.692232598744148e+00 1.009290467819790e+00
6.500000000000000e-01 1.735205627145031e+00 1.009237938488252e+00
6.550000000000000e-01 1.779263215548615e+00 1.009297432487724e+00
6.600000000000000e-01 1.824432901381847e+00 1.009500668403652e+00
6.650000000000000e-01 1.870742917168772e+00 1.009873989113085e+00
6.700000000000000e-01 1.918222208176775e+00 1.010436550467202e+00
6.750000000000000e-01 1.966900450508319e+00 1.011199042828733e+00
6.800000000000000e-01 2.016808069649473e+00 1.012163041584208e+00
6.850000000000001e-01 2.067976259486829e+00 1.013320943334324e+00
6.900000000000001e-01 2.120437001804702e+00 1.014656345108214e+00
6.950000000000001e-01 2.174223086274785e+00 1.016144725546060e+00
7.000000000000001e-01 2.229368130950753e+00 1.017754335502237e+00
7.050000000000000e-01 2.285906603280654e+00 1.019447239613206e+00
7.100000000000000e-01 2.343873841650178e+00 1.021180460455201e+00
7.150000000000000e-01 2.403306077470301e+00 1.022907192877132e+00
7.200000000000000e-01 2.464240457823092e+00 1.024578100856291e+00
7.250000000000000e-01 2.526715068679855e+00 1.026142767306858e+00
7.300000000000000e-01 2.590768958706095e+00 1.027551421854310e+00
7.350000000000000e-01 2.656442163668210e+00 1.028757107339659e+00
7.400000000000000e-01 2.723775731457148e+00 1.029718443381036e+00
7.450000000000000e-01 2.792811747744667e+00 1.030403073442369e+00
7.500000000000000e-01 2.863593362288260e+00 1.030791690209554e+00
7.550000000000000e-01 2.936164815901156e+00 1.030882193342275e+00
7.600000000000000e-01 3.010571468104263e+00 1.030693094638850e+00
7.650000000000000e-01 3.086859825477351e+00 1.030264925142788e+00
7.700000000000000e-01 3.165077570727174e+00 1.029658382605716e+00
7.750000000000000e-01 3.245273592490716e+00 1.028948495783740e+00
7.800000000000000e-01 3.327498015892184e+00 1.028215146369493e+00
7.850000000000000e-01 3.411802233872832e+00 1.027531539295111e+00
7.900000000000000e-01 3.498238939313234e+00 1.026953126684087e+00
7.950000000000000e-01 3.586862157968046e+00 1.026509646126021e+00
8.000000000000000e-01 3.677727282233856e+00 1.026202232091753e+00
8.050000000000000e-01 3.770891105771243e+00 1.026006251044671e+00
8.100000000000001e-01 3.866411859002656e+00 1.025879035154451e+00
8.150000000000001e-01 3.964349245508326e+00 1.025770479945584e+00
8.200000000000001e-01 4.064764479342956e+00 1.025633844887146e+00
8.250000000000001e-01 4.167720323296481e+00 1.025434215279718e+00
8.300000000000001e-01 4.273281128122877e+00 1.025152920980213e+00
8.350000000000000e-01 4.381512872761445e+00 1.024787505704985e+00
8.400000000000000e-01 4.492483205575838e+00 1.024348150237681e+00
8.450000000000000e-01 4.606261486636447e+00 1.023852299403595e+00
8.500000000000000e-01 4.722918831072739e+00 1.023319359181438e+00
8.550000000000000e-01 4.842528153522501e+00 1.022766793349894e+00
8.600000000000000e-01 4.965164213705875e+00 1.022208110829170e+00
8.650000000000000e-01 5.090903663152626e+00 1.021652501571299e+00
8.700000000000000e-01 5.219825093111814e+00 1.021105496957408e+00
8.750000000000000e-01 5.352009083673925e+00 1.020570013214524e+00
8.800000000000000e-01 5.487538254136007e+00 1.020047337038711e+00
8.850000000000000e-01 5.626497314641444e+00 1.019537856895693e+00
8.900000000000000e-01 5.768973119126561e+00 1.019041521097368e+00
8.950000000000000e-01 5.915054719607133e+00 1.018558087394016e+00
9.000000000000000e-01 6.064833421838831e+00 1.018087243046638e+00
9.050000000000000e-01 6.218402842386253e+00 1.017628656205085e+00
9.100000000000000e-01 6.375858967136348e+00 1.017181995479968e+00
9.150000000000000e-01 6.537300211292723e+00 1.016746936501465e+00
9.200000000000000e-01 6.702827480888332e+00 1.016323163741569e+00
9.250000000000000e-01 6.872544235855034e+00 1.015910370799169e+00
9.300000000000000e-01 7.046556554689444e+00 1.015508260243452e+00
9.350000000000001e-01 7.224973200755413e+00 1.015116543349636e+00
9.400000000000001e-01 7.407905690264673e+00 1.014734939817909e+00
9.450000000000001e-01 7.595468361978146e+00 1.014363177497427e+00
9.500000000000001e-01 7.787778448671316e+00 1.014000992119835e+00
9.550000000000001e-01 7.984956150408610e+00 1.013648127042785e+00
9.600000000000000e-01 8.187124709672272e+00 1.013304333003167e+00
9.650000000000000e-01 8.394410488393007e+00 1.012969367879656e+00
9.700000000000000e-01 8.606943046930221e+00 1.012642996464145e+00
9.750000000000000e-01 8.824855225051540e+00 1.012324990241690e+00
9.800000000000000e-01 9.048283224961922e+00 1.012015127178574e+00
9.850000000000000e-01 9.277366696434507e+00 1.011713191518153e+00
9.900000000000000e-01 9.512248824096272e+00 1.011418973584135e+00
9.950000000000000e-01 9.753076416923058e+00 1.011132269590979e+00
1.000000000000000e+00 1.000000000000000e+01 1.010852881461111e+00
