0.000000000000000e+00 0.000000000000000e+00 1.000000000000000e+00
5.000000000000000e-03 3.369477419287315e-03 1.000003160917601e+00
1.000000000000000e-02 6.741060871647481e-03 1.000015799635769e+00
1.500000000000000e-02 1.011685770649257e-02 1.000036884227584e+00
2.000000000000000e-02 1.349897790673588e-02 1.000066486842086e+00
2.500000000000000e-02 1.688953540759990e-02 1.000104651665312e+00
3.000000000000000e-02 2.029064941789469e-02 1.000151482016687e+00
3.500000000000000e-02 2.370444574459234e-02 1.000207079858301e+00
4.000000000000000e-02 2.713305812152553e-02 1.000271562931075e+00
4.500000000000000e-02 3.057862954304063e-02 1.000345103218844e+00
5.000000000000000e-02 3.404331360343898e-02 1.000427838259776e+00
5.500000000000000e-02 3.752927584304335e-02 1.000519944509670e+00
6.000000000000000e-02 4.103869510173117e-02 1.000621667802401e+00
6.500000000000000e-02 4.457376488078044e-02 1.000733223746643e+00
7.000000000000001e-02 4.813669471387935e-02 1.000854845915915e+00
7.500000000000000e-02 5.172971154815675e-02 1.000986815539740e+00
8.000000000000000e-02 5.535506113609672e-02 1.001129426931889e+00
8.500000000000001e-02 5.901500943920686e-02 1.001282998769955e+00
9.000000000000000e-02 6.271184404431801e-02 1.001447861393702e+00
9.500000000000000e-02 6.644787559340060e-02 1.001624376862578e+00
1.000000000000000e-01 7.022543922779090e-02 1.001812938722475e+00
1.050000000000000e-01 7.404689604773053e-02 1.002013942329380e+00
1.100000000000000e-01 7.791463458813094e-02 1.002227828128075e+00
1.150000000000000e-01 8.183107231148547e-02 1.002455062621672e+00
1.200000000000000e-01 8.579865711886202e-02 1.002696113525214e+00
1.250000000000000e-01 8.981986887992111e-02 1.002951499263540e+00
1.300000000000000e-01 9.389722098291493e-02 1.003221755507637e+00
1.350000000000000e-01 9.803326190563690e-02 1.003507430884659e+00
1.400000000000000e-01 1.022305768083033e-01 1.003809128301938e+00
1.450000000000000e-01 1.064917891493625e-01 1.004127458253521e+00
1.500000000000000e-01 1.108195623252418e-01 1.004463055041912e+00
1.550000000000000e-01 1.152166013350572e-01 1.004816604080561e+00
1.600000000000000e-01 1.196856544713255e-01 1.005188790474405e+00
1.650000000000000e-01 1.242295150377370e-01 1.005580333941630e+00
1.700000000000000e-01 1.288510230950609e-01 1.005992002527941e+00
1.750000000000000e-01 1.335530672362758e-01 1.006424561413021e+00
1.800000000000000e-01 1.383385863920344e-01 1.006878817804280e+00
1.850000000000000e-01 1.432105716675912e-01 1.007355620329291e+00
1.900000000000000e-01 1.481720682123397e-01 1.007855808793101e+00
1.950000000000000e-01 1.532261771231311e-01 1.008380267473840e+00
2.000000000000000e-01 1.583760573825595e-01 1.008929919253214e+00
2.050000000000000e-01 1.636249278334301e-01 1.009505675317940e+00
2.100000000000000e-01 1.689760691906397e-01 1.010108490174180e+00
2.150000000000000e-01 1.744328260917313e-01 1.010739352670048e+00
2.200000000000000e-01 1.799986091874004e-01 1.011399228452038e+00
2.250000000000000e-01 1.856768972732633e-01 1.012089116162395e+00
2.300000000000000e-01 1.914712394642179e-01 1.012810050858531e+00
2.350000000000000e-01 1.973852574127551e-01 1.013563036697807e+00
2.400000000000000e-01 2.034226475726105e-01 1.014349090982279e+00
2.450000000000000e-01 2.095871835091678e-01 1.015169264531516e+00
2.500000000000000e-01 2.158827182580599e-01 1.016024564533550e+00
2.550000000000000e-01 2.223131867334419e-01 1.016915977183709e+00
2.600000000000000e-01 2.288826081874405e-01 1.017844520214621e+00
2.650000000000000e-01 2.355950887223172e-01 1.018811169650174e+00
2.700000000000000e-01 2.424548238569160e-01 1.019816828934651e+00
2.750000000000000e-01 2.494661011489995e-01 1.020862398479847e+00
2.800000000000000e-01 2.566333028751116e-01 1.021948750003584e+00
2.850000000000000e-01 2.639609087696434e-01 1.023076647093919e+00
2.900000000000000e-01 2.714534988248126e-01 1.024246779941930e+00
2.950000000000000e-01 2.791157561533084e-01 1.025459803030285e+00
3.000000000000000e-01 2.869524699153886e-01 1.026716257320394e+00
3.050000000000000e-01 2.949685383122613e-01 1.028016523982106e+00
3.100000000000000e-01 3.031689716476197e-01 1.029360880993624e+00
3.150000000000000e-01 3.115588954592450e-01 1.030749506022163e+00
3.200000000000000e-01 3.201435537226349e-01 1.032182384206481e+00
3.250000000000000e-01 3.289283121286580e-01 1.033659272127056e+00
3.300000000000000e-01 3.379186614372866e-01 1.035179748523233e+00
3.350000000000000e-01 3.471202209094989e-01 1.036743217312213e+00
3.400000000000000e-01 3.565387418195016e-01 1.038348824659482e+00
3.450000000000000e-01 3.661801110494620e-01 1.039995396649308e+00
3.500000000000000e-01 3.760503547690021e-01 1.041681455148646e+00
3.550000000000000e-01 3.861556422017504e-01 1.043405252120662e+00
3.600000000000000e-01 3.965022894813072e-01 1.045164742208702e+00
3.650000000000000e-01 4.070967635990345e-01 1.046957492744074e+00
3.700000000000000e-01 4.179456864461349e-01 1.048780623501705e+00
3.750000000000000e-01 4.290558389525505e-01 1.050630833508837e+00
3.800000000000000e-01 4.404341653252637e-01 1.052504433120172e+00
3.850000000000000e-01 4.520877773886537e-01 1.054397323110902e+00
3.900000000000000e-01 4.640239590296172e-01 1.056304962010384e+00
3.950000000000000e-01 4.762501707502353e-01 1.058222316280462e+00
4.000000000000000e-01 4.887740543308307e-01 1.060143823343928e+00
4.050000000000000e-01 5.016034376063282e-01 1.062063414689315e+00
4.100000000000000e-01 5.147463393589066e-01 1.063974523161001e+00
4.150000000000000e-01 5.282109743299990e-01 1.065870111772476e+00
4.200000000000000e-01 5.420057583547735e-01 1.067742698676078e+00
4.250000000000000e-01 5.561393136223041e-01 1.069584372447514e+00
4.300000000000000e-01 5.706204740647189e-01 1.071386829319525e+00
4.350000000000000e-01 5.854582908786964e-01 1.073141405312160e+00
4.400000000000000e-01 6.006620381827575e-01 1.074839132257653e+00
4.450000000000000e-01 6.162412188138907e-01 1.076470798709143e+00
4.500000000000000e-01 6.322055702671360e-01 1.078027027836491e+00
4.550000000000000e-01 6.485650707818353e-01 1.079498365107835e+00
4.600000000000000e-01 6.653299455783577e-01 1.080875378914234e+00
4.650000000000000e-01 6.825106732491932e-01 1.082148772048658e+00
4.700000000000000e-01 7.001179923084168e-01 1.083309504077399e+00
4.750000000000000e-01 7.181629079036070e-01 1.084348923347025e+00
4.800000000000000e-01 7.366566986944229e-01 1.085258907390216e+00
4.850000000000000e-01 7.556109239021327e-01 1.086032009949070e+00
4.900000000000000e-01 7.750374305345038e-01 1.086661612460999e+00
4.950000000000000e-01 7.949483607905672e-01 1.087142077405195e+00
5.000000000000000e-01 8.153561596498893e-01 1.087468900481212e+00
5.050000000000000e-01 8.362735826510871e-01 1.087638858168370e+00
5.100000000000000e-01 8.577137038644561e-01 1.087650146814465e+00
5.150000000000000e-01 8.796899240636907e-01 1.087502509035704e+00
5.200000000000000e-01 9.022159791018011e-01 1.087197342893343e+00
5.250000000000000e-01 9.253059484964714e-01 1.086737789065563e+00
5.300000000000000e-01 9.489742642302165e-01 1.086128791079171e+00
5.350000000000000e-01 9.732357197708378e-01 1.085377123632905e+00
5.400000000000000e-01 9.981054793178262e-01 1.084491384165504e+00
5.450000000000000e-01 1.023599087280478e+00 1.083481943134050e+00
5.500000000000000e-01 1.049732477993657e+00 1.082360849011145e+00
5.550000000000000e-01 1.076521985677273e+00 1.081141684822498e+00
5.600000000000001e-01 1.103984354645701e+00 1.079839374164716e+00
5.650000000000001e-01 1.132136749773522e+00 1.078469936092295e+00
5.700000000000001e-01 1.160996767224129e+00 1.077050190053329e+00
5.750000000000001e-01 1.190582445447902e+00 1.075597414173604e+00
5.800000000000000e-01 1.220912276456826e+00 1.074128962598460e+00
5.850000000000000e-01 1.252005217382601e+00 1.072661850227854e+00
5.900000000000000e-01 1.283880702325469e+00 1.071212315912768e+00
5.950000000000000e-01 1.316558654501151e+00 1.069795377874421e+00
6.000000000000000e-01 1.350059498693518e+00 1.068424397582451e+00
6.050000000000000e-01 1.384404174020732e+00 1.067110670378702e+00
6.100000000000000e-01 1.419614147022888e+00 1.065863062537833e+00
6.150000000000000e-01 1.455711425079295e+00 1.064687714989690e+00
6.200000000000000e-01 1.492718570163803e+00 1.063587833378757e+00
6.250000000000000e-01 1.530658712946775e+00 1.062563582319586e+00
6.300000000000000e-01 1.569555567252506e+00 1.061612098488843e+00
6.350000000000000e-01 1.609433444881138e+00 1.060727632508520e+00
6.400000000000000e-01 1.650317270804325e+00 1.059901823447811e+00
6.450000000000000e-01 1.692232598744148e+00 1.059124102349670e+00
6.500000000000000e-01 1.735205627145031e+00 1.058382212766364e+00
6.550000000000000e-01 1.779263215548615e+00 1.057662827334453e+00
6.600000000000000e-01 1.824432901381847e+00 1.056952230591462e+00
6.650000000000000e-01 1.870742917168772e+00 1.056237030375271e+00
6.700000000000000e-01 1.918222208176775e+00 1.055504854235925e+00
6.750000000000000e-01 1.966900450508319e+00 1.054744984360665e+00
6.800000000000000e-01 2.016808069649473e+00 1.053948885502947e+00
6.850000000000001e-01 2.067976259486829e+00 1.053110585962291e+00
6.900000000000001e-01 2.120437001804702e+00 1.052226881932395e+00
6.950000000000001e-01 2.174223086274785e+00 1.051297349990725e+00
7.000000000000001e-01 2.229368130950753e+00 1.050324169850676e+00
7.050000000000000e-01 2.285906603280654e+00 1.049311777744152e+00
7.100000000000000e-01 2.343873841650178e+00 1.048266387498260e+00
7.150000000000000e-01 2.403306077470301e+00 1.047195429015269e+00
7.200000000000000e-01 2.464240457823092e+00 1.046106960408737e+00
7.250000000000000e-01 2.526715068679855e+00 1.045009109358804e+00
7.300000000000000e-01 2.590768958706095e+00 1.043909591425693e+00
7.350000000000000e-01 2.656442163668210e+00 1.042815339482517e+00
7.400000000000000e-01 2.723775731457148e+00 1.041732261503804e+00
7.450000000000000e-01 2.792811747744667e+00 1.040665126603356e+00
7.500000000000000e-01 2.863593362288260e+00 1.039617564271591e+00
7.550000000000000e-01 2.936164815901156e+00 1.038592151333892e+00
7.600000000000000e-01 3.010571468104263e+00 1.037590556258445e+00
7.650000000000000e-01 3.086859825477351e+00 1.036613710911160e+00
7.700000000000000e-01 3.165077570727174e+00 1.035661984518749e+00
7.750000000000000e-01 3.245273592490716e+00 1.034735341712112e+00
7.800000000000000e-01 3.327498015892184e+00 1.033833474247025e+00
7.850000000000000e-01 3.411802233872832e+00 1.032955902840995e+00
7.900000000000000e-01 3.498238939313234e+00 1.032102050614722e+00
7.950000000000000e-01 3.586862157968046e+00 1.031271292606836e+00
8.000000000000000e-01 3.677727282233856e+00 1.030462986969699e+00
8.050000000000000e-01 3.770891105771243e+00 1.029676493268855e+00
8.100000000000001e-01 3.866411859002656e+00 1.028911182383563e+00
8.150000000000001e-01 3.964349245508326e+00 1.028166441333327e+00
8.200000000000001e-01 4.064764479342956e+00 1.027441675260305e+00
8.250000000000001e-01 4.167720323296481e+00 1.026736307936481e+00
8.300000000000001e-01 4.273281128122877e+00 1.026049781568315e+00
8.350000000000000e-01 4.381512872761445e+00 1.025381556300665e+00
8.400000000000000e-01 4.492483205575838e+00 1.024731109612382e+00
8.450000000000000e-01 4.606261486636447e+00 1.024097935688051e+00
8.500000000000000e-01 4.722918831072739e+00 1.023481544799587e+00
8.550000000000000e-01 4.842528153522501e+00 1.022881462709416e+00
8.600000000000000e-01 4.965164213705875e+00 1.022297230098390e+00
8.650000000000000e-01 5.090903663152626e+00 1.021728402018505e+00
8.700000000000000e-01 5.219825093111814e+00 1.021174547369513e+00
8.750000000000000e-01 5.352009083673925e+00 1.020635248398293e+00
8.800000000000000e-01 5.487538254136007e+00 1.020110100219841e+00
8.850000000000000e-01 5.626497314641444e+00 1.019598710358763e+00
8.900000000000000e-01 5.768973119126561e+00 1.019100698310234e+00
8.950000000000000e-01 5.915054719607133e+00 1.018615695119450e+00
9.000000000000000e-01 6.064833421838831e+00 1.018143342978634e+00
9.050000000000000e-01 6.218402842386253e+00 1.017683294840739e+00
9.100000000000000e-01 6.375858967136348e+00 1.017235214049021e+00
9.150000000000000e-01 6.537300211292723e+00 1.016798773981707e+00
9.200000000000000e-01 6.702827480888332e+00 1.016373657711028e+00
9.250000000000000e-01 6.872544235855034e+00 1.015959557675937e+00
9.300000000000000e-01 7.046556554689444e+00 1.015556175367841e+00
9.350000000000001e-01 7.224973200755413e+00 1.015163221028760e+00
9.400000000000001e-01 7.407905690264673e+00 1.014780413361303e+00
9.450000000000001e-01 7.595468361978146e+00 1.014407479249932e+00
9.500000000000001e-01 7.787778448671316e+00 1.014044153492986e+00
9.550000000000001e-01 7.984956150408610e+00 1.013690178544975e+00
9.600000000000000e-01 8.187124709672272e+00 1.013345304268674e+00
9.650000000000000e-01 8.394410488393007e+00 1.013009287696581e+00
9.700000000000000e-01 8.606943046930221e+00 1.012681892801322e+00
9.750000000000000e-01 8.824855225051540e+00 1.012362890274597e+00
9.800000000000000e-01 9.048283224961922e+00 1.012052057314303e+00
9.850000000000000e-01 9.277366696434507e+00 1.011749177419470e+00
9.900000000000000e-01 9.512248824096272e+00 1.011454040192674e+00
9.950000000000000e-01 9.753076416923058e+00 1.011166441149603e+00
1.000000000000000e+00 1.000000000000000e+01 1.010886181535476e+00
