0.000000000000000e+00 0.000000000000000e+00 1.000000000000000e+00
5.000000000000000e-03 3.369477419287315e-03 1.000000024576141e+00
1.000000000000000e-02 6.741060871647481e-03 1.000000120205869e+00
1.500000000000000e-02 1.011685770649257e-02 1.000000275661660e+00
2.000000000000000e-02 1.349897790673588e-02 1.000000495986770e+00
2.500000000000000e-02 1.688953540759990e-02 1.000000782158821e+00
3.000000000000000e-02 2.029064941789469e-02 1.000001133652738e+00
3.500000000000000e-02 2.370444574459234e-02 1.000001551047829e+00
4.000000000000000e-02 2.713305812152553e-02 1.000002036629475e+00
4.500000000000000e-02 3.057862954304063e-02 1.000002592711699e+00
5.000000000000000e-02 3.404331360343898e-02 1.000003220232750e+00
5.500000000000000e-02 3.752927584304335e-02 1.000003918684974e+00
6.000000000000000e-02 4.103869510173117e-02 1.000004691140602e+00
6.500000000000000e-02 4.457376488078044e-02 1.000005540836892e+00
7.000000000000001e-02 4.813669471387935e-02 1.000006469753650e+00
7.500000000000000e-02 5.172971154815675e-02 1.000007479984211e+00
8.000000000000000e-02 5.535506113609672e-02 1.000008576920757e+00
8.500000000000001e-02 5.901500943920686e-02 1.000009762659789e+00
9.000000000000000e-02 6.271184404431801e-02 1.000011040141193e+00
9.500000000000000e-02 6.644787559340060e-02 1.000012413227903e+00
1.000000000000000e-01 7.022543922779090e-02 1.000013886914238e+00
1.050000000000000e-01 7.404689604773053e-02 1.000015465728804e+00
1.100000000000000e-01 7.791463458813094e-02 1.000017155816113e+00
1.150000000000000e-01 8.183107231148547e-02 1.000018962265376e+00
1.200000000000000e-01 8.579865711886202e-02 1.000020890519887e+00
1.250000000000000e-01 8.981986887992111e-02 1.000022947730539e+00
1.300000000000000e-01 9.389722098291493e-02 1.000025139172540e+00
1.350000000000000e-01 9.803326190563690e-02 1.000027472286101e+00
1.400000000000000e-01 1.022305768083033e-01 1.000029954308852e+00
1.450000000000000e-01 1.064917891493625e-01 1.000032593282171e+00
1.500000000000000e-01 1.108195623252418e-01 1.000035398146390e+00
1.550000000000000e-01 1.152166013350572e-01 1.000038380276228e+00
1.600000000000000e-01 1.196856544713255e-01 1.000041548619017e+00
1.650000000000000e-01 1.242295150377370e-01 1.000044915931442e+00
1.700000000000000e-01 1.288510230950609e-01 1.000048494128165e+00
1.750000000000000e-01 1.335530672362758e-01 1.000052296021134e+00
1.800000000000000e-01 1.383385863920344e-01 1.000056335048063e+00
1.850000000000000e-01 1.432105716675912e-01 1.000060624372773e+00
1.900000000000000e-01 1.481720682123397e-01 1.000065182595365e+00
1.950000000000000e-01 1.532261771231311e-01 1.000070026976775e+00
2.000000000000000e-01 1.583760573825595e-01 1.000075173710295e+00
2.050000000000000e-01 1.636249278334301e-01 1.000080642988965e+00
2.100000000000000e-01 1.689760691906397e-01 1.000086460404473e+00
2.150000000000000e-01 1.744328260917313e-01 1.000092646911948e+00
2.200000000000000e-01 1.799986091874004e-01 1.000099229081395e+00
2.250000000000000e-01 1.856768972732633e-01 1.000106233951058e+00
2.300000000000000e-01 1.914712394642179e-01 1.000113690373369e+00
2.350000000000000e-01 1.973852574127551e-01 1.000121631084657e+00
2.400000000000000e-01 2.034226475726105e-01 1.000130090405874e+00
2.450000000000000e-01 2.095871835091678e-01 1.000139106539544e+00
2.500000000000000e-01 2.158827182580599e-01 1.000148718817853e+00
2.550000000000000e-01 2.223131867334419e-01 1.000158975599640e+00
2.600000000000000e-01 2.288826081874405e-01 1.000169920753095e+00
2.650000000000000e-01 2.355950887223172e-01 1.000181603839616e+00
2.700000000000000e-01 2.424548238569160e-01 1.000194084508092e+00
2.750000000000000e-01 2.494661011489995e-01 1.000207427748833e+00
2.800000000000000e-01 2.566333028751116e-01 1.000221699353682e+00
2.850000000000000e-01 2.639609087696434e-01 1.000236967923591e+00
2.900000000000000e-01 2.714534988248126e-01 1.000253314542568e+00
2.950000000000000e-01 2.791157561533084e-01 1.000270824660895e+00
3.000000000000000e-01 2.869524699153886e-01 1.000289594326541e+00
3.050000000000000e-01 2.949685383122613e-01 1.000309724370799e+00
3.100000000000000e-01 3.031689716476197e-01 1.000331327249981e+00
3.150000000000000e-01 3.115588954592450e-01 1.000354525699873e+00
3.200000000000000e-01 3.201435537226349e-01 1.000379449245005e+00
3.250000000000000e-01 3.289283121286580e-01 1.000406243706571e+00
3.300000000000000e-01 3.379186614372866e-01 1.000435066116482e+00
3.350000000000000e-01 3.471202209094989e-01 1.000466089819294e+00
3.400000000000000e-01 3.565387418195016e-01 1.000499504314748e+00
3.450000000000000e-01 3.661801110494620e-01 1.000535516164936e+00
3.500000000000000e-01 3.760503547690021e-01 1.000574345094950e+00
3.550000000000000e-01 3.861556422017504e-01 1.000616235374229e+00
3.600000000000000e-01 3.965022894813072e-01 1.000661454607374e+00
3.650000000000000e-01 4.070967635990345e-01 1.000710290074899e+00
3.700000000000000e-01 4.179456864461349e-01 1.000763062426056e+00
3.750000000000000e-01 4.290558389525505e-01 1.000820108909555e+00
3.800000000000000e-01 4.404341653252637e-01 1.000881804720726e+00
3.850000000000000e-01 4.520877773886537e-01 1.000948559398590e+00
3.900000000000000e-01 4.640239590296172e-01 1.001020803361577e+00
3.950000000000000e-01 4.762501707502353e-01 1.001099015384669e+00
4.000000000000000e-01 4.887740543308307e-01 1.001183706823903e+00
4.050000000000000e-01 5.016034376063282e-01 1.001275430865249e+00
4.100000000000000e-01 5.147463393589066e-01 1.001374780643437e+00
4.150000000000000e-01 5.282109743299990e-01 1.001482385115549e+00
4.200000000000000e-01 5.420057583547735e-01 1.001598928250902e+00
4.250000000000000e-01 5.561393136223041e-01 1.001725122606739e+00
4.300000000000000e-01 5.706204740647189e-01 1.001861726573267e+00
4.350000000000000e-01 5.854582908786964e-01 1.002009539944742e+00
4.400000000000000e-01 6.006620381827575e-01 1.002169381157475e+00
4.450000000000000e-01 6.162412188138907e-01 1.002342110944317e+00
4.500000000000000e-01 6.322055702671360e-01 1.002528594962364e+00
4.550000000000000e-01 6.485650707818353e-01 1.002729700369548e+00
4.600000000000000e-01 6.653299455783577e-01 1.002946296854634e+00
4.650000000000000e-01 6.825106732491932e-01 1.003179199115231e+00
4.700000000000000e-01 7.001179923084168e-01 1.003429175353202e+00
4.750000000000000e-01 7.181629079036070e-01 1.003696905685008e+00
4.800000000000000e-01 7.366566986944229e-01 1.003982917824094e+00
4.850000000000000e-01 7.556109239021327e-01 1.004287586363655e+00
4.900000000000000e-01 7.750374305345038e-01 1.004611044275842e+00
4.950000000000000e-01 7.949483607905672e-01 1.004953115040117e+00
5.000000000000000e-01 8.153561596498893e-01 1.005313286200410e+00
5.050000000000000e-01 8.362735826510871e-01 1.005690581067287e+00
5.100000000000000e-01 8.577137038644561e-01 1.006083487770213e+00
5.150000000000000e-01 8.796899240636907e-01 1.006489911359299e+00
5.200000000000000e-01 9.022159791018011e-01 1.006907029941511e+00
5.250000000000000e-01 9.253059484964714e-01 1.007331240023538e+00
5.300000000000000e-01 9.489742642302165e-01 1.007758132443432e+00
5.350000000000000e-01 9.732357197708378e-01 1.008182394751024e+00
5.400000000000000e-01 9.981054793178262e-01 1.008597837662043e+00
5.450000000000000e-01 1.023599087280478e+00 1.008997499465014e+00
5.500000000000000e-01 1.049732477993657e+00 1.009373717575858e+00
5.550000000000000e-01 1.076521985677273e+00 1.009718356687011e+00
5.600000000000001e-01 1.103984354645701e+00 1.010023188694965e+00
5.650000000000001e-01 1.132136749773522e+00 1.010280283408142e+00
5.700000000000001e-01 1.160996767224129e+00 1.010482536202828e+00
5.750000000000001e-01 1.190582445447902e+00 1.010624369187605e+00
5.800000000000000e-01 1.220912276456826e+00 1.010702428043029e+00
5.850000000000000e-01 1.252005217382601e+00 1.010716265724101e+00
5.900000000000000e-01 1.283880702325469e+00 1.010669042311355e+00
5.950000000000000e-01 1.316558654501151e+00 1.010568075659381e+00
6.000000000000000e-01 1.350059498693518e+00 1.010425121855390e+00
6.050000000000000e-01 1.384404174020732e+00 1.010256389962310e+00
6.100000000000000e-01 1.419614147022888e+00 1.010082228374413e+00
6.150000000000000e-01 1.455711425079295e+00 1.009926416994223e+00
6.200000000000000e-01 1.492718570163803e+00 1.009815129236384e+00
6.250000000000000e-01 1.530658712946775e+00 1.009775649522097e+00
6.300000000000000e-01 1.569555567252506e+00 1.009834897629174e+00
6.350000000000000e-01 1.609433444881138e+00 1.010017885776367e+00
6.400000000000000e-01 1.650317270804325e+00 1.010346291287991e+00
6.450000000000000e-01 1.692232598744148e+00 1.010837241045093e+00
6.500000000000000e-01 1.735205627145031e+00 1.011502319578075e+00
6.550000000000000e-01 1.779263215548615e+00 1.012346843732011e+00
6.600000000000000e-01 1.824432901381847e+00 1.013369481224148e+00
6.650000000000000e-01 1.870742917168772e+00 1.014562224585161e+00
6.700000000000000e-01 1.918222208176775e+00 1.015910637055406e+00
6.750000000000000e-01 1.966900450508319e+00 1.017394264190678e+00
6.800000000000000e-01 2.016808069649473e+00 1.018987152693183e+00
6.850000000000001e-01 2.067976259486829e+00 1.020658466902370e+00
6.900000000000001e-01 2.120437001804702e+00 1.022373200101739e+00
6.950000000000001e-01 2.174223086274785e+00 1.024092967251010e+00
7.000000000000001e-01 2.229368130950753e+00 1.025776874753006e+00
7.050000000000000e-01 2.285906603280654e+00 1.027382491413680e+00
7.100000000000000e-01 2.343873841650178e+00 1.028866983449714e+00
7.150000000000000e-01 2.403306077470301e+00 1.030188507567805e+00
7.200000000000000e-01 2.464240457823092e+00 1.031307968255672e+00
7.250000000000000e-01 2.526715068679855e+00 1.032191231178413e+00
7.300000000000000e-01 2.590768958706095e+00 1.032811824737109e+00
7.350000000000000e-01 2.656442163668210e+00 1.033154034167001e+00
7.400000000000000e-01 2.723775731457148e+00 1.033216082140455e+00
7.450000000000000e-01 2.792811747744667e+00 1.033012820477620e+00
7.500000000000000e-01 2.863593362288260e+00 1.032577116484680e+00
7.550000000000000e-01 2.936164815901156e+00 1.031959048022330e+00
7.600000000000000e-01 3.010571468104263e+00 1.031222263896202e+00
7.650000000000000e-01 3.086859825477351e+00 1.030437461173627e+00
7.700000000000000e-01 3.165077570727174e+00 1.029673748307456e+00
7.750000000000000e-01 3.245273592490716e+00 1.028989421442533e+00
7.800000000000000e-01 3.327498015892184e+00 1.028424072446855e+00
7.850000000000000e-01 3.411802233872832e+00 1.027993790536443e+00
7.900000000000000e-01 3.498238939313234e+00 1.027690547645540e+00
7.950000000000000e-01 3.586862157968046e+00 1.027485883673460e+00
8.000000000000000e-01 3.677727282233856e+00 1.027338014884646e+00
8.050000000000000e-01 3.770891105771243e+00 1.027200730437792e+00
8.100000000000001e-01 3.866411859002656e+00 1.027032094731466e+00
8.150000000000001e-01 3.964349245508326e+00 1.026801122949376e+00
8.200000000000001e-01 4.064764479342956e+00 1.026491218331330e+00
8.250000000000001e-01 4.167720323296481e+00 1.026100087663926e+00
8.300000000000001e-01 4.273281128122877e+00 1.025636797379998e+00
8.350000000000000e-01 4.381512872761445e+00 1.025117279016502e+00
8.400000000000000e-01 4.492483205575838e+00 1.024559738417145e+00
8.450000000000000e-01 4.606261486636447e+00 1.023981084296860e+00
8.500000000000000e-01 4.722918831072739e+00 1.023394883962235e+00
8.550000000000000e-01 4.842528153522501e+00 1.022810763477937e+00
8.600000000000000e-01 4.965164213705875e+00 1.022234804912173e+00
8.650000000000000e-01 5.090903663152626e+00 1.021670408140442e+00
8.700000000000000e-01 5.219825093111814e+00 1.021119201133058e+00
8.750000000000000e-01 5.352009083673925e+00 1.020581773293501e+00
8.800000000000000e-01 5.487538254136007e+00 1.020058170446224e+00
8.850000000000000e-01 5.626497314641444e+00 1.019548185015676e+00
8.900000000000000e-01 5.768973119126561e+00 1.019051506340672e+00
8.950000000000000e-01 5.915054719607133e+00 1.018567790079644e+00
9.000000000000000e-01 6.064833421838831e+00 1.018096686858562e+00
9.050000000000000e-01 6.218402842386253e+00 1.017637852782192e+00
9.100000000000000e-01 6.375858967136348e+00 1.017190952758799e+00
9.150000000000000e-01 6.537300211292723e+00 1.016755661279687e+00
9.200000000000000e-01 6.702827480888332e+00 1.016331662394793e+00
9.250000000000000e-01 6.872544235855034e+00 1.015918649466190e+00
9.300000000000000e-01 7.046556554689444e+00 1.015516324873269e+00
9.350000000000001e-01 7.224973200755413e+00 1.015124399715849e+00
9.400000000000001e-01 7.407905690264673e+00 1.014742593526008e+00
9.450000000000001e-01 7.595468361978146e+00 1.014370633990551e+00
9.500000000000001e-01 7.787778448671316e+00 1.014008256684085e+00
9.550000000000001e-01 7.984956150408610e+00 1.013655204812300e+00
9.600000000000000e-01 8.187124709672272e+00 1.013311228965011e+00
9.650000000000000e-01 8.394410488393007e+00 1.012976086878516e+00
9.700000000000000e-01 8.606943046930221e+00 1.012649543206858e+00
9.750000000000000e-01 8.824855225051540e+00 1.012331369301601e+00
9.800000000000000e-01 9.048283224961922e+00 1.012021342999738e+00
9.850000000000000e-01 9.277366696434507e+00 1.011719248419381e+00
9.900000000000000e-01 9.512248824096272e+00 1.011424875762895e+00
9.950000000000000e-01 9.753076416923058e+00 1.011138021127161e+00
1.000000000000000e+00 1.000000000000000e+01 1.010858486320651e+00
