0.000000000000000e+00 0.000000000000000e+00 1.000000000000000e+00
5.000000000000000e-03 3.369477419287315e-03 1.000000287282537e+00
1.000000000000000e-02 6.741060871647481e-03 1.000001433545172e+00
1.500000000000000e-02 1.011685770649257e-02 1.000003342426685e+00
2.000000000000000e-02 1.349897790673588e-02 1.000006030299820e+00
2.500000000000000e-02 1.688953540759990e-02 1.000009499333584e+00
3.000000000000000e-02 2.029064941789469e-02 1.000013754241975e+00
3.500000000000000e-02 2.370444574459234e-02 1.000018807431626e+00
4.000000000000000e-02 2.713305812152553e-02 1.000024670970925e+00
4.500000000000000e-02 3.057862954304063e-02 1.000031362973380e+00
5.000000000000000e-02 3.404331360343898e-02 1.000038895605709e+00
5.500000000000000e-02 3.752927584304335e-02 1.000047290377454e+00
6.000000000000000e-02 4.103869510173117e-02 1.000056564015648e+00
6.500000000000000e-02 4.457376488078044e-02 1.000066738052583e+00
7.000000000000001e-02 4.813669471387935e-02 1.000077842716528e+00
7.500000000000000e-02 5.172971154815675e-02 1.000089904141288e+00
8.000000000000000e-02 5.535506113609672e-02 1.000102950579890e+00
8.500000000000001e-02 5.901500943920686e-02 1.000117018198026e+00
9.000000000000000e-02 6.271184404431801e-02 1.000132135644622e+00
9.500000000000000e-02 6.644787559340060e-02 1.000148343419152e+00
1.000000000000000e-01 7.022543922779090e-02 1.000165683671384e+00
1.050000000000000e-01 7.404689604773053e-02 1.000184195068820e+00
1.100000000000000e-01 7.791463458813094e-02 1.000203925930411e+00
1.150000000000000e-01 8.183107231148547e-02 1.000224920979665e+00
1.200000000000000e-01 8.579865711886202e-02 1.000247227584038e+00
1.250000000000000e-01 8.981986887992111e-02 1.000270898359983e+00
1.300000000000000e-01 9.389722098291493e-02 1.000296002162363e+00
1.350000000000000e-01 9.803326190563690e-02 1.000322598378218e+00
1.400000000000000e-01 1.022305768083033e-01 1.000350747708618e+00
1.450000000000000e-01 1.064917891493625e-01 1.000380517131449e+00
1.500000000000000e-01 1.108195623252418e-01 1.000411983009527e+00
1.550000000000000e-01 1.152166013350572e-01 1.000445222104948e+00
1.600000000000000e-01 1.196856544713255e-01 1.000480305930345e+00
1.650000000000000e-01 1.242295150377370e-01 1.000517321441103e+00
1.700000000000000e-01 1.288510230950609e-01 1.000556354651338e+00
1.750000000000000e-01 1.335530672362758e-01 1.000597497763942e+00
1.800000000000000e-01 1.383385863920344e-01 1.000640849211041e+00
1.850000000000000e-01 1.432105716675912e-01 1.000686519443497e+00
1.900000000000000e-01 1.481720682123397e-01 1.000734609721521e+00
1.950000000000000e-01 1.532261771231311e-01 1.000785232366068e+00
2.000000000000000e-01 1.583760573825595e-01 1.000838504574231e+00
2.050000000000000e-01 1.636249278334301e-01 1.000894537444976e+00
2.100000000000000e-01 1.689760691906397e-01 1.000953463655641e+00
2.150000000000000e-01 1.744328260917313e-01 1.001015422872833e+00
2.200000000000000e-01 1.799986091874004e-01 1.001080561556242e+00
2.250000000000000e-01 1.856768972732633e-01 1.001149009768204e+00
2.300000000000000e-01 1.914712394642179e-01 1.001220922512619e+00
2.350000000000000e-01 1.973852574127551e-01 1.001296462862049e+00
2.400000000000000e-01 2.034226475726105e-01 1.001375786789499e+00
2.450000000000000e-01 2.095871835091678e-01 1.001459064939711e+00
2.500000000000000e-01 2.158827182580599e-01 1.001546462051129e+00
2.550000000000000e-01 2.223131867334419e-01 1.001638165371521e+00
2.600000000000000e-01 2.288826081874405e-01 1.001734358489176e+00
2.650000000000000e-01 2.355950887223172e-01 1.001835233156179e+00
2.700000000000000e-01 2.424548238569160e-01 1.001940983079690e+00
2.750000000000000e-01 2.494661011489995e-01 1.002051799497748e+00
2.800000000000000e-01 2.566333028751116e-01 1.002167889476658e+00
2.850000000000000e-01 2.639609087696434e-01 1.002289450414366e+00
2.900000000000000e-01 2.714534988248126e-01 1.002416698172244e+00
2.950000000000000e-01 2.791157561533084e-01 1.002549840294306e+00
3.000000000000000e-01 2.869524699153886e-01 1.002689072445339e+00
3.050000000000000e-01 2.949685383122613e-01 1.002834598854542e+00
3.100000000000000e-01 3.031689716476197e-01 1.002986615717137e+00
3.150000000000000e-01 3.115588954592450e-01 1.003145316874016e+00
3.200000000000000e-01 3.201435537226349e-01 1.003310893569626e+00
3.250000000000000e-01 3.289283121286580e-01 1.003483517675962e+00
3.300000000000000e-01 3.379186614372866e-01 1.003663324660325e+00
3.350000000000000e-01 3.471202209094989e-01 1.003850459567480e+00
3.400000000000000e-01 3.565387418195016e-01 1.004045044602489e+00
3.450000000000000e-01 3.661801110494620e-01 1.004247145479942e+00
3.500000000000000e-01 3.760503547690021e-01 1.004456820605547e+00
3.550000000000000e-01 3.861556422017504e-01 1.004674075901437e+00
3.600000000000000e-01 3.965022894813072e-01 1.004898866716059e+00
3.650000000000000e-01 4.070967635990345e-01 1.005131101563645e+00
3.700000000000000e-01 4.179456864461349e-01 1.005370612209544e+00
3.750000000000000e-01 4.290558389525505e-01 1.005617173624464e+00
3.800000000000000e-01 4.404341653252637e-01 1.005870462326556e+00
3.850000000000000e-01 4.520877773886537e-01 1.006130063986008e+00
3.900000000000000e-01 4.640239590296172e-01 1.006395470869157e+00
3.950000000000000e-01 4.762501707502353e-01 1.006666037186433e+00
4.000000000000000e-01 4.887740543308307e-01 1.006941008499522e+00
4.050000000000000e-01 5.016034376063282e-01 1.007219482822274e+00
4.100000000000000e-01 5.147463393589066e-01 1.007500397006063e+00
4.150000000000000e-01 5.282109743299990e-01 1.007782549427314e+00
4.200000000000000e-01 5.420057583547735e-01 1.008064546918983e+00
4.250000000000000e-01 5.561393136223041e-01 1.008344828781352e+00
4.300000000000000e-01 5.706204740647189e-01 1.008621670229597e+00
4.350000000000000e-01 5.854582908786964e-01 1.008893146385576e+00
4.400000000000000e-01 6.006620381827575e-01 1.009157186085391e+00
4.450000000000000e-01 6.162412188138907e-01 1.009411567293232e+00
4.500000000000000e-01 6.322055702671360e-01 1.009653919989908e+00
4.550000000000000e-01 6.485650707818353e-01 1.009881807376692e+00
4.600000000000000e-01 6.653299455783577e-01 1.010092737863994e+00
4.650000000000000e-01 6.825106732491932e-01 1.010284219528009e+00
4.700000000000000e-01 7.001179923084168e-01 1.010453875153292e+00
4.750000000000000e-01 7.181629079036070e-01 1.010599493561537e+00
4.800000000000000e-01 7.366566986944229e-01 1.010719135754770e+00
4.850000000000000e-01 7.556109239021327e-01 1.010811288819728e+00
4.900000000000000e-01 7.750374305345038e-01 1.010874963193437e+00
4.950000000000000e-01 7.949483607905672e-01 1.010909834545636e+00
5.000000000000000e-01 8.153561596498893e-01 1.010916418456091e+00
5.050000000000000e-01 8.362735826510871e-01 1.010896188425827e+00
5.100000000000000e-01 8.577137038644561e-01 1.010851704519416e+00
5.150000000000000e-01 8.796899240636907e-01 1.010786750239079e+00
5.200000000000000e-01 9.022159791018011e-01 1.010706406449920e+00
5.250000000000000e-01 9.253059484964714e-01 1.010617094426403e+00
5.300000000000000e-01 9.489742642302165e-01 1.010526587323983e+00
5.350000000000000e-01 9.732357197708378e-01 1.010443947939466e+00
5.400000000000000e-01 9.981054793178262e-01 1.010379416451543e+00
5.450000000000000e-01 1.023599087280478e+00 1.010344241741381e+00
5.500000000000000e-01 1.049732477993657e+00 1.010350425637302e+00
5.550000000000000e-01 1.076521985677273e+00 1.010410427427141e+00
5.600000000000001e-01 1.103984354645701e+00 1.010536849536151e+00
5.650000000000001e-01 1.132136749773522e+00 1.010742049763598e+00
5.700000000000001e-01 1.160996767224129e+00 1.011037709035233e+00
5.750000000000001e-01 1.190582445447902e+00 1.011434449647349e+00
5.800000000000000e-01 1.220912276456826e+00 1.011941488818082e+00
5.850000000000000e-01 1.252005217382601e+00 1.012566255360117e+00
5.900000000000000e-01 1.283880702325469e+00 1.013314016321915e+00
5.950000000000000e-01 1.316558654501151e+00 1.014187618912750e+00
6.000000000000000e-01 1.350059498693518e+00 1.015187338658395e+00
6.050000000000000e-01 1.384404174020732e+00 1.016310740163564e+00
6.100000000000000e-01 1.419614147022888e+00 1.017552532979857e+00
6.150000000000000e-01 1.455711425079295e+00 1.018904501743854e+00
6.200000000000000e-01 1.492718570163803e+00 1.020355560417180e+00
6.250000000000000e-01 1.530658712946775e+00 1.021891885818683e+00
6.300000000000000e-01 1.569555567252506e+00 1.023497060160621e+00
6.350000000000000e-01 1.609433444881138e+00 1.025152203988663e+00
6.400000000000000e-01 1.650317270804325e+00 1.026836130170440e+00
6.450000000000000e-01 1.692232598744148e+00 1.028525556651035e+00
6.500000000000000e-01 1.735205627145031e+00 1.030195391422966e+00
6.550000000000000e-01 1.779263215548615e+00 1.031819082747027e+00
6.600000000000000e-01 1.824432901381847e+00 1.033369033908598e+00
6.650000000000000e-01 1.870742917168772e+00 1.034817098073204e+00
6.700000000000000e-01 1.918222208176775e+00 1.036135184380269e+00
6.750000000000000e-01 1.966900450508319e+00 1.037296014943489e+00
6.800000000000000e-01 2.016808069649473e+00 1.038274070196075e+00
6.850000000000001e-01 2.067976259486829e+00 1.039046750367504e+00
6.900000000000001e-01 2.120437001804702e+00 1.039595759045254e+00
6.950000000000001e-01 2.174223086274785e+00 1.039908677202854e+00
7.000000000000001e-01 2.229368130950753e+00 1.039980638320260e+00
7.050000000000000e-01 2.285906603280654e+00 1.039815937923214e+00
7.100000000000000e-01 2.343873841650178e+00 1.039429324464309e+00
7.150000000000000e-01 2.403306077470301e+00 1.038846646060084e+00
7.200000000000000e-01 2.464240457823092e+00 1.038104504083605e+00
7.250000000000000e-01 2.526715068679855e+00 1.037248626692298e+00
7.300000000000000e-01 2.590768958706095e+00 1.036330844451147e+00
7.350000000000000e-01 2.656442163668210e+00 1.035404813899071e+00
7.400000000000000e-01 2.723775731457148e+00 1.034520938978275e+00
7.450000000000000e-01 2.792811747744667e+00 1.033721199918851e+00
7.500000000000000e-01 2.863593362288260e+00 1.033034728615611e+00
7.550000000000000e-01 2.936164815901156e+00 1.032474916177989e+00
7.600000000000000e-01 3.010571468104263e+00 1.032038603830710e+00
7.650000000000000e-01 3.086859825477351e+00 1.031707545736651e+00
7.700000000000000e-01 3.165077570727174e+00 1.031451923791049e+00
7.750000000000000e-01 3.245273592490716e+00 1.031235324754608e+00
7.800000000000000e-01 3.327498015892184e+00 1.031020329325742e+00
7.850000000000000e-01 3.411802233872832e+00 1.030773760680401e+00
7.900000000000000e-01 3.498238939313234e+00 1.030470723659965e+00
7.950000000000000e-01 3.586862157968046e+00 1.030096831145234e+00
8.000000000000000e-01 3.677727282233856e+00 1.029648413664973e+00
8.050000000000000e-01 3.770891105771243e+00 1.029130947785106e+00
8.100000000000001e-01 3.866411859002656e+00 1.028556297974338e+00
8.150000000000001e-01 3.964349245508326e+00 1.027939542116550e+00
8.200000000000001e-01 4.064764479342956e+00 1.027296101657443e+00
8.250000000000001e-01 4.167720323296481e+00 1.026639664540487e+00
8.300000000000001e-01 4.273281128122877e+00 1.025981075342041e+00
8.350000000000000e-01 4.381512872761445e+00 1.025328087676689e+00
8.400000000000000e-01 4.492483205575838e+00 1.024685707447790e+00
8.450000000000000e-01 4.606261486636447e+00 1.024056819612711e+00
8.500000000000000e-01 4.722918831072739e+00 1.023442851974208e+00
8.550000000000000e-01 4.842528153522501e+00 1.022844331187438e+00
8.600000000000000e-01 4.965164213705875e+00 1.022261280383639e+00
8.650000000000000e-01 5.090903663152626e+00 1.021693469472041e+00
8.700000000000000e-01 5.219825093111814e+00 1.021140555887598e+00
8.750000000000000e-01 5.352009083673925e+00 1.020602155805923e+00
8.800000000000000e-01 5.487538254136007e+00 1.020077876638716e+00
8.850000000000000e-01 5.626497314641444e+00 1.019567330346870e+00
8.900000000000000e-01 5.768973119126561e+00 1.019070138234745e+00
8.950000000000000e-01 5.915054719607133e+00 1.018585932341056e+00
9.000000000000000e-01 6.064833421838831e+00 1.018114355607568e+00
9.050000000000000e-01 6.218402842386253e+00 1.017655061657688e+00
9.100000000000000e-01 6.375858967136348e+00 1.017207714469854e+00
9.150000000000000e-01 6.537300211292723e+00 1.016771988033325e+00
9.200000000000000e-01 6.702827480888332e+00 1.016347566010283e+00
9.250000000000000e-01 6.872544235855034e+00 1.015934141409799e+00
9.300000000000000e-01 7.046556554689444e+00 1.015531416274428e+00
9.350000000000001e-01 7.224973200755413e+00 1.015139101379107e+00
9.400000000000001e-01 7.407905690264673e+00 1.014756915941848e+00
9.450000000000001e-01 7.595468361978146e+00 1.014384587345670e+00
9.500000000000001e-01 7.787778448671316e+00 1.014021850871267e+00
9.550000000000001e-01 7.984956150408610e+00 1.013668449439916e+00
9.600000000000000e-01 8.187124709672272e+00 1.013324133366155e+00
9.650000000000000e-01 8.394410488393007e+00 1.012988660119803e+00
9.700000000000000e-01 8.606943046930221e+00 1.012661794096900e+00
9.750000000000000e-01 8.824855225051540e+00 1.012343306399162e+00
9.800000000000000e-01 9.048283224961922e+00 1.012032974621599e+00
9.850000000000000e-01 9.277366696434507e+00 1.011730582647917e+00
9.900000000000000e-01 9.512248824096272e+00 1.011435920453379e+00
9.950000000000000e-01 9.753076416923058e+00 1.011148783914803e+00
1.000000000000000e+00 1.000000000000000e+01 1.010868974627390e+00
