0.000000000000000e+00 0.000000000000000e+00 1.000000000000000e+00
5.000000000000000e-03 3.369477419287315e-03 1.000000121569410e+00
1.000000000000000e-02 6.741060871647481e-03 1.000000604172817e+00
1.500000000000000e-02 1.011685770649257e-02 1.000001400510308e+00
2.000000000000000e-02 1.349897790673588e-02 1.000002520810349e+00
2.500000000000000e-02 1.688953540759990e-02 1.000003972010486e+00
3.000000000000000e-02 2.029064941789469e-02 1.000005754012767e+00
3.500000000000000e-02 2.370444574459234e-02 1.000007871273523e+00
4.000000000000000e-02 2.713305812152553e-02 1.000010329900670e+00
4.500000000000000e-02 3.057862954304063e-02 1.000013136351028e+00
5.000000000000000e-02 3.404331360343898e-02 1.000016296527455e+00
5.500000000000000e-02 3.752927584304335e-02 1.000019820523269e+00
6.000000000000000e-02 4.103869510173117e-02 1.000023715603305e+00
6.500000000000000e-02 4.457376488078044e-02 1.000027993855661e+00
7.000000000000001e-02 4.813669471387935e-02 1.000032668887048e+00
7.500000000000000e-02 5.172971154815675e-02 1.000037752043009e+00
8.000000000000000e-02 5.535506113609672e-02 1.000043255160770e+00
8.500000000000001e-02 5.901500943920686e-02 1.000049194928575e+00
9.000000000000000e-02 6.271184404431801e-02 1.000055586601812e+00
9.500000000000000e-02 6.644787559340060e-02 1.000062447544337e+00
1.000000000000000e-01 7.022543922779090e-02 1.000069797797137e+00
1.050000000000000e-01 7.404689604773053e-02 1.000077658584315e+00
1.100000000000000e-01 7.791463458813094e-02 1.000086051519228e+00
1.150000000000000e-01 8.183107231148547e-02 1.000095001068123e+00
1.200000000000000e-01 8.579865711886202e-02 1.000104528492863e+00
1.250000000000000e-01 8.981986887992111e-02 1.000114656997164e+00
1.300000000000000e-01 9.389722098291493e-02 1.000125420358465e+00
1.350000000000000e-01 9.803326190563690e-02 1.000136845398013e+00
1.400000000000000e-01 1.022305768083033e-01 1.000148966521240e+00
1.450000000000000e-01 1.064917891493625e-01 1.000161818684732e+00
1.500000000000000e-01 1.108195623252418e-01 1.000175438116047e+00
1.550000000000000e-01 1.152166013350572e-01 1.000189865109463e+00
1.600000000000000e-01 1.196856544713255e-01 1.000205141504851e+00
1.650000000000000e-01 1.242295150377370e-01 1.000221309163355e+00
1.700000000000000e-01 1.288510230950609e-01 1.000238415680629e+00
1.750000000000000e-01 1.335530672362758e-01 1.000256512161343e+00
1.800000000000000e-01 1.383385863920344e-01 1.000275645471269e+00
1.850000000000000e-01 1.432105716675912e-01 1.000295875304849e+00
1.900000000000000e-01 1.481720682123397e-01 1.000317262113722e+00
1.950000000000000e-01 1.532261771231311e-01 1.000339870265330e+00
2.000000000000000e-01 1.583760573825595e-01 1.000363768023629e+00
2.050000000000000e-01 1.636249278334301e-01 1.000389030552495e+00
2.100000000000000e-01 1.689760691906397e-01 1.000415730501495e+00
2.150000000000000e-01 1.744328260917313e-01 1.000443948207519e+00
2.200000000000000e-01 1.799986091874004e-01 1.000473771039646e+00
2.250000000000000e-01 1.856768972732633e-01 1.000505283598754e+00
2.300000000000000e-01 1.914712394642179e-01 1.000538590096349e+00
2.350000000000000e-01 1.973852574127551e-01 1.000573798515032e+00
2.400000000000000e-01 2.034226475726105e-01 1.000611021242088e+00
2.450000000000000e-01 2.095871835091678e-01 1.000650364887346e+00
2.500000000000000e-01 2.158827182580599e-01 1.000691957034294e+00
2.550000000000000e-01 2.223131867334419e-01 1.000735937933990e+00
2.600000000000000e-01 2.288826081874405e-01 1.000782441245635e+00
2.650000000000000e-01 2.355950887223172e-01 1.000831617309542e+00
2.700000000000000e-01 2.424548238569160e-01 1.000883620216514e+00
2.750000000000000e-01 2.494661011489995e-01 1.000938624459178e+00
2.800000000000000e-01 2.566333028751116e-01 1.000996807897589e+00
2.850000000000000e-01 2.639609087696434e-01 1.001058359884451e+00
2.900000000000000e-01 2.714534988248126e-01 1.001123481045358e+00
2.950000000000000e-01 2.791157561533084e-01 1.001192378479262e+00
3.000000000000000e-01 2.869524699153886e-01 1.001265282612984e+00
3.050000000000000e-01 2.949685383122613e-01 1.001342426043512e+00
3.100000000000000e-01 3.031689716476197e-01 1.001424065946063e+00
3.150000000000000e-01 3.115588954592450e-01 1.001510467224079e+00
3.200000000000000e-01 3.201435537226349e-01 1.001601899984640e+00
3.250000000000000e-01 3.289283121286580e-01 1.001698658100164e+00
3.300000000000000e-01 3.379186614372866e-01 1.001801046904657e+00
3.350000000000000e-01 3.471202209094989e-01 1.001909388986416e+00
3.400000000000000e-01 3.565387418195016e-01 1.002024021572923e+00
3.450000000000000e-01 3.661801110494620e-01 1.002145293647690e+00
3.500000000000000e-01 3.760503547690021e-01 1.002273552488476e+00
3.550000000000000e-01 3.861556422017504e-01 1.002409173349788e+00
3.600000000000000e-01 3.965022894813072e-01 1.002552544877999e+00
3.650000000000000e-01 4.070967635990345e-01 1.002704041219171e+00
3.700000000000000e-01 4.179456864461349e-01 1.002864062819809e+00
3.750000000000000e-01 4.290558389525505e-01 1.003033001271098e+00
3.800000000000000e-01 4.404341653252637e-01 1.003211241252820e+00
3.850000000000000e-01 4.520877773886537e-01 1.003399168792068e+00
3.900000000000000e-01 4.640239590296172e-01 1.003597141491172e+00
3.950000000000000e-01 4.762501707502353e-01 1.003805509041608e+00
4.000000000000000e-01 4.887740543308307e-01 1.004024576630977e+00
4.050000000000000e-01 5.016034376063282e-01 1.004254606595649e+00
4.100000000000000e-01 5.147463393589066e-01 1.004495818524433e+00
4.150000000000000e-01 5.282109743299990e-01 1.004748340165419e+00
4.200000000000000e-01 5.420057583547735e-01 1.005012229706927e+00
4.250000000000000e-01 5.561393136223041e-01 1.005287433465676e+00
4.300000000000000e-01 5.706204740647189e-01 1.005573757073363e+00
4.350000000000000e-01 5.854582908786964e-01 1.005870877640174e+00
4.400000000000000e-01 6.006620381827575e-01 1.006178272107996e+00
4.450000000000000e-01 6.162412188138907e-01 1.006495216293001e+00
4.500000000000000e-01 6.322055702671360e-01 1.006820765963588e+00
4.550000000000000e-01 6.485650707818353e-01 1.007153682434526e+00
4.600000000000000e-01 6.653299455783577e-01 1.007492451054011e+00
4.650000000000000e-01 6.825106732491932e-01 1.007835234343896e+00
4.700000000000000e-01 7.001179923084168e-01 1.008179818486673e+00
4.750000000000000e-01 7.181629079036070e-01 1.008523648709559e+00
4.800000000000000e-01 7.366566986944229e-01 1.008863780470471e+00
4.850000000000000e-01 7.556109239021327e-01 1.009196869524496e+00
4.900000000000000e-01 7.750374305345038e-01 1.009519242407548e+00
4.950000000000000e-01 7.949483607905672e-01 1.009826887741244e+00
5.000000000000000e-01 8.153561596498893e-01 1.010115517703867e+00
5.050000000000000e-01 8.362735826510871e-01 1.010380712706638e+00
5.100000000000000e-01 8.577137038644561e-01 1.010618003603232e+00
5.150000000000000e-01 8.796899240636907e-01 1.010823035530770e+00
5.200000000000000e-01 9.022159791018011e-01 1.010991823728532e+00
5.250000000000000e-01 9.253059484964714e-01 1.011120960055988e+00
5.300000000000000e-01 9.489742642302165e-01 1.011207876433207e+00
5.350000000000000e-01 9.732357197708378e-01 1.011251192011868e+00
5.400000000000000e-01 9.981054793178262e-01 1.011251004399174e+00
5.450000000000000e-01 1.023599087280478e+00 1.011209166431623e+00
5.500000000000000e-01 1.049732477993657e+00 1.011129585714142e+00
5.550000000000000e-01 1.076521985677273e+00 1.011018433082031e+00
5.600000000000001e-01 1.103984354645701e+00 1.010884241540614e+00
5.650000000000001e-01 1.132136749773522e+00 1.010737929643705e+00
5.700000000000001e-01 1.160996767224129e+00 1.010592687125759e+00
5.750000000000001e-01 1.190582445447902e+00 1.010463700844272e+00
5.800000000000000e-01 1.220912276456826e+00 1.010367761286570e+00
5.850000000000000e-01 1.252005217382601e+00 1.010322733390111e+00
5.900000000000000e-01 1.283880702325469e+00 1.010346896390303e+00
5.950000000000000e-01 1.316558654501151e+00 1.010458238128306e+00
6.000000000000000e-01 1.350059498693518e+00 1.010673741241225e+00
6.050000000000000e-01 1.384404174020732e+00 1.011008635980747e+00
6.100000000000000e-01 1.419614147022888e+00 1.011475673029426e+00
6.150000000000000e-01 1.455711425079295e+00 1.012084529637560e+00
6.200000000000000e-01 1.492718570163803e+00 1.012841371013064e+00
6.250000000000000e-01 1.530658712946775e+00 1.013748499991643e+00
6.300000000000000e-01 1.569555567252506e+00 1.014804080472065e+00
6.350000000000000e-01 1.609433444881138e+00 1.016002003491718e+00
6.400000000000000e-01 1.650317270804325e+00 1.017331936916906e+00
6.450000000000000e-01 1.692232598744148e+00 1.018779507424056e+00
6.500000000000000e-01 1.735205627145031e+00 1.020326535294946e+00
6.550000000000000e-01 1.779263215548615e+00 1.021951291482282e+00
6.600000000000000e-01 1.824432901381847e+00 1.023628796031490e+00
6.650000000000000e-01 1.870742917168772e+00 1.025331186360434e+00
6.700000000000000e-01 1.918222208176775e+00 1.027028164164146e+00
6.750000000000000e-01 1.966900450508319e+00 1.028687515096966e+00
6.800000000000000e-01 2.016808069649473e+00 1.030275707491220e+00
6.850000000000001e-01 2.067976259486829e+00 1.031758598770486e+00
6.900000000000001e-01 2.120437001804702e+00 1.033102298826829e+00
6.950000000000001e-01 2.174223086274785e+00 1.034274250966625e+00
7.000000000000001e-01 2.229368130950753e+00 1.035244587477325e+00
7.050000000000000e-01 2.285906603280654e+00 1.035987797601010e+00
7.100000000000000e-01 2.343873841650178e+00 1.036484701289300e+00
7.150000000000000e-01 2.403306077470301e+00 1.036724644103225e+00
7.200000000000000e-01 2.464240457823092e+00 1.036707712618375e+00
7.250000000000000e-01 2.526715068679855e+00 1.036446627318856e+00
7.300000000000000e-01 2.590768958706095e+00 1.035967838540067e+00
7.350000000000000e-01 2.656442163668210e+00 1.035311292980291e+00
7.400000000000000e-01 2.723775731457148e+00 1.034528423338702e+00
7.450000000000000e-01 2.792811747744667e+00 1.033678182239388e+00
7.500000000000000e-01 2.863593362288260e+00 1.032821367516951e+00
7.550000000000000e-01 2.936164815901156e+00 1.032013963164045e+00
7.600000000000000e-01 3.010571468104263e+00 1.031300593061423e+00
7.650000000000000e-01 3.086859825477351e+00 1.030709311849419e+00
7.700000000000000e-01 3.165077570727174e+00 1.030248775869911e+00
7.750000000000000e-01 3.245273592490716e+00 1.029908387472040e+00
7.800000000000000e-01 3.327498015892184e+00 1.029661408213328e+00
7.850000000000000e-01 3.411802233872832e+00 1.029470438874201e+00
7.900000000000000e-01 3.498238939313234e+00 1.029294198588792e+00
7.950000000000000e-01 3.586862157968046e+00 1.029094297138080e+00
8.000000000000000e-01 3.677727282233856e+00 1.028840737681309e+00
8.050000000000000e-01 3.770891105771243e+00 1.028515215549491e+00
8.100000000000001e-01 3.866411859002656e+00 1.028111827120496e+00
8.150000000000001e-01 3.964349245508326e+00 1.027635430663393e+00
8.200000000000001e-01 4.064764479342956e+00 1.027098423139760e+00
8.250000000000001e-01 4.167720323296481e+00 1.026516953257860e+00
8.300000000000001e-01 4.273281128122877e+00 1.025907520661537e+00
8.350000000000000e-01 4.381512872761445e+00 1.025284581576116e+00
8.400000000000000e-01 4.492483205575838e+00 1.024659351003451e+00
8.450000000000000e-01 4.606261486636447e+00 1.024039628386196e+00
8.500000000000000e-01 4.722918831072739e+00 1.023430279602438e+00
8.550000000000000e-01 4.842528153522501e+00 1.022833991816555e+00
8.600000000000000e-01 4.965164213705875e+00 1.022252018284092e+00
8.650000000000000e-01 5.090903663152626e+00 1.021684766621962e+00
8.700000000000000e-01 5.219825093111814e+00 1.021132196138989e+00
8.750000000000000e-01 5.352009083673925e+00 1.020594053734190e+00
8.800000000000000e-01 5.487538254136007e+00 1.020069998687314e+00
8.850000000000000e-01 5.626497314641444e+00 1.019559661869563e+00
8.900000000000000e-01 5.768973119126561e+00 1.019062670973257e+00
8.950000000000000e-01 5.915054719607133e+00 1.018578660092911e+00
9.000000000000000e-01 6.064833421838831e+00 1.018107272858677e+00
9.050000000000000e-01 6.218402842386253e+00 1.017648163186379e+00
9.100000000000000e-01 6.375858967136348e+00 1.017200995239522e+00
9.150000000000000e-01 6.537300211292723e+00 1.016765443162965e+00
9.200000000000000e-01 6.702827480888332e+00 1.016341190764224e+00
9.250000000000000e-01 6.872544235855034e+00 1.015927931191851e+00
9.300000000000000e-01 7.046556554689444e+00 1.015525366623062e+00
9.350000000000001e-01 7.224973200755413e+00 1.015133207962978e+00
9.400000000000001e-01 7.407905690264673e+00 1.014751174555509e+00
9.450000000000001e-01 7.595468361978146e+00 1.014378993905462e+00
9.500000000000001e-01 7.787778448671316e+00 1.014016401411359e+00
9.550000000000001e-01 7.984956150408610e+00 1.013663140108497e+00
9.600000000000000e-01 8.187124709672272e+00 1.013318960421772e+00
9.650000000000000e-01 8.394410488393007e+00 1.012983619927833e+00
9.700000000000000e-01 8.606943046930221e+00 1.012656883126151e+00
9.750000000000000e-01 8.824855225051540e+00 1.012338521218606e+00
9.800000000000000e-01 9.048283224961922e+00 1.012028311897218e+00
9.850000000000000e-01 9.277366696434507e+00 1.011726039139662e+00
9.900000000000000e-01 9.512248824096272e+00 1.011431493012247e+00
9.950000000000000e-01 9.753076416923058e+00 1.011144469480010e+00
1.000000000000000e+00 1.000000000000000e+01 1.010864770223653e+00
