0.000000000000000e+00 0.000000000000000e+00 1.000000000000000e+00
5.000000000000000e-03 3.369477419287315e-03 1.000000070283687e+00
1.000000000000000e-02 6.741060871647481e-03 1.000000355202219e+00
1.500000000000000e-02 1.011685770649257e-02 1.000000837111368e+00
2.000000000000000e-02 1.349897790673588e-02 1.000001510954864e+00
2.500000000000000e-02 1.688953540759990e-02 1.000002375359916e+00
3.000000000000000e-02 2.029064941789469e-02 1.000003438421011e+00
3.500000000000000e-02 2.370444574459234e-02 1.000004706231093e+00
4.000000000000000e-02 2.713305812152553e-02 1.000006177341238e+00
4.500000000000000e-02 3.057862954304063e-02 1.000007856520418e+00
5.000000000000000e-02 3.404331360343898e-02 1.000009750225657e+00
5.500000000000000e-02 3.752927584304335e-02 1.000011862794519e+00
6.000000000000000e-02 4.103869510173117e-02 1.000014198309949e+00
6.500000000000000e-02 4.457376488078044e-02 1.000016764433715e+00
7.000000000000001e-02 4.813669471387935e-02 1.000019567881718e+00
7.500000000000000e-02 5.172971154815675e-02 1.000022617645299e+00
8.000000000000000e-02 5.535506113609672e-02 1.000025919409297e+00
8.500000000000001e-02 5.901500943920686e-02 1.000029485144073e+00
9.000000000000000e-02 6.271184404431801e-02 1.000033324571100e+00
9.500000000000000e-02 6.644787559340060e-02 1.000037448567771e+00
1.000000000000000e-01 7.022543922779090e-02 1.000041871278000e+00
1.050000000000000e-01 7.404689604773053e-02 1.000046606813974e+00
1.100000000000000e-01 7.791463458813094e-02 1.000051665839206e+00
1.150000000000000e-01 8.183107231148547e-02 1.000057060543342e+00
1.200000000000000e-01 8.579865711886202e-02 1.000062808798193e+00
1.250000000000000e-01 8.981986887992111e-02 1.000068927366086e+00
1.300000000000000e-01 9.389722098291493e-02 1.000075436297696e+00
1.350000000000000e-01 9.803326190563690e-02 1.000082353874301e+00
1.400000000000000e-01 1.022305768083033e-01 1.000089699701896e+00
1.450000000000000e-01 1.064917891493625e-01 1.000097495356671e+00
1.500000000000000e-01 1.108195623252418e-01 1.000105766936003e+00
1.550000000000000e-01 1.152166013350572e-01 1.000114537150194e+00
1.600000000000000e-01 1.196856544713255e-01 1.000123837022727e+00
1.650000000000000e-01 1.242295150377370e-01 1.000133695820406e+00
1.700000000000000e-01 1.288510230950609e-01 1.000144141122981e+00
1.750000000000000e-01 1.335530672362758e-01 1.000155206786376e+00
1.800000000000000e-01 1.383385863920344e-01 1.000166927852791e+00
1.850000000000000e-01 1.432105716675912e-01 1.000179341564982e+00
1.900000000000000e-01 1.481720682123397e-01 1.000192487195784e+00
1.950000000000000e-01 1.532261771231311e-01 1.000206411594573e+00
2.000000000000000e-01 1.583760573825595e-01 1.000221156313433e+00
2.050000000000000e-01 1.636249278334301e-01 1.000236774267637e+00
2.100000000000000e-01 1.689760691906397e-01 1.000253317318407e+00
2.150000000000000e-01 1.744328260917313e-01 1.000270837757895e+00
2.200000000000000e-01 1.799986091874004e-01 1.000289398166265e+00
2.250000000000000e-01 1.856768972732633e-01 1.000309063554942e+00
2.300000000000000e-01 1.914712394642179e-01 1.000329902434573e+00
2.350000000000000e-01 1.973852574127551e-01 1.000351989894586e+00
2.400000000000000e-01 2.034226475726105e-01 1.000375407771354e+00
2.450000000000000e-01 2.095871835091678e-01 1.000400231300537e+00
2.500000000000000e-01 2.158827182580599e-01 1.000426552382598e+00
2.550000000000000e-01 2.223131867334419e-01 1.000454472417077e+00
2.600000000000000e-01 2.288826081874405e-01 1.000484098717054e+00
2.650000000000000e-01 2.355950887223172e-01 1.000515540815432e+00
2.700000000000000e-01 2.424548238569160e-01 1.000548913162455e+00
2.750000000000000e-01 2.494661011489995e-01 1.000584347554083e+00
2.800000000000000e-01 2.566333028751116e-01 1.000621977901280e+00
2.850000000000000e-01 2.639609087696434e-01 1.000661952935413e+00
2.900000000000000e-01 2.714534988248126e-01 1.000704430849930e+00
2.950000000000000e-01 2.791157561533084e-01 1.000749581111394e+00
3.000000000000000e-01 2.869524699153886e-01 1.000797586789652e+00
3.050000000000000e-01 2.949685383122613e-01 1.000848641070709e+00
3.100000000000000e-01 3.031689716476197e-01 1.000902949568106e+00
3.150000000000000e-01 3.115588954592450e-01 1.000960733319455e+00
3.200000000000000e-01 3.201435537226349e-01 1.001022232481981e+00
3.250000000000000e-01 3.289283121286580e-01 1.001087700263508e+00
3.300000000000000e-01 3.379186614372866e-01 1.001157410659032e+00
3.350000000000000e-01 3.471202209094989e-01 1.001231649435634e+00
3.400000000000000e-01 3.565387418195016e-01 1.001310724920339e+00
3.450000000000000e-01 3.661801110494620e-01 1.001394964732445e+00
3.500000000000000e-01 3.760503547690021e-01 1.001484719325292e+00
3.550000000000000e-01 3.861556422017504e-01 1.001580367215906e+00
3.600000000000000e-01 3.965022894813072e-01 1.001682281400251e+00
3.650000000000000e-01 4.070967635990345e-01 1.001790874822606e+00
3.700000000000000e-01 4.179456864461349e-01 1.001906593637759e+00
3.750000000000000e-01 4.290558389525505e-01 1.002029884181018e+00
3.800000000000000e-01 4.404341653252637e-01 1.002161220361203e+00
3.850000000000000e-01 4.520877773886537e-01 1.002301089078454e+00
3.900000000000000e-01 4.640239590296172e-01 1.002450001934009e+00
3.950000000000000e-01 4.762501707502353e-01 1.002608478592518e+00
4.000000000000000e-01 4.887740543308307e-01 1.002777040049408e+00
4.050000000000000e-01 5.016034376063282e-01 1.002956225581835e+00
4.100000000000000e-01 5.147463393589066e-01 1.003146553319838e+00
4.150000000000000e-01 5.282109743299990e-01 1.003348538591819e+00
4.200000000000000e-01 5.420057583547735e-01 1.003562676001860e+00
4.250000000000000e-01 5.561393136223041e-01 1.003789408932980e+00
4.300000000000000e-01 5.706204740647189e-01 1.004029149897899e+00
4.350000000000000e-01 5.854582908786964e-01 1.004282225942493e+00
4.400000000000000e-01 6.006620381827575e-01 1.004548873587683e+00
4.450000000000000e-01 6.162412188138907e-01 1.004829229064082e+00
4.500000000000000e-01 6.322055702671360e-01 1.005123259032164e+00
4.550000000000000e-01 6.485650707818353e-01 1.005430770909929e+00
4.600000000000000e-01 6.653299455783577e-01 1.005751360372974e+00
4.650000000000000e-01 6.825106732491932e-01 1.006084348394106e+00
4.700000000000000e-01 7.001179923084168e-01 1.006428788782381e+00
4.750000000000000e-01 7.181629079036070e-01 1.006783381944335e+00
4.800000000000000e-01 7.366566986944229e-01 1.007146430144677e+00
4.850000000000000e-01 7.556109239021327e-01 1.007515837587228e+00
4.900000000000000e-01 7.750374305345038e-01 1.007889015977411e+00
4.950000000000000e-01 7.949483607905672e-01 1.008262872167331e+00
5.000000000000000e-01 8.153561596498893e-01 1.008633824060478e+00
5.050000000000000e-01 8.362735826510871e-01 1.008997739691551e+00
5.100000000000000e-01 8.577137038644561e-01 1.009349988442376e+00
5.150000000000000e-01 8.796899240636907e-01 1.009685527912174e+00
5.200000000000000e-01 9.022159791018011e-01 1.009998938600206e+00
5.250000000000000e-01 9.253059484964714e-01 1.010284591590013e+00
5.300000000000000e-01 9.489742642302165e-01 1.010536880384959e+00
5.350000000000000e-01 9.732357197708378e-01 1.010750418533447e+00
5.400000000000000e-01 9.981054793178262e-01 1.010920361148446e+00
5.450000000000000e-01 1.023599087280478e+00 1.011042812626912e+00
5.500000000000000e-01 1.049732477993657e+00 1.011115190678777e+00
5.550000000000000e-01 1.076521985677273e+00 1.011136641012936e+00
5.600000000000001e-01 1.103984354645701e+00 1.011108497652440e+00
5.650000000000001e-01 1.132136749773522e+00 1.011034644110717e+00
5.700000000000001e-01 1.160996767224129e+00 1.010921781673489e+00
5.750000000000001e-01 1.190582445447902e+00 1.010779621847692e+00
5.800000000000000e-01 1.220912276456826e+00 1.010620899448491e+00
5.850000000000000e-01 1.252005217382601e+00 1.010461174809227e+00
5.900000000000000e-01 1.283880702325469e+00 1.010318459963979e+00
5.950000000000000e-01 1.316558654501151e+00 1.010212643463977e+00
6.000000000000000e-01 1.350059498693518e+00 1.010164723187195e+00
6.050000000000000e-01 1.384404174020732e+00 1.010195935503931e+00
6.100000000000000e-01 1.419614147022888e+00 1.010326822608856e+00
6.150000000000000e-01 1.455711425079295e+00 1.010576245373850e+00
6.200000000000000e-01 1.492718570163803e+00 1.010960433973594e+00
6.250000000000000e-01 1.530658712946775e+00 1.011492195458181e+00
6.300000000000000e-01 1.569555567252506e+00 1.012180293196056e+00
6.350000000000000e-01 1.609433444881138e+00 1.013028950605481e+00
6.400000000000000e-01 1.650317270804325e+00 1.014037494953337e+00
6.450000000000000e-01 1.692232598744148e+00 1.015200211255649e+00
6.500000000000000e-01 1.735205627145031e+00 1.016506420524339e+00
6.550000000000000e-01 1.779263215548615e+00 1.017940708910898e+00
6.600000000000000e-01 1.824432901381847e+00 1.019483226388034e+00
6.650000000000000e-01 1.870742917168772e+00 1.021110030786618e+00
6.700000000000000e-01 1.918222208176775e+00 1.022793494127202e+00
6.750000000000000e-01 1.966900450508319e+00 1.024502788410303e+00
6.800000000000000e-01 2.016808069649473e+00 1.026204451166572e+00
6.850000000000001e-01 2.067976259486829e+00 1.027863026230432e+00
6.900000000000001e-01 2.120437001804702e+00 1.029441796023340e+00
6.950000000000001e-01 2.174223086274785e+00 1.030903649099191e+00
7.000000000000001e-01 2.229368130950753e+00 1.032212148100263e+00
7.050000000000000e-01 2.285906603280654e+00 1.033332872651513e+00
7.100000000000000e-01 2.343873841650178e+00 1.034235101918643e+00
7.150000000000000e-01 2.403306077470301e+00 1.034893867323212e+00
7.200000000000000e-01 2.464240457823092e+00 1.035292333407582e+00
7.250000000000000e-01 2.526715068679855e+00 1.035424343616107e+00
7.300000000000000e-01 2.590768958706095e+00 1.035296800902209e+00
7.350000000000000e-01 2.656442163668210e+00 1.034931373732420e+00
7.400000000000000e-01 2.723775731457148e+00 1.034364897166447e+00
7.450000000000000e-01 2.792811747744667e+00 1.033647869212309e+00
7.500000000000000e-01 2.863593362288260e+00 1.032840696850436e+00
7.550000000000000e-01 2.936164815901156e+00 1.032007820310460e+00
7.600000000000000e-01 3.010571468104263e+00 1.031210428115720e+00
7.650000000000000e-01 3.086859825477351e+00 1.030498977644370e+00
7.700000000000000e-01 3.165077570727174e+00 1.029906963587640e+00
7.750000000000000e-01 3.245273592490716e+00 1.029447225720520e+00
7.800000000000000e-01 3.327498015892184e+00 1.029111588351775e+00
7.850000000000000e-01 3.411802233872832e+00 1.028873918754629e+00
7.900000000000000e-01 3.498238939313234e+00 1.028695967916615e+00
7.950000000000000e-01 3.586862157968046e+00 1.028534784060398e+00
8.000000000000000e-01 3.677727282233856e+00 1.028350190541938e+00
8.050000000000000e-01 3.770891105771243e+00 1.028110863513089e+00
8.100000000000001e-01 3.866411859002656e+00 1.027797934075788e+00
8.150000000000001e-01 3.964349245508326e+00 1.027405690242932e+00
8.200000000000001e-01 4.064764479342956e+00 1.026939688761695e+00
8.250000000000001e-01 4.167720323296481e+00 1.026413179135795e+00
8.300000000000001e-01 4.273281128122877e+00 1.025843006112529e+00
8.350000000000000e-01 4.381512872761445e+00 1.025246036004295e+00
8.400000000000000e-01 4.492483205575838e+00 1.024636745872992e+00
8.450000000000000e-01 4.606261486636447e+00 1.024026120670771e+00
8.500000000000000e-01 4.722918831072739e+00 1.023421614184715e+00
8.550000000000000e-01 4.842528153522501e+00 1.022827747006065e+00
8.600000000000000e-01 4.965164213705875e+00 1.022246929280710e+00
8.650000000000000e-01 5.090903663152626e+00 1.021680225984197e+00
8.700000000000000e-01 5.219825093111814e+00 1.021127934868155e+00
8.750000000000000e-01 5.352009083673925e+00 1.020589961300059e+00
8.800000000000000e-01 5.487538254136007e+00 1.020066032200100e+00
8.850000000000000e-01 5.626497314641444e+00 1.019555804811719e+00
8.900000000000000e-01 5.768973119126561e+00 1.019058916249389e+00
8.950000000000000e-01 5.915054719607133e+00 1.018575003719742e+00
9.000000000000000e-01 6.064833421838831e+00 1.018103711831773e+00
9.050000000000000e-01 6.218402842386253e+00 1.017644694823604e+00
9.100000000000000e-01 6.375858967136348e+00 1.017197616995975e+00
9.150000000000000e-01 6.537300211292723e+00 1.016762152582112e+00
9.200000000000000e-01 6.702827480888332e+00 1.016337985464714e+00
9.250000000000000e-01 6.872544235855034e+00 1.015924808862854e+00
9.300000000000000e-01 7.046556554689444e+00 1.015522325021518e+00
9.350000000000001e-01 7.224973200755413e+00 1.015130244911285e+00
9.400000000000001e-01 7.407905690264673e+00 1.014748287939360e+00
9.450000000000001e-01 7.595468361978146e+00 1.014376181671776e+00
9.500000000000001e-01 7.787778448671316e+00 1.014013661566291e+00
9.550000000000001e-01 7.984956150408610e+00 1.013660470715526e+00
9.600000000000000e-01 8.187124709672272e+00 1.013316359599856e+00
9.650000000000000e-01 8.394410488393007e+00 1.012981085849639e+00
9.700000000000000e-01 8.606943046930221e+00 1.012654414016345e+00
9.750000000000000e-01 8.824855225051540e+00 1.012336115352209e+00
9.800000000000000e-01 9.048283224961922e+00 1.012025967598021e+00
9.850000000000000e-01 9.277366696434507e+00 1.011723754778702e+00
9.900000000000000e-01 9.512248824096272e+00 1.011429267006329e+00
9.950000000000000e-01 9.753076416923058e+00 1.011142300290294e+00
1.000000000000000e+00 1.000000000000000e+01 1.010862656354281e+00
