0.000000000000000e+00 0.000000000000000e+00 1.000000000000000e+00
5.000000000000000e-03 3.369477419287315e-03 1.000000000004235e+00
1.000000000000000e-02 6.741060871647481e-03 1.000000000003684e+00
1.500000000000000e-02 1.011685770649257e-02 1.000000000010345e+00
2.000000000000000e-02 1.349897790673588e-02 1.000000000012953e+00
2.500000000000000e-02 1.688953540759990e-02 1.000000000012692e+00
3.000000000000000e-02 2.029064941789469e-02 1.000000000013777e+00
3.500000000000000e-02 2.370444574459234e-02 1.000000000016908e+00
4.000000000000000e-02 2.713305812152553e-02 1.000000000017898e+00
4.500000000000000e-02 3.057862954304063e-02 1.000000000018727e+00
5.000000000000000e-02 3.404331360343898e-02 1.000000000020759e+00
5.500000000000000e-02 3.752927584304335e-02 1.000000000023060e+00
6.000000000000000e-02 4.103869510173117e-02 1.000000000023213e+00
6.500000000000000e-02 4.457376488078044e-02 1.000000000022712e+00
7.000000000000001e-02 4.813669471387935e-02 1.000000000023337e+00
7.500000000000000e-02 5.172971154815675e-02 1.000000000023823e+00
8.000000000000000e-02 5.535506113609672e-02 1.000000000025031e+00
8.500000000000001e-02 5.901500943920686e-02 1.000000000028488e+00
9.000000000000000e-02 6.271184404431801e-02 1.000000000031672e+00
9.500000000000000e-02 6.644787559340060e-02 1.000000000034772e+00
1.000000000000000e-01 7.022543922779090e-02 1.000000000036802e+00
1.050000000000000e-01 7.404689604773053e-02 1.000000000038447e+00
1.100000000000000e-01 7.791463458813094e-02 1.000000000040876e+00
1.150000000000000e-01 8.183107231148547e-02 1.000000000043824e+00
1.200000000000000e-01 8.579865711886202e-02 1.000000000047460e+00
1.250000000000000e-01 8.981986887992111e-02 1.000000000051193e+00
1.300000000000000e-01 9.389722098291493e-02 1.000000000057684e+00
1.350000000000000e-01 9.803326190563690e-02 1.000000000065722e+00
1.400000000000000e-01 1.022305768083033e-01 1.000000000073289e+00
1.450000000000000e-01 1.064917891493625e-01 1.000000000078583e+00
1.500000000000000e-01 1.108195623252418e-01 1.000000000083443e+00
1.550000000000000e-01 1.152166013350572e-01 1.000000000090678e+00
1.600000000000000e-01 1.196856544713255e-01 1.000000000099417e+00
1.650000000000000e-01 1.242295150377370e-01 1.000000000109270e+00
1.700000000000000e-01 1.288510230950609e-01 1.000000000117719e+00
1.750000000000000e-01 1.335530672362758e-01 1.000000000125866e+00
1.800000000000000e-01 1.383385863920344e-01 1.000000000135339e+00
1.850000000000000e-01 1.432105716675912e-01 1.000000000142182e+00
1.900000000000000e-01 1.481720682123397e-01 1.000000000149206e+00
1.950000000000000e-01 1.532261771231311e-01 1.000000000158896e+00
2.000000000000000e-01 1.583760573825595e-01 1.000000000168081e+00
2.050000000000000e-01 1.636249278334301e-01 1.000000000177247e+00
2.100000000000000e-01 1.689760691906397e-01 1.000000000188674e+00
2.150000000000000e-01 1.744328260917313e-01 1.000000000201546e+00
2.200000000000000e-01 1.799986091874004e-01 1.000000000215050e+00
2.250000000000000e-01 1.856768972732633e-01 1.000000000231063e+00
2.300000000000000e-01 1.914712394642179e-01 1.000000000247644e+00
2.350000000000000e-01 1.973852574127551e-01 1.000000000267155e+00
2.400000000000000e-01 2.034226475726105e-01 1.000000000288504e+00
2.450000000000000e-01 2.095871835091678e-01 1.000000000306303e+00
2.500000000000000e-01 2.158827182580599e-01 1.000000000323782e+00
2.550000000000000e-01 2.223131867334419e-01 1.000000000343144e+00
2.600000000000000e-01 2.288826081874405e-01 1.000000000364247e+00
2.650000000000000e-01 2.355950887223172e-01 1.000000000389409e+00
2.700000000000000e-01 2.424548238569160e-01 1.000000000412994e+00
2.750000000000000e-01 2.494661011489995e-01 1.000000000436719e+00
2.800000000000000e-01 2.566333028751116e-01 1.000000000464297e+00
2.850000000000000e-01 2.639609087696434e-01 1.000000000490633e+00
2.900000000000000e-01 2.714534988248126e-01 1.000000000523626e+00
2.950000000000000e-01 2.791157561533084e-01 1.000000000561452e+00
3.000000000000000e-01 2.869524699153886e-01 1.000000000596433e+00
3.050000000000000e-01 2.949685383122613e-01 1.000000000630936e+00
3.100000000000000e-01 3.031689716476197e-01 1.000000000670922e+00
3.150000000000000e-01 3.115588954592450e-01 1.000000000715562e+00
3.200000000000000e-01 3.201435537226349e-01 1.000000000763053e+00
3.250000000000000e-01 3.289283121286580e-01 1.000000000812649e+00
3.300000000000000e-01 3.379186614372866e-01 1.000000000866172e+00
3.350000000000000e-01 3.471202209094989e-01 1.000000000926481e+00
3.400000000000000e-01 3.565387418195016e-01 1.000000000987249e+00
3.450000000000000e-01 3.661801110494620e-01 1.000000001052619e+00
3.500000000000000e-01 3.760503547690021e-01 1.000000001124036e+00
3.550000000000000e-01 3.861556422017504e-01 1.000000001202937e+00
3.600000000000000e-01 3.965022894813072e-01 1.000000001289027e+00
3.650000000000000e-01 4.070967635990345e-01 1.000000001390672e+00
3.700000000000000e-01 4.179456864461349e-01 1.000000001500986e+00
3.750000000000000e-01 4.290558389525505e-01 1.000000001607914e+00
3.800000000000000e-01 4.404341653252637e-01 1.000000001725189e+00
3.850000000000000e-01 4.520877773886537e-01 1.000000001858431e+00
3.900000000000000e-01 4.640239590296172e-01 1.000000002014640e+00
3.950000000000000e-01 4.762501707502353e-01 1.000000002183974e+00
4.000000000000000e-01 4.887740543308307e-01 1.000000002373693e+00
4.050000000000000e-01 5.016034376063282e-01 1.000000002589495e+00
4.100000000000000e-01 5.147463393589066e-01 1.000000002828352e+00
4.150000000000000e-01 5.282109743299990e-01 1.000000003100951e+00
4.200000000000000e-01 5.420057583547735e-01 1.000000003405415e+00
4.250000000000000e-01 5.561393136223041e-01 1.000000003761924e+00
4.300000000000000e-01 5.706204740647189e-01 1.000000004171583e+00
4.350000000000000e-01 5.854582908786964e-01 1.000000004647959e+00
4.400000000000000e-01 6.006620381827575e-01 1.000000005202691e+00
4.450000000000000e-01 6.162412188138907e-01 1.000000005841252e+00
4.500000000000000e-01 6.322055702671360e-01 1.000000006605822e+00
4.550000000000000e-01 6.485650707818353e-01 1.000000007513516e+00
4.600000000000000e-01 6.653299455783577e-01 1.000000008606439e+00
4.650000000000000e-01 6.825106732491932e-01 1.000000009923353e+00
4.700000000000000e-01 7.001179923084168e-01 1.000000011508474e+00
4.750000000000000e-01 7.181629079036070e-01 1.000000013436824e+00
4.800000000000000e-01 7.366566986944229e-01 1.000000015813979e+00
4.850000000000000e-01 7.556109239021327e-01 1.000000018777729e+00
4.900000000000000e-01 7.750374305345038e-01 1.000000022440799e+00
4.950000000000000e-01 7.949483607905672e-01 1.000000027041991e+00
5.000000000000000e-01 8.153561596498893e-01 1.000000032854168e+00
5.050000000000000e-01 8.362735826510871e-01 1.000000040211089e+00
5.100000000000000e-01 8.577137038644561e-01 1.000000049641758e+00
5.150000000000000e-01 8.796899240636907e-01 1.000000061731091e+00
5.200000000000000e-01 9.022159791018011e-01 1.000000077376095e+00
5.250000000000000e-01 9.253059484964714e-01 1.000000097721579e+00
5.300000000000000e-01 9.489742642302165e-01 1.000000124270561e+00
5.350000000000000e-01 9.732357197708378e-01 1.000000159223272e+00
5.400000000000000e-01 9.981054793178262e-01 1.000000205317624e+00
5.450000000000000e-01 1.023599087280478e+00 1.000000266495927e+00
5.500000000000000e-01 1.049732477993657e+00 1.000000348113070e+00
5.550000000000000e-01 1.076521985677273e+00 1.000000457259983e+00
5.600000000000001e-01 1.103984354645701e+00 1.000000604140306e+00
5.650000000000001e-01 1.132136749773522e+00 1.000000802347181e+00
5.700000000000001e-01 1.160996767224129e+00 1.000001070730699e+00
5.750000000000001e-01 1.190582445447902e+00 1.000001435808966e+00
5.800000000000000e-01 1.220912276456826e+00 1.000001933362205e+00
5.850000000000000e-01 1.252005217382601e+00 1.000002613739477e+00
5.900000000000000e-01 1.283880702325469e+00 1.000003546822837e+00
5.950000000000000e-01 1.316558654501151e+00 1.000004828282904e+00
6.000000000000000e-01 1.350059498693518e+00 1.000006592523077e+00
6.050000000000000e-01 1.384404174020732e+00 1.000009025041700e+00
6.100000000000000e-01 1.419614147022888e+00 1.000012381146417e+00
6.150000000000000e-01 1.455711425079295e+00 1.000017016551288e+00
6.200000000000000e-01 1.492718570163803e+00 1.000023419318171e+00
6.250000000000000e-01 1.530658712946775e+00 1.000032257676410e+00
6.300000000000000e-01 1.569555567252506e+00 1.000044449726333e+00
6.350000000000000e-01 1.609433444881138e+00 1.000061239204694e+00
6.400000000000000e-01 1.650317270804325e+00 1.000084300323569e+00
6.450000000000000e-01 1.692232598744148e+00 1.000115878902424e+00
6.500000000000000e-01 1.735205627145031e+00 1.000158938939998e+00
6.550000000000000e-01 1.779263215548615e+00 1.000217337138209e+00
6.600000000000000e-01 1.824432901381847e+00 1.000296029259124e+00
6.650000000000000e-01 1.870742917168772e+00 1.000401231633482e+00
6.700000000000000e-01 1.918222208176775e+00 1.000540516491428e+00
6.750000000000000e-01 1.966900450508319e+00 1.000722822461031e+00
6.800000000000000e-01 2.016808069649473e+00 1.000958211539610e+00
6.850000000000001e-01 2.067976259486829e+00 1.001257212886213e+00
6.900000000000001e-01 2.120437001804702e+00 1.001629699154017e+00
6.950000000000001e-01 2.174223086274785e+00 1.002083155735484e+00
7.000000000000001e-01 2.229368130950753e+00 1.002620187915263e+00
7.050000000000000e-01 2.285906603280654e+00 1.003235382548281e+00
7.100000000000000e-01 2.343873841650178e+00 1.003911936416977e+00
7.150000000000000e-01 2.403306077470301e+00 1.004618875282021e+00
7.200000000000000e-01 2.464240457823092e+00 1.005310519263703e+00
7.250000000000000e-01 2.526715068679855e+00 1.005930426856469e+00
7.300000000000000e-01 2.590768958706095e+00 1.006421169533048e+00
7.350000000000000e-01 2.656442163668210e+00 1.006738835298731e+00
7.400000000000000e-01 2.723775731457148e+00 1.006868334755896e+00
7.450000000000000e-01 2.792811747744667e+00 1.006833970501583e+00
7.500000000000000e-01 2.863593362288260e+00 1.006700540883548e+00
7.550000000000000e-01 2.936164815901156e+00 1.006563564920393e+00
7.600000000000000e-01 3.010571468104263e+00 1.006531431604869e+00
7.650000000000000e-01 3.086859825477351e+00 1.006705043569424e+00
7.700000000000000e-01 3.165077570727174e+00 1.007160575829338e+00
7.750000000000000e-01 3.245273592490716e+00 1.007938831139389e+00
7.800000000000000e-01 3.327498015892184e+00 1.009041873432597e+00
7.850000000000000e-01 3.411802233872832e+00 1.010435542340189e+00
7.900000000000000e-01 3.498238939313234e+00 1.012055622797664e+00
7.950000000000000e-01 3.586862157968046e+00 1.013815536297615e+00
8.000000000000000e-01 3.677727282233856e+00 1.015613920709947e+00
8.050000000000000e-01 3.770891105771243e+00 1.017341341621000e+00
8.100000000000001e-01 3.866411859002656e+00 1.018886859862128e+00
8.150000000000001e-01 3.964349245508326e+00 1.020146777483645e+00
8.200000000000001e-01 4.064764479342956e+00 1.021038029797997e+00
8.250000000000001e-01 4.167720323296481e+00 1.021515931415859e+00
8.300000000000001e-01 4.273281128122877e+00 1.021590973397576e+00
8.350000000000000e-01 4.381512872761445e+00 1.021335551195082e+00
8.400000000000000e-01 4.492483205575838e+00 1.020872891645408e+00
8.450000000000000e-01 4.606261486636447e+00 1.020347825306957e+00
8.500000000000000e-01 4.722918831072739e+00 1.019888453379754e+00
8.550000000000000e-01 4.842528153522501e+00 1.019573261089126e+00
8.600000000000000e-01 4.965164213705875e+00 1.019416386338752e+00
8.650000000000000e-01 5.090903663152626e+00 1.019375647512833e+00
8.700000000000000e-01 5.219825093111814e+00 1.019377957993873e+00
8.750000000000000e-01 5.352009083673925e+00 1.019349955570402e+00
8.800000000000000e-01 5.487538254136007e+00 1.019241236009409e+00
8.850000000000000e-01 5.626497314641444e+00 1.019033155781887e+00
8.900000000000000e-01 5.768973119126561e+00 1.018734047462776e+00
8.950000000000000e-01 5.915054719607133e+00 1.018367245265586e+00
9.000000000000000e-01 6.064833421838831e+00 1.017959145440621e+00
9.050000000000000e-01 6.218402842386253e+00 1.017531641634744e+00
9.100000000000000e-01 6.375858967136348e+00 1.017099553290188e+00
9.150000000000000e-01 6.537300211292723e+00 1.016671370036801e+00
9.200000000000000e-01 6.702827480888332e+00 1.016251241338266e+00
9.250000000000000e-01 6.872544235855034e+00 1.015840853589547e+00
9.300000000000000e-01 7.046556554689444e+00 1.015440699112804e+00
9.350000000000001e-01 7.224973200755413e+00 1.015050768912522e+00
9.400000000000001e-01 7.407905690264673e+00 1.014670872027235e+00
9.450000000000001e-01 7.595468361978146e+00 1.014300762605580e+00
9.500000000000001e-01 7.787778448671316e+00 1.013940184057016e+00
9.550000000000001e-01 7.984956150408610e+00 1.013588882473907e+00
9.600000000000000e-01 8.187124709672272e+00 1.013246610127284e+00
9.650000000000000e-01 8.394410488393007e+00 1.012913126143870e+00
9.700000000000000e-01 8.606943046930221e+00 1.012588196478442e+00
9.750000000000000e-01 8.824855225051540e+00 1.012271593734302e+00
9.800000000000000e-01 9.048283224961922e+00 1.011963096959581e+00
9.850000000000000e-01 9.277366696434507e+00 1.011662491445490e+00
9.900000000000000e-01 9.512248824096272e+00 1.011369568531283e+00
9.950000000000000e-01 9.753076416923058e+00 1.011084125419079e+00
1.000000000000000e+00 1.000000000000000e+01 1.010805965026349e+00
