0.000000000000000e+00 0.000000000000000e+00 1.000000000000000e+00
5.000000000000000e-03 3.369477419287315e-03 1.000000009870936e+00
1.000000000000000e-02 6.741060871647481e-03 1.000000048401331e+00
1.500000000000000e-02 1.011685770649257e-02 1.000000111073498e+00
2.000000000000000e-02 1.349897790673588e-02 1.000000199774107e+00
2.500000000000000e-02 1.688953540759990e-02 1.000000315471922e+00
3.000000000000000e-02 2.029064941789469e-02 1.000000457505891e+00
3.500000000000000e-02 2.370444574459234e-02 1.000000625932135e+00
4.000000000000000e-02 2.713305812152553e-02 1.000000822173072e+00
4.500000000000000e-02 3.057862954304063e-02 1.000001046769072e+00
5.000000000000000e-02 3.404331360343898e-02 1.000001300499821e+00
5.500000000000000e-02 3.752927584304335e-02 1.000001583881400e+00
6.000000000000000e-02 4.103869510173117e-02 1.000001897366954e+00
6.500000000000000e-02 4.457376488078044e-02 1.000002241612830e+00
7.000000000000001e-02 4.813669471387935e-02 1.000002617861784e+00
7.500000000000000e-02 5.172971154815675e-02 1.000003027314256e+00
8.000000000000000e-02 5.535506113609672e-02 1.000003472296649e+00
8.500000000000001e-02 5.901500943920686e-02 1.000003953832607e+00
9.000000000000000e-02 6.271184404431801e-02 1.000004473434559e+00
9.500000000000000e-02 6.644787559340060e-02 1.000005031648717e+00
1.000000000000000e-01 7.022543922779090e-02 1.000005631138249e+00
1.050000000000000e-01 7.404689604773053e-02 1.000006274493580e+00
1.100000000000000e-01 7.791463458813094e-02 1.000006963335191e+00
1.150000000000000e-01 8.183107231148547e-02 1.000007700018014e+00
1.200000000000000e-01 8.579865711886202e-02 1.000008488100530e+00
1.250000000000000e-01 8.981986887992111e-02 1.000009329778070e+00
1.300000000000000e-01 9.389722098291493e-02 1.000010227315826e+00
1.350000000000000e-01 9.803326190563690e-02 1.000011185395108e+00
1.400000000000000e-01 1.022305768083033e-01 1.000012206282210e+00
1.450000000000000e-01 1.064917891493625e-01 1.000013292571733e+00
1.500000000000000e-01 1.108195623252418e-01 1.000014448567914e+00
1.550000000000000e-01 1.152166013350572e-01 1.000015679250316e+00
1.600000000000000e-01 1.196856544713255e-01 1.000016988878341e+00
1.650000000000000e-01 1.242295150377370e-01 1.000018383370710e+00
1.700000000000000e-01 1.288510230950609e-01 1.000019867299004e+00
1.750000000000000e-01 1.335530672362758e-01 1.000021447429519e+00
1.800000000000000e-01 1.383385863920344e-01 1.000023130233414e+00
1.850000000000000e-01 1.432105716675912e-01 1.000024921999876e+00
1.900000000000000e-01 1.481720682123397e-01 1.000026830109686e+00
1.950000000000000e-01 1.532261771231311e-01 1.000028861720024e+00
2.000000000000000e-01 1.583760573825595e-01 1.000031026472192e+00
2.050000000000000e-01 1.636249278334301e-01 1.000033333744743e+00
2.100000000000000e-01 1.689760691906397e-01 1.000035792444715e+00
2.150000000000000e-01 1.744328260917313e-01 1.000038413156877e+00
2.200000000000000e-01 1.799986091874004e-01 1.000041210926414e+00
2.250000000000000e-01 1.856768972732633e-01 1.000044197305442e+00
2.300000000000000e-01 1.914712394642179e-01 1.000047386823500e+00
2.350000000000000e-01 1.973852574127551e-01 1.000050795328293e+00
2.400000000000000e-01 2.034226475726105e-01 1.000054438814030e+00
2.450000000000000e-01 2.095871835091678e-01 1.000058335593887e+00
2.500000000000000e-01 2.158827182580599e-01 1.000062505510058e+00
2.550000000000000e-01 2.223131867334419e-01 1.000066971045400e+00
2.600000000000000e-01 2.288826081874405e-01 1.000071754856608e+00
2.650000000000000e-01 2.355950887223172e-01 1.000076886382837e+00
2.700000000000000e-01 2.424548238569160e-01 1.000082392083565e+00
2.750000000000000e-01 2.494661011489995e-01 1.000088300829983e+00
2.800000000000000e-01 2.566333028751116e-01 1.000094648566357e+00
2.850000000000000e-01 2.639609087696434e-01 1.000101475840917e+00
2.900000000000000e-01 2.714534988248126e-01 1.000108823557108e+00
2.950000000000000e-01 2.791157561533084e-01 1.000116733810845e+00
3.000000000000000e-01 2.869524699153886e-01 1.000125257986415e+00
3.050000000000000e-01 2.949685383122613e-01 1.000134450420234e+00
3.100000000000000e-01 3.031689716476197e-01 1.000144373568819e+00
3.150000000000000e-01 3.115588954592450e-01 1.000155092936065e+00
3.200000000000000e-01 3.201435537226349e-01 1.000166682001238e+00
3.250000000000000e-01 3.289283121286580e-01 1.000179222649462e+00
3.300000000000000e-01 3.379186614372866e-01 1.000192801520474e+00
3.350000000000000e-01 3.471202209094989e-01 1.000207518279706e+00
3.400000000000000e-01 3.565387418195016e-01 1.000223481094008e+00
3.450000000000000e-01 3.661801110494620e-01 1.000240811037196e+00
3.500000000000000e-01 3.760503547690021e-01 1.000259641574309e+00
3.550000000000000e-01 3.861556422017504e-01 1.000280120091958e+00
3.600000000000000e-01 3.965022894813072e-01 1.000302406716758e+00
3.650000000000000e-01 4.070967635990345e-01 1.000326680532702e+00
3.700000000000000e-01 4.179456864461349e-01 1.000353141943256e+00
3.750000000000000e-01 4.290558389525505e-01 1.000382008538728e+00
3.800000000000000e-01 4.404341653252637e-01 1.000413525418471e+00
3.850000000000000e-01 4.520877773886537e-01 1.000447957011559e+00
3.900000000000000e-01 4.640239590296172e-01 1.000485602106110e+00
3.950000000000000e-01 4.762501707502353e-01 1.000526791635479e+00
4.000000000000000e-01 4.887740543308307e-01 1.000571879672241e+00
4.050000000000000e-01 5.016034376063282e-01 1.000621268167745e+00
4.100000000000000e-01 5.147463393589066e-01 1.000675395579208e+00
4.150000000000000e-01 5.282109743299990e-01 1.000734744901963e+00
4.200000000000000e-01 5.420057583547735e-01 1.000799847334148e+00
4.250000000000000e-01 5.561393136223041e-01 1.000871279330922e+00
4.300000000000000e-01 5.706204740647189e-01 1.000949682330080e+00
4.350000000000000e-01 5.854582908786964e-01 1.001035745809051e+00
4.400000000000000e-01 6.006620381827575e-01 1.001130223262319e+00
4.450000000000000e-01 6.162412188138907e-01 1.001233935984587e+00
4.500000000000000e-01 6.322055702671360e-01 1.001347757340793e+00
4.550000000000000e-01 6.485650707818353e-01 1.001472638496797e+00
4.600000000000000e-01 6.653299455783577e-01 1.001609585212346e+00
4.650000000000000e-01 6.825106732491932e-01 1.001759658469913e+00
4.700000000000000e-01 7.001179923084168e-01 1.001923985282817e+00
4.750000000000000e-01 7.181629079036070e-01 1.002103716115400e+00
4.800000000000000e-01 7.366566986944229e-01 1.002300037562281e+00
4.850000000000000e-01 7.556109239021327e-01 1.002514146980829e+00
4.900000000000000e-01 7.750374305345038e-01 1.002747199525737e+00
4.950000000000000e-01 7.949483607905672e-01 1.003000312700227e+00
5.000000000000000e-01 8.153561596498893e-01 1.003274493451532e+00
5.050000000000000e-01 8.362735826510871e-01 1.003570572874037e+00
5.100000000000000e-01 8.577137038644561e-01 1.003889179768881e+00
5.150000000000000e-01 8.796899240636907e-01 1.004230614551638e+00
5.200000000000000e-01 9.022159791018011e-01 1.004594761168477e+00
5.250000000000000e-01 9.253059484964714e-01 1.004981017634028e+00
5.300000000000000e-01 9.489742642302165e-01 1.005388120928893e+00
5.350000000000000e-01 9.732357197708378e-01 1.005814035537963e+00
5.400000000000000e-01 9.981054793178262e-01 1.006255861922397e+00
5.450000000000000e-01 1.023599087280478e+00 1.006709650615981e+00
5.500000000000000e-01 1.049732477993657e+00 1.007170312367520e+00
5.550000000000000e-01 1.076521985677273e+00 1.007631594719935e+00
5.600000000000001e-01 1.103984354645701e+00 1.008086007141326e+00
5.650000000000001e-01 1.132136749773522e+00 1.008524890728719e+00
5.700000000000001e-01 1.160996767224129e+00 1.008938656272526e+00
5.750000000000001e-01 1.190582445447902e+00 1.009317053723729e+00
5.800000000000000e-01 1.220912276456826e+00 1.009649622272937e+00
5.850000000000000e-01 1.252005217382601e+00 1.009926403078981e+00
5.900000000000000e-01 1.283880702325469e+00 1.010138746342085e+00
5.950000000000000e-01 1.316558654501151e+00 1.010280213135128e+00
6.000000000000000e-01 1.350059498693518e+00 1.010347630000899e+00
6.050000000000000e-01 1.384404174020732e+00 1.010342108591726e+00
6.100000000000000e-01 1.419614147022888e+00 1.010269845827221e+00
6.150000000000000e-01 1.455711425079295e+00 1.010142665871885e+00
6.200000000000000e-01 1.492718570163803e+00 1.009978184660794e+00
6.250000000000000e-01 1.530658712946775e+00 1.009799436254739e+00
6.300000000000000e-01 1.569555567252506e+00 1.009633958430354e+00
6.350000000000000e-01 1.609433444881138e+00 1.009512418416565e+00
6.400000000000000e-01 1.650317270804325e+00 1.009466845199348e+00
6.450000000000000e-01 1.692232598744148e+00 1.009528618260923e+00
6.500000000000000e-01 1.735205627145031e+00 1.009726457570979e+00
6.550000000000000e-01 1.779263215548615e+00 1.010084602648876e+00
6.600000000000000e-01 1.824432901381847e+00 1.010621271336197e+00
6.650000000000000e-01 1.870742917168772e+00 1.011347488630290e+00
6.700000000000000e-01 1.918222208176775e+00 1.012266389352001e+00
6.750000000000000e-01 1.966900450508319e+00 1.013373017840546e+00
6.800000000000000e-01 2.016808069649473e+00 1.014654533919263e+00
6.850000000000001e-01 2.067976259486829e+00 1.016090693289260e+00
6.900000000000001e-01 2.120437001804702e+00 1.017654509765174e+00
6.950000000000001e-01 2.174223086274785e+00 1.019313057442016e+00
7.000000000000001e-01 2.229368130950753e+00 1.021028385115445e+00
7.050000000000000e-01 2.285906603280654e+00 1.022758514128897e+00
7.100000000000000e-01 2.343873841650178e+00 1.024458510043355e+00
7.150000000000000e-01 2.403306077470301e+00 1.026081658209397e+00
7.200000000000000e-01 2.464240457823092e+00 1.027580822864932e+00
7.250000000000000e-01 2.526715068679855e+00 1.028910109709655e+00
7.300000000000000e-01 2.590768958706095e+00 1.030026969095869e+00
7.350000000000000e-01 2.656442163668210e+00 1.030894857504693e+00
7.400000000000000e-01 2.723775731457148e+00 1.031486488230338e+00
7.450000000000000e-01 2.792811747744667e+00 1.031787513414490e+00
7.500000000000000e-01 2.863593362288260e+00 1.031800175557602e+00
7.550000000000000e-01 2.936164815901156e+00 1.031546104799666e+00
7.600000000000000e-01 3.010571468104263e+00 1.031067173151007e+00
7.650000000000000e-01 3.086859825477351e+00 1.030423360786786e+00
7.700000000000000e-01 3.165077570727174e+00 1.029687095520616e+00
7.750000000000000e-01 3.245273592490716e+00 1.028934450549605e+00
7.800000000000000e-01 3.327498015892184e+00 1.028234638075812e+00
7.850000000000000e-01 3.411802233872832e+00 1.027639992909174e+00
7.900000000000000e-01 3.498238939313234e+00 1.027178759430176e+00
7.950000000000000e-01 3.586862157968046e+00 1.026852397954313e+00
8.000000000000000e-01 3.677727282233856e+00 1.026638015028904e+00
8.050000000000000e-01 3.770891105771243e+00 1.026495255301750e+00
8.100000000000001e-01 3.866411859002656e+00 1.026375929604369e+00
8.150000000000001e-01 3.964349245508326e+00 1.026234062827091e+00
8.200000000000001e-01 4.064764479342956e+00 1.026034072985542e+00
8.250000000000001e-01 4.167720323296481e+00 1.025755440479450e+00
8.300000000000001e-01 4.273281128122877e+00 1.025393312772200e+00
8.350000000000000e-01 4.381512872761445e+00 1.024955661387266e+00
8.400000000000000e-01 4.492483205575838e+00 1.024458454972240e+00
8.450000000000000e-01 4.606261486636447e+00 1.023920556118115e+00
8.500000000000000e-01 4.722918831072739e+00 1.023359686907472e+00
8.550000000000000e-01 4.842528153522501e+00 1.022790096189742e+00
8.600000000000000e-01 4.965164213705875e+00 1.022221856804673e+00
8.650000000000000e-01 5.090903663152626e+00 1.021661285174808e+00
8.700000000000000e-01 5.219825093111814e+00 1.021111875677582e+00
8.750000000000000e-01 5.352009083673925e+00 1.020575280873698e+00
8.800000000000000e-01 5.487538254136007e+00 1.020052090542736e+00
8.850000000000000e-01 5.626497314641444e+00 1.019542348437298e+00
8.900000000000000e-01 5.768973119126561e+00 1.019045849129452e+00
8.950000000000000e-01 5.915054719607133e+00 1.018562288320298e+00
9.000000000000000e-01 6.064833421838831e+00 1.018091330535972e+00
9.050000000000000e-01 6.218402842386253e+00 1.017632636325824e+00
9.100000000000000e-01 6.375858967136348e+00 1.017185871949650e+00
9.150000000000000e-01 6.537300211292723e+00 1.016750712332433e+00
9.200000000000000e-01 6.702827480888332e+00 1.016326841708956e+00
9.250000000000000e-01 6.872544235855034e+00 1.015913953562919e+00
9.300000000000000e-01 7.046556554689444e+00 1.015511750378686e+00
9.350000000000001e-01 7.224973200755413e+00 1.015119943355057e+00
9.400000000000001e-01 7.407905690264673e+00 1.014738252119380e+00
9.450000000000001e-01 7.595468361978146e+00 1.014366404450539e+00
9.500000000000001e-01 7.787778448671316e+00 1.014004136012218e+00
9.550000000000001e-01 7.984956150408610e+00 1.013651190096307e+00
9.600000000000000e-01 8.187124709672272e+00 1.013307317376047e+00
9.650000000000000e-01 8.394410488393007e+00 1.012972275668500e+00
9.700000000000000e-01 8.606943046930221e+00 1.012645829705904e+00
9.750000000000000e-01 8.824855225051540e+00 1.012327750915545e+00
9.800000000000000e-01 9.048283224961922e+00 1.012017817207754e+00
9.850000000000000e-01 9.277366696434507e+00 1.011715812771687e+00
9.900000000000000e-01 9.512248824096272e+00 1.011421527878541e+00
9.950000000000000e-01 9.753076416923058e+00 1.011134758691892e+00
1.000000000000000e+00 1.000000000000000e+01 1.010855307084850e+00
