0.000000000000000e+00 0.000000000000000e+00 1.000000000000000e+00
3.125000000000000e-03 3.369263549427258e-03 9.999929311047528e-01
6.250000000000000e-03 6.739349689698711e-03 9.999646496518807e-01
9.375000000000001e-03 1.011108121249049e-02 9.999174935175551e-01
1.250000000000000e-02 1.348528131119160e-02 9.998514293356926e-01
1.562500000000000e-02 1.686277378188298e-02 9.997664100920777e-01
1.875000000000000e-02 2.024438322446370e-02 9.996623717246124e-01
2.187500000000000e-02 2.363093524397333e-02 9.995392379438472e-01
2.500000000000000e-02 2.702325665215984e-02 9.993969234624619e-01
2.812500000000000e-02 3.042217566934200e-02 9.992353270193636e-01
3.125000000000000e-02 3.382852212661575e-02 9.990543356801556e-01
3.437500000000000e-02 3.724312766845378e-02 9.988538221528506e-01
3.750000000000001e-02 4.066682595574785e-02 9.986336460694026e-01
4.062500000000000e-02 4.410045286934348e-02 9.983936536295582e-01
4.375000000000000e-02 4.754484671411652e-02 9.981336778313147e-01
4.687500000000000e-02 5.100084842364160e-02 9.978535384980943e-01
5.000000000000000e-02 5.446930176550237e-02 9.975530423585126e-01
5.312500000000001e-02 5.795105354729364e-02 9.972319831147676e-01
5.625000000000000e-02 6.144695382336569e-02 9.968901415200401e-01
5.937500000000000e-02 6.495785610236132e-02 9.965272854625955e-01
6.250000000000000e-02 6.848461755559625e-02 9.961431700586602e-01
6.562500000000000e-02 7.202809922633362e-02 9.957375377549086e-01
6.875000000000001e-02 7.558916624000402e-02 9.953101184415259e-01
7.187500000000001e-02 7.916868801542200e-02 9.948606295767548e-01
7.500000000000001e-02 8.276753847705080e-02 9.943887763238508e-01
7.812500000000000e-02 8.638659626836727e-02 9.938942517013949e-01
8.125000000000000e-02 9.002674496637868e-02 9.933767367479389e-01
8.437500000000001e-02 9.368887329734420e-02 9.928359007019925e-01
8.750000000000001e-02 9.737387535375355e-02 9.922714011983923e-01
9.062500000000001e-02 1.010826508126157e-01 9.916828844821286e-01
9.375000000000000e-02 1.048161051551108e-01 9.910699856407339e-01
9.687500000000000e-02 1.085751498876601e-01 9.904323288563691e-01
1.000000000000000e-01 1.123607027644654e-01 9.897695276787691e-01
1.031250000000000e-01 1.161736880115753e-01 9.890811853202349e-01
1.062500000000000e-01 1.200150365525305e-01 9.883668949738785e-01
1.093750000000000e-01 1.238856862356450e-01 9.876262401563449e-01
1.125000000000000e-01 1.277865820629775e-01 9.868587950762470e-01
1.156250000000000e-01 1.317186764210495e-01 9.860641250295545e-01
1.187500000000000e-01 1.356829293133661e-01 9.852417868231826e-01
1.218750000000000e-01 1.396803085947971e-01 9.843913292280154e-01
1.250000000000000e-01 1.437117902078738e-01 9.835122934625912e-01
1.281250000000000e-01 1.477783584210617e-01 9.826042137086524e-01
1.312500000000000e-01 1.518810060690650e-01 9.816666176597352e-01
1.343750000000000e-01 1.560207347952229e-01 9.806990271039338e-01
1.375000000000000e-01 1.601985552960564e-01 9.797009585419250e-01
1.406250000000000e-01 1.644154875680252e-01 9.786719238412769e-01
1.437500000000000e-01 1.686725611565558e-01 9.776114309279933e-01
1.468750000000000e-01 1.729708154074000e-01 9.765189845161565e-01
1.500000000000000e-01 1.773112997203869e-01 9.753940868764311e-01
1.531250000000000e-01 1.816950738056289e-01 9.742362386440747e-01
1.562500000000000e-01 1.861232079422458e-01 9.730449396669655e-01
1.593750000000000e-01 1.905967832396682e-01 9.718196898940081e-01
1.625000000000000e-01 1.951168919015860e-01 9.705599903041081e-01
1.656250000000000e-01 1.996846374926046e-01 9.692653438757124e-01
1.687500000000000e-01 2.043011352076760e-01 9.679352565967064e-01
1.718750000000000e-01 2.089675121443681e-01 9.665692385142199e-01
1.750000000000000e-01 2.136849075780412e-01 9.651668048236397e-01
1.781250000000000e-01 2.184544732399964e-01 9.637274769958433e-01
1.812500000000000e-01 2.232773735986666e-01 9.622507839413619e-01
1.843750000000000e-01 2.281547861439151e-01 9.607362632098461e-01
1.875000000000000e-01 2.330879016745160e-01 9.591834622228470e-01
1.906250000000000e-01 2.380779245888810e-01 9.575919395375353e-01
1.937500000000000e-01 2.431260731791094e-01 9.559612661385635e-01
1.968750000000000e-01 2.482335799284277e-01 9.542910267548286e-01
2.000000000000000e-01 2.534016918120952e-01 9.525808211974143e-01
2.031250000000000e-01 2.586316706018478e-01 9.508302657144859e-01
2.062500000000000e-01 2.639247931739538e-01 9.490389943583736e-01
2.093750000000000e-01 2.692823518209576e-01 9.472066603595126e-01
2.125000000000000e-01 2.747056545671873e-01 9.453329375013162e-01
2.156250000000000e-01 2.801960254881028e-01 9.434175214894299e-01
2.187500000000000e-01 2.857548050335636e-01 9.414601313081713e-01
2.218750000000000e-01 2.913833503550930e-01 9.394605105562799e-01
2.250000000000000e-01 2.970830356372213e-01 9.374184287534078e-01
2.281250000000000e-01 3.028552524329863e-01 9.353336826080626e-01
2.312500000000000e-01 3.087014100036755e-01 9.332060972369804e-01
2.343750000000000e-01 3.146229356628902e-01 9.310355273251569e-01
2.375000000000000e-01 3.206212751250189e-01 9.288218582150091e-01
2.406250000000000e-01 3.266978928582008e-01 9.265650069123783e-01
2.437500000000000e-01 3.328542724418705e-01 9.242649229963242e-01
2.468750000000000e-01 3.390919169289667e-01 9.219215894189071e-01
2.500000000000000e-01 3.454123492128958e-01 9.195350231804191e-01
2.531250000000000e-01 3.518171123993401e-01 9.171052758648096e-01
2.562500000000000e-01 3.583077701830001e-01 9.146324340193669e-01
2.593750000000000e-01 3.648859072293631e-01 9.121166193620778e-01
2.625000000000000e-01 3.715531295615936e-01 9.095579887994967e-01
2.656250000000000e-01 3.783110649526354e-01 9.069567342374322e-01
2.687500000000000e-01 3.851613633226258e-01 9.043130821663112e-01
2.718750000000000e-01 3.921056971417164e-01 9.016272930027249e-01
2.750000000000000e-01 3.991457618383991e-01 8.988996601684106e-01
2.781250000000000e-01 4.062832762134377e-01 8.961305088877983e-01
2.812500000000000e-01 4.135199828595055e-01 8.933201946852642e-01
2.843750000000000e-01 4.208576485866312e-01 8.904691015634059e-01
2.875000000000000e-01 4.282980648535585e-01 8.875776398440098e-01
2.906250000000000e-01 4.358430482051222e-01 8.846462436539352e-01
2.937500000000000e-01 4.434944407157500e-01 8.816753680389137e-01
2.968750000000000e-01 4.512541104391968e-01 8.786654856892968e-01
3.000000000000000e-01 4.591239518646220e-01 8.756170832630749e-01
3.031250000000000e-01 4.671058863791195e-01 8.725306572930919e-01
3.062500000000000e-01 4.752018627368176e-01 8.694067096673032e-01
3.093750000000000e-01 4.834138575346580e-01 8.662457426731970e-01
3.125000000000000e-01 4.917438756949728e-01 8.630482536001594e-01
3.156250000000000e-01 5.001939509549778e-01 8.598147288966260e-01
3.187500000000000e-01 5.087661463633005e-01 8.565456378823706e-01
3.218750000000000e-01 5.174625547836644e-01 8.532414260202461e-01
3.250000000000000e-01 5.262852994058529e-01 8.499025077561563e-01
3.281250000000000e-01 5.352365342640750e-01 8.465292589410083e-01
3.312500000000000e-01 5.443184447628656e-01 8.431220088539119e-01
3.343750000000000e-01 5.535332482106405e-01 8.396810318519577e-01
3.375000000000000e-01 5.628831943610435e-01 8.362065386785447e-01
3.406250000000000e-01 5.723705659622137e-01 8.326986674694391e-01
3.437500000000000e-01 5.819976793141081e-01 8.291574745035438e-01
3.468750000000000e-01 5.917668848340161e-01 8.255829247537100e-01
3.500000000000000e-01 6.016805676304035e-01 8.219748823018415e-01
3.531250000000000e-01 6.117411480852264e-01 8.183331006919686e-01
3.562500000000000e-01 6.219510824448572e-01 8.146572133048756e-01
3.593750000000000e-01 6.323128634197650e-01 8.109467238481824e-01
3.625000000000000e-01 6.428290207931012e-01 8.072009970664356e-01
3.656250000000000e-01 6.535021220383342e-01 8.034192497866445e-01
3.687500000000000e-01 6.643347729460869e-01 7.996005424256956e-01
3.718750000000000e-01 6.753296182603294e-01 7.957437710970326e-01
3.750000000000000e-01 6.864893423240808e-01 7.918476604647388e-01
3.781250000000000e-01 6.978166697347804e-01 7.879107575034883e-01
3.812500000000000e-01 7.093143660094854e-01 7.839314263325348e-01
3.843750000000000e-01 7.209852382600603e-01 7.799078443006964e-01
3.875000000000000e-01 7.328321358785219e-01 7.758379995069180e-01
3.906250000000000e-01 7.448579512327029e-01 7.717196899471098e-01
3.937500000000000e-01 7.570656203724140e-01 7.675505244822575e-01
3.968750000000000e-01 7.694581237462648e-01 7.633279258249019e-01
4.000000000000000e-01 7.820384869293291e-01 7.590491357406306e-01
4.031250000000000e-01 7.948097813618253e-01 7.547112226578117e-01
4.062500000000000e-01 8.077751250989945e-01 7.503110918720441e-01
4.093750000000000e-01 8.209376835723596e-01 7.458454985212886e-01
4.125000000000000e-01 8.343006703625532e-01 7.413110634929937e-01
4.156250000000000e-01 8.478673479838968e-01 7.367042924053537e-01
4.187500000000000e-01 8.616410286809313e-01 7.320215977807525e-01
4.218750000000000e-01 8.756250752370857e-01 7.272593245001296e-01
4.250000000000000e-01 8.898229017956865e-01 7.224137785921162e-01
4.281250000000000e-01 9.042379746935050e-01 7.174812593700550e-01
4.312500000000000e-01 9.188738133070491e-01 7.124580948831997e-01
4.343750000000000e-01 9.337339909118028e-01 7.073406805952821e-01
4.375000000000000e-01 9.488221355546261e-01 7.021255211441396e-01
4.406250000000000e-01 9.641419309395265e-01 6.968092749701413e-01
4.437500000000000e-01 9.796971173270190e-01 6.913888015288436e-01
4.468750000000000e-01 9.954914924472941e-01 6.858612107248511e-01
4.500000000000000e-01 1.011528912427417e+00 6.802239141196982e-01
4.531250000000000e-01 1.027813292732786e+00 6.744746773774227e-01
4.562500000000000e-01 1.044348609123070e+00 6.686116733184289e-01
4.593750000000000e-01 1.061138898622882e+00 6.626335348567911e-01
4.625000000000000e-01 1.078188260507393e+00 6.565394070004252e-01
4.656250000000000e-01 1.095500857303154e+00 6.503289970003402e-01
4.687500000000000e-01 1.113080915804360e+00 6.440026216480387e-01
4.718750000000000e-01 1.130932728104805e+00 6.375612506434475e-01
4.750000000000000e-01 1.149060652645771e+00 6.310065448947401e-01
4.781250000000000e-01 1.167469115280130e+00 6.243408885720377e-01
4.812500000000000e-01 1.186162610352890e+00 6.175674137257643e-01
4.843750000000000e-01 1.205145701798475e+00 6.106900163041515e-01
4.875000000000000e-01 1.224423024254985e+00 6.037133624696056e-01
4.906250000000000e-01 1.243999284195726e+00 5.966428842261042e-01
4.937500000000000e-01 1.263879261078271e+00 5.894847635337808e-01
4.968750000000000e-01 1.284067808511348e+00 5.822459043044028e-01
5.000000000000000e-01 1.304569855439823e+00 5.749338919416781e-01
5.031250000000000e-01 1.325390407348082e+00 5.675569404087558e-01
5.062500000000000e-01 1.346534547482100e+00 5.601238271635287e-01
5.093750000000000e-01 1.368007438090487e+00 5.526438166879395e-01
5.125000000000001e-01 1.389814321684837e+00 5.451265737342740e-01
5.156250000000000e-01 1.411960522319654e+00 5.375820678001982e-01
5.187500000000000e-01 1.434451446892208e+00 5.300204707040136e-01
5.218750000000000e-01 1.457292586462593e+00 5.224520494408087e-01
5.250000000000000e-01 1.480489517594354e+00 5.148870567387277e-01
5.281250000000001e-01 1.504047903715979e+00 5.073356218852964e-01
5.312500000000000e-01 1.527973496503592e+00 4.998076444441198e-01
5.343750000000000e-01 1.552272137285215e+00 4.923126934255626e-01
5.375000000000000e-01 1.576949758466886e+00 4.848599143111199e-01
5.406250000000000e-01 1.602012384981041e+00 4.774579460667090e-01
5.437500000000001e-01 1.627466135757470e+00 4.701148499280001e-01
5.468750000000000e-01 1.653317225217225e+00 4.628380513194418e-01
5.500000000000000e-01 1.679571964789851e+00 4.556342958000493e-01
5.531250000000000e-01 1.706236764454286e+00 4.485096194377666e-01
5.562500000000000e-01 1.733318134303830e+00 4.414693335252598e-01
5.593750000000001e-01 1.760822686135563e+00 4.345180230870946e-01
5.625000000000000e-01 1.788757135064574e+00 4.276595582125052e-01
5.656250000000000e-01 1.817128301163438e+00 4.208971168966623e-01
5.687500000000000e-01 1.845943111127301e+00 4.142332177992043e-01
5.718750000000000e-01 1.875208599965003e+00 4.076697611395287e-01
5.750000000000001e-01 1.904931912716643e+00 4.012080758466367e-01
5.781250000000000e-01 1.935120306198011e+00 3.948489710650464e-01
5.812500000000000e-01 1.965781150772311e+00 3.885927901810270e-01
5.843750000000000e-01 1.996921932149593e+00 3.824394656650749e-01
5.875000000000000e-01 2.028550253214365e+00 3.763885732142842e-01
5.906250000000001e-01 2.060673835881802e+00 3.704393839072916e-01
5.937500000000000e-01 2.093300522983012e+00 3.645909133390748e-01
5.968750000000000e-01 2.126438280179837e+00 3.588419669674169e-01
6.000000000000001e-01 2.160095197909630e+00 3.531911811626208e-01
6.031250000000000e-01 2.194279493360494e+00 3.476370596942037e-01
6.062500000000001e-01 2.228999512477486e+00 3.421780056024392e-01
6.093750000000000e-01 2.264263732000228e+00 3.368123485813303e-01
6.125000000000000e-01 2.300080761532477e+00 3.315383681386697e-01
6.156250000000001e-01 2.336459345644116e+00 3.263543128971955e-01
6.187500000000000e-01 2.373408366006099e+00 3.212584164602891e-01
6.218750000000001e-01 2.410936843558884e+00 3.162489102903340e-01
6.250000000000000e-01 2.449053940714840e+00 3.113240340436040e-01
6.281250000000000e-01 2.487768963595221e+00 3.064820437791944e-01
6.312500000000001e-01 2.527091364302215e+00 3.017212184180790e-01
6.343750000000000e-01 2.567030743226622e+00 2.970398647784930e-01
6.375000000000001e-01 2.607596851391758e+00 2.924363214612283e-01
6.406250000000000e-01 2.648799592834118e+00 2.879089618075839e-01
6.437500000000000e-01 2.690649027021411e+00 2.834561961067847e-01
6.468750000000001e-01 2.733155371308524e+00 2.790764731905152e-01
6.500000000000000e-01 2.776329003432049e+00 2.747682815205195e-01
6.531250000000001e-01 2.820180464043967e+00 2.705301498508154e-01
6.562500000000000e-01 2.864720459285089e+00 2.663606475281706e-01
6.593750000000000e-01 2.909959863398929e+00 2.622583844819690e-01
6.625000000000001e-01 2.955909721386590e+00 2.582220109462135e-01
6.656250000000000e-01 3.002581251703353e+00 2.542502169509913e-01
6.687500000000001e-01 3.049985848997626e+00 2.503417316172221e-01
6.718750000000000e-01 3.098135086892879e+00 2.464953222861358e-01
6.750000000000000e-01 3.147040720813310e+00 2.427097935130535e-01
6.781250000000001e-01 3.196714690853871e+00 2.389839859533142e-01
6.812500000000000e-01 3.247169124695383e+00 2.353167751663408e-01
6.843750000000001e-01 3.298416340565477e+00 2.317070703617987e-01
6.875000000000000e-01 3.350468850246008e+00 2.281538131095311e-01
6.906250000000000e-01 3.403339362127777e+00 2.246559760325203e-01
6.937500000000001e-01 3.457040784313211e+00 2.212125614995811e-01
6.968750000000000e-01 3.511586227767823e+00 2.178226003319343e-01
7.000000000000001e-01 3.566989009521205e+00 2.144851505353104e-01
7.031250000000000e-01 3.623262655918307e+00 2.111992960668714e-01
7.062500000000000e-01 3.680420905921852e+00 2.079641456440610e-01
7.093750000000001e-01 3.738477714466631e+00 2.047788316005451e-01
7.125000000000000e-01 3.797447255866536e+00 2.016425087927030e-01
7.156250000000001e-01 3.857343927275175e+00 1.985543535586787e-01
7.187500000000000e-01 3.918182352200844e+00 1.955135627308087e-01
7.218750000000000e-01 3.979977384076828e+00 1.925193527012698e-01
7.250000000000001e-01 4.042744109887770e+00 1.895709585400433e-01
7.281250000000000e-01 4.106497853853101e+00 1.866676331637209e-01
7.312500000000001e-01 4.171254181168399e+00 1.838086465532731e-01
7.343750000000000e-01 4.237028901805528e+00 1.809932850186239e-01
7.375000000000000e-01 4.303838074372613e+00 1.782208505077113e-01
7.406250000000001e-01 4.371698010034643e+00 1.754906599576315e-01
7.437500000000000e-01 4.440625276495786e+00 1.728020446854451e-01
7.468750000000001e-01 4.510636702044332e+00 1.701543498162599e-01
7.500000000000000e-01 4.581749379661216e+00 1.675469337462655e-01
7.531250000000000e-01 4.653980671193226e+00 1.649791676384891e-01
7.562500000000001e-01 4.727348211591802e+00 1.624504349491414e-01
7.593750000000000e-01 4.801869913218528e+00 1.599601309825359e-01
7.625000000000001e-01 4.877563970218381e+00 1.575076624726776e-01
7.656250000000000e-01 4.954448862961714e+00 1.550924471897350e-01
7.687500000000000e-01 5.032543362556198e+00 1.527139135697162e-01
7.718750000000001e-01 5.111866535429675e+00 1.503715003657844e-01
7.750000000000000e-01 5.192437747985146e+00 1.480646563197456e-01
7.781250000000001e-01 5.274276671329015e+00 1.457928398523414e-01
7.812500000000000e-01 5.357403286073669e+00 1.435555187710724e-01
7.843750000000000e-01 5.441837887215693e+00 1.413521699943615e-01
7.875000000000001e-01 5.527601089090773e+00 1.391822792909494e-01
7.906250000000000e-01 5.614713830406605e+00 1.370453410334891e-01
7.937500000000001e-01 5.703197379355005e+00 1.349408579653767e-01
7.968750000000000e-01 5.793073338804412e+00 1.328683409799214e-01
8.000000000000000e-01 5.884363651574169e+00 1.308273089110201e-01
8.031250000000001e-01 5.977090605791737e+00 1.288172883345576e-01
8.062500000000000e-01 6.071276840334257e+00 1.268378133798073e-01
8.093750000000001e-01 6.166945350355728e+00 1.248884255501588e-01
8.125000000000000e-01 6.264119492901173e+00 1.229686735525418e-01
8.156250000000000e-01 6.362822992609162e+00 1.210781131349622e-01
8.187500000000001e-01 6.463079947504072e+00 1.192163069316046e-01
8.218750000000000e-01 6.564914834879517e+00 1.173828243149942e-01
8.250000000000001e-01 6.668352517274371e+00 1.155772412547461e-01
8.281250000000000e-01 6.773418248542846e+00 1.137991401824608e-01
8.312500000000000e-01 6.880137680020114e+00 1.120481098623588e-01
8.343750000000001e-01 6.988536866784961e+00 1.103237452672727e-01
8.375000000000000e-01 7.098642274021019e+00 1.086256474596427e-01
8.406250000000001e-01 7.210480783478133e+00 1.069534234771863e-01
8.437500000000000e-01 7.324079700035414e+00 1.053066862229358e-01
8.468750000000000e-01 7.439466758367605e+00 1.036850543593599e-01
8.500000000000001e-01 7.556670129716381e+00 1.020881522063027e-01
8.531250000000000e-01 7.675718428768239e+00 1.005156096424962e-01
8.562500000000001e-01 7.796640720640633e+00 9.896706201041612e-02
8.593750000000000e-01 7.919466527978115e+00 9.744215002427038e-02
8.625000000000000e-01 8.044225838160141e+00 9.594051968092097e-02
8.656250000000001e-01 8.170949110622363e+00 9.446182217355781e-02
8.687500000000000e-01 8.299667284293170e+00 9.300571380795385e-02
8.718750000000001e-01 8.430411785147284e+00 9.157185592114349e-02
8.750000000000000e-01 8.563214533878281e+00 9.015991480237838e-02
8.781250000000000e-01 8.698107953691880e+00 8.876956161622417e-02
8.812500000000001e-01 8.835124978221932e+00 8.740047232767252e-02
8.843750000000000e-01 8.974299059571019e+00 8.605232762915167e-02
8.875000000000001e-01 9.115664176477637e+00 8.472481286932655e-02
8.906250000000000e-01 9.259254842611947e+00 8.341761798358896e-02
8.937500000000000e-01 9.405106115002161e+00 8.213043742614382e-02
8.968750000000001e-01 9.553253602593529e+00 8.086297010360574e-02
9.000000000000000e-01 9.703733474942130e+00 7.961491931002608e-02
9.031250000000001e-01 9.856582471045494e+00 7.838599266327605e-02
9.062500000000000e-01 1.001183790831228e+01 7.717590204271783e-02
9.093750000000000e-01 1.016953769167313e+01 7.598436352809981e-02
9.125000000000001e-01 1.032972032283505e+01 7.481109733961748e-02
9.156250000000000e-01 1.049242490968134e+01 7.365582777908555e-02
9.187500000000001e-01 1.065769117581972e+01 7.251828317217071e-02
9.218750000000000e-01 1.082555947028058e+01 7.139819581163875e-02
9.250000000000000e-01 1.099607077736805e+01 7.029530190157270e-02
9.281250000000001e-01 1.116926672666618e+01 6.920934150252214e-02
9.312500000000000e-01 1.134518960320255e+01 6.814005847754671e-02
9.343750000000001e-01 1.152388235777201e+01 6.708720043911962e-02
9.375000000000000e-01 1.170538861742293e+01 6.605051869685952e-02
9.406250000000000e-01 1.188975269610854e+01 6.502976820606132e-02
9.437500000000001e-01 1.207701960550600e+01 6.402470751699894e-02
9.468750000000000e-01 1.226723506600578e+01 6.303509872497463e-02
9.500000000000001e-01 1.246044551787411e+01 6.206070742109169e-02
9.531250000000000e-01 1.265669813259115e+01 6.110130264372907e-02
9.562500000000000e-01 1.285604082436773e+01 6.015665683069748e-02
9.593750000000001e-01 1.305852226184337e+01 5.922654577205859e-02
9.625000000000000e-01 1.326419187996850e+01 5.831074856359011e-02
9.656250000000001e-01 1.347309989207381e+01 5.740904756088045e-02
9.687500000000000e-01 1.368529730212962e+01 5.652122833403814e-02
9.718750000000000e-01 1.390083591719824e+01 5.564707962300210e-02
9.750000000000001e-01 1.411976836008246e+01 5.478639329343964e-02
9.781250000000000e-01 1.434214808217320e+01 5.393896429322024e-02
9.812500000000001e-01 1.456802937649935e+01 5.310459060945352e-02
9.843750000000000e-01 1.479746739098328e+01 5.228307322608115e-02
9.875000000000000e-01 1.503051814190487e+01 5.147421608201231e-02
9.906250000000001e-01 1.526723852757770e+01 5.067782602979382e-02
9.937500000000000e-01 1.550768634224049e+01 4.989371279480568e-02
9.968750000000001e-01 1.575192029016732e+01 4.912168893497416e-02
1.000000000000000e+00 1.600000000000000e+01 4.836156980099419e-02
