0.000000000000000e+00 0.000000000000000e+00 1.000000000000000e+00
5.000000000000000e-03 3.369477419287315e-03 1.000000048462267e+00
1.000000000000000e-02 6.741060871647481e-03 1.000000245487959e+00
1.500000000000000e-02 1.011685770649257e-02 1.000000580894688e+00
2.000000000000000e-02 1.349897790673588e-02 1.000001048364607e+00
2.500000000000000e-02 1.688953540759990e-02 1.000001648562693e+00
3.000000000000000e-02 2.029064941789469e-02 1.000002388940241e+00
3.500000000000000e-02 2.370444574459234e-02 1.000003269177087e+00
4.000000000000000e-02 2.713305812152553e-02 1.000004291844598e+00
4.500000000000000e-02 3.057862954304063e-02 1.000005460934167e+00
5.000000000000000e-02 3.404331360343898e-02 1.000006777580943e+00
5.500000000000000e-02 3.752927584304335e-02 1.000008245947693e+00
6.000000000000000e-02 4.103869510173117e-02 1.000009871138555e+00
6.500000000000000e-02 4.457376488078044e-02 1.000011655406635e+00
7.000000000000001e-02 4.813669471387935e-02 1.000013605541225e+00
7.500000000000000e-02 5.172971154815675e-02 1.000015727498671e+00
8.000000000000000e-02 5.535506113609672e-02 1.000018027685790e+00
8.500000000000001e-02 5.901500943920686e-02 1.000020510914114e+00
9.000000000000000e-02 6.271184404431801e-02 1.000023186685490e+00
9.500000000000000e-02 6.644787559340060e-02 1.000026061144097e+00
1.000000000000000e-01 7.022543922779090e-02 1.000029143276225e+00
1.050000000000000e-01 7.404689604773053e-02 1.000032445445280e+00
1.100000000000000e-01 7.791463458813094e-02 1.000035975994732e+00
1.150000000000000e-01 8.183107231148547e-02 1.000039744170326e+00
1.200000000000000e-01 8.579865711886202e-02 1.000043761870314e+00
1.250000000000000e-01 8.981986887992111e-02 1.000048041696263e+00
1.300000000000000e-01 9.389722098291493e-02 1.000052596906988e+00
1.350000000000000e-01 9.803326190563690e-02 1.000057441365212e+00
1.400000000000000e-01 1.022305768083033e-01 1.000062586530265e+00
1.450000000000000e-01 1.064917891493625e-01 1.000068051071698e+00
1.500000000000000e-01 1.108195623252418e-01 1.000073852212824e+00
1.550000000000000e-01 1.152166013350572e-01 1.000080010174046e+00
1.600000000000000e-01 1.196856544713255e-01 1.000086545787605e+00
1.650000000000000e-01 1.242295150377370e-01 1.000093480836768e+00
1.700000000000000e-01 1.288510230950609e-01 1.000100834895246e+00
1.750000000000000e-01 1.335530672362758e-01 1.000108630705059e+00
1.800000000000000e-01 1.383385863920344e-01 1.000116898891867e+00
1.850000000000000e-01 1.432105716675912e-01 1.000125667080767e+00
1.900000000000000e-01 1.481720682123397e-01 1.000134961408959e+00
1.950000000000000e-01 1.532261771231311e-01 1.000144813146361e+00
2.000000000000000e-01 1.583760573825595e-01 1.000155261858901e+00
2.050000000000000e-01 1.636249278334301e-01 1.000166341519671e+00
2.100000000000000e-01 1.689760691906397e-01 1.000178093908521e+00
2.150000000000000e-01 1.744328260917313e-01 1.000190561812711e+00
2.200000000000000e-01 1.799986091874004e-01 1.000203789866112e+00
2.250000000000000e-01 1.856768972732633e-01 1.000217826442783e+00
2.300000000000000e-01 1.914712394642179e-01 1.000232724256773e+00
2.350000000000000e-01 1.973852574127551e-01 1.000248540618567e+00
2.400000000000000e-01 2.034226475726105e-01 1.000265333713182e+00
2.450000000000000e-01 2.095871835091678e-01 1.000283176229062e+00
2.500000000000000e-01 2.158827182580599e-01 1.000302134180565e+00
2.550000000000000e-01 2.223131867334419e-01 1.000322278880927e+00
2.600000000000000e-01 2.288826081874405e-01 1.000343694570713e+00
2.650000000000000e-01 2.355950887223172e-01 1.000366474995359e+00
2.700000000000000e-01 2.424548238569160e-01 1.000390714653342e+00
2.750000000000000e-01 2.494661011489995e-01 1.000416509960361e+00
2.800000000000000e-01 2.566333028751116e-01 1.000443973171786e+00
2.850000000000000e-01 2.639609087696434e-01 1.000473221687501e+00
2.900000000000000e-01 2.714534988248126e-01 1.000504387333410e+00
2.950000000000000e-01 2.791157561533084e-01 1.000537606383419e+00
3.000000000000000e-01 2.869524699153886e-01 1.000573028841839e+00
3.050000000000000e-01 2.949685383122613e-01 1.000610817085771e+00
3.100000000000000e-01 3.031689716476197e-01 1.000651139639937e+00
3.150000000000000e-01 3.115588954592450e-01 1.000694185186687e+00
3.200000000000000e-01 3.201435537226349e-01 1.000740153928813e+00
3.250000000000000e-01 3.289283121286580e-01 1.000789264303136e+00
3.300000000000000e-01 3.379186614372866e-01 1.000841752500650e+00
3.350000000000000e-01 3.471202209094989e-01 1.000897871297282e+00
3.400000000000000e-01 3.565387418195016e-01 1.000957886835901e+00
3.450000000000000e-01 3.661801110494620e-01 1.001022090371644e+00
3.500000000000000e-01 3.760503547690021e-01 1.001090796751693e+00
3.550000000000000e-01 3.861556422017504e-01 1.001164339140757e+00
3.600000000000000e-01 3.965022894813072e-01 1.001243081649988e+00
3.650000000000000e-01 4.070967635990345e-01 1.001327400421792e+00
3.700000000000000e-01 4.179456864461349e-01 1.001417709956443e+00
3.750000000000000e-01 4.290558389525505e-01 1.001514453285999e+00
3.800000000000000e-01 4.404341653252637e-01 1.001618082498784e+00
3.850000000000000e-01 4.520877773886537e-01 1.001729094000436e+00
3.900000000000000e-01 4.640239590296172e-01 1.001848005959446e+00
3.950000000000000e-01 4.762501707502353e-01 1.001975364014575e+00
4.000000000000000e-01 4.887740543308307e-01 1.002111738719475e+00
4.050000000000000e-01 5.016034376063282e-01 1.002257715846280e+00
4.100000000000000e-01 5.147463393589066e-01 1.002413915759517e+00
4.150000000000000e-01 5.282109743299990e-01 1.002580958958496e+00
4.200000000000000e-01 5.420057583547735e-01 1.002759480255172e+00
4.250000000000000e-01 5.561393136223041e-01 1.002950121418976e+00
4.300000000000000e-01 5.706204740647189e-01 1.003153498205829e+00
4.350000000000000e-01 5.854582908786964e-01 1.003370222998211e+00
4.400000000000000e-01 6.006620381827575e-01 1.003600859055824e+00
4.450000000000000e-01 6.162412188138907e-01 1.003845908857188e+00
4.500000000000000e-01 6.322055702671360e-01 1.004105813767306e+00
4.550000000000000e-01 6.485650707818353e-01 1.004380885443082e+00
4.600000000000000e-01 6.653299455783577e-01 1.004671310590608e+00
4.650000000000000e-01 6.825106732491932e-01 1.004977108031763e+00
4.700000000000000e-01 7.001179923084168e-01 1.005298056324704e+00
4.750000000000000e-01 7.181629079036070e-01 1.005633696996201e+00
4.800000000000000e-01 7.366566986944229e-01 1.005983250350200e+00
4.850000000000000e-01 7.556109239021327e-01 1.006345550668194e+00
4.900000000000000e-01 7.750374305345038e-01 1.006719038381764e+00
4.950000000000000e-01 7.949483607905672e-01 1.007101652712999e+00
5.000000000000000e-01 8.153561596498893e-01 1.007490785821822e+00
5.050000000000000e-01 8.362735826510871e-01 1.007883279511909e+00
5.100000000000000e-01 8.577137038644561e-01 1.008275332819039e+00
5.150000000000000e-01 8.796899240636907e-01 1.008662505498004e+00
5.200000000000000e-01 9.022159791018011e-01 1.009039772926172e+00
5.250000000000000e-01 9.253059484964714e-01 1.009401516364585e+00
5.300000000000000e-01 9.489742642302165e-01 1.009741636587882e+00
5.350000000000000e-01 9.732357197708378e-01 1.010053755434067e+00
5.400000000000000e-01 9.981054793178262e-01 1.010331382491600e+00
5.450000000000000e-01 1.023599087280478e+00 1.010568211416849e+00
5.500000000000000e-01 1.049732477993657e+00 1.010758540985051e+00
5.550000000000000e-01 1.076521985677273e+00 1.010897673307683e+00
5.600000000000001e-01 1.103984354645701e+00 1.010982381740555e+00
5.650000000000001e-01 1.132136749773522e+00 1.011011474890591e+00
5.700000000000001e-01 1.160996767224129e+00 1.010986293805394e+00
5.750000000000001e-01 1.190582445447902e+00 1.010911127221491e+00
5.800000000000000e-01 1.220912276456826e+00 1.010793573722472e+00
5.850000000000000e-01 1.252005217382601e+00 1.010644730780180e+00
5.900000000000000e-01 1.283880702325469e+00 1.010479140239123e+00
5.950000000000000e-01 1.316558654501151e+00 1.010314519382815e+00
6.000000000000000e-01 1.350059498693518e+00 1.010171249108622e+00
6.050000000000000e-01 1.384404174020732e+00 1.010071602065233e+00
6.100000000000000e-01 1.419614147022888e+00 1.010038794127224e+00
6.150000000000000e-01 1.455711425079295e+00 1.010095924311431e+00
6.200000000000000e-01 1.492718570163803e+00 1.010264823762102e+00
6.250000000000000e-01 1.530658712946775e+00 1.010564909395149e+00
6.300000000000000e-01 1.569555567252506e+00 1.011012183783103e+00
6.350000000000000e-01 1.609433444881138e+00 1.011618426594707e+00
6.400000000000000e-01 1.650317270804325e+00 1.012390545363619e+00
6.450000000000000e-01 1.692232598744148e+00 1.013330102797710e+00
6.500000000000000e-01 1.735205627145031e+00 1.014433090566471e+00
6.550000000000000e-01 1.779263215548615e+00 1.015689966815488e+00
6.600000000000000e-01 1.824432901381847e+00 1.017085886866635e+00
6.650000000000000e-01 1.870742917168772e+00 1.018601036775238e+00
6.700000000000000e-01 1.918222208176775e+00 1.020211029150735e+00
6.750000000000000e-01 1.966900450508319e+00 1.021887370274273e+00
6.800000000000000e-01 2.016808069649473e+00 1.023598011398736e+00
6.850000000000001e-01 2.067976259486829e+00 1.025307980271033e+00
6.900000000000001e-01 2.120437001804702e+00 1.026980089416318e+00
6.950000000000001e-01 2.174223086274785e+00 1.028575737389158e+00
7.000000000000001e-01 2.229368130950753e+00 1.030055850541556e+00
7.050000000000000e-01 2.285906603280654e+00 1.031382038668894e+00
7.100000000000000e-01 2.343873841650178e+00 1.032518048217772e+00
7.150000000000000e-01 2.403306077470301e+00 1.033431588265109e+00
7.200000000000000e-01 2.464240457823092e+00 1.034096564956956e+00
7.250000000000000e-01 2.526715068679855e+00 1.034495675695937e+00
7.300000000000000e-01 2.590768958706095e+00 1.034623171205388e+00
7.350000000000000e-01 2.656442163668210e+00 1.034487397506086e+00
7.400000000000000e-01 2.723775731457148e+00 1.034112525191375e+00
7.450000000000000e-01 2.792811747744667e+00 1.033538749626558e+00
7.500000000000000e-01 2.863593362288260e+00 1.032820314027391e+00
7.550000000000000e-01 2.936164815901156e+00 1.032021042687243e+00
7.600000000000000e-01 3.010571468104263e+00 1.031207647437410e+00
7.650000000000000e-01 3.086859825477351e+00 1.030441732768530e+00
7.700000000000000e-01 3.165077570727174e+00 1.029771939791252e+00
7.750000000000000e-01 3.245273592490716e+00 1.029227827389830e+00
7.800000000000000e-01 3.327498015892184e+00 1.028816807608431e+00
7.850000000000000e-01 3.411802233872832e+00 1.028524807900997e+00
7.900000000000000e-01 3.498238939313234e+00 1.028320513911033e+00
7.950000000000000e-01 3.586862157968046e+00 1.028162269907293e+00
8.000000000000000e-01 3.677727282233856e+00 1.028006161331528e+00
8.050000000000000e-01 3.770891105771243e+00 1.027813596579543e+00
8.100000000000001e-01 3.866411859002656e+00 1.027556896886601e+00
8.150000000000001e-01 3.964349245508326e+00 1.027221961671825e+00
8.200000000000001e-01 4.064764479342956e+00 1.026807861722597e+00
8.250000000000001e-01 4.167720323296481e+00 1.026323990283418e+00
8.300000000000001e-01 4.273281128122877e+00 1.025785921442204e+00
8.350000000000000e-01 4.381512872761445e+00 1.025211230179459e+00
8.400000000000000e-01 4.492483205575838e+00 1.024616235403665e+00
8.450000000000000e-01 4.606261486636447e+00 1.024014110583275e+00
8.500000000000000e-01 4.722918831072739e+00 1.023414299560584e+00
8.550000000000000e-01 4.842528153522501e+00 1.022822852587120e+00
8.600000000000000e-01 4.965164213705875e+00 1.022243211045675e+00
8.650000000000000e-01 5.090903663152626e+00 1.021677060403543e+00
8.700000000000000e-01 5.219825093111814e+00 1.021125034768386e+00
8.750000000000000e-01 5.352009083673925e+00 1.020587204667054e+00
8.800000000000000e-01 5.487538254136007e+00 1.020063370724454e+00
8.850000000000000e-01 5.626497314641444e+00 1.019553220147258e+00
8.900000000000000e-01 5.768973119126561e+00 1.019056401173693e+00
8.950000000000000e-01 5.915054719607133e+00 1.018572554800780e+00
9.000000000000000e-01 6.064833421838831e+00 1.018101326841672e+00
9.050000000000000e-01 6.218402842386253e+00 1.017642371910534e+00
9.100000000000000e-01 6.375858967136348e+00 1.017195354442509e+00
9.150000000000000e-01 6.537300211292723e+00 1.016759948740253e+00
9.200000000000000e-01 6.702827480888332e+00 1.016335838739062e+00
9.250000000000000e-01 6.872544235855034e+00 1.015922717705687e+00
9.300000000000000e-01 7.046556554689444e+00 1.015520287930580e+00
9.350000000000001e-01 7.224973200755413e+00 1.015128260428170e+00
9.400000000000001e-01 7.407905690264673e+00 1.014746354648056e+00
9.450000000000001e-01 7.595468361978146e+00 1.014374298197273e+00
9.500000000000001e-01 7.787778448671316e+00 1.014011826573253e+00
9.550000000000001e-01 7.984956150408610e+00 1.013658682907005e+00
9.600000000000000e-01 8.187124709672272e+00 1.013314617716061e+00
9.650000000000000e-01 8.394410488393007e+00 1.012979388666747e+00
9.700000000000000e-01 8.606943046930221e+00 1.012652760345359e+00
9.750000000000000e-01 8.824855225051540e+00 1.012334504037855e+00
9.800000000000000e-01 9.048283224961922e+00 1.012024397517688e+00
9.850000000000000e-01 9.277366696434507e+00 1.011722224841418e+00
9.900000000000000e-01 9.512248824096272e+00 1.011427776151778e+00
9.950000000000000e-01 9.753076416923058e+00 1.011140847487862e+00
1.000000000000000e+00 1.000000000000000e+01 1.010861240602142e+00
