0.000000000000000e+00 0.000000000000000e+00 1.000000000000000e+00
5.000000000000000e-03 3.369477419287315e-03 1.000001049410787e+00
1.000000000000000e-02 6.741060871647481e-03 1.000005264773789e+00
1.500000000000000e-02 1.011685770649257e-02 1.000012328434608e+00
2.000000000000000e-02 1.349897790673588e-02 1.000022229890914e+00
2.500000000000000e-02 1.688953540759990e-02 1.000034986389072e+00
3.000000000000000e-02 2.029064941789469e-02 1.000050644163075e+00
3.500000000000000e-02 2.370444574459234e-02 1.000069244938693e+00
4.000000000000000e-02 2.713305812152553e-02 1.000090823798131e+00
4.500000000000000e-02 3.057862954304063e-02 1.000115429394077e+00
5.000000000000000e-02 3.404331360343898e-02 1.000143127909391e+00
5.500000000000000e-02 3.752927584304335e-02 1.000173987145913e+00
6.000000000000000e-02 4.103869510173117e-02 1.000208073392284e+00
6.500000000000000e-02 4.457376488078044e-02 1.000245466788749e+00
7.000000000000001e-02 4.813669471387935e-02 1.000286263312290e+00
7.500000000000000e-02 5.172971154815675e-02 1.000330559558458e+00
8.000000000000000e-02 5.535506113609672e-02 1.000378453076254e+00
8.500000000000001e-02 5.901500943920686e-02 1.000430057864995e+00
9.000000000000000e-02 6.271184404431801e-02 1.000485502694052e+00
9.500000000000000e-02 6.644787559340060e-02 1.000544916283209e+00
1.000000000000000e-01 7.022543922779090e-02 1.000608430969427e+00
1.050000000000000e-01 7.404689604773053e-02 1.000676197568323e+00
1.100000000000000e-01 7.791463458813094e-02 1.000748381353502e+00
1.150000000000000e-01 8.183107231148547e-02 1.000825147907215e+00
1.200000000000000e-01 8.579865711886202e-02 1.000906667997354e+00
1.250000000000000e-01 8.981986887992111e-02 1.000993132496988e+00
1.300000000000000e-01 9.389722098291493e-02 1.001084748808940e+00
1.350000000000000e-01 9.803326190563690e-02 1.001181725736168e+00
1.400000000000000e-01 1.022305768083033e-01 1.001284276066835e+00
1.450000000000000e-01 1.064917891493625e-01 1.001392633776038e+00
1.500000000000000e-01 1.108195623252418e-01 1.001507055191515e+00
1.550000000000000e-01 1.152166013350572e-01 1.001627800772715e+00
1.600000000000000e-01 1.196856544713255e-01 1.001755130427248e+00
1.650000000000000e-01 1.242295150377370e-01 1.001889323716038e+00
1.700000000000000e-01 1.288510230950609e-01 1.002030690430568e+00
1.750000000000000e-01 1.335530672362758e-01 1.002179551768732e+00
1.800000000000000e-01 1.383385863920344e-01 1.002336226477891e+00
1.850000000000000e-01 1.432105716675912e-01 1.002501046089822e+00
1.900000000000000e-01 1.481720682123397e-01 1.002674369562203e+00
1.950000000000000e-01 1.532261771231311e-01 1.002856578219975e+00
2.000000000000000e-01 1.583760573825595e-01 1.003048069385352e+00
2.050000000000000e-01 1.636249278334301e-01 1.003249249199629e+00
2.100000000000000e-01 1.689760691906397e-01 1.003460526477146e+00
2.150000000000000e-01 1.744328260917313e-01 1.003682330414284e+00
2.200000000000000e-01 1.799986091874004e-01 1.003915124699993e+00
2.250000000000000e-01 1.856768972732633e-01 1.004159393796586e+00
2.300000000000000e-01 1.914712394642179e-01 1.004415641699677e+00
2.350000000000000e-01 1.973852574127551e-01 1.004684387735408e+00
2.400000000000000e-01 2.034226475726105e-01 1.004966153241486e+00
2.450000000000000e-01 2.095871835091678e-01 1.005261479033868e+00
2.500000000000000e-01 2.158827182580599e-01 1.005570920605413e+00
2.550000000000000e-01 2.223131867334419e-01 1.005895053535377e+00
2.600000000000000e-01 2.288826081874405e-01 1.006234478214255e+00
2.650000000000000e-01 2.355950887223172e-01 1.006589811816691e+00
2.700000000000000e-01 2.424548238569160e-01 1.006961694242984e+00
2.750000000000000e-01 2.494661011489995e-01 1.007350780439493e+00
2.800000000000000e-01 2.566333028751116e-01 1.007757743418268e+00
2.850000000000000e-01 2.639609087696434e-01 1.008183270571629e+00
2.900000000000000e-01 2.714534988248126e-01 1.008628064096170e+00
2.950000000000000e-01 2.791157561533084e-01 1.009092839156885e+00
3.000000000000000e-01 2.869524699153886e-01 1.009578322915240e+00
3.050000000000000e-01 2.949685383122613e-01 1.010085252846553e+00
3.100000000000000e-01 3.031689716476197e-01 1.010614374983585e+00
3.150000000000000e-01 3.115588954592450e-01 1.011166441793499e+00
3.200000000000000e-01 3.201435537226349e-01 1.011742209769583e+00
3.250000000000000e-01 3.289283121286580e-01 1.012342436678155e+00
3.300000000000000e-01 3.379186614372866e-01 1.012967878447080e+00
3.350000000000000e-01 3.471202209094989e-01 1.013619285664294e+00
3.400000000000000e-01 3.565387418195016e-01 1.014297399657828e+00
3.450000000000000e-01 3.661801110494620e-01 1.015002948125962e+00
3.500000000000000e-01 3.760503547690021e-01 1.015736640285476e+00
3.550000000000000e-01 3.861556422017504e-01 1.016499161505020e+00
3.600000000000000e-01 3.965022894813072e-01 1.017291167390303e+00
3.650000000000000e-01 4.070967635990345e-01 1.018113277287761e+00
3.700000000000000e-01 4.179456864461349e-01 1.018966067173948e+00
3.750000000000000e-01 4.290558389525505e-01 1.019850061899036e+00
3.800000000000000e-01 4.404341653252637e-01 1.020765726754853e+00
3.850000000000000e-01 4.520877773886537e-01 1.021713458340759e+00
3.900000000000000e-01 4.640239590296172e-01 1.022693574704812e+00
3.950000000000000e-01 4.762501707502353e-01 1.023706304743149e+00
4.000000000000000e-01 4.887740543308307e-01 1.024751776847642e+00
4.050000000000000e-01 5.016034376063282e-01 1.025830006800965e+00
4.100000000000000e-01 5.147463393589066e-01 1.026940884929525e+00
4.150000000000000e-01 5.282109743299990e-01 1.028084162538579e+00
4.200000000000000e-01 5.420057583547735e-01 1.029259437670679e+00
4.250000000000000e-01 5.561393136223041e-01 1.030466140248549e+00
4.300000000000000e-01 5.706204740647189e-01 1.031703516687096e+00
4.350000000000000e-01 5.854582908786964e-01 1.032970614086457e+00
4.400000000000000e-01 6.006620381827575e-01 1.034266264149177e+00
4.450000000000000e-01 6.162412188138907e-01 1.035589066999568e+00
4.500000000000000e-01 6.322055702671360e-01 1.036937375121858e+00
4.550000000000000e-01 6.485650707818353e-01 1.038309277675491e+00
4.600000000000000e-01 6.653299455783577e-01 1.039702585489884e+00
4.650000000000000e-01 6.825106732491932e-01 1.041114817086036e+00
4.700000000000000e-01 7.001179923084168e-01 1.042543186116871e+00
4.750000000000000e-01 7.181629079036070e-01 1.043984590659979e+00
4.800000000000000e-01 7.366566986944229e-01 1.045435604832868e+00
4.850000000000000e-01 7.556109239021327e-01 1.046892473228967e+00
4.900000000000000e-01 7.750374305345038e-01 1.048351108688952e+00
4.950000000000000e-01 7.949483607905672e-01 1.049807093923129e+00
5.000000000000000e-01 8.153561596498893e-01 1.051255687483060e+00
5.050000000000000e-01 8.362735826510871e-01 1.052691834541551e+00
5.100000000000000e-01 8.577137038644561e-01 1.054110182877369e+00
5.150000000000000e-01 8.796899240636907e-01 1.055505104374147e+00
5.200000000000000e-01 9.022159791018011e-01 1.056870722232949e+00
5.250000000000000e-01 9.253059484964714e-01 1.058200943968596e+00
5.300000000000000e-01 9.489742642302165e-01 1.059489500117361e+00
5.350000000000000e-01 9.732357197708378e-01 1.060729988436886e+00
5.400000000000000e-01 9.981054793178262e-01 1.061915923239746e+00
5.450000000000000e-01 1.023599087280478e+00 1.063040789382995e+00
5.500000000000000e-01 1.049732477993657e+00 1.064098100350940e+00
5.550000000000000e-01 1.076521985677273e+00 1.065081459829569e+00
5.600000000000001e-01 1.103984354645701e+00 1.065984626187103e+00
5.650000000000001e-01 1.132136749773522e+00 1.066801579348567e+00
5.700000000000001e-01 1.160996767224129e+00 1.067526589676737e+00
5.750000000000001e-01 1.190582445447902e+00 1.068154288630317e+00
5.800000000000000e-01 1.220912276456826e+00 1.068679741133520e+00
5.850000000000000e-01 1.252005217382601e+00 1.069098519719011e+00
5.900000000000000e-01 1.283880702325469e+00 1.069406780548773e+00
5.950000000000000e-01 1.316558654501151e+00 1.069601341321569e+00
6.000000000000000e-01 1.350059498693518e+00 1.069679760791858e+00
6.050000000000000e-01 1.384404174020732e+00 1.069640419117286e+00
6.100000000000000e-01 1.419614147022888e+00 1.069482597509447e+00
6.150000000000000e-01 1.455711425079295e+00 1.069206554710545e+00
6.200000000000000e-01 1.492718570163803e+00 1.068813596726409e+00
6.250000000000000e-01 1.530658712946775e+00 1.068306135131966e+00
6.300000000000000e-01 1.569555567252506e+00 1.067687728291008e+00
6.350000000000000e-01 1.609433444881138e+00 1.066963099191488e+00
6.400000000000000e-01 1.650317270804325e+00 1.066138123492272e+00
6.450000000000000e-01 1.692232598744148e+00 1.065219781984493e+00
6.500000000000000e-01 1.735205627145031e+00 1.064216073106363e+00
6.550000000000000e-01 1.779263215548615e+00 1.063135883432068e+00
6.600000000000000e-01 1.824432901381847e+00 1.061988817075132e+00
6.650000000000000e-01 1.870742917168772e+00 1.060784988459377e+00
6.700000000000000e-01 1.918222208176775e+00 1.059534786546935e+00
6.750000000000000e-01 1.966900450508319e+00 1.058248621918002e+00
6.800000000000000e-01 2.016808069649473e+00 1.056936670593807e+00
6.850000000000001e-01 2.067976259486829e+00 1.055608629761001e+00
6.900000000000001e-01 2.120437001804702e+00 1.054273500306381e+00
6.950000000000001e-01 2.174223086274785e+00 1.052939409220365e+00
7.000000000000001e-01 2.229368130950753e+00 1.051613481625755e+00
7.050000000000000e-01 2.285906603280654e+00 1.050301767812930e+00
7.100000000000000e-01 2.343873841650178e+00 1.049009225767897e+00
7.150000000000000e-01 2.403306077470301e+00 1.047739754907347e+00
7.200000000000000e-01 2.464240457823092e+00 1.046496272704869e+00
7.250000000000000e-01 2.526715068679855e+00 1.045280823094396e+00
7.300000000000000e-01 2.590768958706095e+00 1.044094704247340e+00
7.350000000000000e-01 2.656442163668210e+00 1.042938603561954e+00
7.400000000000000e-01 2.723775731457148e+00 1.041812729259572e+00
7.450000000000000e-01 2.792811747744667e+00 1.040716930453191e+00
7.500000000000000e-01 2.863593362288260e+00 1.039650800450757e+00
7.550000000000000e-01 2.936164815901156e+00 1.038613760901181e+00
7.600000000000000e-01 3.010571468104263e+00 1.037605126805849e+00
7.650000000000000e-01 3.086859825477351e+00 1.036624154172460e+00
7.700000000000000e-01 3.165077570727174e+00 1.035670073114251e+00
7.750000000000000e-01 3.245273592490716e+00 1.034742109565713e+00
7.800000000000000e-01 3.327498015892184e+00 1.033839498654223e+00
7.850000000000000e-01 3.411802233872832e+00 1.032961492327064e+00
7.900000000000000e-01 3.498238939313234e+00 1.032107363262392e+00
7.950000000000000e-01 3.586862157968046e+00 1.031276406524875e+00
8.000000000000000e-01 3.677727282233856e+00 1.030467939942118e+00
8.050000000000000e-01 3.770891105771243e+00 1.029681303808944e+00
8.100000000000001e-01 3.866411859002656e+00 1.028915860271156e+00
8.150000000000001e-01 3.964349245508326e+00 1.028170992578266e+00
8.200000000000001e-01 4.064764479342956e+00 1.027446104299804e+00
8.250000000000001e-01 4.167720323296481e+00 1.026740618548578e+00
8.300000000000001e-01 4.273281128122877e+00 1.026053977228719e+00
8.350000000000000e-01 4.381512872761445e+00 1.025385640314574e+00
8.400000000000000e-01 4.492483205575838e+00 1.024735085161554e+00
8.450000000000000e-01 4.606261486636447e+00 1.024101805848178e+00
8.500000000000000e-01 4.722918831072739e+00 1.023485312547936e+00
8.550000000000000e-01 4.842528153522501e+00 1.022885130929449e+00
8.600000000000000e-01 4.965164213705875e+00 1.022300801583437e+00
8.650000000000000e-01 5.090903663152626e+00 1.021731879475088e+00
8.700000000000000e-01 5.219825093111814e+00 1.021177933420481e+00
8.750000000000000e-01 5.352009083673925e+00 1.020638545585818e+00
8.800000000000000e-01 5.487538254136007e+00 1.020113311008279e+00
8.850000000000000e-01 5.626497314641444e+00 1.019601837137397e+00
8.900000000000000e-01 5.768973119126561e+00 1.019103743395904e+00
8.950000000000000e-01 5.915054719607133e+00 1.018618660759068e+00
9.000000000000000e-01 6.064833421838831e+00 1.018146231351603e+00
9.050000000000000e-01 6.218402842386253e+00 1.017686108061270e+00
9.100000000000000e-01 6.375858967136348e+00 1.017237954168352e+00
9.150000000000000e-01 6.537300211292723e+00 1.016801442990240e+00
9.200000000000000e-01 6.702827480888332e+00 1.016376257540377e+00
9.250000000000000e-01 6.872544235855034e+00 1.015962090200893e+00
9.300000000000000e-01 7.046556554689444e+00 1.015558642408268e+00
9.350000000000001e-01 7.224973200755413e+00 1.015165624351405e+00
9.400000000000001e-01 7.407905690264673e+00 1.014782754681545e+00
9.450000000000001e-01 7.595468361978146e+00 1.014409760233463e+00
9.500000000000001e-01 7.787778448671316e+00 1.014046375757424e+00
9.550000000000001e-01 7.984956150408610e+00 1.013692343661417e+00
9.600000000000000e-01 8.187124709672272e+00 1.013347413763193e+00
9.650000000000000e-01 8.394410488393007e+00 1.013011343051667e+00
9.700000000000000e-01 8.606943046930221e+00 1.012683895457264e+00
9.750000000000000e-01 8.824855225051540e+00 1.012364841630823e+00
9.800000000000000e-01 9.048283224961922e+00 1.012053958730664e+00
9.850000000000000e-01 9.277366696434507e+00 1.011751030217480e+00
9.900000000000000e-01 9.512248824096272e+00 1.011455845656704e+00
9.950000000000000e-01 9.753076416923058e+00 1.011168200528035e+00
1.000000000000000e+00 1.000000000000000e+01 1.010887896041814e+00
