0.000000000000000e+00 0.000000000000000e+00 1.000000000000000e+00
5.000000000000000e-03 3.369477419287315e-03 1.000000157335402e+00
1.000000000000000e-02 6.741060871647481e-03 1.000000787146715e+00
1.500000000000000e-02 1.011685770649257e-02 1.000001839083443e+00
2.000000000000000e-02 1.349897790673588e-02 1.000003314135383e+00
2.500000000000000e-02 1.688953540759990e-02 1.000005214933035e+00
3.000000000000000e-02 2.029064941789469e-02 1.000007549058791e+00
3.500000000000000e-02 2.370444574459234e-02 1.000010325398974e+00
4.000000000000000e-02 2.713305812152553e-02 1.000013549891452e+00
4.500000000000000e-02 3.057862954304063e-02 1.000017228517669e+00
5.000000000000000e-02 3.404331360343898e-02 1.000021372942010e+00
5.500000000000000e-02 3.752927584304335e-02 1.000025994037206e+00
6.000000000000000e-02 4.103869510173117e-02 1.000031100997685e+00
6.500000000000000e-02 4.457376488078044e-02 1.000036705944503e+00
7.000000000000001e-02 4.813669471387935e-02 1.000042829234197e+00
7.500000000000000e-02 5.172971154815675e-02 1.000049481044141e+00
8.000000000000000e-02 5.535506113609672e-02 1.000056680808386e+00
8.500000000000001e-02 5.901500943920686e-02 1.000064451300840e+00
9.000000000000000e-02 6.271184404431801e-02 1.000072813197180e+00
9.500000000000000e-02 6.644787559340060e-02 1.000081787159722e+00
1.000000000000000e-01 7.022543922779090e-02 1.000091397501931e+00
1.050000000000000e-01 7.404689604773053e-02 1.000101671282052e+00
1.100000000000000e-01 7.791463458813094e-02 1.000112633823068e+00
1.150000000000000e-01 8.183107231148547e-02 1.000124313195198e+00
1.200000000000000e-01 8.579865711886202e-02 1.000136740890594e+00
1.250000000000000e-01 8.981986887992111e-02 1.000149952694619e+00
1.300000000000000e-01 9.389722098291493e-02 1.000163981400073e+00
1.350000000000000e-01 9.803326190563690e-02 1.000178867992948e+00
1.400000000000000e-01 1.022305768083033e-01 1.000194648226296e+00
1.450000000000000e-01 1.064917891493625e-01 1.000211364484207e+00
1.500000000000000e-01 1.108195623252418e-01 1.000229070842919e+00
1.550000000000000e-01 1.152166013350572e-01 1.000247818007780e+00
1.600000000000000e-01 1.196856544713255e-01 1.000267647467953e+00
1.650000000000000e-01 1.242295150377370e-01 1.000288615126814e+00
1.700000000000000e-01 1.288510230950609e-01 1.000310783323627e+00
1.750000000000000e-01 1.335530672362758e-01 1.000334206728726e+00
1.800000000000000e-01 1.383385863920344e-01 1.000358952863118e+00
1.850000000000000e-01 1.432105716675912e-01 1.000385088073010e+00
1.900000000000000e-01 1.481720682123397e-01 1.000412689884942e+00
1.950000000000000e-01 1.532261771231311e-01 1.000441838369924e+00
2.000000000000000e-01 1.583760573825595e-01 1.000472616814294e+00
2.050000000000000e-01 1.636249278334301e-01 1.000505106748844e+00
2.100000000000000e-01 1.689760691906397e-01 1.000539400405570e+00
2.150000000000000e-01 1.744328260917313e-01 1.000575595973587e+00
2.200000000000000e-01 1.799986091874004e-01 1.000613789163368e+00
2.250000000000000e-01 1.856768972732633e-01 1.000654099141228e+00
2.300000000000000e-01 1.914712394642179e-01 1.000696640247950e+00
2.350000000000000e-01 1.973852574127551e-01 1.000741531824081e+00
2.400000000000000e-01 2.034226475726105e-01 1.000788898582369e+00
2.450000000000000e-01 2.095871835091678e-01 1.000838881685445e+00
2.500000000000000e-01 2.158827182580599e-01 1.000891628090943e+00
2.550000000000000e-01 2.223131867334419e-01 1.000947285087877e+00
2.600000000000000e-01 2.288826081874405e-01 1.001006014191941e+00
2.650000000000000e-01 2.355950887223172e-01 1.001067978693585e+00
2.700000000000000e-01 2.424548238569160e-01 1.001133366058515e+00
2.750000000000000e-01 2.494661011489995e-01 1.001202361803353e+00
2.800000000000000e-01 2.566333028751116e-01 1.001275165157043e+00
2.850000000000000e-01 2.639609087696434e-01 1.001351986554385e+00
2.900000000000000e-01 2.714534988248126e-01 1.001433035261133e+00
2.950000000000000e-01 2.791157561533084e-01 1.001518545185560e+00
3.000000000000000e-01 2.869524699153886e-01 1.001608753717961e+00
3.050000000000000e-01 2.949685383122613e-01 1.001703914942351e+00
3.100000000000000e-01 3.031689716476197e-01 1.001804294332192e+00
3.150000000000000e-01 3.115588954592450e-01 1.001910162867306e+00
3.200000000000000e-01 3.201435537226349e-01 1.002021800230934e+00
3.250000000000000e-01 3.289283121286580e-01 1.002139498291061e+00
3.300000000000000e-01 3.379186614372866e-01 1.002263564348814e+00
3.350000000000000e-01 3.471202209094989e-01 1.002394309620031e+00
3.400000000000000e-01 3.565387418195016e-01 1.002532051074817e+00
3.450000000000000e-01 3.661801110494620e-01 1.002677100789952e+00
3.500000000000000e-01 3.760503547690021e-01 1.002829798178277e+00
3.550000000000000e-01 3.861556422017504e-01 1.002990478662635e+00
3.600000000000000e-01 3.965022894813072e-01 1.003159446669449e+00
3.650000000000000e-01 4.070967635990345e-01 1.003337028613566e+00
3.700000000000000e-01 4.179456864461349e-01 1.003523533770900e+00
3.750000000000000e-01 4.290558389525505e-01 1.003719250898822e+00
3.800000000000000e-01 4.404341653252637e-01 1.003924449688274e+00
3.850000000000000e-01 4.520877773886537e-01 1.004139357906013e+00
3.900000000000000e-01 4.640239590296172e-01 1.004364181197926e+00
3.950000000000000e-01 4.762501707502353e-01 1.004599059538608e+00
4.000000000000000e-01 4.887740543308307e-01 1.004844074007296e+00
4.050000000000000e-01 5.016034376063282e-01 1.005099240662274e+00
4.100000000000000e-01 5.147463393589066e-01 1.005364463512043e+00
4.150000000000000e-01 5.282109743299990e-01 1.005639558752798e+00
4.200000000000000e-01 5.420057583547735e-01 1.005924206932837e+00
4.250000000000000e-01 5.561393136223041e-01 1.006217932221854e+00
4.300000000000000e-01 5.706204740647189e-01 1.006520112584465e+00
4.350000000000000e-01 5.854582908786964e-01 1.006829909948677e+00
4.400000000000000e-01 6.006620381827575e-01 1.007146279562211e+00
4.450000000000000e-01 6.162412188138907e-01 1.007467949351192e+00
4.500000000000000e-01 6.322055702671360e-01 1.007793357269772e+00
4.550000000000000e-01 6.485650707818353e-01 1.008120681421319e+00
4.600000000000000e-01 6.653299455783577e-01 1.008447798329277e+00
4.650000000000000e-01 6.825106732491932e-01 1.008772251312593e+00
4.700000000000000e-01 7.001179923084168e-01 1.009091300269057e+00
4.750000000000000e-01 7.181629079036070e-01 1.009401887569259e+00
4.800000000000000e-01 7.366566986944229e-01 1.009700657050259e+00
4.850000000000000e-01 7.556109239021327e-01 1.009984041985764e+00
4.900000000000000e-01 7.750374305345038e-01 1.010248277979580e+00
4.950000000000000e-01 7.949483607905672e-01 1.010489495223055e+00
5.000000000000000e-01 8.153561596498893e-01 1.010703876809554e+00
5.050000000000000e-01 8.362735826510871e-01 1.010887756420786e+00
5.100000000000000e-01 8.577137038644561e-01 1.011037797116848e+00
5.150000000000000e-01 8.796899240636907e-01 1.011151238750180e+00
5.200000000000000e-01 9.022159791018011e-01 1.011226090317435e+00
5.250000000000000e-01 9.253059484964714e-01 1.011261372092604e+00
5.300000000000000e-01 9.489742642302165e-01 1.011257409974579e+00
5.350000000000000e-01 9.732357197708378e-01 1.011216061559724e+00
5.400000000000000e-01 9.981054793178262e-01 1.011140921247202e+00
5.450000000000000e-01 1.023599087280478e+00 1.011037524342554e+00
5.500000000000000e-01 1.049732477993657e+00 1.010913453615829e+00
5.550000000000000e-01 1.076521985677273e+00 1.010778348599267e+00
5.600000000000001e-01 1.103984354645701e+00 1.010643839641821e+00
5.650000000000001e-01 1.132136749773522e+00 1.010523355779286e+00
5.700000000000001e-01 1.160996767224129e+00 1.010431811991607e+00
5.750000000000001e-01 1.190582445447902e+00 1.010385210050160e+00
5.800000000000000e-01 1.220912276456826e+00 1.010400125919803e+00
5.850000000000000e-01 1.252005217382601e+00 1.010493103100948e+00
5.900000000000000e-01 1.283880702325469e+00 1.010680042188421e+00
5.950000000000000e-01 1.316558654501151e+00 1.010975600146919e+00
6.000000000000000e-01 1.350059498693518e+00 1.011392559418199e+00
6.050000000000000e-01 1.384404174020732e+00 1.011941224619180e+00
6.100000000000000e-01 1.419614147022888e+00 1.012628954968483e+00
6.150000000000000e-01 1.455711425079295e+00 1.013459832709908e+00
6.200000000000000e-01 1.492718570163803e+00 1.014434390614548e+00
6.250000000000000e-01 1.530658712946775e+00 1.015549391408137e+00
6.300000000000000e-01 1.569555567252506e+00 1.016797731070437e+00
6.350000000000000e-01 1.609433444881138e+00 1.018168502119977e+00
6.400000000000000e-01 1.650317270804325e+00 1.019647166947585e+00
6.450000000000000e-01 1.692232598744148e+00 1.021215766425032e+00
6.500000000000000e-01 1.735205627145031e+00 1.022853138372342e+00
6.550000000000000e-01 1.779263215548615e+00 1.024535173514168e+00
6.600000000000000e-01 1.824432901381847e+00 1.026235139735640e+00
6.650000000000000e-01 1.870742917168772e+00 1.027924081872258e+00
6.700000000000000e-01 1.918222208176775e+00 1.029571293397269e+00
6.750000000000000e-01 1.966900450508319e+00 1.031144863860107e+00
6.800000000000000e-01 2.016808069649473e+00 1.032612327982394e+00
6.850000000000001e-01 2.067976259486829e+00 1.033941461568554e+00
6.900000000000001e-01 2.120437001804702e+00 1.035101277482341e+00
6.950000000000001e-01 2.174223086274785e+00 1.036063272728847e+00
7.000000000000001e-01 2.229368130950753e+00 1.036802959803229e+00
7.050000000000000e-01 2.285906603280654e+00 1.037301677885913e+00
7.100000000000000e-01 2.343873841650178e+00 1.037548613420144e+00
7.150000000000000e-01 2.403306077470301e+00 1.037542861239607e+00
7.200000000000000e-01 2.464240457823092e+00 1.037295234824602e+00
7.250000000000000e-01 2.526715068679855e+00 1.036829415547731e+00
7.300000000000000e-01 2.590768958706095e+00 1.036181966127202e+00
7.350000000000000e-01 2.656442163668210e+00 1.035400782572337e+00
7.400000000000000e-01 2.723775731457148e+00 1.034541763665656e+00
7.450000000000000e-01 2.792811747744667e+00 1.033663829126664e+00
7.500000000000000e-01 2.863593362288260e+00 1.032822841256221e+00
7.550000000000000e-01 2.936164815901156e+00 1.032065352677187e+00
7.600000000000000e-01 3.010571468104263e+00 1.031423284004299e+00
7.650000000000000e-01 3.086859825477351e+00 1.030910552451024e+00
7.700000000000000e-01 3.165077570727174e+00 1.030522334197169e+00
7.750000000000000e-01 3.245273592490716e+00 1.030237136357037e+00
7.800000000000000e-01 3.327498015892184e+00 1.030021304109664e+00
7.850000000000000e-01 3.411802233872832e+00 1.029835117357920e+00
7.900000000000000e-01 3.498238939313234e+00 1.029639334373525e+00
7.950000000000000e-01 3.586862157968046e+00 1.029400978809538e+00
8.000000000000000e-01 3.677727282233856e+00 1.029097364178097e+00
8.050000000000000e-01 3.770891105771243e+00 1.028717776545137e+00
8.100000000000001e-01 3.866411859002656e+00 1.028262795274101e+00
8.150000000000001e-01 3.964349245508326e+00 1.027741770235051e+00
8.200000000000001e-01 4.064764479342956e+00 1.027169330372884e+00
8.250000000000001e-01 4.167720323296481e+00 1.026561871071656e+00
8.300000000000001e-01 4.273281128122877e+00 1.025934763083054e+00
8.350000000000000e-01 4.381512872761445e+00 1.025300654370174e+00
8.400000000000000e-01 4.492483205575838e+00 1.024668854625181e+00
8.450000000000000e-01 4.606261486636447e+00 1.024045528337845e+00
8.500000000000000e-01 4.722918831072739e+00 1.023434326910222e+00
8.550000000000000e-01 4.842528153522501e+00 1.022837136235766e+00
8.600000000000000e-01 4.965164213705875e+00 1.022254733926113e+00
8.650000000000000e-01 5.090903663152626e+00 1.021687271746894e+00
8.700000000000000e-01 5.219825093111814e+00 1.021134583781358e+00
8.750000000000000e-01 5.352009083673925e+00 1.020596361017692e+00
8.800000000000000e-01 5.487538254136007e+00 1.020072239922493e+00
8.850000000000000e-01 5.626497314641444e+00 1.019561842841532e+00
8.900000000000000e-01 5.768973119126561e+00 1.019064794533806e+00
8.950000000000000e-01 5.915054719607133e+00 1.018580728148805e+00
9.000000000000000e-01 6.064833421838831e+00 1.018109287015057e+00
9.050000000000000e-01 6.218402842386253e+00 1.017650124936921e+00
9.100000000000000e-01 6.375858967136348e+00 1.017202906018382e+00
9.150000000000000e-01 6.537300211292723e+00 1.016767304358525e+00
9.200000000000000e-01 6.702827480888332e+00 1.016343003723231e+00
9.250000000000000e-01 6.872544235855034e+00 1.015929697221332e+00
9.300000000000000e-01 7.046556554689444e+00 1.015527086991741e+00
9.350000000000001e-01 7.224973200755413e+00 1.015134883902558e+00
9.400000000000001e-01 7.407905690264673e+00 1.014752807261893e+00
9.450000000000001e-01 7.595468361978146e+00 1.014380584539919e+00
9.500000000000001e-01 7.787778448671316e+00 1.014017951101654e+00
9.550000000000001e-01 7.984956150408610e+00 1.013664649949970e+00
9.600000000000000e-01 8.187124709672272e+00 1.013320431478383e+00
9.650000000000000e-01 8.394410488393007e+00 1.012985053233161e+00
9.700000000000000e-01 8.606943046930221e+00 1.012658279684364e+00
9.750000000000000e-01 8.824855225051540e+00 1.012339882005389e+00
9.800000000000000e-01 9.048283224961922e+00 1.012029637860669e+00
9.850000000000000e-01 9.277366696434507e+00 1.011727331201159e+00
9.900000000000000e-01 9.512248824096272e+00 1.011432752067274e+00
9.950000000000000e-01 9.753076416923058e+00 1.011145696398968e+00
1.000000000000000e+00 1.000000000000000e+01 1.010865965852628e+00
