0.000000000000000e+00 0.000000000000000e+00 1.000000000000000e+00
5.000000000000000e-03 3.369477419287315e-03 1.000000000004446e+00
1.000000000000000e-02 6.741060871647481e-03 1.000000000018166e+00
1.500000000000000e-02 1.011685770649257e-02 1.000000000015927e+00
2.000000000000000e-02 1.349897790673588e-02 1.000000000013961e+00
2.500000000000000e-02 1.688953540759990e-02 1.000000000011829e+00
3.000000000000000e-02 2.029064941789469e-02 1.000000000011595e+00
3.500000000000000e-02 2.370444574459234e-02 1.000000000011256e+00
4.000000000000000e-02 2.713305812152553e-02 1.000000000011702e+00
4.500000000000000e-02 3.057862954304063e-02 1.000000000015297e+00
5.000000000000000e-02 3.404331360343898e-02 1.000000000018030e+00
5.500000000000000e-02 3.752927584304335e-02 1.000000000020861e+00
6.000000000000000e-02 4.103869510173117e-02 1.000000000022553e+00
6.500000000000000e-02 4.457376488078044e-02 1.000000000022636e+00
7.000000000000001e-02 4.813669471387935e-02 1.000000000022621e+00
7.500000000000000e-02 5.172971154815675e-02 1.000000000023906e+00
8.000000000000000e-02 5.535506113609672e-02 1.000000000025050e+00
8.500000000000001e-02 5.901500943920686e-02 1.000000000025594e+00
9.000000000000000e-02 6.271184404431801e-02 1.000000000027641e+00
9.500000000000000e-02 6.644787559340060e-02 1.000000000029927e+00
1.000000000000000e-01 7.022543922779090e-02 1.000000000031499e+00
1.050000000000000e-01 7.404689604773053e-02 1.000000000034353e+00
1.100000000000000e-01 7.791463458813094e-02 1.000000000038302e+00
1.150000000000000e-01 8.183107231148547e-02 1.000000000041309e+00
1.200000000000000e-01 8.579865711886202e-02 1.000000000044361e+00
1.250000000000000e-01 8.981986887992111e-02 1.000000000049208e+00
1.300000000000000e-01 9.389722098291493e-02 1.000000000053371e+00
1.350000000000000e-01 9.803326190563690e-02 1.000000000058354e+00
1.400000000000000e-01 1.022305768083033e-01 1.000000000063547e+00
1.450000000000000e-01 1.064917891493625e-01 1.000000000068414e+00
1.500000000000000e-01 1.108195623252418e-01 1.000000000073073e+00
1.550000000000000e-01 1.152166013350572e-01 1.000000000077973e+00
1.600000000000000e-01 1.196856544713255e-01 1.000000000084205e+00
1.650000000000000e-01 1.242295150377370e-01 1.000000000091041e+00
1.700000000000000e-01 1.288510230950609e-01 1.000000000097575e+00
1.750000000000000e-01 1.335530672362758e-01 1.000000000105114e+00
1.800000000000000e-01 1.383385863920344e-01 1.000000000115254e+00
1.850000000000000e-01 1.432105716675912e-01 1.000000000123536e+00
1.900000000000000e-01 1.481720682123397e-01 1.000000000129809e+00
1.950000000000000e-01 1.532261771231311e-01 1.000000000137083e+00
2.000000000000000e-01 1.583760573825595e-01 1.000000000144253e+00
2.050000000000000e-01 1.636249278334301e-01 1.000000000152922e+00
2.100000000000000e-01 1.689760691906397e-01 1.000000000163674e+00
2.150000000000000e-01 1.744328260917313e-01 1.000000000176723e+00
2.200000000000000e-01 1.799986091874004e-01 1.000000000189470e+00
2.250000000000000e-01 1.856768972732633e-01 1.000000000198503e+00
2.300000000000000e-01 1.914712394642179e-01 1.000000000209400e+00
2.350000000000000e-01 1.973852574127551e-01 1.000000000221115e+00
2.400000000000000e-01 2.034226475726105e-01 1.000000000234366e+00
2.450000000000000e-01 2.095871835091678e-01 1.000000000248279e+00
2.500000000000000e-01 2.158827182580599e-01 1.000000000265091e+00
2.550000000000000e-01 2.223131867334419e-01 1.000000000281699e+00
2.600000000000000e-01 2.288826081874405e-01 1.000000000295354e+00
2.650000000000000e-01 2.355950887223172e-01 1.000000000311972e+00
2.700000000000000e-01 2.424548238569160e-01 1.000000000331462e+00
2.750000000000000e-01 2.494661011489995e-01 1.000000000349161e+00
2.800000000000000e-01 2.566333028751116e-01 1.000000000369342e+00
2.850000000000000e-01 2.639609087696434e-01 1.000000000393787e+00
2.900000000000000e-01 2.714534988248126e-01 1.000000000418352e+00
2.950000000000000e-01 2.791157561533084e-01 1.000000000443497e+00
3.000000000000000e-01 2.869524699153886e-01 1.000000000466404e+00
3.050000000000000e-01 2.949685383122613e-01 1.000000000489399e+00
3.100000000000000e-01 3.031689716476197e-01 1.000000000515238e+00
3.150000000000000e-01 3.115588954592450e-01 1.000000000546698e+00
3.200000000000000e-01 3.201435537226349e-01 1.000000000576392e+00
3.250000000000000e-01 3.289283121286580e-01 1.000000000606213e+00
3.300000000000000e-01 3.379186614372866e-01 1.000000000641585e+00
3.350000000000000e-01 3.471202209094989e-01 1.000000000681507e+00
3.400000000000000e-01 3.565387418195016e-01 1.000000000721426e+00
3.450000000000000e-01 3.661801110494620e-01 1.000000000762191e+00
3.500000000000000e-01 3.760503547690021e-01 1.000000000805464e+00
3.550000000000000e-01 3.861556422017504e-01 1.000000000844704e+00
3.600000000000000e-01 3.965022894813072e-01 1.000000000887922e+00
3.650000000000000e-01 4.070967635990345e-01 1.000000000933539e+00
3.700000000000000e-01 4.179456864461349e-01 1.000000000984227e+00
3.750000000000000e-01 4.290558389525505e-01 1.000000001042835e+00
3.800000000000000e-01 4.404341653252637e-01 1.000000001108166e+00
3.850000000000000e-01 4.520877773886537e-01 1.000000001171298e+00
3.900000000000000e-01 4.640239590296172e-01 1.000000001230586e+00
3.950000000000000e-01 4.762501707502353e-01 1.000000001299533e+00
4.000000000000000e-01 4.887740543308307e-01 1.000000001373146e+00
4.050000000000000e-01 5.016034376063282e-01 1.000000001451417e+00
4.100000000000000e-01 5.147463393589066e-01 1.000000001532140e+00
4.150000000000000e-01 5.282109743299990e-01 1.000000001622064e+00
4.200000000000000e-01 5.420057583547735e-01 1.000000001720512e+00
4.250000000000000e-01 5.561393136223041e-01 1.000000001822128e+00
4.300000000000000e-01 5.706204740647189e-01 1.000000001931457e+00
4.350000000000000e-01 5.854582908786964e-01 1.000000002043341e+00
4.400000000000000e-01 6.006620381827575e-01 1.000000002168460e+00
4.450000000000000e-01 6.162412188138907e-01 1.000000002306374e+00
4.500000000000000e-01 6.322055702671360e-01 1.000000002457924e+00
4.550000000000000e-01 6.485650707818353e-01 1.000000002625999e+00
4.600000000000000e-01 6.653299455783577e-01 1.000000002803584e+00
4.650000000000000e-01 6.825106732491932e-01 1.000000002997146e+00
4.700000000000000e-01 7.001179923084168e-01 1.000000003214385e+00
4.750000000000000e-01 7.181629079036070e-01 1.000000003461786e+00
4.800000000000000e-01 7.366566986944229e-01 1.000000003741644e+00
4.850000000000000e-01 7.556109239021327e-01 1.000000004059276e+00
4.900000000000000e-01 7.750374305345038e-01 1.000000004415543e+00
4.950000000000000e-01 7.949483607905672e-01 1.000000004833506e+00
5.000000000000000e-01 8.153561596498893e-01 1.000000005332036e+00
5.050000000000000e-01 8.362735826510871e-01 1.000000005904595e+00
5.100000000000000e-01 8.577137038644561e-01 1.000000006597316e+00
5.150000000000000e-01 8.796899240636907e-01 1.000000007441702e+00
5.200000000000000e-01 9.022159791018011e-01 1.000000008470404e+00
5.250000000000000e-01 9.253059484964714e-01 1.000000009753638e+00
5.300000000000000e-01 9.489742642302165e-01 1.000000011356342e+00
5.350000000000000e-01 9.732357197708378e-01 1.000000013409471e+00
5.400000000000000e-01 9.981054793178262e-01 1.000000016050694e+00
5.450000000000000e-01 1.023599087280478e+00 1.000000019485788e+00
5.500000000000000e-01 1.049732477993657e+00 1.000000024040373e+00
5.550000000000000e-01 1.076521985677273e+00 1.000000030087946e+00
5.600000000000001e-01 1.103984354645701e+00 1.000000038257944e+00
5.650000000000001e-01 1.132136749773522e+00 1.000000049388252e+00
5.700000000000001e-01 1.160996767224129e+00 1.000000064640269e+00
5.750000000000001e-01 1.190582445447902e+00 1.000000085836652e+00
5.800000000000000e-01 1.220912276456826e+00 1.000000115402828e+00
5.850000000000000e-01 1.252005217382601e+00 1.000000156988539e+00
5.900000000000000e-01 1.283880702325469e+00 1.000000215988108e+00
5.950000000000000e-01 1.316558654501151e+00 1.000000299942770e+00
6.000000000000000e-01 1.350059498693518e+00 1.000000420307628e+00
6.050000000000000e-01 1.384404174020732e+00 1.000000593713607e+00
6.100000000000000e-01 1.419614147022888e+00 1.000000844233090e+00
6.150000000000000e-01 1.455711425079295e+00 1.000001208080120e+00
6.200000000000000e-01 1.492718570163803e+00 1.000001737895839e+00
6.250000000000000e-01 1.530658712946775e+00 1.000002510906139e+00
6.300000000000000e-01 1.569555567252506e+00 1.000003642080087e+00
6.350000000000000e-01 1.609433444881138e+00 1.000005298840971e+00
6.400000000000000e-01 1.650317270804325e+00 1.000007726550408e+00
6.450000000000000e-01 1.692232598744148e+00 1.000011286238261e+00
6.500000000000000e-01 1.735205627145031e+00 1.000016500646166e+00
6.550000000000000e-01 1.779263215548615e+00 1.000024126448958e+00
6.600000000000000e-01 1.824432901381847e+00 1.000035256899572e+00
6.650000000000000e-01 1.870742917168772e+00 1.000051446992983e+00
6.700000000000000e-01 1.918222208176775e+00 1.000074889110019e+00
6.750000000000000e-01 1.966900450508319e+00 1.000108648737473e+00
6.800000000000000e-01 2.016808069649473e+00 1.000156928355223e+00
6.850000000000001e-01 2.067976259486829e+00 1.000225367407424e+00
6.900000000000001e-01 2.120437001804702e+00 1.000321372948449e+00
6.950000000000001e-01 2.174223086274785e+00 1.000454368647856e+00
7.000000000000001e-01 2.229368130950753e+00 1.000635826903607e+00
7.050000000000000e-01 2.285906603280654e+00 1.000878932934907e+00
7.100000000000000e-01 2.343873841650178e+00 1.001197604419755e+00
7.150000000000000e-01 2.403306077470301e+00 1.001604582795765e+00
7.200000000000000e-01 2.464240457823092e+00 1.002108433474923e+00
7.250000000000000e-01 2.526715068679855e+00 1.002709275155216e+00
7.300000000000000e-01 2.590768958706095e+00 1.003393297873453e+00
7.350000000000000e-01 2.656442163668210e+00 1.004127382760507e+00
7.400000000000000e-01 2.723775731457148e+00 1.004857013905444e+00
7.450000000000000e-01 2.792811747744667e+00 1.005511480257176e+00
7.500000000000000e-01 2.863593362288260e+00 1.006018548045394e+00
7.550000000000000e-01 2.936164815901156e+00 1.006326281344438e+00
7.600000000000000e-01 3.010571468104263e+00 1.006424600252896e+00
7.650000000000000e-01 3.086859825477351e+00 1.006357083588714e+00
7.700000000000000e-01 3.165077570727174e+00 1.006216764202672e+00
7.750000000000000e-01 3.245273592490716e+00 1.006126709207827e+00
7.800000000000000e-01 3.327498015892184e+00 1.006212607748467e+00
7.850000000000000e-01 3.411802233872832e+00 1.006576748202044e+00
7.900000000000000e-01 3.498238939313234e+00 1.007280301539560e+00
7.950000000000000e-01 3.586862157968046e+00 1.008336244311690e+00
8.000000000000000e-01 3.677727282233856e+00 1.009711475258516e+00
8.050000000000000e-01 3.770891105771243e+00 1.011334881104495e+00
8.100000000000001e-01 3.866411859002656e+00 1.013107757863499e+00
8.150000000000001e-01 3.964349245508326e+00 1.014913608289602e+00
8.200000000000001e-01 4.064764479342956e+00 1.016626286198504e+00
8.250000000000001e-01 4.167720323296481e+00 1.018118591515141e+00
8.300000000000001e-01 4.273281128122877e+00 1.019275623628281e+00
8.350000000000000e-01 4.381512872761445e+00 1.020015439679545e+00
8.400000000000000e-01 4.492483205575838e+00 1.020313109721677e+00
8.450000000000000e-01 4.606261486636447e+00 1.020217011636358e+00
8.500000000000000e-01 4.722918831072739e+00 1.019844760918635e+00
8.550000000000000e-01 4.842528153522501e+00 1.019354000895296e+00
8.600000000000000e-01 4.965164213705875e+00 1.018896561242151e+00
8.650000000000000e-01 5.090903663152626e+00 1.018574524506749e+00
8.700000000000000e-01 5.219825093111814e+00 1.018416784151875e+00
8.750000000000000e-01 5.352009083673925e+00 1.018384642517220e+00
8.800000000000000e-01 5.487538254136007e+00 1.018400864305359e+00
8.850000000000000e-01 5.626497314641444e+00 1.018386392905087e+00
8.900000000000000e-01 5.768973119126561e+00 1.018287994933618e+00
8.950000000000000e-01 5.915054719607133e+00 1.018087902704693e+00
9.000000000000000e-01 6.064833421838831e+00 1.017797218204474e+00
9.050000000000000e-01 6.218402842386253e+00 1.017441677420035e+00
9.100000000000000e-01 6.375858967136348e+00 1.017048560655917e+00
9.150000000000000e-01 6.537300211292723e+00 1.016639265685892e+00
9.200000000000000e-01 6.702827480888332e+00 1.016227479080772e+00
9.250000000000000e-01 6.872544235855034e+00 1.015820580814101e+00
9.300000000000000e-01 7.046556554689444e+00 1.015421938071710e+00
9.350000000000001e-01 7.224973200755413e+00 1.015032797604303e+00
9.400000000000001e-01 7.407905690264673e+00 1.014653449273352e+00
9.450000000000001e-01 7.595468361978146e+00 1.014283810087748e+00
9.500000000000001e-01 7.787778448671316e+00 1.013923672664966e+00
9.550000000000001e-01 7.984956150408610e+00 1.013572796553925e+00
9.600000000000000e-01 8.187124709672272e+00 1.013230937511690e+00
9.650000000000000e-01 8.394410488393007e+00 1.012897855668780e+00
9.700000000000000e-01 8.606943046930221e+00 1.012573317425159e+00
9.750000000000000e-01 8.824855225051540e+00 1.012257095710341e+00
9.800000000000000e-01 9.048283224961922e+00 1.011948969869729e+00
9.850000000000000e-01 9.277366696434507e+00 1.011648725480448e+00
9.900000000000000e-01 9.512248824096272e+00 1.011356154167755e+00
9.950000000000000e-01 9.753076416923058e+00 1.011071053510174e+00
1.000000000000000e+00 1.000000000000000e+01 1.010793227838557e+00
