0.000000000000000e+00 0.000000000000000e+00 1.000000000000000e+00
5.000000000000000e-03 3.369477419287315e-03 1.000000000006551e+00
1.000000000000000e-02 6.741060871647481e-03 1.000000000011587e+00
1.500000000000000e-02 1.011685770649257e-02 1.000000000013153e+00
2.000000000000000e-02 1.349897790673588e-02 1.000000000010880e+00
2.500000000000000e-02 1.688953540759990e-02 1.000000000008724e+00
3.000000000000000e-02 2.029064941789469e-02 1.000000000009213e+00
3.500000000000000e-02 2.370444574459234e-02 1.000000000010785e+00
4.000000000000000e-02 2.713305812152553e-02 1.000000000009885e+00
4.500000000000000e-02 3.057862954304063e-02 1.000000000008778e+00
5.000000000000000e-02 3.404331360343898e-02 1.000000000007991e+00
5.500000000000000e-02 3.752927584304335e-02 1.000000000007474e+00
6.000000000000000e-02 4.103869510173117e-02 1.000000000007051e+00
6.500000000000000e-02 4.457376488078044e-02 1.000000000007444e+00
7.000000000000001e-02 4.813669471387935e-02 1.000000000007980e+00
7.500000000000000e-02 5.172971154815675e-02 1.000000000009331e+00
8.000000000000000e-02 5.535506113609672e-02 1.000000000012075e+00
8.500000000000001e-02 5.901500943920686e-02 1.000000000013477e+00
9.000000000000000e-02 6.271184404431801e-02 1.000000000015920e+00
9.500000000000000e-02 6.644787559340060e-02 1.000000000019511e+00
1.000000000000000e-01 7.022543922779090e-02 1.000000000022900e+00
1.050000000000000e-01 7.404689604773053e-02 1.000000000025832e+00
1.100000000000000e-01 7.791463458813094e-02 1.000000000028002e+00
1.150000000000000e-01 8.183107231148547e-02 1.000000000030561e+00
1.200000000000000e-01 8.579865711886202e-02 1.000000000035950e+00
1.250000000000000e-01 8.981986887992111e-02 1.000000000040441e+00
1.300000000000000e-01 9.389722098291493e-02 1.000000000043916e+00
1.350000000000000e-01 9.803326190563690e-02 1.000000000045324e+00
1.400000000000000e-01 1.022305768083033e-01 1.000000000046870e+00
1.450000000000000e-01 1.064917891493625e-01 1.000000000049529e+00
1.500000000000000e-01 1.108195623252418e-01 1.000000000053553e+00
1.550000000000000e-01 1.152166013350572e-01 1.000000000058463e+00
1.600000000000000e-01 1.196856544713255e-01 1.000000000062427e+00
1.650000000000000e-01 1.242295150377370e-01 1.000000000067134e+00
1.700000000000000e-01 1.288510230950609e-01 1.000000000071331e+00
1.750000000000000e-01 1.335530672362758e-01 1.000000000073191e+00
1.800000000000000e-01 1.383385863920344e-01 1.000000000076405e+00
1.850000000000000e-01 1.432105716675912e-01 1.000000000081168e+00
1.900000000000000e-01 1.481720682123397e-01 1.000000000085762e+00
1.950000000000000e-01 1.532261771231311e-01 1.000000000089179e+00
2.000000000000000e-01 1.583760573825595e-01 1.000000000093341e+00
2.050000000000000e-01 1.636249278334301e-01 1.000000000097824e+00
2.100000000000000e-01 1.689760691906397e-01 1.000000000102879e+00
2.150000000000000e-01 1.744328260917313e-01 1.000000000109863e+00
2.200000000000000e-01 1.799986091874004e-01 1.000000000120173e+00
2.250000000000000e-01 1.856768972732633e-01 1.000000000131984e+00
2.300000000000000e-01 1.914712394642179e-01 1.000000000142133e+00
2.350000000000000e-01 1.973852574127551e-01 1.000000000154060e+00
2.400000000000000e-01 2.034226475726105e-01 1.000000000163288e+00
2.450000000000000e-01 2.095871835091678e-01 1.000000000171713e+00
2.500000000000000e-01 2.158827182580599e-01 1.000000000182453e+00
2.550000000000000e-01 2.223131867334419e-01 1.000000000195535e+00
2.600000000000000e-01 2.288826081874405e-01 1.000000000208295e+00
2.650000000000000e-01 2.355950887223172e-01 1.000000000217599e+00
2.700000000000000e-01 2.424548238569160e-01 1.000000000227333e+00
2.750000000000000e-01 2.494661011489995e-01 1.000000000239853e+00
2.800000000000000e-01 2.566333028751116e-01 1.000000000250193e+00
2.850000000000000e-01 2.639609087696434e-01 1.000000000263076e+00
2.900000000000000e-01 2.714534988248126e-01 1.000000000277869e+00
2.950000000000000e-01 2.791157561533084e-01 1.000000000292858e+00
3.000000000000000e-01 2.869524699153886e-01 1.000000000308573e+00
3.050000000000000e-01 2.949685383122613e-01 1.000000000327451e+00
3.100000000000000e-01 3.031689716476197e-01 1.000000000350944e+00
3.150000000000000e-01 3.115588954592450e-01 1.000000000372649e+00
3.200000000000000e-01 3.201435537226349e-01 1.000000000394121e+00
3.250000000000000e-01 3.289283121286580e-01 1.000000000416108e+00
3.300000000000000e-01 3.379186614372866e-01 1.000000000438313e+00
3.350000000000000e-01 3.471202209094989e-01 1.000000000461067e+00
3.400000000000000e-01 3.565387418195016e-01 1.000000000484475e+00
3.450000000000000e-01 3.661801110494620e-01 1.000000000505915e+00
3.500000000000000e-01 3.760503547690021e-01 1.000000000531979e+00
3.550000000000000e-01 3.861556422017504e-01 1.000000000561667e+00
3.600000000000000e-01 3.965022894813072e-01 1.000000000593749e+00
3.650000000000000e-01 4.070967635990345e-01 1.000000000626640e+00
3.700000000000000e-01 4.179456864461349e-01 1.000000000660901e+00
3.750000000000000e-01 4.290558389525505e-01 1.000000000699638e+00
3.800000000000000e-01 4.404341653252637e-01 1.000000000737708e+00
3.850000000000000e-01 4.520877773886537e-01 1.000000000775738e+00
3.900000000000000e-01 4.640239590296172e-01 1.000000000815380e+00
3.950000000000000e-01 4.762501707502353e-01 1.000000000859383e+00
4.000000000000000e-01 4.887740543308307e-01 1.000000000903537e+00
4.050000000000000e-01 5.016034376063282e-01 1.000000000951932e+00
4.100000000000000e-01 5.147463393589066e-01 1.000000001003492e+00
4.150000000000000e-01 5.282109743299990e-01 1.000000001053091e+00
4.200000000000000e-01 5.420057583547735e-01 1.000000001106073e+00
4.250000000000000e-01 5.561393136223041e-01 1.000000001167884e+00
4.300000000000000e-01 5.706204740647189e-01 1.000000001235310e+00
4.350000000000000e-01 5.854582908786964e-01 1.000000001298962e+00
4.400000000000000e-01 6.006620381827575e-01 1.000000001363034e+00
4.450000000000000e-01 6.162412188138907e-01 1.000000001431790e+00
4.500000000000000e-01 6.322055702671360e-01 1.000000001506578e+00
4.550000000000000e-01 6.485650707818353e-01 1.000000001587005e+00
4.600000000000000e-01 6.653299455783577e-01 1.000000001671874e+00
4.650000000000000e-01 6.825106732491932e-01 1.000000001761056e+00
4.700000000000000e-01 7.001179923084168e-01 1.000000001852991e+00
4.750000000000000e-01 7.181629079036070e-01 1.000000001945679e+00
4.800000000000000e-01 7.366566986944229e-01 1.000000002043893e+00
4.850000000000000e-01 7.556109239021327e-01 1.000000002149549e+00
4.900000000000000e-01 7.750374305345038e-01 1.000000002262123e+00
4.950000000000000e-01 7.949483607905672e-01 1.000000002384968e+00
5.000000000000000e-01 8.153561596498893e-01 1.000000002506845e+00
5.050000000000000e-01 8.362735826510871e-01 1.000000002633599e+00
5.100000000000000e-01 8.577137038644561e-01 1.000000002768659e+00
5.150000000000000e-01 8.796899240636907e-01 1.000000002909880e+00
5.200000000000000e-01 9.022159791018011e-01 1.000000003066875e+00
5.250000000000000e-01 9.253059484964714e-01 1.000000003221923e+00
5.300000000000000e-01 9.489742642302165e-01 1.000000003381928e+00
5.350000000000000e-01 9.732357197708378e-01 1.000000003561062e+00
5.400000000000000e-01 9.981054793178262e-01 1.000000003746424e+00
5.450000000000000e-01 1.023599087280478e+00 1.000000003937749e+00
5.500000000000000e-01 1.049732477993657e+00 1.000000004138417e+00
5.550000000000000e-01 1.076521985677273e+00 1.000000004355533e+00
5.600000000000001e-01 1.103984354645701e+00 1.000000004583230e+00
5.650000000000001e-01 1.132136749773522e+00 1.000000004820093e+00
5.700000000000001e-01 1.160996767224129e+00 1.000000005077000e+00
5.750000000000001e-01 1.190582445447902e+00 1.000000005345969e+00
5.800000000000000e-01 1.220912276456826e+00 1.000000005635326e+00
5.850000000000000e-01 1.252005217382601e+00 1.000000005948203e+00
5.900000000000000e-01 1.283880702325469e+00 1.000000006281838e+00
5.950000000000000e-01 1.316558654501151e+00 1.000000006653186e+00
6.000000000000000e-01 1.350059498693518e+00 1.000000007059356e+00
6.050000000000000e-01 1.384404174020732e+00 1.000000007514245e+00
6.100000000000000e-01 1.419614147022888e+00 1.000000008040801e+00
6.150000000000000e-01 1.455711425079295e+00 1.000000008645399e+00
6.200000000000000e-01 1.492718570163803e+00 1.000000009376336e+00
6.250000000000000e-01 1.530658712946775e+00 1.000000010280670e+00
6.300000000000000e-01 1.569555567252506e+00 1.000000011419695e+00
6.350000000000000e-01 1.609433444881138e+00 1.000000012941452e+00
6.400000000000000e-01 1.650317270804325e+00 1.000000015019694e+00
6.450000000000000e-01 1.692232598744148e+00 1.000000017956362e+00
6.500000000000000e-01 1.735205627145031e+00 1.000000022316104e+00
6.550000000000000e-01 1.779263215548615e+00 1.000000028926401e+00
6.600000000000000e-01 1.824432901381847e+00 1.000000039260576e+00
6.650000000000000e-01 1.870742917168772e+00 1.000000055943921e+00
6.700000000000000e-01 1.918222208176775e+00 1.000000083292826e+00
6.750000000000000e-01 1.966900450508319e+00 1.000000128941561e+00
6.800000000000000e-01 2.016808069649473e+00 1.000000206399076e+00
6.850000000000001e-01 2.067976259486829e+00 1.000000338935588e+00
6.900000000000001e-01 2.120437001804702e+00 1.000000567406691e+00
6.950000000000001e-01 2.174223086274785e+00 1.000000963312276e+00
7.000000000000001e-01 2.229368130950753e+00 1.000001650742828e+00
7.050000000000000e-01 2.285906603280654e+00 1.000002845373486e+00
7.100000000000000e-01 2.343873841650178e+00 1.000004916952151e+00
7.150000000000000e-01 2.403306077470301e+00 1.000008492655042e+00
7.200000000000000e-01 2.464240457823092e+00 1.000014635351288e+00
7.250000000000000e-01 2.526715068679855e+00 1.000025114472368e+00
7.300000000000000e-01 2.590768958706095e+00 1.000042790658340e+00
7.350000000000000e-01 2.656442163668210e+00 1.000072209998969e+00
7.400000000000000e-01 2.723775731457148e+00 1.000120488279323e+00
7.450000000000000e-01 2.792811747744667e+00 1.000198336621945e+00
7.500000000000000e-01 2.863593362288260e+00 1.000320893635819e+00
7.550000000000000e-01 2.936164815901156e+00 1.000508127200430e+00
7.600000000000000e-01 3.010571468104263e+00 1.000784539315849e+00
7.650000000000000e-01 3.086859825477351e+00 1.001176990261945e+00
7.700000000000000e-01 3.165077570727174e+00 1.001707953759541e+00
7.750000000000000e-01 3.245273592490716e+00 1.002381763134111e+00
7.800000000000000e-01 3.327498015892184e+00 1.003166298675790e+00
7.850000000000000e-01 3.411802233872832e+00 1.003981148144468e+00
7.900000000000000e-01 3.498238939313234e+00 1.004707681474247e+00
7.950000000000000e-01 3.586862157968046e+00 1.005227546198547e+00
8.000000000000000e-01 3.677727282233856e+00 1.005475784864448e+00
8.050000000000000e-01 3.770891105771243e+00 1.005479607302834e+00
8.100000000000001e-01 3.866411859002656e+00 1.005359495975249e+00
8.150000000000001e-01 3.964349245508326e+00 1.005292165561390e+00
8.200000000000001e-01 4.064764479342956e+00 1.005455338263595e+00
8.250000000000001e-01 4.167720323296481e+00 1.005978702534792e+00
8.300000000000001e-01 4.273281128122877e+00 1.006916714736645e+00
8.350000000000000e-01 4.381512872761445e+00 1.008246175841294e+00
8.400000000000000e-01 4.492483205575838e+00 1.009880521709374e+00
8.450000000000000e-01 4.606261486636447e+00 1.011687915610427e+00
8.500000000000000e-01 4.722918831072739e+00 1.013505111430499e+00
8.550000000000000e-01 4.842528153522501e+00 1.015150671854150e+00
8.600000000000000e-01 4.965164213705875e+00 1.016449006936170e+00
8.650000000000000e-01 5.090903663152626e+00 1.017271218480143e+00
8.700000000000000e-01 5.219825093111814e+00 1.017581117190981e+00
8.750000000000000e-01 5.352009083673925e+00 1.017459385749897e+00
8.800000000000000e-01 5.487538254136007e+00 1.017082447158708e+00
8.850000000000000e-01 5.626497314641444e+00 1.016657509999384e+00
8.900000000000000e-01 5.768973119126561e+00 1.016344287451443e+00
8.950000000000000e-01 5.915054719607133e+00 1.016204195572057e+00
9.000000000000000e-01 6.064833421838831e+00 1.016200738904099e+00
9.050000000000000e-01 6.218402842386253e+00 1.016243015020809e+00
9.100000000000000e-01 6.375858967136348e+00 1.016241188681194e+00
9.150000000000000e-01 6.537300211292723e+00 1.016143234474637e+00
9.200000000000000e-01 6.702827480888332e+00 1.015941441569901e+00
9.250000000000000e-01 6.872544235855034e+00 1.015657444241930e+00
9.300000000000000e-01 7.046556554689444e+00 1.015322208688424e+00
9.350000000000001e-01 7.224973200755413e+00 1.014962398837248e+00
9.400000000000001e-01 7.407905690264673e+00 1.014595594004140e+00
9.450000000000001e-01 7.595468361978146e+00 1.014231276320022e+00
9.500000000000001e-01 7.787778448671316e+00 1.013873713077138e+00
9.550000000000001e-01 7.984956150408610e+00 1.013524470451192e+00
9.600000000000000e-01 8.187124709672272e+00 1.013183941813092e+00
9.650000000000000e-01 8.394410488393007e+00 1.012852085964696e+00
9.700000000000000e-01 8.606943046930221e+00 1.012528724649949e+00
9.750000000000000e-01 8.824855225051540e+00 1.012213645110026e+00
9.800000000000000e-01 9.048283224961922e+00 1.011906631260072e+00
9.850000000000000e-01 9.277366696434507e+00 1.011607477658686e+00
9.900000000000000e-01 9.512248824096272e+00 1.011316050481615e+00
9.950000000000000e-01 9.753076416923058e+00 1.011032917511083e+00
1.000000000000000e+00 1.000000000000000e+01 1.010765999832331e+00
