0.000000000000000e+00 0.000000000000000e+00 1.000000000000000e+00
5.000000000000000e-03 3.369477419287315e-03 1.000000337221372e+00
1.000000000000000e-02 6.741060871647481e-03 1.000001693697436e+00
1.500000000000000e-02 1.011685770649257e-02 1.000003964724266e+00
2.000000000000000e-02 1.349897790673588e-02 1.000007145041894e+00
2.500000000000000e-02 1.688953540759990e-02 1.000011244710240e+00
3.000000000000000e-02 2.029064941789469e-02 1.000016271628805e+00
3.500000000000000e-02 2.370444574459234e-02 1.000022236809361e+00
4.000000000000000e-02 2.713305812152553e-02 1.000029147369685e+00
4.500000000000000e-02 3.057862954304063e-02 1.000037018444586e+00
5.000000000000000e-02 3.404331360343898e-02 1.000045866559037e+00
5.500000000000000e-02 3.752927584304335e-02 1.000055713279377e+00
6.000000000000000e-02 4.103869510173117e-02 1.000066567327063e+00
6.500000000000000e-02 4.457376488078044e-02 1.000078447210795e+00
7.000000000000001e-02 4.813669471387935e-02 1.000091381744438e+00
7.500000000000000e-02 5.172971154815675e-02 1.000105396424557e+00
8.000000000000000e-02 5.535506113609672e-02 1.000120507108886e+00
8.500000000000001e-02 5.901500943920686e-02 1.000136742985893e+00
9.000000000000000e-02 6.271184404431801e-02 1.000154137608599e+00
9.500000000000000e-02 6.644787559340060e-02 1.000172711498840e+00
1.000000000000000e-01 7.022543922779090e-02 1.000192502238348e+00
1.050000000000000e-01 7.404689604773053e-02 1.000213539926270e+00
1.100000000000000e-01 7.791463458813094e-02 1.000235861266783e+00
1.150000000000000e-01 8.183107231148547e-02 1.000259501686463e+00
1.200000000000000e-01 8.579865711886202e-02 1.000284497683716e+00
1.250000000000000e-01 8.981986887992111e-02 1.000310886176008e+00
1.300000000000000e-01 9.389722098291493e-02 1.000338701580598e+00
1.350000000000000e-01 9.803326190563690e-02 1.000367988236845e+00
1.400000000000000e-01 1.022305768083033e-01 1.000398782505773e+00
1.450000000000000e-01 1.064917891493625e-01 1.000431127478352e+00
1.500000000000000e-01 1.108195623252418e-01 1.000465065049652e+00
1.550000000000000e-01 1.152166013350572e-01 1.000500645763106e+00
1.600000000000000e-01 1.196856544713255e-01 1.000537904392064e+00
1.650000000000000e-01 1.242295150377370e-01 1.000576872927743e+00
1.700000000000000e-01 1.288510230950609e-01 1.000617599415289e+00
1.750000000000000e-01 1.335530672362758e-01 1.000660124028754e+00
1.800000000000000e-01 1.383385863920344e-01 1.000704493838090e+00
1.850000000000000e-01 1.432105716675912e-01 1.000750740614024e+00
1.900000000000000e-01 1.481720682123397e-01 1.000798904654567e+00
1.950000000000000e-01 1.532261771231311e-01 1.000849022025126e+00
2.000000000000000e-01 1.583760573825595e-01 1.000901116062963e+00
2.050000000000000e-01 1.636249278334301e-01 1.000955220862067e+00
2.100000000000000e-01 1.689760691906397e-01 1.001011358043018e+00
2.150000000000000e-01 1.744328260917313e-01 1.001069555932298e+00
2.200000000000000e-01 1.799986091874004e-01 1.001129833996123e+00
2.250000000000000e-01 1.856768972732633e-01 1.001192201436929e+00
2.300000000000000e-01 1.914712394642179e-01 1.001256666105464e+00
2.350000000000000e-01 1.973852574127551e-01 1.001323222863635e+00
2.400000000000000e-01 2.034226475726105e-01 1.001391873482732e+00
2.450000000000000e-01 2.095871835091678e-01 1.001462611663058e+00
2.500000000000000e-01 2.158827182580599e-01 1.001535413770867e+00
2.550000000000000e-01 2.223131867334419e-01 1.001610253207636e+00
2.600000000000000e-01 2.288826081874405e-01 1.001687089687220e+00
2.650000000000000e-01 2.355950887223172e-01 1.001765876087935e+00
2.700000000000000e-01 2.424548238569160e-01 1.001846580161484e+00
2.750000000000000e-01 2.494661011489995e-01 1.001929140493680e+00
2.800000000000000e-01 2.566333028751116e-01 1.002013465333074e+00
2.850000000000000e-01 2.639609087696434e-01 1.002099491749129e+00
2.900000000000000e-01 2.714534988248126e-01 1.002187145235031e+00
2.950000000000000e-01 2.791157561533084e-01 1.002276324051330e+00
3.000000000000000e-01 2.869524699153886e-01 1.002366935530522e+00
3.050000000000000e-01 2.949685383122613e-01 1.002458884015670e+00
3.100000000000000e-01 3.031689716476197e-01 1.002552070822126e+00
3.150000000000000e-01 3.115588954592450e-01 1.002646397239358e+00
3.200000000000000e-01 3.201435537226349e-01 1.002741770847551e+00
3.250000000000000e-01 3.289283121286580e-01 1.002838111785510e+00
3.300000000000000e-01 3.379186614372866e-01 1.002935348302553e+00
3.350000000000000e-01 3.471202209094989e-01 1.003033432143554e+00
3.400000000000000e-01 3.565387418195016e-01 1.003132341066586e+00
3.450000000000000e-01 3.661801110494620e-01 1.003232083898896e+00
3.500000000000000e-01 3.760503547690021e-01 1.003332715376394e+00
3.550000000000000e-01 3.861556422017504e-01 1.003434339325490e+00
3.600000000000000e-01 3.965022894813072e-01 1.003537122454452e+00
3.650000000000000e-01 4.070967635990345e-01 1.003641306013654e+00
3.700000000000000e-01 4.179456864461349e-01 1.003747216093740e+00
3.750000000000000e-01 4.290558389525505e-01 1.003855279419482e+00
3.800000000000000e-01 4.404341653252637e-01 1.003966035927934e+00
3.850000000000000e-01 4.520877773886537e-01 1.004080156251879e+00
3.900000000000000e-01 4.640239590296172e-01 1.004198453613951e+00
3.950000000000000e-01 4.762501707502353e-01 1.004321901120253e+00
4.000000000000000e-01 4.887740543308307e-01 1.004451649993021e+00
4.050000000000000e-01 5.016034376063282e-01 1.004589034603127e+00
4.100000000000000e-01 5.147463393589066e-01 1.004735595379994e+00
4.150000000000000e-01 5.282109743299990e-01 1.004893091649647e+00
4.200000000000000e-01 5.420057583547735e-01 1.005063496792895e+00
4.250000000000000e-01 5.561393136223041e-01 1.005249022750084e+00
4.300000000000000e-01 5.706204740647189e-01 1.005452121021917e+00
4.350000000000000e-01 5.854582908786964e-01 1.005675460245149e+00
4.400000000000000e-01 6.006620381827575e-01 1.005921946760100e+00
4.450000000000000e-01 6.162412188138907e-01 1.006194713755636e+00
4.500000000000000e-01 6.322055702671360e-01 1.006497072241046e+00
4.550000000000000e-01 6.485650707818353e-01 1.006832517468944e+00
4.600000000000000e-01 6.653299455783577e-01 1.007204710926834e+00
4.650000000000000e-01 6.825106732491932e-01 1.007617396460050e+00
4.700000000000000e-01 7.001179923084168e-01 1.008074376611134e+00
4.750000000000000e-01 7.181629079036070e-01 1.008579501701806e+00
4.800000000000000e-01 7.366566986944229e-01 1.009136562643017e+00
4.850000000000000e-01 7.556109239021327e-01 1.009749208394572e+00
4.900000000000000e-01 7.750374305345038e-01 1.010420940299954e+00
4.950000000000000e-01 7.949483607905672e-01 1.011155028984513e+00
5.000000000000000e-01 8.153561596498893e-01 1.011954369291909e+00
5.050000000000000e-01 8.362735826510871e-01 1.012821430331363e+00
5.100000000000000e-01 8.577137038644561e-01 1.013758237515879e+00
5.150000000000000e-01 8.796899240636907e-01 1.014766245843230e+00
5.200000000000000e-01 9.022159791018011e-01 1.015846196817352e+00
5.250000000000000e-01 9.253059484964714e-01 1.016998089370643e+00
5.300000000000000e-01 9.489742642302165e-01 1.018221171525097e+00
5.350000000000000e-01 9.732357197708378e-01 1.019513828958288e+00
5.400000000000000e-01 9.981054793178262e-01 1.020873448362946e+00
5.450000000000000e-01 1.023599087280478e+00 1.022296384147152e+00
5.500000000000000e-01 1.049732477993657e+00 1.023777990478324e+00
5.550000000000000e-01 1.076521985677273e+00 1.025312594464172e+00
5.600000000000001e-01 1.103984354645701e+00 1.026893397736309e+00
5.650000000000001e-01 1.132136749773522e+00 1.028512407500029e+00
5.700000000000001e-01 1.160996767224129e+00 1.030160458278482e+00
5.750000000000001e-01 1.190582445447902e+00 1.031827279096538e+00
5.800000000000000e-01 1.220912276456826e+00 1.033501535877072e+00
5.850000000000000e-01 1.252005217382601e+00 1.035170835095636e+00
5.900000000000000e-01 1.283880702325469e+00 1.036821725504679e+00
5.950000000000000e-01 1.316558654501151e+00 1.038439741341957e+00
6.000000000000000e-01 1.350059498693518e+00 1.040009501764137e+00
6.050000000000000e-01 1.384404174020732e+00 1.041514854794259e+00
6.100000000000000e-01 1.419614147022888e+00 1.042939054883189e+00
6.150000000000000e-01 1.455711425079295e+00 1.044264973748008e+00
6.200000000000000e-01 1.492718570163803e+00 1.045475355388674e+00
6.250000000000000e-01 1.530658712946775e+00 1.046553132424949e+00
6.300000000000000e-01 1.569555567252506e+00 1.047481818974209e+00
6.350000000000000e-01 1.609433444881138e+00 1.048245992561146e+00
6.400000000000000e-01 1.650317270804325e+00 1.048831872168130e+00
6.450000000000000e-01 1.692232598744148e+00 1.049227992736832e+00
6.500000000000000e-01 1.735205627145031e+00 1.049425966186047e+00
6.550000000000000e-01 1.779263215548615e+00 1.049421303978241e+00
6.600000000000000e-01 1.824432901381847e+00 1.049214256175668e+00
6.650000000000000e-01 1.870742917168772e+00 1.048810597454654e+00
6.700000000000000e-01 1.918222208176775e+00 1.048222264657517e+00
6.750000000000000e-01 1.966900450508319e+00 1.047467728200035e+00
6.800000000000000e-01 2.016808069649473e+00 1.046571968377372e+00
6.850000000000001e-01 2.067976259486829e+00 1.045565935717586e+00
6.900000000000001e-01 2.120437001804702e+00 1.044485409266841e+00
6.950000000000001e-01 2.174223086274785e+00 1.043369230991284e+00
7.000000000000001e-01 2.229368130950753e+00 1.042256984024258e+00
7.050000000000000e-01 2.285906603280654e+00 1.041186284356384e+00
7.100000000000000e-01 2.343873841650178e+00 1.040189949801458e+00
7.150000000000000e-01 2.403306077470301e+00 1.039293374285500e+00
7.200000000000000e-01 2.464240457823092e+00 1.038512451232795e+00
7.250000000000000e-01 2.526715068679855e+00 1.037852348188556e+00
7.300000000000000e-01 2.590768958706095e+00 1.037307339229883e+00
7.350000000000000e-01 2.656442163668210e+00 1.036861766635861e+00
7.400000000000000e-01 2.723775731457148e+00 1.036492050067373e+00
7.450000000000000e-01 2.792811747744667e+00 1.036169513534871e+00
7.500000000000000e-01 2.863593362288260e+00 1.035863679625517e+00
7.550000000000000e-01 2.936164815901156e+00 1.035545605684631e+00
7.600000000000000e-01 3.010571468104263e+00 1.035190822830591e+00
7.650000000000000e-01 3.086859825477351e+00 1.034781494686543e+00
7.700000000000000e-01 3.165077570727174e+00 1.034307537073854e+00
7.750000000000000e-01 3.245273592490716e+00 1.033766616121010e+00
7.800000000000000e-01 3.327498015892184e+00 1.033163137342177e+00
7.850000000000000e-01 3.411802233872832e+00 1.032506508356092e+00
7.900000000000000e-01 3.498238939313234e+00 1.031809060954188e+00
7.950000000000000e-01 3.586862157968046e+00 1.031084029215031e+00
8.000000000000000e-01 3.677727282233856e+00 1.030343901939769e+00
8.050000000000000e-01 3.770891105771243e+00 1.029599329730265e+00
8.100000000000001e-01 3.866411859002656e+00 1.028858614905457e+00
8.150000000000001e-01 3.964349245508326e+00 1.028127689417428e+00
8.200000000000001e-01 4.064764479342956e+00 1.027410418207866e+00
8.250000000000001e-01 4.167720323296481e+00 1.026709056279124e+00
8.300000000000001e-01 4.273281128122877e+00 1.026024721623251e+00
8.350000000000000e-01 4.381512872761445e+00 1.025357799238243e+00
8.400000000000000e-01 4.492483205575838e+00 1.024708242361886e+00
8.450000000000000e-01 4.606261486636447e+00 1.024075773189826e+00
8.500000000000000e-01 4.722918831072739e+00 1.023460003788634e+00
8.550000000000000e-01 4.842528153522501e+00 1.022860502312102e+00
8.600000000000000e-01 4.965164213705875e+00 1.022276826006751e+00
8.650000000000000e-01 5.090903663152626e+00 1.021708536120937e+00
8.700000000000000e-01 5.219825093111814e+00 1.021155203904492e+00
8.750000000000000e-01 5.352009083673925e+00 1.020616412632804e+00
8.800000000000000e-01 5.487538254136007e+00 1.020091758024016e+00
8.850000000000000e-01 5.626497314641444e+00 1.019580848072352e+00
8.900000000000000e-01 5.768973119126561e+00 1.019083302696423e+00
8.950000000000000e-01 5.915054719607133e+00 1.018598753342909e+00
9.000000000000000e-01 6.064833421838831e+00 1.018126842590050e+00
9.050000000000000e-01 6.218402842386253e+00 1.017667223763240e+00
9.100000000000000e-01 6.375858967136348e+00 1.017219560565420e+00
9.150000000000000e-01 6.537300211292723e+00 1.016783526722303e+00
9.200000000000000e-01 6.702827480888332e+00 1.016358805641908e+00
9.250000000000000e-01 6.872544235855034e+00 1.015945090087736e+00
9.300000000000000e-01 7.046556554689444e+00 1.015542081864953e+00
9.350000000000001e-01 7.224973200755413e+00 1.015149491518956e+00
9.400000000000001e-01 7.407905690264673e+00 1.014767038045763e+00
9.450000000000001e-01 7.595468361978146e+00 1.014394448613654e+00
9.500000000000001e-01 7.787778448671316e+00 1.014031458295561e+00
9.550000000000001e-01 7.984956150408610e+00 1.013677809811713e+00
9.600000000000000e-01 8.187124709672272e+00 1.013333253282060e+00
9.650000000000000e-01 8.394410488393007e+00 1.012997545988057e+00
9.700000000000000e-01 8.606943046930221e+00 1.012670452143365e+00
9.750000000000000e-01 8.824855225051540e+00 1.012351742673095e+00
9.800000000000000e-01 9.048283224961922e+00 1.012041195001208e+00
9.850000000000000e-01 9.277366696434507e+00 1.011738592845718e+00
9.900000000000000e-01 9.512248824096272e+00 1.011443726021357e+00
9.950000000000000e-01 9.753076416923058e+00 1.011156390249393e+00
1.000000000000000e+00 1.000000000000000e+01 1.010876386974278e+00
