0.000000000000000e+00 0.000000000000000e+00 1.000000000000000e+00
5.000000000000000e-03 3.369477419287315e-03 1.000000000000887e+00
1.000000000000000e-02 6.741060871647481e-03 1.000000000002782e+00
1.500000000000000e-02 1.011685770649257e-02 1.000000000008421e+00
2.000000000000000e-02 1.349897790673588e-02 1.000000000006994e+00
2.500000000000000e-02 1.688953540759990e-02 1.000000000006098e+00
3.000000000000000e-02 2.029064941789469e-02 1.000000000005732e+00
3.500000000000000e-02 2.370444574459234e-02 1.000000000005193e+00
4.000000000000000e-02 2.713305812152553e-02 1.000000000005463e+00
4.500000000000000e-02 3.057862954304063e-02 1.000000000006800e+00
5.000000000000000e-02 3.404331360343898e-02 1.000000000008352e+00
5.500000000000000e-02 3.752927584304335e-02 1.000000000009141e+00
6.000000000000000e-02 4.103869510173117e-02 1.000000000011209e+00
6.500000000000000e-02 4.457376488078044e-02 1.000000000014953e+00
7.000000000000001e-02 4.813669471387935e-02 1.000000000016382e+00
7.500000000000000e-02 5.172971154815675e-02 1.000000000017750e+00
8.000000000000000e-02 5.535506113609672e-02 1.000000000019388e+00
8.500000000000001e-02 5.901500943920686e-02 1.000000000019822e+00
9.000000000000000e-02 6.271184404431801e-02 1.000000000021166e+00
9.500000000000000e-02 6.644787559340060e-02 1.000000000023620e+00
1.000000000000000e-01 7.022543922779090e-02 1.000000000026486e+00
1.050000000000000e-01 7.404689604773053e-02 1.000000000028286e+00
1.100000000000000e-01 7.791463458813094e-02 1.000000000032126e+00
1.150000000000000e-01 8.183107231148547e-02 1.000000000037492e+00
1.200000000000000e-01 8.579865711886202e-02 1.000000000041485e+00
1.250000000000000e-01 8.981986887992111e-02 1.000000000047799e+00
1.300000000000000e-01 9.389722098291493e-02 1.000000000054281e+00
1.350000000000000e-01 9.803326190563690e-02 1.000000000057624e+00
1.400000000000000e-01 1.022305768083033e-01 1.000000000061113e+00
1.450000000000000e-01 1.064917891493625e-01 1.000000000063703e+00
1.500000000000000e-01 1.108195623252418e-01 1.000000000067085e+00
1.550000000000000e-01 1.152166013350572e-01 1.000000000071221e+00
1.600000000000000e-01 1.196856544713255e-01 1.000000000075223e+00
1.650000000000000e-01 1.242295150377370e-01 1.000000000080019e+00
1.700000000000000e-01 1.288510230950609e-01 1.000000000084483e+00
1.750000000000000e-01 1.335530672362758e-01 1.000000000089394e+00
1.800000000000000e-01 1.383385863920344e-01 1.000000000097249e+00
1.850000000000000e-01 1.432105716675912e-01 1.000000000105363e+00
1.900000000000000e-01 1.481720682123397e-01 1.000000000113573e+00
1.950000000000000e-01 1.532261771231311e-01 1.000000000122453e+00
2.000000000000000e-01 1.583760573825595e-01 1.000000000130670e+00
2.050000000000000e-01 1.636249278334301e-01 1.000000000138001e+00
2.100000000000000e-01 1.689760691906397e-01 1.000000000145319e+00
2.150000000000000e-01 1.744328260917313e-01 1.000000000153764e+00
2.200000000000000e-01 1.799986091874004e-01 1.000000000165477e+00
2.250000000000000e-01 1.856768972732633e-01 1.000000000179153e+00
2.300000000000000e-01 1.914712394642179e-01 1.000000000190927e+00
2.350000000000000e-01 1.973852574127551e-01 1.000000000201224e+00
2.400000000000000e-01 2.034226475726105e-01 1.000000000211153e+00
2.450000000000000e-01 2.095871835091678e-01 1.000000000224618e+00
2.500000000000000e-01 2.158827182580599e-01 1.000000000238349e+00
2.550000000000000e-01 2.223131867334419e-01 1.000000000252629e+00
2.600000000000000e-01 2.288826081874405e-01 1.000000000268924e+00
2.650000000000000e-01 2.355950887223172e-01 1.000000000284957e+00
2.700000000000000e-01 2.424548238569160e-01 1.000000000299931e+00
2.750000000000000e-01 2.494661011489995e-01 1.000000000316245e+00
2.800000000000000e-01 2.566333028751116e-01 1.000000000334590e+00
2.850000000000000e-01 2.639609087696434e-01 1.000000000353096e+00
2.900000000000000e-01 2.714534988248126e-01 1.000000000371825e+00
2.950000000000000e-01 2.791157561533084e-01 1.000000000393741e+00
3.000000000000000e-01 2.869524699153886e-01 1.000000000416972e+00
3.050000000000000e-01 2.949685383122613e-01 1.000000000439041e+00
3.100000000000000e-01 3.031689716476197e-01 1.000000000463279e+00
3.150000000000000e-01 3.115588954592450e-01 1.000000000486762e+00
3.200000000000000e-01 3.201435537226349e-01 1.000000000514139e+00
3.250000000000000e-01 3.289283121286580e-01 1.000000000548132e+00
3.300000000000000e-01 3.379186614372866e-01 1.000000000579601e+00
3.350000000000000e-01 3.471202209094989e-01 1.000000000608139e+00
3.400000000000000e-01 3.565387418195016e-01 1.000000000641597e+00
3.450000000000000e-01 3.661801110494620e-01 1.000000000675994e+00
3.500000000000000e-01 3.760503547690021e-01 1.000000000709834e+00
3.550000000000000e-01 3.861556422017504e-01 1.000000000745698e+00
3.600000000000000e-01 3.965022894813072e-01 1.000000000783644e+00
3.650000000000000e-01 4.070967635990345e-01 1.000000000828797e+00
3.700000000000000e-01 4.179456864461349e-01 1.000000000878094e+00
3.750000000000000e-01 4.290558389525505e-01 1.000000000927407e+00
3.800000000000000e-01 4.404341653252637e-01 1.000000000977707e+00
3.850000000000000e-01 4.520877773886537e-01 1.000000001027449e+00
3.900000000000000e-01 4.640239590296172e-01 1.000000001075099e+00
3.950000000000000e-01 4.762501707502353e-01 1.000000001127357e+00
4.000000000000000e-01 4.887740543308307e-01 1.000000001189920e+00
4.050000000000000e-01 5.016034376063282e-01 1.000000001256607e+00
4.100000000000000e-01 5.147463393589066e-01 1.000000001322841e+00
4.150000000000000e-01 5.282109743299990e-01 1.000000001393285e+00
4.200000000000000e-01 5.420057583547735e-01 1.000000001467437e+00
4.250000000000000e-01 5.561393136223041e-01 1.000000001544817e+00
4.300000000000000e-01 5.706204740647189e-01 1.000000001623768e+00
4.350000000000000e-01 5.854582908786964e-01 1.000000001705848e+00
4.400000000000000e-01 6.006620381827575e-01 1.000000001796064e+00
4.450000000000000e-01 6.162412188138907e-01 1.000000001891531e+00
4.500000000000000e-01 6.322055702671360e-01 1.000000001994832e+00
4.550000000000000e-01 6.485650707818353e-01 1.000000002099293e+00
4.600000000000000e-01 6.653299455783577e-01 1.000000002207818e+00
4.650000000000000e-01 6.825106732491932e-01 1.000000002322944e+00
4.700000000000000e-01 7.001179923084168e-01 1.000000002444150e+00
4.750000000000000e-01 7.181629079036070e-01 1.000000002582499e+00
4.800000000000000e-01 7.366566986944229e-01 1.000000002724084e+00
4.850000000000000e-01 7.556109239021327e-01 1.000000002872656e+00
4.900000000000000e-01 7.750374305345038e-01 1.000000003030389e+00
4.950000000000000e-01 7.949483607905672e-01 1.000000003193613e+00
5.000000000000000e-01 8.153561596498893e-01 1.000000003382120e+00
5.050000000000000e-01 8.362735826510871e-01 1.000000003584580e+00
5.100000000000000e-01 8.577137038644561e-01 1.000000003795093e+00
5.150000000000000e-01 8.796899240636907e-01 1.000000004026906e+00
5.200000000000000e-01 9.022159791018011e-01 1.000000004287220e+00
5.250000000000000e-01 9.253059484964714e-01 1.000000004575071e+00
5.300000000000000e-01 9.489742642302165e-01 1.000000004890558e+00
5.350000000000000e-01 9.732357197708378e-01 1.000000005255733e+00
5.400000000000000e-01 9.981054793178262e-01 1.000000005672123e+00
5.450000000000000e-01 1.023599087280478e+00 1.000000006152264e+00
5.500000000000000e-01 1.049732477993657e+00 1.000000006725924e+00
5.550000000000000e-01 1.076521985677273e+00 1.000000007406281e+00
5.600000000000001e-01 1.103984354645701e+00 1.000000008244425e+00
5.650000000000001e-01 1.132136749773522e+00 1.000000009287042e+00
5.700000000000001e-01 1.160996767224129e+00 1.000000010603464e+00
5.750000000000001e-01 1.190582445447902e+00 1.000000012323843e+00
5.800000000000000e-01 1.220912276456826e+00 1.000000014580581e+00
5.850000000000000e-01 1.252005217382601e+00 1.000000017625485e+00
5.900000000000000e-01 1.283880702325469e+00 1.000000021814887e+00
5.950000000000000e-01 1.316558654501151e+00 1.000000027630724e+00
6.000000000000000e-01 1.350059498693518e+00 1.000000035913604e+00
6.050000000000000e-01 1.384404174020732e+00 1.000000047827754e+00
6.100000000000000e-01 1.419614147022888e+00 1.000000065170923e+00
6.150000000000000e-01 1.455711425079295e+00 1.000000090849669e+00
6.200000000000000e-01 1.492718570163803e+00 1.000000129094219e+00
6.250000000000000e-01 1.530658712946775e+00 1.000000186645698e+00
6.300000000000000e-01 1.569555567252506e+00 1.000000274104656e+00
6.350000000000000e-01 1.609433444881138e+00 1.000000407511872e+00
6.400000000000000e-01 1.650317270804325e+00 1.000000612410304e+00
6.450000000000000e-01 1.692232598744148e+00 1.000000928721174e+00
6.500000000000000e-01 1.735205627145031e+00 1.000001417878210e+00
6.550000000000000e-01 1.779263215548615e+00 1.000002176820612e+00
6.600000000000000e-01 1.824432901381847e+00 1.000003356460405e+00
6.650000000000000e-01 1.870742917168772e+00 1.000005189059730e+00
6.700000000000000e-01 1.918222208176775e+00 1.000008035561194e+00
6.750000000000000e-01 1.966900450508319e+00 1.000012451494556e+00
6.800000000000000e-01 2.016808069649473e+00 1.000019280258475e+00
6.850000000000001e-01 2.067976259486829e+00 1.000029798827107e+00
6.900000000000001e-01 2.120437001804702e+00 1.000045920718149e+00
6.950000000000001e-01 2.174223086274785e+00 1.000070462938658e+00
7.000000000000001e-01 2.229368130950753e+00 1.000107505687981e+00
7.050000000000000e-01 2.285906603280654e+00 1.000162838299891e+00
7.100000000000000e-01 2.343873841650178e+00 1.000244451538921e+00
7.150000000000000e-01 2.403306077470301e+00 1.000363015175706e+00
7.200000000000000e-01 2.464240457823092e+00 1.000532130231283e+00
7.250000000000000e-01 2.526715068679855e+00 1.000767989966166e+00
7.300000000000000e-01 2.590768958706095e+00 1.001088149116892e+00
7.350000000000000e-01 2.656442163668210e+00 1.001509089378771e+00
7.400000000000000e-01 2.723775731457148e+00 1.002041883716492e+00
7.450000000000000e-01 2.792811747744667e+00 1.002685218428809e+00
7.500000000000000e-01 2.863593362288260e+00 1.003416500433905e+00
7.550000000000000e-01 2.936164815901156e+00 1.004184794969658e+00
7.600000000000000e-01 3.010571468104263e+00 1.004912006201649e+00
7.650000000000000e-01 3.086859825477351e+00 1.005507829134071e+00
7.700000000000000e-01 3.165077570727174e+00 1.005897678080215e+00
7.750000000000000e-01 3.245273592490716e+00 1.006053770174133e+00
7.800000000000000e-01 3.327498015892184e+00 1.006014611430277e+00
7.850000000000000e-01 3.411802233872832e+00 1.005882244824675e+00
7.900000000000000e-01 3.498238939313234e+00 1.005797631161987e+00
7.950000000000000e-01 3.586862157968046e+00 1.005904794916815e+00
8.000000000000000e-01 3.677727282233856e+00 1.006317450156790e+00
8.050000000000000e-01 3.770891105771243e+00 1.007097569309408e+00
8.100000000000001e-01 3.866411859002656e+00 1.008248536084768e+00
8.150000000000001e-01 3.964349245508326e+00 1.009720349493453e+00
8.200000000000001e-01 4.064764479342956e+00 1.011421659897105e+00
8.250000000000001e-01 4.167720323296481e+00 1.013232863037620e+00
8.300000000000001e-01 4.273281128122877e+00 1.015016703648051e+00
8.350000000000000e-01 4.381512872761445e+00 1.016627811110281e+00
8.400000000000000e-01 4.492483205575838e+00 1.017927102806477e+00
8.450000000000000e-01 4.606261486636447e+00 1.018806042384117e+00
8.500000000000000e-01 4.722918831072739e+00 1.019217450550904e+00
8.550000000000000e-01 4.842528153522501e+00 1.019198968087818e+00
8.600000000000000e-01 4.965164213705875e+00 1.018871948729326e+00
8.650000000000000e-01 5.090903663152626e+00 1.018408222672257e+00
8.700000000000000e-01 5.219825093111814e+00 1.017975045664717e+00
8.750000000000000e-01 5.352009083673925e+00 1.017682357344719e+00
8.800000000000000e-01 5.487538254136007e+00 1.017556359212910e+00
8.850000000000000e-01 5.626497314641444e+00 1.017549268101078e+00
8.900000000000000e-01 5.768973119126561e+00 1.017576017937396e+00
8.950000000000000e-01 5.915054719607133e+00 1.017556517617993e+00
9.000000000000000e-01 6.064833421838831e+00 1.017443485406688e+00
9.050000000000000e-01 6.218402842386253e+00 1.017228010837970e+00
9.100000000000000e-01 6.375858967136348e+00 1.016928278260899e+00
9.150000000000000e-01 6.537300211292723e+00 1.016572996647989e+00
9.200000000000000e-01 6.702827480888332e+00 1.016188758340079e+00
9.250000000000000e-01 6.872544235855034e+00 1.015794449196273e+00
9.300000000000000e-01 7.046556554689444e+00 1.015401102484935e+00
9.350000000000001e-01 7.224973200755413e+00 1.015014144818588e+00
9.400000000000001e-01 7.407905690264673e+00 1.014635801902151e+00
9.450000000000001e-01 7.595468361978146e+00 1.014266767403703e+00
9.500000000000001e-01 7.787778448671316e+00 1.013907107184417e+00
9.550000000000001e-01 7.984956150408610e+00 1.013556665880155e+00
9.600000000000000e-01 8.187124709672272e+00 1.013215222961509e+00
9.650000000000000e-01 8.394410488393007e+00 1.012882544637748e+00
9.700000000000000e-01 8.606943046930221e+00 1.012558398890710e+00
9.750000000000000e-01 8.824855225051540e+00 1.012242559204845e+00
9.800000000000000e-01 9.048283224961922e+00 1.011934805266998e+00
9.850000000000000e-01 9.277366696434507e+00 1.011634922970975e+00
9.900000000000000e-01 9.512248824096272e+00 1.011342704457171e+00
9.950000000000000e-01 9.753076416923058e+00 1.011057950057628e+00
1.000000000000000e+00 1.000000000000000e+01 1.010780490583655e+00
