0.000000000000000e+00 0.000000000000000e+00 1.000000000000000e+00
5.000000000000000e-03 3.369477419287315e-03 1.000000120504188e+00
1.000000000000000e-02 6.741060871647481e-03 1.000000608359565e+00
1.500000000000000e-02 1.011685770649257e-02 1.000001432762765e+00
2.000000000000000e-02 1.349897790673588e-02 1.000002586237260e+00
2.500000000000000e-02 1.688953540759990e-02 1.000004072685150e+00
3.000000000000000e-02 2.029064941789469e-02 1.000005904912234e+00
3.500000000000000e-02 2.370444574459234e-02 1.000008090154344e+00
4.000000000000000e-02 2.713305812152553e-02 1.000010632936141e+00
4.500000000000000e-02 3.057862954304063e-02 1.000013543793715e+00
5.000000000000000e-02 3.404331360343898e-02 1.000016838962313e+00
5.500000000000000e-02 3.752927584304335e-02 1.000020533214013e+00
6.000000000000000e-02 4.103869510173117e-02 1.000024638360804e+00
6.500000000000000e-02 4.457376488078044e-02 1.000029169636804e+00
7.000000000000001e-02 4.813669471387935e-02 1.000034148116326e+00
7.500000000000000e-02 5.172971154815675e-02 1.000039596807220e+00
8.000000000000000e-02 5.535506113609672e-02 1.000045541904750e+00
8.500000000000001e-02 5.901500943920686e-02 1.000052011304234e+00
9.000000000000000e-02 6.271184404431801e-02 1.000059030515972e+00
9.500000000000000e-02 6.644787559340060e-02 1.000066629432545e+00
1.000000000000000e-01 7.022543922779090e-02 1.000074840291401e+00
1.050000000000000e-01 7.404689604773053e-02 1.000083698634718e+00
1.100000000000000e-01 7.791463458813094e-02 1.000093245837367e+00
1.150000000000000e-01 8.183107231148547e-02 1.000103525715252e+00
1.200000000000000e-01 8.579865711886202e-02 1.000114587643886e+00
1.250000000000000e-01 8.981986887992111e-02 1.000126484375275e+00
1.300000000000000e-01 9.389722098291493e-02 1.000139273769596e+00
1.350000000000000e-01 9.803326190563690e-02 1.000153018374135e+00
1.400000000000000e-01 1.022305768083033e-01 1.000167786253211e+00
1.450000000000000e-01 1.064917891493625e-01 1.000183651299327e+00
1.500000000000000e-01 1.108195623252418e-01 1.000200693823349e+00
1.550000000000000e-01 1.152166013350572e-01 1.000219001090982e+00
1.600000000000000e-01 1.196856544713255e-01 1.000238667938138e+00
1.650000000000000e-01 1.242295150377370e-01 1.000259797425707e+00
1.700000000000000e-01 1.288510230950609e-01 1.000282501553465e+00
1.750000000000000e-01 1.335530672362758e-01 1.000306902033907e+00
1.800000000000000e-01 1.383385863920344e-01 1.000333131132368e+00
1.850000000000000e-01 1.432105716675912e-01 1.000361332578392e+00
1.900000000000000e-01 1.481720682123397e-01 1.000391662553910e+00
1.950000000000000e-01 1.532261771231311e-01 1.000424290763892e+00
2.000000000000000e-01 1.583760573825595e-01 1.000459401595411e+00
2.050000000000000e-01 1.636249278334301e-01 1.000497195371254e+00
2.100000000000000e-01 1.689760691906397e-01 1.000537889704444e+00
2.150000000000000e-01 1.744328260917313e-01 1.000581720960159e+00
2.200000000000000e-01 1.799986091874004e-01 1.000628945831696e+00
2.250000000000000e-01 1.856768972732633e-01 1.000679843037158e+00
2.300000000000000e-01 1.914712394642179e-01 1.000734715143537e+00
2.350000000000000e-01 1.973852574127551e-01 1.000793890524740e+00
2.400000000000000e-01 2.034226475726105e-01 1.000857725459885e+00
2.450000000000000e-01 2.095871835091678e-01 1.000926606377817e+00
2.500000000000000e-01 2.158827182580599e-01 1.001000952253233e+00
2.550000000000000e-01 2.223131867334419e-01 1.001081217159095e+00
2.600000000000000e-01 2.288826081874405e-01 1.001167892978992e+00
2.650000000000000e-01 2.355950887223172e-01 1.001261512281870e+00
2.700000000000000e-01 2.424548238569160e-01 1.001362651359954e+00
2.750000000000000e-01 2.494661011489995e-01 1.001471933428718e+00
2.800000000000000e-01 2.566333028751116e-01 1.001590031985377e+00
2.850000000000000e-01 2.639609087696434e-01 1.001717674319462e+00
2.900000000000000e-01 2.714534988248126e-01 1.001855645165593e+00
2.950000000000000e-01 2.791157561533084e-01 1.002004790484467e+00
3.000000000000000e-01 2.869524699153886e-01 1.002166021353255e+00
3.050000000000000e-01 2.949685383122613e-01 1.002340317940995e+00
3.100000000000000e-01 3.031689716476197e-01 1.002528733538030e+00
3.150000000000000e-01 3.115588954592450e-01 1.002732398601067e+00
3.200000000000000e-01 3.201435537226349e-01 1.002952524766830e+00
3.250000000000000e-01 3.289283121286580e-01 1.003190408777551e+00
3.300000000000000e-01 3.379186614372866e-01 1.003447436250489e+00
3.350000000000000e-01 3.471202209094989e-01 1.003725085211357e+00
3.400000000000000e-01 3.565387418195016e-01 1.004024929297725e+00
3.450000000000000e-01 3.661801110494620e-01 1.004348640523275e+00
3.500000000000000e-01 3.760503547690021e-01 1.004697991477018e+00
3.550000000000000e-01 3.861556422017504e-01 1.005074856813460e+00
3.600000000000000e-01 3.965022894813072e-01 1.005481213870027e+00
3.650000000000000e-01 4.070967635990345e-01 1.005919142227218e+00
3.700000000000000e-01 4.179456864461349e-01 1.006390822004878e+00
3.750000000000000e-01 4.290558389525505e-01 1.006898530665172e+00
3.800000000000000e-01 4.404341653252637e-01 1.007444638069509e+00
3.850000000000000e-01 4.520877773886537e-01 1.008031599513444e+00
3.900000000000000e-01 4.640239590296172e-01 1.008661946441085e+00
3.950000000000000e-01 4.762501707502353e-01 1.009338274519607e+00
4.000000000000000e-01 4.887740543308307e-01 1.010063228736219e+00
4.050000000000000e-01 5.016034376063282e-01 1.010839485165550e+00
4.100000000000000e-01 5.147463393589066e-01 1.011669729046522e+00
4.150000000000000e-01 5.282109743299990e-01 1.012556628806131e+00
4.200000000000000e-01 5.420057583547735e-01 1.013502805675270e+00
4.250000000000000e-01 5.561393136223041e-01 1.014510798561201e+00
4.300000000000000e-01 5.706204740647189e-01 1.015583023875218e+00
4.350000000000000e-01 5.854582908786964e-01 1.016721730065375e+00
4.400000000000000e-01 6.006620381827575e-01 1.017928946676010e+00
4.450000000000000e-01 6.162412188138907e-01 1.019206427851639e+00
4.500000000000000e-01 6.322055702671360e-01 1.020555590325670e+00
4.550000000000000e-01 6.485650707818353e-01 1.021977446087757e+00
4.600000000000000e-01 6.653299455783577e-01 1.023472530110012e+00
4.650000000000000e-01 6.825106732491932e-01 1.025040823733973e+00
4.700000000000000e-01 7.001179923084168e-01 1.026681674578223e+00
4.750000000000000e-01 7.181629079036070e-01 1.028393714120459e+00
4.800000000000000e-01 7.366566986944229e-01 1.030174774435356e+00
4.850000000000000e-01 7.556109239021327e-01 1.032021805925827e+00
4.900000000000000e-01 7.750374305345038e-01 1.033930798262377e+00
4.950000000000000e-01 7.949483607905672e-01 1.035896707131479e+00
5.000000000000000e-01 8.153561596498893e-01 1.037913389773539e+00
5.050000000000000e-01 8.362735826510871e-01 1.039973552643580e+00
5.100000000000000e-01 8.577137038644561e-01 1.042068714828152e+00
5.150000000000000e-01 8.796899240636907e-01 1.044189191070514e+00
5.200000000000000e-01 9.022159791018011e-01 1.046324098359106e+00
5.250000000000000e-01 9.253059484964714e-01 1.048461389985501e+00
5.300000000000000e-01 9.489742642302165e-01 1.050587920740152e+00
5.350000000000000e-01 9.732357197708378e-01 1.052689546451927e+00
5.400000000000000e-01 9.981054793178262e-01 1.054751260360535e+00
5.450000000000000e-01 1.023599087280478e+00 1.056757367818266e+00
5.500000000000000e-01 1.049732477993657e+00 1.058691699541776e+00
5.550000000000000e-01 1.076521985677273e+00 1.060537862086646e+00
5.600000000000001e-01 1.103984354645701e+00 1.062279522430453e+00
5.650000000000001e-01 1.132136749773522e+00 1.063900721583142e+00
5.700000000000001e-01 1.160996767224129e+00 1.065386210082917e+00
5.750000000000001e-01 1.190582445447902e+00 1.066721796194959e+00
5.800000000000000e-01 1.220912276456826e+00 1.067894695745619e+00
5.850000000000000e-01 1.252005217382601e+00 1.068893870949670e+00
5.900000000000000e-01 1.283880702325469e+00 1.069710344483072e+00
5.950000000000000e-01 1.316558654501151e+00 1.070337474572861e+00
6.000000000000000e-01 1.350059498693518e+00 1.070771177152524e+00
6.050000000000000e-01 1.384404174020732e+00 1.071010082262209e+00
6.100000000000000e-01 1.419614147022888e+00 1.071055613902270e+00
6.150000000000000e-01 1.455711425079295e+00 1.070911985454674e+00
6.200000000000000e-01 1.492718570163803e+00 1.070586106473753e+00
6.250000000000000e-01 1.530658712946775e+00 1.070087400942557e+00
6.300000000000000e-01 1.569555567252506e+00 1.069427541746955e+00
6.350000000000000e-01 1.609433444881138e+00 1.068620110829490e+00
6.400000000000000e-01 1.650317270804325e+00 1.067680198900713e+00
6.450000000000000e-01 1.692232598744148e+00 1.066623962346788e+00
6.500000000000000e-01 1.735205627145031e+00 1.065468157738373e+00
6.550000000000000e-01 1.779263215548615e+00 1.064229675833369e+00
6.600000000000000e-01 1.824432901381847e+00 1.062925096982837e+00
6.650000000000000e-01 1.870742917168772e+00 1.061570288323922e+00
6.700000000000000e-01 1.918222208176775e+00 1.060180060145594e+00
6.750000000000000e-01 1.966900450508319e+00 1.058767894558425e+00
6.800000000000000e-01 2.016808069649473e+00 1.057345754439291e+00
6.850000000000001e-01 2.067976259486829e+00 1.055923975011579e+00
6.900000000000001e-01 2.120437001804702e+00 1.054511234875084e+00
6.950000000000001e-01 2.174223086274785e+00 1.053114598330700e+00
7.000000000000001e-01 2.229368130950753e+00 1.051739616902294e+00
7.050000000000000e-01 2.285906603280654e+00 1.050390475368711e+00
7.100000000000000e-01 2.343873841650178e+00 1.049070166543559e+00
7.150000000000000e-01 2.403306077470301e+00 1.047780679454971e+00
7.200000000000000e-01 2.464240457823092e+00 1.046523187281029e+00
7.250000000000000e-01 2.526715068679855e+00 1.045298224048337e+00
7.300000000000000e-01 2.590768958706095e+00 1.044105842279084e+00
7.350000000000000e-01 2.656442163668210e+00 1.042945747041116e+00
7.400000000000000e-01 2.723775731457148e+00 1.041817404834481e+00
7.450000000000000e-01 2.792811747744667e+00 1.040720128158928e+00
7.500000000000000e-01 2.863593362288260e+00 1.039653138302180e+00
7.550000000000000e-01 2.936164815901156e+00 1.038615609850412e+00
7.600000000000000e-01 3.010571468104263e+00 1.037606700737573e+00
7.650000000000000e-01 3.086859825477351e+00 1.036625571474157e+00
7.700000000000000e-01 3.165077570727174e+00 1.035671396708310e+00
7.750000000000000e-01 3.245273592490716e+00 1.034743371641020e+00
7.800000000000000e-01 3.327498015892184e+00 1.033840715174572e+00
7.850000000000000e-01 3.411802233872832e+00 1.032962671104916e+00
7.900000000000000e-01 3.498238939313234e+00 1.032108508215544e+00
7.950000000000000e-01 3.586862157968046e+00 1.031277519799504e+00
8.000000000000000e-01 3.677727282233856e+00 1.030469022912937e+00
8.050000000000000e-01 3.770891105771243e+00 1.029682357523582e+00
8.100000000000001e-01 3.866411859002656e+00 1.028916885636221e+00
8.150000000000001e-01 3.964349245508326e+00 1.028171990432843e+00
8.200000000000001e-01 4.064764479342956e+00 1.027447075443043e+00
8.250000000000001e-01 4.167720323296481e+00 1.026741563749798e+00
8.300000000000001e-01 4.273281128122877e+00 1.026054897231280e+00
8.350000000000000e-01 4.381512872761445e+00 1.025386535837671e+00
8.400000000000000e-01 4.492483205575838e+00 1.024735956901348e+00
8.450000000000000e-01 4.606261486636447e+00 1.024102654478714e+00
8.500000000000000e-01 4.722918831072739e+00 1.023486138721976e+00
8.550000000000000e-01 4.842528153522501e+00 1.022885935279255e+00
8.600000000000000e-01 4.965164213705875e+00 1.022301584721525e+00
8.650000000000000e-01 5.090903663152626e+00 1.021732641994940e+00
8.700000000000000e-01 5.219825093111814e+00 1.021178675897233e+00
8.750000000000000e-01 5.352009083673925e+00 1.020639268576915e+00
8.800000000000000e-01 5.487538254136007e+00 1.020114015054101e+00
8.850000000000000e-01 5.626497314641444e+00 1.019602522761863e+00
8.900000000000000e-01 5.768973119126561e+00 1.019104411107047e+00
8.950000000000000e-01 5.915054719607133e+00 1.018619311049588e+00
9.000000000000000e-01 6.064833421838831e+00 1.018146864699395e+00
9.050000000000000e-01 6.218402842386253e+00 1.017686724929933e+00
9.100000000000000e-01 6.375858967136348e+00 1.017238555007679e+00
9.150000000000000e-01 6.537300211292723e+00 1.016802028236682e+00
9.200000000000000e-01 6.702827480888332e+00 1.016376827617494e+00
9.250000000000000e-01 6.872544235855034e+00 1.015962645519786e+00
9.300000000000000e-01 7.046556554689444e+00 1.015559183367991e+00
9.350000000000001e-01 7.224973200755413e+00 1.015166151339366e+00
9.400000000000001e-01 7.407905690264673e+00 1.014783268073889e+00
9.450000000000001e-01 7.595468361978146e+00 1.014410260395438e+00
9.500000000000001e-01 7.787778448671316e+00 1.014046863043737e+00
9.550000000000001e-01 7.984956150408610e+00 1.013692818416573e+00
9.600000000000000e-01 8.187124709672272e+00 1.013347876321826e+00
9.650000000000000e-01 8.394410488393007e+00 1.013011793738851e+00
9.700000000000000e-01 8.606943046930221e+00 1.012684334588824e+00
9.750000000000000e-01 8.824855225051540e+00 1.012365269513619e+00
9.800000000000000e-01 9.048283224961922e+00 1.012054375662880e+00
9.850000000000000e-01 9.277366696434507e+00 1.011751436488894e+00
9.900000000000000e-01 9.512248824096272e+00 1.011456241548948e+00
9.950000000000000e-01 9.753076416923058e+00 1.011168586314850e+00
1.000000000000000e+00 1.000000000000000e+01 1.010888271989293e+00
