0.000000000000000e+00 0.000000000000000e+00 1.000000000000000e+00
5.000000000000000e-03 3.369477419287315e-03 1.000000000013179e+00
1.000000000000000e-02 6.741060871647481e-03 1.000000000031300e+00
1.500000000000000e-02 1.011685770649257e-02 1.000000000029431e+00
2.000000000000000e-02 1.349897790673588e-02 1.000000000046932e+00
2.500000000000000e-02 1.688953540759990e-02 1.000000000095113e+00
3.000000000000000e-02 2.029064941789469e-02 1.000000000134798e+00
3.500000000000000e-02 2.370444574459234e-02 1.000000000172278e+00
4.000000000000000e-02 2.713305812152553e-02 1.000000000220180e+00
4.500000000000000e-02 3.057862954304063e-02 1.000000000280587e+00
5.000000000000000e-02 3.404331360343898e-02 1.000000000346547e+00
5.500000000000000e-02 3.752927584304335e-02 1.000000000411124e+00
6.000000000000000e-02 4.103869510173117e-02 1.000000000488190e+00
6.500000000000000e-02 4.457376488078044e-02 1.000000000568908e+00
7.000000000000001e-02 4.813669471387935e-02 1.000000000663398e+00
7.500000000000000e-02 5.172971154815675e-02 1.000000000779317e+00
8.000000000000000e-02 5.535506113609672e-02 1.000000000909560e+00
8.500000000000001e-02 5.901500943920686e-02 1.000000001045618e+00
9.000000000000000e-02 6.271184404431801e-02 1.000000001186089e+00
9.500000000000000e-02 6.644787559340060e-02 1.000000001327264e+00
1.000000000000000e-01 7.022543922779090e-02 1.000000001485240e+00
1.050000000000000e-01 7.404689604773053e-02 1.000000001663391e+00
1.100000000000000e-01 7.791463458813094e-02 1.000000001859692e+00
1.150000000000000e-01 8.183107231148547e-02 1.000000002057312e+00
1.200000000000000e-01 8.579865711886202e-02 1.000000002261622e+00
1.250000000000000e-01 8.981986887992111e-02 1.000000002481615e+00
1.300000000000000e-01 9.389722098291493e-02 1.000000002730486e+00
1.350000000000000e-01 9.803326190563690e-02 1.000000003002694e+00
1.400000000000000e-01 1.022305768083033e-01 1.000000003295893e+00
1.450000000000000e-01 1.064917891493625e-01 1.000000003627609e+00
1.500000000000000e-01 1.108195623252418e-01 1.000000003981536e+00
1.550000000000000e-01 1.152166013350572e-01 1.000000004332237e+00
1.600000000000000e-01 1.196856544713255e-01 1.000000004724806e+00
1.650000000000000e-01 1.242295150377370e-01 1.000000005154718e+00
1.700000000000000e-01 1.288510230950609e-01 1.000000005600360e+00
1.750000000000000e-01 1.335530672362758e-01 1.000000006084048e+00
1.800000000000000e-01 1.383385863920344e-01 1.000000006606579e+00
1.850000000000000e-01 1.432105716675912e-01 1.000000007178433e+00
1.900000000000000e-01 1.481720682123397e-01 1.000000007790757e+00
1.950000000000000e-01 1.532261771231311e-01 1.000000008447781e+00
2.000000000000000e-01 1.583760573825595e-01 1.000000009151833e+00
2.050000000000000e-01 1.636249278334301e-01 1.000000009944323e+00
2.100000000000000e-01 1.689760691906397e-01 1.000000010811453e+00
2.150000000000000e-01 1.744328260917313e-01 1.000000011729502e+00
2.200000000000000e-01 1.799986091874004e-01 1.000000012709038e+00
2.250000000000000e-01 1.856768972732633e-01 1.000000013779835e+00
2.300000000000000e-01 1.914712394642179e-01 1.000000014959047e+00
2.350000000000000e-01 1.973852574127551e-01 1.000000016251950e+00
2.400000000000000e-01 2.034226475726105e-01 1.000000017643547e+00
2.450000000000000e-01 2.095871835091678e-01 1.000000019158260e+00
2.500000000000000e-01 2.158827182580599e-01 1.000000020816463e+00
2.550000000000000e-01 2.223131867334419e-01 1.000000022601346e+00
2.600000000000000e-01 2.288826081874405e-01 1.000000024605168e+00
2.650000000000000e-01 2.355950887223172e-01 1.000000026851995e+00
2.700000000000000e-01 2.424548238569160e-01 1.000000029295731e+00
2.750000000000000e-01 2.494661011489995e-01 1.000000031968511e+00
2.800000000000000e-01 2.566333028751116e-01 1.000000034943116e+00
2.850000000000000e-01 2.639609087696434e-01 1.000000038207597e+00
2.900000000000000e-01 2.714534988248126e-01 1.000000041819201e+00
2.950000000000000e-01 2.791157561533084e-01 1.000000045800629e+00
3.000000000000000e-01 2.869524699153886e-01 1.000000050217304e+00
3.050000000000000e-01 2.949685383122613e-01 1.000000055197904e+00
3.100000000000000e-01 3.031689716476197e-01 1.000000060768762e+00
3.150000000000000e-01 3.115588954592450e-01 1.000000066992020e+00
3.200000000000000e-01 3.201435537226349e-01 1.000000073953322e+00
3.250000000000000e-01 3.289283121286580e-01 1.000000081730206e+00
3.300000000000000e-01 3.379186614372866e-01 1.000000090378975e+00
3.350000000000000e-01 3.471202209094989e-01 1.000000100161334e+00
3.400000000000000e-01 3.565387418195016e-01 1.000000111301075e+00
3.450000000000000e-01 3.661801110494620e-01 1.000000123893859e+00
3.500000000000000e-01 3.760503547690021e-01 1.000000138095441e+00
3.550000000000000e-01 3.861556422017504e-01 1.000000154227324e+00
3.600000000000000e-01 3.965022894813072e-01 1.000000172635003e+00
3.650000000000000e-01 4.070967635990345e-01 1.000000193622325e+00
3.700000000000000e-01 4.179456864461349e-01 1.000000217606918e+00
3.750000000000000e-01 4.290558389525505e-01 1.000000245033797e+00
3.800000000000000e-01 4.404341653252637e-01 1.000000276573681e+00
3.850000000000000e-01 4.520877773886537e-01 1.000000312869330e+00
3.900000000000000e-01 4.640239590296172e-01 1.000000354747834e+00
3.950000000000000e-01 4.762501707502353e-01 1.000000403176158e+00
4.000000000000000e-01 4.887740543308307e-01 1.000000459276192e+00
4.050000000000000e-01 5.016034376063282e-01 1.000000524493673e+00
4.100000000000000e-01 5.147463393589066e-01 1.000000600436322e+00
4.150000000000000e-01 5.282109743299990e-01 1.000000689244681e+00
4.200000000000000e-01 5.420057583547735e-01 1.000000793114031e+00
4.250000000000000e-01 5.561393136223041e-01 1.000000914998142e+00
4.300000000000000e-01 5.706204740647189e-01 1.000001058399839e+00
4.350000000000000e-01 5.854582908786964e-01 1.000001227338109e+00
4.400000000000000e-01 6.006620381827575e-01 1.000001427315053e+00
4.450000000000000e-01 6.162412188138907e-01 1.000001664329315e+00
4.500000000000000e-01 6.322055702671360e-01 1.000001945948955e+00
4.550000000000000e-01 6.485650707818353e-01 1.000002281392918e+00
4.600000000000000e-01 6.653299455783577e-01 1.000002681885954e+00
4.650000000000000e-01 6.825106732491932e-01 1.000003161549083e+00
4.700000000000000e-01 7.001179923084168e-01 1.000003736984383e+00
4.750000000000000e-01 7.181629079036070e-01 1.000004429439140e+00
4.800000000000000e-01 7.366566986944229e-01 1.000005264446431e+00
4.850000000000000e-01 7.556109239021327e-01 1.000006273542734e+00
4.900000000000000e-01 7.750374305345038e-01 1.000007496499664e+00
4.950000000000000e-01 7.949483607905672e-01 1.000008981115824e+00
5.000000000000000e-01 8.153561596498893e-01 1.000010788041774e+00
5.050000000000000e-01 8.362735826510871e-01 1.000012991760479e+00
5.100000000000000e-01 8.577137038644561e-01 1.000015684223170e+00
5.150000000000000e-01 8.796899240636907e-01 1.000018981553150e+00
5.200000000000000e-01 9.022159791018011e-01 1.000023025639222e+00
5.250000000000000e-01 9.253059484964714e-01 1.000027994678372e+00
5.300000000000000e-01 9.489742642302165e-01 1.000034110698513e+00
5.350000000000000e-01 9.732357197708378e-01 1.000041646987927e+00
5.400000000000000e-01 9.981054793178262e-01 1.000050947221083e+00
5.450000000000000e-01 1.023599087280478e+00 1.000062435595531e+00
5.500000000000000e-01 1.049732477993657e+00 1.000076636904387e+00
5.550000000000000e-01 1.076521985677273e+00 1.000094205850387e+00
5.600000000000001e-01 1.103984354645701e+00 1.000115944845967e+00
5.650000000000001e-01 1.132136749773522e+00 1.000142843312221e+00
5.700000000000001e-01 1.160996767224129e+00 1.000176119365681e+00
5.750000000000001e-01 1.190582445447902e+00 1.000217249937863e+00
5.800000000000000e-01 1.220912276456826e+00 1.000268031792951e+00
5.850000000000000e-01 1.252005217382601e+00 1.000330633006805e+00
5.900000000000000e-01 1.283880702325469e+00 1.000407628097248e+00
5.950000000000000e-01 1.316558654501151e+00 1.000502065457085e+00
6.000000000000000e-01 1.350059498693518e+00 1.000617501950431e+00
6.050000000000000e-01 1.384404174020732e+00 1.000757994963980e+00
6.100000000000000e-01 1.419614147022888e+00 1.000928107421630e+00
6.150000000000000e-01 1.455711425079295e+00 1.001132832428711e+00
6.200000000000000e-01 1.492718570163803e+00 1.001377402892340e+00
6.250000000000000e-01 1.530658712946775e+00 1.001667055869117e+00
6.300000000000000e-01 1.569555567252506e+00 1.002006645899472e+00
6.350000000000000e-01 1.609433444881138e+00 1.002400026534930e+00
6.400000000000000e-01 1.650317270804325e+00 1.002849308604918e+00
6.450000000000000e-01 1.692232598744148e+00 1.003353966117619e+00
6.500000000000000e-01 1.735205627145031e+00 1.003909713208655e+00
6.550000000000000e-01 1.779263215548615e+00 1.004507363494374e+00
6.600000000000000e-01 1.824432901381847e+00 1.005131923657445e+00
6.650000000000000e-01 1.870742917168772e+00 1.005762059633482e+00
6.700000000000000e-01 1.918222208176775e+00 1.006370330551430e+00
6.750000000000000e-01 1.966900450508319e+00 1.006924800746966e+00
6.800000000000000e-01 2.016808069649473e+00 1.007392345988544e+00
6.850000000000001e-01 2.067976259486829e+00 1.007743546081473e+00
6.900000000000001e-01 2.120437001804702e+00 1.007958687090587e+00
6.950000000000001e-01 2.174223086274785e+00 1.008033794388792e+00
7.000000000000001e-01 2.229368130950753e+00 1.007985040890228e+00
7.050000000000000e-01 2.285906603280654e+00 1.007849982172703e+00
7.100000000000000e-01 2.343873841650178e+00 1.007684883172013e+00
7.150000000000000e-01 2.403306077470301e+00 1.007558423514855e+00
7.200000000000000e-01 2.464240457823092e+00 1.007542971974559e+00
7.250000000000000e-01 2.526715068679855e+00 1.007705220769607e+00
7.300000000000000e-01 2.590768958706095e+00 1.008098017768363e+00
7.350000000000000e-01 2.656442163668210e+00 1.008754678141143e+00
7.400000000000000e-01 2.723775731457148e+00 1.009686223551694e+00
7.450000000000000e-01 2.792811747744667e+00 1.010881288280878e+00
7.500000000000000e-01 2.863593362288260e+00 1.012308028512887e+00
7.550000000000000e-01 2.936164815901156e+00 1.013917257829583e+00
7.600000000000000e-01 3.010571468104263e+00 1.015646130064907e+00
7.650000000000000e-01 3.086859825477351e+00 1.017421914702168e+00
7.700000000000000e-01 3.165077570727174e+00 1.019165681987521e+00
7.750000000000000e-01 3.245273592490716e+00 1.020796003028321e+00
7.800000000000000e-01 3.327498015892184e+00 1.022233105998535e+00
7.850000000000000e-01 3.411802233872832e+00 1.023404254841957e+00
7.900000000000000e-01 3.498238939313234e+00 1.024251122831055e+00
7.950000000000000e-01 3.586862157968046e+00 1.024739169092535e+00
8.000000000000000e-01 3.677727282233856e+00 1.024867357921340e+00
8.050000000000000e-01 3.770891105771243e+00 1.024674665614070e+00
8.100000000000001e-01 3.866411859002656e+00 1.024239095808090e+00
8.150000000000001e-01 3.964349245508326e+00 1.023666554880501e+00
8.200000000000001e-01 4.064764479342956e+00 1.023070726368810e+00
8.250000000000001e-01 4.167720323296481e+00 1.022549215578160e+00
8.300000000000001e-01 4.273281128122877e+00 1.022163422026610e+00
8.350000000000000e-01 4.381512872761445e+00 1.021928620710469e+00
8.400000000000000e-01 4.492483205575838e+00 1.021817089222891e+00
8.450000000000000e-01 4.606261486636447e+00 1.021772476070230e+00
8.500000000000000e-01 4.722918831072739e+00 1.021729858037226e+00
8.550000000000000e-01 4.842528153522501e+00 1.021634487725446e+00
8.600000000000000e-01 4.965164213705875e+00 1.021453564002202e+00
8.650000000000000e-01 5.090903663152626e+00 1.021178764656696e+00
8.700000000000000e-01 5.219825093111814e+00 1.020821086617644e+00
8.750000000000000e-01 5.352009083673925e+00 1.020401954723467e+00
8.800000000000000e-01 5.487538254136007e+00 1.019944728407768e+00
8.850000000000000e-01 5.626497314641444e+00 1.019469143976110e+00
8.900000000000000e-01 5.768973119126561e+00 1.018989165210184e+00
8.950000000000000e-01 5.915054719607133e+00 1.018513298719123e+00
9.000000000000000e-01 6.064833421838831e+00 1.018046031703655e+00
9.050000000000000e-01 6.218402842386253e+00 1.017589372126242e+00
9.100000000000000e-01 6.375858967136348e+00 1.017144008822611e+00
9.150000000000000e-01 6.537300211292723e+00 1.016710017215398e+00
9.200000000000000e-01 6.702827480888332e+00 1.016287223210066e+00
9.250000000000000e-01 6.872544235855034e+00 1.015875365921571e+00
9.300000000000000e-01 7.046556554689444e+00 1.015474161538334e+00
9.350000000000001e-01 7.224973200755413e+00 1.015083325414905e+00
9.400000000000001e-01 7.407905690264673e+00 1.014702578749158e+00
9.450000000000001e-01 7.595468361978146e+00 1.014331650244692e+00
9.500000000000001e-01 7.787778448671316e+00 1.013970276329509e+00
9.550000000000001e-01 7.984956150408610e+00 1.013618201009281e+00
9.600000000000000e-01 8.187124709672272e+00 1.013275175643471e+00
9.650000000000000e-01 8.394410488393007e+00 1.012940958712675e+00
9.700000000000000e-01 8.606943046930221e+00 1.012615315591474e+00
9.750000000000000e-01 8.824855225051540e+00 1.012298018329169e+00
9.800000000000000e-01 9.048283224961922e+00 1.011988845438542e+00
9.850000000000000e-01 9.277366696434507e+00 1.011687581692341e+00
9.900000000000000e-01 9.512248824096272e+00 1.011394017927180e+00
9.950000000000000e-01 9.753076416923058e+00 1.011107950854531e+00
1.000000000000000e+00 1.000000000000000e+01 1.010829182878537e+00
