0.000000000000000e+00 0.000000000000000e+00 1.000000000000000e+00
5.000000000000000e-03 3.369477419287315e-03 1.000000000007117e+00
1.000000000000000e-02 6.741060871647481e-03 1.000000000013155e+00
1.500000000000000e-02 1.011685770649257e-02 1.000000000014662e+00
2.000000000000000e-02 1.349897790673588e-02 1.000000000012587e+00
2.500000000000000e-02 1.688953540759990e-02 1.000000000010081e+00
3.000000000000000e-02 2.029064941789469e-02 1.000000000010563e+00
3.500000000000000e-02 2.370444574459234e-02 1.000000000009987e+00
4.000000000000000e-02 2.713305812152553e-02 1.000000000009713e+00
4.500000000000000e-02 3.057862954304063e-02 1.000000000010731e+00
5.000000000000000e-02 3.404331360343898e-02 1.000000000011914e+00
5.500000000000000e-02 3.752927584304335e-02 1.000000000014902e+00
6.000000000000000e-02 4.103869510173117e-02 1.000000000018793e+00
6.500000000000000e-02 4.457376488078044e-02 1.000000000023457e+00
7.000000000000001e-02 4.813669471387935e-02 1.000000000030127e+00
7.500000000000000e-02 5.172971154815675e-02 1.000000000035487e+00
8.000000000000000e-02 5.535506113609672e-02 1.000000000041376e+00
8.500000000000001e-02 5.901500943920686e-02 1.000000000048461e+00
9.000000000000000e-02 6.271184404431801e-02 1.000000000057027e+00
9.500000000000000e-02 6.644787559340060e-02 1.000000000063881e+00
1.000000000000000e-01 7.022543922779090e-02 1.000000000070080e+00
1.050000000000000e-01 7.404689604773053e-02 1.000000000074191e+00
1.100000000000000e-01 7.791463458813094e-02 1.000000000079947e+00
1.150000000000000e-01 8.183107231148547e-02 1.000000000088620e+00
1.200000000000000e-01 8.579865711886202e-02 1.000000000096982e+00
1.250000000000000e-01 8.981986887992111e-02 1.000000000105986e+00
1.300000000000000e-01 9.389722098291493e-02 1.000000000116714e+00
1.350000000000000e-01 9.803326190563690e-02 1.000000000125374e+00
1.400000000000000e-01 1.022305768083033e-01 1.000000000133041e+00
1.450000000000000e-01 1.064917891493625e-01 1.000000000141263e+00
1.500000000000000e-01 1.108195623252418e-01 1.000000000150999e+00
1.550000000000000e-01 1.152166013350572e-01 1.000000000158993e+00
1.600000000000000e-01 1.196856544713255e-01 1.000000000169877e+00
1.650000000000000e-01 1.242295150377370e-01 1.000000000183793e+00
1.700000000000000e-01 1.288510230950609e-01 1.000000000200500e+00
1.750000000000000e-01 1.335530672362758e-01 1.000000000221788e+00
1.800000000000000e-01 1.383385863920344e-01 1.000000000241225e+00
1.850000000000000e-01 1.432105716675912e-01 1.000000000262535e+00
1.900000000000000e-01 1.481720682123397e-01 1.000000000286875e+00
1.950000000000000e-01 1.532261771231311e-01 1.000000000312316e+00
2.000000000000000e-01 1.583760573825595e-01 1.000000000335896e+00
2.050000000000000e-01 1.636249278334301e-01 1.000000000360063e+00
2.100000000000000e-01 1.689760691906397e-01 1.000000000386930e+00
2.150000000000000e-01 1.744328260917313e-01 1.000000000416134e+00
2.200000000000000e-01 1.799986091874004e-01 1.000000000445078e+00
2.250000000000000e-01 1.856768972732633e-01 1.000000000473167e+00
2.300000000000000e-01 1.914712394642179e-01 1.000000000500782e+00
2.350000000000000e-01 1.973852574127551e-01 1.000000000538175e+00
2.400000000000000e-01 2.034226475726105e-01 1.000000000581022e+00
2.450000000000000e-01 2.095871835091678e-01 1.000000000626181e+00
2.500000000000000e-01 2.158827182580599e-01 1.000000000674895e+00
2.550000000000000e-01 2.223131867334419e-01 1.000000000727002e+00
2.600000000000000e-01 2.288826081874405e-01 1.000000000787857e+00
2.650000000000000e-01 2.355950887223172e-01 1.000000000850471e+00
2.700000000000000e-01 2.424548238569160e-01 1.000000000916721e+00
2.750000000000000e-01 2.494661011489995e-01 1.000000000989978e+00
2.800000000000000e-01 2.566333028751116e-01 1.000000001063345e+00
2.850000000000000e-01 2.639609087696434e-01 1.000000001135266e+00
2.900000000000000e-01 2.714534988248126e-01 1.000000001224183e+00
2.950000000000000e-01 2.791157561533084e-01 1.000000001324637e+00
3.000000000000000e-01 2.869524699153886e-01 1.000000001435650e+00
3.050000000000000e-01 2.949685383122613e-01 1.000000001556520e+00
3.100000000000000e-01 3.031689716476197e-01 1.000000001690836e+00
3.150000000000000e-01 3.115588954592450e-01 1.000000001844073e+00
3.200000000000000e-01 3.201435537226349e-01 1.000000002007468e+00
3.250000000000000e-01 3.289283121286580e-01 1.000000002183768e+00
3.300000000000000e-01 3.379186614372866e-01 1.000000002378758e+00
3.350000000000000e-01 3.471202209094989e-01 1.000000002602958e+00
3.400000000000000e-01 3.565387418195016e-01 1.000000002848370e+00
3.450000000000000e-01 3.661801110494620e-01 1.000000003131913e+00
3.500000000000000e-01 3.760503547690021e-01 1.000000003450586e+00
3.550000000000000e-01 3.861556422017504e-01 1.000000003793856e+00
3.600000000000000e-01 3.965022894813072e-01 1.000000004179151e+00
3.650000000000000e-01 4.070967635990345e-01 1.000000004634626e+00
3.700000000000000e-01 4.179456864461349e-01 1.000000005164018e+00
3.750000000000000e-01 4.290558389525505e-01 1.000000005747961e+00
3.800000000000000e-01 4.404341653252637e-01 1.000000006413085e+00
3.850000000000000e-01 4.520877773886537e-01 1.000000007177370e+00
3.900000000000000e-01 4.640239590296172e-01 1.000000008071845e+00
3.950000000000000e-01 4.762501707502353e-01 1.000000009108610e+00
4.000000000000000e-01 4.887740543308307e-01 1.000000010311642e+00
4.050000000000000e-01 5.016034376063282e-01 1.000000011720349e+00
4.100000000000000e-01 5.147463393589066e-01 1.000000013359573e+00
4.150000000000000e-01 5.282109743299990e-01 1.000000015285809e+00
4.200000000000000e-01 5.420057583547735e-01 1.000000017555580e+00
4.250000000000000e-01 5.561393136223041e-01 1.000000020256606e+00
4.300000000000000e-01 5.706204740647189e-01 1.000000023471998e+00
4.350000000000000e-01 5.854582908786964e-01 1.000000027329322e+00
4.400000000000000e-01 6.006620381827575e-01 1.000000031948460e+00
4.450000000000000e-01 6.162412188138907e-01 1.000000037500481e+00
4.500000000000000e-01 6.322055702671360e-01 1.000000044238062e+00
4.550000000000000e-01 6.485650707818353e-01 1.000000052405022e+00
4.600000000000000e-01 6.653299455783577e-01 1.000000062390523e+00
4.650000000000000e-01 6.825106732491932e-01 1.000000074589076e+00
4.700000000000000e-01 7.001179923084168e-01 1.000000089606000e+00
4.750000000000000e-01 7.181629079036070e-01 1.000000108205443e+00
4.800000000000000e-01 7.366566986944229e-01 1.000000131197775e+00
4.850000000000000e-01 7.556109239021327e-01 1.000000159845091e+00
4.900000000000000e-01 7.750374305345038e-01 1.000000195628018e+00
4.950000000000000e-01 7.949483607905672e-01 1.000000240542153e+00
5.000000000000000e-01 8.153561596498893e-01 1.000000297135728e+00
5.050000000000000e-01 8.362735826510871e-01 1.000000368586881e+00
5.100000000000000e-01 8.577137038644561e-01 1.000000459347179e+00
5.150000000000000e-01 8.796899240636907e-01 1.000000574846108e+00
5.200000000000000e-01 9.022159791018011e-01 1.000000722430299e+00
5.250000000000000e-01 9.253059484964714e-01 1.000000911776089e+00
5.300000000000000e-01 9.489742642302165e-01 1.000001155179823e+00
5.350000000000000e-01 9.732357197708378e-01 1.000001469498663e+00
5.400000000000000e-01 9.981054793178262e-01 1.000001876360864e+00
5.450000000000000e-01 1.023599087280478e+00 1.000002404475194e+00
5.500000000000000e-01 1.049732477993657e+00 1.000003092436829e+00
5.550000000000000e-01 1.076521985677273e+00 1.000003990203793e+00
5.600000000000001e-01 1.103984354645701e+00 1.000005165171298e+00
5.650000000000001e-01 1.132136749773522e+00 1.000006706620421e+00
5.700000000000001e-01 1.160996767224129e+00 1.000008731889384e+00
5.750000000000001e-01 1.190582445447902e+00 1.000011399017721e+00
5.800000000000000e-01 1.220912276456826e+00 1.000014916230485e+00
5.850000000000000e-01 1.252005217382601e+00 1.000019559181832e+00
5.900000000000000e-01 1.283880702325469e+00 1.000025696189139e+00
5.950000000000000e-01 1.316558654501151e+00 1.000033810740272e+00
6.000000000000000e-01 1.350059498693518e+00 1.000044541045279e+00
6.050000000000000e-01 1.384404174020732e+00 1.000058729855454e+00
6.100000000000000e-01 1.419614147022888e+00 1.000077473686735e+00
6.150000000000000e-01 1.455711425079295e+00 1.000102201010963e+00
6.200000000000000e-01 1.492718570163803e+00 1.000134763273966e+00
6.250000000000000e-01 1.530658712946775e+00 1.000177522791723e+00
6.300000000000000e-01 1.569555567252506e+00 1.000233476178161e+00
6.350000000000000e-01 1.609433444881138e+00 1.000306383146291e+00
6.400000000000000e-01 1.650317270804325e+00 1.000400860529948e+00
6.450000000000000e-01 1.692232598744148e+00 1.000522479072181e+00
6.500000000000000e-01 1.735205627145031e+00 1.000677810864227e+00
6.550000000000000e-01 1.779263215548615e+00 1.000874323189214e+00
6.600000000000000e-01 1.824432901381847e+00 1.001120126615979e+00
6.650000000000000e-01 1.870742917168772e+00 1.001423512340731e+00
6.700000000000000e-01 1.918222208176775e+00 1.001792090982944e+00
6.750000000000000e-01 1.966900450508319e+00 1.002231504682470e+00
6.800000000000000e-01 2.016808069649473e+00 1.002743778317313e+00
6.850000000000001e-01 2.067976259486829e+00 1.003325262390340e+00
6.900000000000001e-01 2.120437001804702e+00 1.003964293662866e+00
6.950000000000001e-01 2.174223086274785e+00 1.004639137840566e+00
7.000000000000001e-01 2.229368130950753e+00 1.005317044867916e+00
7.050000000000000e-01 2.285906603280654e+00 1.005955444912728e+00
7.100000000000000e-01 2.343873841650178e+00 1.006506451035117e+00
7.150000000000000e-01 2.403306077470301e+00 1.006925197837343e+00
7.200000000000000e-01 2.464240457823092e+00 1.007180869938652e+00
7.250000000000000e-01 2.526715068679855e+00 1.007267511135622e+00
7.300000000000000e-01 2.590768958706095e+00 1.007210983441958e+00
7.350000000000000e-01 2.656442163668210e+00 1.007069186152107e+00
7.400000000000000e-01 2.723775731457148e+00 1.006924667483115e+00
7.450000000000000e-01 2.792811747744667e+00 1.006871337769158e+00
7.500000000000000e-01 2.863593362288260e+00 1.006998901761429e+00
7.550000000000000e-01 2.936164815901156e+00 1.007378940210414e+00
7.600000000000000e-01 3.010571468104263e+00 1.008055389899338e+00
7.650000000000000e-01 3.086859825477351e+00 1.009040364029550e+00
7.700000000000000e-01 3.165077570727174e+00 1.010314700930751e+00
7.750000000000000e-01 3.245273592490716e+00 1.011831794604759e+00
7.800000000000000e-01 3.327498015892184e+00 1.013523151970091e+00
7.850000000000000e-01 3.411802233872832e+00 1.015304442466129e+00
7.900000000000000e-01 3.498238939313234e+00 1.017081276768438e+00
7.950000000000000e-01 3.586862157968046e+00 1.018754575238839e+00
8.000000000000000e-01 3.677727282233856e+00 1.020226292650517e+00
8.050000000000000e-01 3.770891105771243e+00 1.021407147308513e+00
8.100000000000001e-01 3.866411859002656e+00 1.022227892867320e+00
8.150000000000001e-01 3.964349245508326e+00 1.022653645441744e+00
8.200000000000001e-01 4.064764479342956e+00 1.022697226922495e+00
8.250000000000001e-01 4.167720323296481e+00 1.022424671464397e+00
8.300000000000001e-01 4.273281128122877e+00 1.021946800238292e+00
8.350000000000000e-01 4.381512872761445e+00 1.021395955804165e+00
8.400000000000000e-01 4.492483205575838e+00 1.020894126968932e+00
8.450000000000000e-01 4.606261486636447e+00 1.020523534264835e+00
8.500000000000000e-01 4.722918831072739e+00 1.020310369484525e+00
8.550000000000000e-01 4.842528153522501e+00 1.020227015280136e+00
8.600000000000000e-01 4.965164213705875e+00 1.020210497317838e+00
8.650000000000000e-01 5.090903663152626e+00 1.020188725514706e+00
8.700000000000000e-01 5.219825093111814e+00 1.020104000727409e+00
8.750000000000000e-01 5.352009083673925e+00 1.019926002883648e+00
8.800000000000000e-01 5.487538254136007e+00 1.019652271763876e+00
8.850000000000000e-01 5.626497314641444e+00 1.019299738166274e+00
8.900000000000000e-01 5.768973119126561e+00 1.018893396192791e+00
8.950000000000000e-01 5.915054719607133e+00 1.018457201597700e+00
9.000000000000000e-01 6.064833421838831e+00 1.018009357986035e+00
9.050000000000000e-01 6.218402842386253e+00 1.017561483319694e+00
9.100000000000000e-01 6.375858967136348e+00 1.017119930914393e+00
9.150000000000000e-01 6.537300211292723e+00 1.016687665217349e+00
9.200000000000000e-01 6.702827480888332e+00 1.016265806455315e+00
9.250000000000000e-01 6.872544235855034e+00 1.015854607853893e+00
9.300000000000000e-01 7.046556554689444e+00 1.015453967855505e+00
9.350000000000001e-01 7.224973200755413e+00 1.015063659860347e+00
9.400000000000001e-01 7.407905690264673e+00 1.014683421880645e+00
9.450000000000001e-01 7.595468361978146e+00 1.014312987225457e+00
9.500000000000001e-01 7.787778448671316e+00 1.013952093685603e+00
9.550000000000001e-01 7.984956150408610e+00 1.013600485849192e+00
9.600000000000000e-01 8.187124709672272e+00 1.013257915481706e+00
9.650000000000000e-01 8.394410488393007e+00 1.012924141426356e+00
9.700000000000000e-01 8.606943046930221e+00 1.012598929403504e+00
9.750000000000000e-01 8.824855225051540e+00 1.012282051796473e+00
9.800000000000000e-01 9.048283224961922e+00 1.011973287441440e+00
9.850000000000000e-01 9.277366696434507e+00 1.011672421424421e+00
9.900000000000000e-01 9.512248824096272e+00 1.011379244885567e+00
9.950000000000000e-01 9.753076416923058e+00 1.011093554830743e+00
1.000000000000000e+00 1.000000000000000e+01 1.010815153952182e+00
