0.000000000000000e+00 0.000000000000000e+00 1.000000000000000e+00
5.000000000000000e-03 3.369477419287315e-03 1.000002929509559e+00
1.000000000000000e-02 6.741060871647481e-03 1.000014671739776e+00
1.500000000000000e-02 1.011685770649257e-02 1.000034310268478e+00
2.000000000000000e-02 1.349897790673588e-02 1.000061855665300e+00
2.500000000000000e-02 1.688953540759990e-02 1.000097340625928e+00
3.000000000000000e-02 2.029064941789469e-02 1.000140896353391e+00
3.500000000000000e-02 2.370444574459234e-02 1.000192632202160e+00
4.000000000000000e-02 2.713305812152553e-02 1.000252619600842e+00
4.500000000000000e-02 3.057862954304063e-02 1.000321011968542e+00
5.000000000000000e-02 3.404331360343898e-02 1.000397982231603e+00
5.500000000000000e-02 3.752927584304335e-02 1.000483682910482e+00
6.000000000000000e-02 4.103869510173117e-02 1.000578316420559e+00
6.500000000000000e-02 4.457376488078044e-02 1.000682101810839e+00
7.000000000000001e-02 4.813669471387935e-02 1.000795263101949e+00
7.500000000000000e-02 5.172971154815675e-02 1.000918060744931e+00
8.000000000000000e-02 5.535506113609672e-02 1.001050763673399e+00
8.500000000000001e-02 5.901500943920686e-02 1.001193666285495e+00
9.000000000000000e-02 6.271184404431801e-02 1.001347093186161e+00
9.500000000000000e-02 6.644787559340060e-02 1.001511370956146e+00
1.000000000000000e-01 7.022543922779090e-02 1.001686865024675e+00
1.050000000000000e-01 7.404689604773053e-02 1.001873967585649e+00
1.100000000000000e-01 7.791463458813094e-02 1.002073069823158e+00
1.150000000000000e-01 8.183107231148547e-02 1.002284606883988e+00
1.200000000000000e-01 8.579865711886202e-02 1.002509037200472e+00
1.250000000000000e-01 8.981986887992111e-02 1.002746824095097e+00
1.300000000000000e-01 9.389722098291493e-02 1.002998480728673e+00
1.350000000000000e-01 9.803326190563690e-02 1.003264537909386e+00
1.400000000000000e-01 1.022305768083033e-01 1.003545533726066e+00
1.450000000000000e-01 1.064917891493625e-01 1.003842057847085e+00
1.500000000000000e-01 1.108195623252418e-01 1.004154713590053e+00
1.550000000000000e-01 1.152166013350572e-01 1.004484116673189e+00
1.600000000000000e-01 1.196856544713255e-01 1.004830938937128e+00
1.650000000000000e-01 1.242295150377370e-01 1.005195863726478e+00
1.700000000000000e-01 1.288510230950609e-01 1.005579585647161e+00
1.750000000000000e-01 1.335530672362758e-01 1.005982854751843e+00
1.800000000000000e-01 1.383385863920344e-01 1.006406431092356e+00
1.850000000000000e-01 1.432105716675912e-01 1.006851085091410e+00
1.900000000000000e-01 1.481720682123397e-01 1.007317646292250e+00
1.950000000000000e-01 1.532261771231311e-01 1.007806956115666e+00
2.000000000000000e-01 1.583760573825595e-01 1.008319855769969e+00
2.050000000000000e-01 1.636249278334301e-01 1.008857240845965e+00
2.100000000000000e-01 1.689760691906397e-01 1.009420023932731e+00
2.150000000000000e-01 1.744328260917313e-01 1.010009108019888e+00
2.200000000000000e-01 1.799986091874004e-01 1.010625444547352e+00
2.250000000000000e-01 1.856768972732633e-01 1.011270010306137e+00
2.300000000000000e-01 1.914712394642179e-01 1.011943754154959e+00
2.350000000000000e-01 1.973852574127551e-01 1.012647649344510e+00
2.400000000000000e-01 2.034226475726105e-01 1.013382709238755e+00
2.450000000000000e-01 2.095871835091678e-01 1.014149917654004e+00
2.500000000000000e-01 2.158827182580599e-01 1.014950241129125e+00
2.550000000000000e-01 2.223131867334419e-01 1.015784679100077e+00
2.600000000000000e-01 2.288826081874405e-01 1.016654213479380e+00
2.650000000000000e-01 2.355950887223172e-01 1.017559768331716e+00
2.700000000000000e-01 2.424548238569160e-01 1.018502263545407e+00
2.750000000000000e-01 2.494661011489995e-01 1.019482619060483e+00
2.800000000000000e-01 2.566333028751116e-01 1.020501678803553e+00
2.850000000000000e-01 2.639609087696434e-01 1.021560205638429e+00
2.900000000000000e-01 2.714534988248126e-01 1.022658939407542e+00
2.950000000000000e-01 2.791157561533084e-01 1.023798572113967e+00
3.000000000000000e-01 2.869524699153886e-01 1.024979667158521e+00
3.050000000000000e-01 2.949685383122613e-01 1.026202659385931e+00
3.100000000000000e-01 3.031689716476197e-01 1.027467906992306e+00
3.150000000000000e-01 3.115588954592450e-01 1.028775670566212e+00
3.200000000000000e-01 3.201435537226349e-01 1.030126034347820e+00
3.250000000000000e-01 3.289283121286580e-01 1.031518876172381e+00
3.300000000000000e-01 3.379186614372866e-01 1.032953895495571e+00
3.350000000000000e-01 3.471202209094989e-01 1.034430627929200e+00
3.400000000000000e-01 3.565387418195016e-01 1.035948406038957e+00
3.450000000000000e-01 3.661801110494620e-01 1.037506284307043e+00
3.500000000000000e-01 3.760503547690021e-01 1.039102994560499e+00
3.550000000000000e-01 3.861556422017504e-01 1.040736972773465e+00
3.600000000000000e-01 3.965022894813072e-01 1.042406380189582e+00
3.650000000000000e-01 4.070967635990345e-01 1.044109064073381e+00
3.700000000000000e-01 4.179456864461349e-01 1.045842515247710e+00
3.750000000000000e-01 4.290558389525505e-01 1.047603819235711e+00
3.800000000000000e-01 4.404341653252637e-01 1.049389610686609e+00
3.850000000000000e-01 4.520877773886537e-01 1.051196083749844e+00
3.900000000000000e-01 4.640239590296172e-01 1.053018978842031e+00
3.950000000000000e-01 4.762501707502353e-01 1.054853583054950e+00
4.000000000000000e-01 4.887740543308307e-01 1.056694728076642e+00
4.050000000000000e-01 5.016034376063282e-01 1.058536773248655e+00
4.100000000000000e-01 5.147463393589066e-01 1.060373610129594e+00
4.150000000000000e-01 5.282109743299990e-01 1.062198657941901e+00
4.200000000000000e-01 5.420057583547735e-01 1.064004879844130e+00
4.250000000000000e-01 5.561393136223041e-01 1.065784801087853e+00
4.300000000000000e-01 5.706204740647189e-01 1.067530541576918e+00
4.350000000000000e-01 5.854582908786964e-01 1.069233856688002e+00
4.400000000000000e-01 6.006620381827575e-01 1.070886190265284e+00
4.450000000000000e-01 6.162412188138907e-01 1.072478738875021e+00
4.500000000000000e-01 6.322055702671360e-01 1.074002528472775e+00
4.550000000000000e-01 6.485650707818353e-01 1.075448503536669e+00
4.600000000000000e-01 6.653299455783577e-01 1.076807628793162e+00
4.650000000000000e-01 6.825106732491932e-01 1.078071003197234e+00
4.700000000000000e-01 7.001179923084168e-01 1.079229985477519e+00
4.750000000000000e-01 7.181629079036070e-01 1.080276330098650e+00
4.800000000000000e-01 7.366566986944229e-01 1.081202332008867e+00
4.850000000000000e-01 7.556109239021327e-01 1.082000978016741e+00
4.900000000000000e-01 7.750374305345038e-01 1.082666102096220e+00
4.950000000000000e-01 7.949483607905672e-01 1.083192541368279e+00
5.000000000000000e-01 8.153561596498893e-01 1.083576288970497e+00
5.050000000000000e-01 8.362735826510871e-01 1.083814639525643e+00
5.100000000000000e-01 8.577137038644561e-01 1.083906322482907e+00
5.150000000000000e-01 8.796899240636907e-01 1.083851618258955e+00
5.200000000000000e-01 9.022159791018011e-01 1.083652451880962e+00
5.250000000000000e-01 9.253059484964714e-01 1.083312458761190e+00
5.300000000000000e-01 9.489742642302165e-01 1.082837017343863e+00
5.350000000000000e-01 9.732357197708378e-01 1.082233243689883e+00
5.400000000000000e-01 9.981054793178262e-01 1.081509943630163e+00
5.450000000000000e-01 1.023599087280478e+00 1.080677518946213e+00
5.500000000000000e-01 1.049732477993657e+00 1.079747825141721e+00
5.550000000000000e-01 1.076521985677273e+00 1.078733979756420e+00
5.600000000000001e-01 1.103984354645701e+00 1.077650121835462e+00
5.650000000000001e-01 1.132136749773522e+00 1.076511125080720e+00
5.700000000000001e-01 1.160996767224129e+00 1.075332269332796e+00
5.750000000000001e-01 1.190582445447902e+00 1.074128877301780e+00
5.800000000000000e-01 1.220912276456826e+00 1.072915925796573e+00
5.850000000000000e-01 1.252005217382601e+00 1.071707642990354e+00
5.900000000000000e-01 1.283880702325469e+00 1.070517105376336e+00
5.950000000000000e-01 1.316558654501151e+00 1.069355849868312e+00
6.000000000000000e-01 1.350059498693518e+00 1.068233517826542e+00
6.050000000000000e-01 1.384404174020732e+00 1.067157548476682e+00
6.100000000000000e-01 1.419614147022888e+00 1.066132939074918e+00
6.150000000000000e-01 1.455711425079295e+00 1.065162088105582e+00
6.200000000000000e-01 1.492718570163803e+00 1.064244735652531e+00
6.250000000000000e-01 1.530658712946775e+00 1.063378011776708e+00
6.300000000000000e-01 1.569555567252506e+00 1.062556599233055e+00
6.350000000000000e-01 1.609433444881138e+00 1.061773011224581e+00
6.400000000000000e-01 1.650317270804325e+00 1.061017978279898e+00
6.450000000000000e-01 1.692232598744148e+00 1.060280931043066e+00
6.500000000000000e-01 1.735205627145031e+00 1.059550558220775e+00
6.550000000000000e-01 1.779263215548615e+00 1.058815411737428e+00
6.600000000000000e-01 1.824432901381847e+00 1.058064525038687e+00
6.650000000000000e-01 1.870742917168772e+00 1.057288006283937e+00
6.700000000000000e-01 1.918222208176775e+00 1.056477566702979e+00
6.750000000000000e-01 1.966900450508319e+00 1.055626946357941e+00
6.800000000000000e-01 2.016808069649473e+00 1.054732205356405e+00
6.850000000000001e-01 2.067976259486829e+00 1.053791858170440e+00
6.900000000000001e-01 2.120437001804702e+00 1.052806841529875e+00
6.950000000000001e-01 2.174223086274785e+00 1.051780321180762e+00
7.000000000000001e-01 2.229368130950753e+00 1.050717357924096e+00
7.050000000000000e-01 2.285906603280654e+00 1.049624466776304e+00
7.100000000000000e-01 2.343873841650178e+00 1.048509112862489e+00
7.150000000000000e-01 2.403306077470301e+00 1.047379192228498e+00
7.200000000000000e-01 2.464240457823092e+00 1.046242544368274e+00
7.250000000000000e-01 2.526715068679855e+00 1.045106536117822e+00
7.300000000000000e-01 2.590768958706095e+00 1.043977744865893e+00
7.350000000000000e-01 2.656442163668210e+00 1.042861754750594e+00
7.400000000000000e-01 2.723775731457148e+00 1.041763065007729e+00
7.450000000000000e-01 2.792811747744667e+00 1.040685097163388e+00
7.500000000000000e-01 2.863593362288260e+00 1.039630279015930e+00
7.550000000000000e-01 2.936164815901156e+00 1.038600179166899e+00
7.600000000000000e-01 3.010571468104263e+00 1.037595666127740e+00
7.650000000000000e-01 3.086859825477351e+00 1.036617069839781e+00
7.700000000000000e-01 3.165077570727174e+00 1.035664329401391e+00
7.750000000000000e-01 3.245273592490716e+00 1.034737117395727e+00
7.800000000000000e-01 3.327498015892184e+00 1.033834937189210e+00
7.850000000000000e-01 3.411802233872832e+00 1.032957194112434e+00
7.900000000000000e-01 3.498238939313234e+00 1.032103244241780e+00
7.950000000000000e-01 3.586862157968046e+00 1.031272425702859e+00
8.000000000000000e-01 3.677727282233856e+00 1.030464077414327e+00
8.050000000000000e-01 3.770891105771243e+00 1.029677549468668e+00
8.100000000000001e-01 3.866411859002656e+00 1.028912208338233e+00
8.150000000000001e-01 3.964349245508326e+00 1.028167439104825e+00
8.200000000000001e-01 4.064764479342956e+00 1.027442646101469e+00
8.250000000000001e-01 4.167720323296481e+00 1.026737252774113e+00
8.300000000000001e-01 4.273281128122877e+00 1.026050701196694e+00
8.350000000000000e-01 4.381512872761445e+00 1.025382451454176e+00
8.400000000000000e-01 4.492483205575838e+00 1.024731980991237e+00
8.450000000000000e-01 4.606261486636447e+00 1.024098783967133e+00
8.500000000000000e-01 4.722918831072739e+00 1.023482370631641e+00
8.550000000000000e-01 4.842528153522501e+00 1.022882266726485e+00
8.600000000000000e-01 4.965164213705875e+00 1.022298012912730e+00
8.650000000000000e-01 5.090903663152626e+00 1.021729164223339e+00
8.700000000000000e-01 5.219825093111814e+00 1.021175289539721e+00
8.750000000000000e-01 5.352009083673925e+00 1.020635971091076e+00
8.800000000000000e-01 5.487538254136007e+00 1.020110803975342e+00
8.850000000000000e-01 5.626497314641444e+00 1.019599395700670e+00
8.900000000000000e-01 5.768973119126561e+00 1.019101365746358e+00
8.950000000000000e-01 5.915054719607133e+00 1.018616345142275e+00
9.000000000000000e-01 6.064833421838831e+00 1.018143976065847e+00
9.050000000000000e-01 6.218402842386253e+00 1.017683911455739e+00
9.100000000000000e-01 6.375858967136348e+00 1.017235814641403e+00
9.150000000000000e-01 6.537300211292723e+00 1.016799358987733e+00
9.200000000000000e-01 6.702827480888332e+00 1.016374227554076e+00
9.250000000000000e-01 6.872544235855034e+00 1.015960112766927e+00
9.300000000000000e-01 7.046556554689444e+00 1.015556716105658e+00
9.350000000000001e-01 7.224973200755413e+00 1.015163747800644e+00
9.400000000000001e-01 7.407905690264673e+00 1.014780926543237e+00
9.450000000000001e-01 7.595468361978146e+00 1.014407979207007e+00
9.500000000000001e-01 7.787778448671316e+00 1.014044640579757e+00
9.550000000000001e-01 7.984956150408610e+00 1.013690653105800e+00
9.600000000000000e-01 8.187124709672272e+00 1.013345766638043e+00
9.650000000000000e-01 8.394410488393007e+00 1.013009738199431e+00
9.700000000000000e-01 8.606943046930221e+00 1.012682331753340e+00
9.750000000000000e-01 8.824855225051540e+00 1.012363317982515e+00
9.800000000000000e-01 9.048283224961922e+00 1.012052474076178e+00
9.850000000000000e-01 9.277366696434507e+00 1.011749583524956e+00
9.900000000000000e-01 9.512248824096272e+00 1.011454435923284e+00
9.950000000000000e-01 9.753076416923058e+00 1.011166826778962e+00
1.000000000000000e+00 1.000000000000000e+01 1.010886557329565e+00
