0.000000000000000e+00 0.000000000000000e+00 1.000000000000000e+00
5.000000000000000e-03 3.369477419287315e-03 1.000000715706788e+00
1.000000000000000e-02 6.741060871647481e-03 1.000003592613525e+00
1.500000000000000e-02 1.011685770649257e-02 1.000008408595118e+00
2.000000000000000e-02 1.349897790673588e-02 1.000015156786757e+00
2.500000000000000e-02 1.688953540759990e-02 1.000023862764866e+00
3.000000000000000e-02 2.029064941789469e-02 1.000034551334530e+00
3.500000000000000e-02 2.370444574459234e-02 1.000047252460538e+00
4.000000000000000e-02 2.713305812152553e-02 1.000061991478200e+00
4.500000000000000e-02 3.057862954304063e-02 1.000078815177388e+00
5.000000000000000e-02 3.404331360343898e-02 1.000097761028044e+00
5.500000000000000e-02 3.752927584304335e-02 1.000118880038150e+00
6.000000000000000e-02 4.103869510173117e-02 1.000142229491971e+00
6.500000000000000e-02 4.457376488078044e-02 1.000167869042982e+00
7.000000000000001e-02 4.813669471387935e-02 1.000195867544661e+00
7.500000000000000e-02 5.172971154815675e-02 1.000226285943124e+00
8.000000000000000e-02 5.535506113609672e-02 1.000259221523895e+00
8.500000000000001e-02 5.901500943920686e-02 1.000294762088745e+00
9.000000000000000e-02 6.271184404431801e-02 1.000332992795507e+00
9.500000000000000e-02 6.644787559340060e-02 1.000374011846650e+00
1.000000000000000e-01 7.022543922779090e-02 1.000417924516353e+00
1.050000000000000e-01 7.404689604773053e-02 1.000464856970701e+00
1.100000000000000e-01 7.791463458813094e-02 1.000514927693605e+00
1.150000000000000e-01 8.183107231148547e-02 1.000568273665319e+00
1.200000000000000e-01 8.579865711886202e-02 1.000625029698076e+00
1.250000000000000e-01 8.981986887992111e-02 1.000685344105864e+00
1.300000000000000e-01 9.389722098291493e-02 1.000749384055822e+00
1.350000000000000e-01 9.803326190563690e-02 1.000817311931013e+00
1.400000000000000e-01 1.022305768083033e-01 1.000889321365813e+00
1.450000000000000e-01 1.064917891493625e-01 1.000965600491915e+00
1.500000000000000e-01 1.108195623252418e-01 1.001046345953414e+00
1.550000000000000e-01 1.152166013350572e-01 1.001131775944454e+00
1.600000000000000e-01 1.196856544713255e-01 1.001222114509198e+00
1.650000000000000e-01 1.242295150377370e-01 1.001317608925588e+00
1.700000000000000e-01 1.288510230950609e-01 1.001418515508484e+00
1.750000000000000e-01 1.335530672362758e-01 1.001525106449917e+00
1.800000000000000e-01 1.383385863920344e-01 1.001637662665738e+00
1.850000000000000e-01 1.432105716675912e-01 1.001756485738261e+00
1.900000000000000e-01 1.481720682123397e-01 1.001881902465660e+00
1.950000000000000e-01 1.532261771231311e-01 1.002014248988262e+00
2.000000000000000e-01 1.583760573825595e-01 1.002153872181550e+00
2.050000000000000e-01 1.636249278334301e-01 1.002301136082734e+00
2.100000000000000e-01 1.689760691906397e-01 1.002456460576049e+00
2.150000000000000e-01 1.744328260917313e-01 1.002620265311404e+00
2.200000000000000e-01 1.799986091874004e-01 1.002792962941848e+00
2.250000000000000e-01 1.856768972732633e-01 1.002975027710605e+00
2.300000000000000e-01 1.914712394642179e-01 1.003166945263175e+00
2.350000000000000e-01 1.973852574127551e-01 1.003369224565779e+00
2.400000000000000e-01 2.034226475726105e-01 1.003582406093312e+00
2.450000000000000e-01 2.095871835091678e-01 1.003807041766458e+00
2.500000000000000e-01 2.158827182580599e-01 1.004043732735754e+00
2.550000000000000e-01 2.223131867334419e-01 1.004293091969657e+00
2.600000000000000e-01 2.288826081874405e-01 1.004555763576954e+00
2.650000000000000e-01 2.355950887223172e-01 1.004832436885335e+00
2.700000000000000e-01 2.424548238569160e-01 1.005123804900468e+00
2.750000000000000e-01 2.494661011489995e-01 1.005430614105050e+00
2.800000000000000e-01 2.566333028751116e-01 1.005753637187210e+00
2.850000000000000e-01 2.639609087696434e-01 1.006093660664959e+00
2.900000000000000e-01 2.714534988248126e-01 1.006451533222769e+00
2.950000000000000e-01 2.791157561533084e-01 1.006828109525468e+00
3.000000000000000e-01 2.869524699153886e-01 1.007224276230901e+00
3.050000000000000e-01 2.949685383122613e-01 1.007640974663381e+00
3.100000000000000e-01 3.031689716476197e-01 1.008079138257017e+00
3.150000000000000e-01 3.115588954592450e-01 1.008539747635394e+00
3.200000000000000e-01 3.201435537226349e-01 1.009023820895402e+00
3.250000000000000e-01 3.289283121286580e-01 1.009532359994570e+00
3.300000000000000e-01 3.379186614372866e-01 1.010066420324419e+00
3.350000000000000e-01 3.471202209094989e-01 1.010627073275858e+00
3.400000000000000e-01 3.565387418195016e-01 1.011215363376796e+00
3.450000000000000e-01 3.661801110494620e-01 1.011832383879778e+00
3.500000000000000e-01 3.760503547690021e-01 1.012479221749225e+00
3.550000000000000e-01 3.861556422017504e-01 1.013156918419477e+00
3.600000000000000e-01 3.965022894813072e-01 1.013866549498492e+00
3.650000000000000e-01 4.070967635990345e-01 1.014609162846839e+00
3.700000000000000e-01 4.179456864461349e-01 1.015385727584085e+00
3.750000000000000e-01 4.290558389525505e-01 1.016197218584683e+00
3.800000000000000e-01 4.404341653252637e-01 1.017044564475417e+00
3.850000000000000e-01 4.520877773886537e-01 1.017928569016233e+00
3.900000000000000e-01 4.640239590296172e-01 1.018849992667729e+00
3.950000000000000e-01 4.762501707502353e-01 1.019809534933595e+00
4.000000000000000e-01 4.887740543308307e-01 1.020807719707937e+00
4.050000000000000e-01 5.016034376063282e-01 1.021844945029616e+00
4.100000000000000e-01 5.147463393589066e-01 1.022921527118319e+00
4.150000000000000e-01 5.282109743299990e-01 1.024037577870210e+00
4.200000000000000e-01 5.420057583547735e-01 1.025192970982562e+00
4.250000000000000e-01 5.561393136223041e-01 1.026387432189766e+00
4.300000000000000e-01 5.706204740647189e-01 1.027620489041121e+00
4.350000000000000e-01 5.854582908786964e-01 1.028891344877186e+00
4.400000000000000e-01 6.006620381827575e-01 1.030198911253268e+00
4.450000000000000e-01 6.162412188138907e-01 1.031541877705597e+00
4.500000000000000e-01 6.322055702671360e-01 1.032918621452776e+00
4.550000000000000e-01 6.485650707818353e-01 1.034327097348230e+00
4.600000000000000e-01 6.653299455783577e-01 1.035764881025295e+00
4.650000000000000e-01 6.825106732491932e-01 1.037229236751220e+00
4.700000000000000e-01 7.001179923084168e-01 1.038717046675538e+00
4.750000000000000e-01 7.181629079036070e-01 1.040224695864279e+00
4.800000000000000e-01 7.366566986944229e-01 1.041748074676988e+00
4.850000000000000e-01 7.556109239021327e-01 1.043282660158526e+00
4.900000000000000e-01 7.750374305345038e-01 1.044823527276110e+00
4.950000000000000e-01 7.949483607905672e-01 1.046365264208885e+00
5.000000000000000e-01 8.153561596498893e-01 1.047901901840995e+00
5.050000000000000e-01 8.362735826510871e-01 1.049426935047432e+00
5.100000000000000e-01 8.577137038644561e-01 1.050933395856877e+00
5.150000000000000e-01 8.796899240636907e-01 1.052413899302048e+00
5.200000000000000e-01 9.022159791018011e-01 1.053860635630605e+00
5.250000000000000e-01 9.253059484964714e-01 1.055265341910671e+00
5.300000000000000e-01 9.489742642302165e-01 1.056619299968727e+00
5.350000000000000e-01 9.732357197708378e-01 1.057913378914124e+00
5.400000000000000e-01 9.981054793178262e-01 1.059138108161489e+00
5.450000000000000e-01 1.023599087280478e+00 1.060283765556670e+00
5.500000000000000e-01 1.049732477993657e+00 1.061340469278158e+00
5.550000000000000e-01 1.076521985677273e+00 1.062298276886406e+00
5.600000000000001e-01 1.103984354645701e+00 1.063147299581953e+00
5.650000000000001e-01 1.132136749773522e+00 1.063877838923782e+00
5.700000000000001e-01 1.160996767224129e+00 1.064480552306306e+00
5.750000000000001e-01 1.190582445447902e+00 1.064946649467726e+00
5.800000000000000e-01 1.220912276456826e+00 1.065268122053673e+00
5.850000000000000e-01 1.252005217382601e+00 1.065438006121153e+00
5.900000000000000e-01 1.283880702325469e+00 1.065450676523378e+00
5.950000000000000e-01 1.316558654501151e+00 1.065302169509037e+00
6.000000000000000e-01 1.350059498693518e+00 1.064990526711509e+00
6.050000000000000e-01 1.384404174020732e+00 1.064516149243070e+00
6.100000000000000e-01 1.419614147022888e+00 1.063882145288798e+00
6.150000000000000e-01 1.455711425079295e+00 1.063094648555148e+00
6.200000000000000e-01 1.492718570163803e+00 1.062163078762288e+00
6.250000000000000e-01 1.530658712946775e+00 1.061100309875870e+00
6.300000000000000e-01 1.569555567252506e+00 1.059922708081521e+00
6.350000000000000e-01 1.609433444881138e+00 1.058650000954156e+00
6.400000000000000e-01 1.650317270804325e+00 1.057304943255618e+00
6.450000000000000e-01 1.692232598744148e+00 1.055912754462981e+00
6.500000000000000e-01 1.735205627145031e+00 1.054500319048350e+00
6.550000000000000e-01 1.779263215548615e+00 1.053095162309852e+00
6.600000000000000e-01 1.824432901381847e+00 1.051724240601521e+00
6.650000000000000e-01 1.870742917168772e+00 1.050412612306686e+00
6.700000000000000e-01 1.918222208176775e+00 1.049182081069422e+00
6.750000000000000e-01 1.966900450508319e+00 1.048049921479000e+00
6.800000000000000e-01 2.016808069649473e+00 1.047027805800818e+00
6.850000000000001e-01 2.067976259486829e+00 1.046121045799020e+00
6.900000000000001e-01 2.120437001804702e+00 1.045328245214824e+00
6.950000000000001e-01 2.174223086274785e+00 1.044641426948840e+00
7.000000000000001e-01 2.229368130950753e+00 1.044046657073080e+00
7.050000000000000e-01 2.285906603280654e+00 1.043525139425966e+00
7.100000000000000e-01 2.343873841650178e+00 1.043054704553087e+00
7.150000000000000e-01 2.403306077470301e+00 1.042611570498857e+00
7.200000000000000e-01 2.464240457823092e+00 1.042172216068783e+00
7.250000000000000e-01 2.526715068679855e+00 1.041715185335589e+00
7.300000000000000e-01 2.590768958706095e+00 1.041222640498467e+00
7.350000000000000e-01 2.656442163668210e+00 1.040681502293221e+00
7.400000000000000e-01 2.723775731457148e+00 1.040084063499400e+00
7.450000000000000e-01 2.792811747744667e+00 1.039428027673237e+00
7.500000000000000e-01 2.863593362288260e+00 1.038716002832202e+00
7.550000000000000e-01 2.936164815901156e+00 1.037954554936297e+00
7.600000000000000e-01 3.010571468104263e+00 1.037152983682453e+00
7.650000000000000e-01 3.086859825477351e+00 1.036322010986788e+00
7.700000000000000e-01 3.165077570727174e+00 1.035472564799727e+00
7.750000000000000e-01 3.245273592490716e+00 1.034614800617752e+00
7.800000000000000e-01 3.327498015892184e+00 1.033757441420821e+00
7.850000000000000e-01 3.411802233872832e+00 1.032907449676443e+00
7.900000000000000e-01 3.498238939313234e+00 1.032069988135667e+00
7.950000000000000e-01 3.586862157968046e+00 1.031248590192699e+00
8.000000000000000e-01 3.677727282233856e+00 1.030445449068123e+00
8.050000000000000e-01 3.770891105771243e+00 1.029661744462210e+00
8.100000000000001e-01 3.866411859002656e+00 1.028897947575256e+00
8.150000000000001e-01 3.964349245508326e+00 1.028154071429276e+00
8.200000000000001e-01 4.064764479342956e+00 1.027429856055965e+00
8.250000000000001e-01 4.167720323296481e+00 1.026724893519157e+00
8.300000000000001e-01 4.273281128122877e+00 1.026038705400446e+00
8.350000000000000e-01 4.381512872761445e+00 1.025370786976963e+00
8.400000000000000e-01 4.492483205575838e+00 1.024720630351715e+00
8.450000000000000e-01 4.606261486636447e+00 1.024087735485637e+00
8.500000000000000e-01 4.722918831072739e+00 1.023471614876805e+00
8.550000000000000e-01 4.842528153522501e+00 1.022871795188607e+00
8.600000000000000e-01 4.965164213705875e+00 1.022287817540903e+00
8.650000000000000e-01 5.090903663152626e+00 1.021719237271913e+00
8.700000000000000e-01 5.219825093111814e+00 1.021165623517017e+00
8.750000000000000e-01 5.352009083673925e+00 1.020626558739376e+00
8.800000000000000e-01 5.487538254136007e+00 1.020101638259865e+00
8.850000000000000e-01 5.626497314641444e+00 1.019590469801091e+00
8.900000000000000e-01 5.768973119126561e+00 1.019092673049168e+00
8.950000000000000e-01 5.915054719607133e+00 1.018607879233565e+00
9.000000000000000e-01 6.064833421838831e+00 1.018135730724413e+00
9.050000000000000e-01 6.218402842386253e+00 1.017675880646465e+00
9.100000000000000e-01 6.375858967136348e+00 1.017227992508919e+00
9.150000000000000e-01 6.537300211292723e+00 1.016791739850322e+00
9.200000000000000e-01 6.702827480888332e+00 1.016366805897829e+00
9.250000000000000e-01 6.872544235855034e+00 1.015952883240129e+00
9.300000000000000e-01 7.046556554689444e+00 1.015549673513389e+00
9.350000000000001e-01 7.224973200755413e+00 1.015156887099596e+00
9.400000000000001e-01 7.407905690264673e+00 1.014774242836729e+00
9.450000000000001e-01 7.595468361978146e+00 1.014401467740195e+00
9.500000000000001e-01 7.787778448671316e+00 1.014038296735021e+00
9.550000000000001e-01 7.984956150408610e+00 1.013684472398309e+00
9.600000000000000e-01 8.187124709672272e+00 1.013339744711488e+00
9.650000000000000e-01 8.394410488393007e+00 1.013003870821914e+00
9.700000000000000e-01 8.606943046930221e+00 1.012676614813418e+00
9.750000000000000e-01 8.824855225051540e+00 1.012357747485387e+00
9.800000000000000e-01 9.048283224961922e+00 1.012047046140016e+00
9.850000000000000e-01 9.277366696434507e+00 1.011744294377365e+00
9.900000000000000e-01 9.512248824096272e+00 1.011449281897891e+00
9.950000000000000e-01 9.753076416923058e+00 1.011161804312128e+00
1.000000000000000e+00 1.000000000000000e+01 1.010881662957214e+00
