0.000000000000000e+00 0.000000000000000e+00 1.000000000000000e+00
5.000000000000000e-03 3.369477419287315e-03 1.000000138991181e+00
1.000000000000000e-02 6.741060871647481e-03 1.000000699688346e+00
1.500000000000000e-02 1.011685770649257e-02 1.000001644018580e+00
2.000000000000000e-02 1.349897790673588e-02 1.000002966176111e+00
2.500000000000000e-02 1.688953540759990e-02 1.000004666486056e+00
3.000000000000000e-02 2.029064941789469e-02 1.000006755302037e+00
3.500000000000000e-02 2.370444574459234e-02 1.000009238215214e+00
4.000000000000000e-02 2.713305812152553e-02 1.000012119288909e+00
4.500000000000000e-02 3.057862954304063e-02 1.000015404253184e+00
5.000000000000000e-02 3.404331360343898e-02 1.000019104349941e+00
5.500000000000000e-02 3.752927584304335e-02 1.000023233623877e+00
6.000000000000000e-02 4.103869510173117e-02 1.000027797123909e+00
6.500000000000000e-02 4.457376488078044e-02 1.000032809461774e+00
7.000000000000001e-02 4.813669471387935e-02 1.000038286982762e+00
7.500000000000000e-02 5.172971154815675e-02 1.000044241031859e+00
8.000000000000000e-02 5.535506113609672e-02 1.000050687761688e+00
8.500000000000001e-02 5.901500943920686e-02 1.000057648269290e+00
9.000000000000000e-02 6.271184404431801e-02 1.000065135472590e+00
9.500000000000000e-02 6.644787559340060e-02 1.000073167189458e+00
1.000000000000000e-01 7.022543922779090e-02 1.000081766845849e+00
1.050000000000000e-01 7.404689604773053e-02 1.000090959985126e+00
1.100000000000000e-01 7.791463458813094e-02 1.000100773841387e+00
1.150000000000000e-01 8.183107231148547e-02 1.000111232941092e+00
1.200000000000000e-01 8.579865711886202e-02 1.000122365170067e+00
1.250000000000000e-01 8.981986887992111e-02 1.000134200998423e+00
1.300000000000000e-01 9.389722098291493e-02 1.000146775263196e+00
1.350000000000000e-01 9.803326190563690e-02 1.000160122205876e+00
1.400000000000000e-01 1.022305768083033e-01 1.000174278392548e+00
1.450000000000000e-01 1.064917891493625e-01 1.000189282571818e+00
1.500000000000000e-01 1.108195623252418e-01 1.000205174649716e+00
1.550000000000000e-01 1.152166013350572e-01 1.000221996465805e+00
1.600000000000000e-01 1.196856544713255e-01 1.000239797131783e+00
1.650000000000000e-01 1.242295150377370e-01 1.000258626098790e+00
1.700000000000000e-01 1.288510230950609e-01 1.000278538010861e+00
1.750000000000000e-01 1.335530672362758e-01 1.000299593889595e+00
1.800000000000000e-01 1.383385863920344e-01 1.000321850341759e+00
1.850000000000000e-01 1.432105716675912e-01 1.000345369558588e+00
1.900000000000000e-01 1.481720682123397e-01 1.000370220385559e+00
1.950000000000000e-01 1.532261771231311e-01 1.000396471045860e+00
2.000000000000000e-01 1.583760573825595e-01 1.000424194666309e+00
2.050000000000000e-01 1.636249278334301e-01 1.000453477224103e+00
2.100000000000000e-01 1.689760691906397e-01 1.000484403492476e+00
2.150000000000000e-01 1.744328260917313e-01 1.000517063058794e+00
2.200000000000000e-01 1.799986091874004e-01 1.000551555952891e+00
2.250000000000000e-01 1.856768972732633e-01 1.000587980967026e+00
2.300000000000000e-01 1.914712394642179e-01 1.000626442001004e+00
2.350000000000000e-01 1.973852574127551e-01 1.000667057536844e+00
2.400000000000000e-01 2.034226475726105e-01 1.000709950735302e+00
2.450000000000000e-01 2.095871835091678e-01 1.000755248286301e+00
2.500000000000000e-01 2.158827182580599e-01 1.000803081972945e+00
2.550000000000000e-01 2.223131867334419e-01 1.000853594182027e+00
2.600000000000000e-01 2.288826081874405e-01 1.000906944461661e+00
2.650000000000000e-01 2.355950887223172e-01 1.000963292743548e+00
2.700000000000000e-01 2.424548238569160e-01 1.001022810539002e+00
2.750000000000000e-01 2.494661011489995e-01 1.001085675410394e+00
2.800000000000000e-01 2.566333028751116e-01 1.001152076453277e+00
2.850000000000000e-01 2.639609087696434e-01 1.001222216196524e+00
2.900000000000000e-01 2.714534988248126e-01 1.001296305330726e+00
2.950000000000000e-01 2.791157561533084e-01 1.001374573378186e+00
3.000000000000000e-01 2.869524699153886e-01 1.001457249441573e+00
3.050000000000000e-01 2.949685383122613e-01 1.001544584440992e+00
3.100000000000000e-01 3.031689716476197e-01 1.001636831361272e+00
3.150000000000000e-01 3.115588954592450e-01 1.001734256026398e+00
3.200000000000000e-01 3.201435537226349e-01 1.001837155898535e+00
3.250000000000000e-01 3.289283121286580e-01 1.001945818055992e+00
3.300000000000000e-01 3.379186614372866e-01 1.002060555195227e+00
3.350000000000000e-01 3.471202209094989e-01 1.002181683345171e+00
3.400000000000000e-01 3.565387418195016e-01 1.002309520584744e+00
3.450000000000000e-01 3.661801110494620e-01 1.002444414811293e+00
3.500000000000000e-01 3.760503547690021e-01 1.002586709137515e+00
3.550000000000000e-01 3.861556422017504e-01 1.002736752541707e+00
3.600000000000000e-01 3.965022894813072e-01 1.002894896103069e+00
3.650000000000000e-01 4.070967635990345e-01 1.003061498314699e+00
3.700000000000000e-01 4.179456864461349e-01 1.003236907050418e+00
3.750000000000000e-01 4.290558389525505e-01 1.003421453758909e+00
3.800000000000000e-01 4.404341653252637e-01 1.003615476591998e+00
3.850000000000000e-01 4.520877773886537e-01 1.003819274032548e+00
3.900000000000000e-01 4.640239590296172e-01 1.004033120872323e+00
3.950000000000000e-01 4.762501707502353e-01 1.004257260356388e+00
4.000000000000000e-01 4.887740543308307e-01 1.004491870484060e+00
4.050000000000000e-01 5.016034376063282e-01 1.004737086854299e+00
4.100000000000000e-01 5.147463393589066e-01 1.004992954231683e+00
4.150000000000000e-01 5.282109743299990e-01 1.005259425780055e+00
4.200000000000000e-01 5.420057583547735e-01 1.005536358665298e+00
4.250000000000000e-01 5.561393136223041e-01 1.005823455647007e+00
4.300000000000000e-01 5.706204740647189e-01 1.006120285639332e+00
4.350000000000000e-01 5.854582908786964e-01 1.006426237729195e+00
4.400000000000000e-01 6.006620381827575e-01 1.006740481738838e+00
4.450000000000000e-01 6.162412188138907e-01 1.007061985740302e+00
4.500000000000000e-01 6.322055702671360e-01 1.007389443124606e+00
4.550000000000000e-01 6.485650707818353e-01 1.007721264049500e+00
4.600000000000000e-01 6.653299455783577e-01 1.008055578666183e+00
4.650000000000000e-01 6.825106732491932e-01 1.008390164817145e+00
4.700000000000000e-01 7.001179923084168e-01 1.008722474221222e+00
4.750000000000000e-01 7.181629079036070e-01 1.009049634100738e+00
4.800000000000000e-01 7.366566986944229e-01 1.009368406277234e+00
4.850000000000000e-01 7.556109239021327e-01 1.009675260988960e+00
4.900000000000000e-01 7.750374305345038e-01 1.009966412457676e+00
4.950000000000000e-01 7.949483607905672e-01 1.010237843121972e+00
5.000000000000000e-01 8.153561596498893e-01 1.010485450352559e+00
5.050000000000000e-01 8.362735826510871e-01 1.010705161550955e+00
5.100000000000000e-01 8.577137038644561e-01 1.010893052417605e+00
5.150000000000000e-01 8.796899240636907e-01 1.011045588262498e+00
5.200000000000000e-01 9.022159791018011e-01 1.011159846946181e+00
5.250000000000000e-01 9.253059484964714e-01 1.011233731400980e+00
5.300000000000000e-01 9.489742642302165e-01 1.011266276328705e+00
5.350000000000000e-01 9.732357197708378e-01 1.011257936324881e+00
5.400000000000000e-01 9.981054793178262e-01 1.011210816315628e+00
5.450000000000000e-01 1.023599087280478e+00 1.011128922095900e+00
5.500000000000000e-01 1.049732477993657e+00 1.011018359521616e+00
5.550000000000000e-01 1.076521985677273e+00 1.010887415992544e+00
5.600000000000001e-01 1.103984354645701e+00 1.010746564756554e+00
5.650000000000001e-01 1.132136749773522e+00 1.010608365548545e+00
5.700000000000001e-01 1.160996767224129e+00 1.010487217939433e+00
5.750000000000001e-01 1.190582445447902e+00 1.010399003007839e+00
5.800000000000000e-01 1.220912276456826e+00 1.010360617084503e+00
5.850000000000000e-01 1.252005217382601e+00 1.010389378502471e+00
5.900000000000000e-01 1.283880702325469e+00 1.010502375875993e+00
5.950000000000000e-01 1.316558654501151e+00 1.010715822885761e+00
6.000000000000000e-01 1.350059498693518e+00 1.011044393006631e+00
6.050000000000000e-01 1.384404174020732e+00 1.011500541207905e+00
6.100000000000000e-01 1.419614147022888e+00 1.012093918900756e+00
6.150000000000000e-01 1.455711425079295e+00 1.012830945074168e+00
6.200000000000000e-01 1.492718570163803e+00 1.013714480052410e+00
6.250000000000000e-01 1.530658712946775e+00 1.014743551893675e+00
6.300000000000000e-01 1.569555567252506e+00 1.015913180035455e+00
6.350000000000000e-01 1.609433444881138e+00 1.017214362109758e+00
6.400000000000000e-01 1.650317270804325e+00 1.018634210942111e+00
6.450000000000000e-01 1.692232598744148e+00 1.020156163671158e+00
6.500000000000000e-01 1.735205627145031e+00 1.021760208588544e+00
6.550000000000000e-01 1.779263215548615e+00 1.023423137750292e+00
6.600000000000000e-01 1.824432901381847e+00 1.025118857631333e+00
6.650000000000000e-01 1.870742917168772e+00 1.026818775428958e+00
6.700000000000000e-01 1.918222208176775e+00 1.028492260331659e+00
6.750000000000000e-01 1.966900450508319e+00 1.030107177207566e+00
6.800000000000000e-01 2.016808069649473e+00 1.031630510156732e+00
6.850000000000001e-01 2.067976259486829e+00 1.033029115511817e+00
6.900000000000001e-01 2.120437001804702e+00 1.034270657542705e+00
6.950000000000001e-01 2.174223086274785e+00 1.035324783584706e+00
7.000000000000001e-01 2.229368130950753e+00 1.036164583517681e+00
7.050000000000000e-01 2.285906603280654e+00 1.036768348871039e+00
7.100000000000000e-01 2.343873841650178e+00 1.037121589812995e+00
7.150000000000000e-01 2.403306077470301e+00 1.037219177400714e+00
7.200000000000000e-01 2.464240457823092e+00 1.037067356119171e+00
7.250000000000000e-01 2.526715068679855e+00 1.036685239243370e+00
7.300000000000000e-01 2.590768958706095e+00 1.036105302959946e+00
7.350000000000000e-01 2.656442163668210e+00 1.035372397465995e+00
7.400000000000000e-01 2.723775731457148e+00 1.034540950163023e+00
7.450000000000000e-01 2.792811747744667e+00 1.033670360253110e+00
7.500000000000000e-01 2.863593362288260e+00 1.032819018428635e+00
7.550000000000000e-01 2.936164815901156e+00 1.032037807395867e+00
7.600000000000000e-01 3.010571468104263e+00 1.031364203522799e+00
7.650000000000000e-01 3.086859825477351e+00 1.030818101391975e+00
7.700000000000000e-01 3.165077570727174e+00 1.030400201967519e+00
7.750000000000000e-01 3.245273592490716e+00 1.030093312483771e+00
7.800000000000000e-01 3.327498015892184e+00 1.029866328589440e+00
7.850000000000000e-01 3.411802233872832e+00 1.029680141335712e+00
7.900000000000000e-01 3.498238939313234e+00 1.029494343485424e+00
7.950000000000000e-01 3.586862157968046e+00 1.029273476255949e+00
8.000000000000000e-01 3.677727282233856e+00 1.028991694654424e+00
8.050000000000000e-01 3.770891105771243e+00 1.028635121031501e+00
8.100000000000001e-01 3.866411859002656e+00 1.028201718105502e+00
8.150000000000001e-01 3.964349245508326e+00 1.027699094641582e+00
8.200000000000001e-01 4.064764479342956e+00 1.027141085273979e+00
8.250000000000001e-01 4.167720323296481e+00 1.026544093275407e+00
8.300000000000001e-01 4.273281128122877e+00 1.025924030893367e+00
8.350000000000000e-01 4.381512872761445e+00 1.025294331501404e+00
8.400000000000000e-01 4.492483205575838e+00 1.024665101454148e+00
8.450000000000000e-01 4.606261486636447e+00 1.024043173063830e+00
8.500000000000000e-01 4.722918831072739e+00 1.023432685194428e+00
8.550000000000000e-01 4.842528153522501e+00 1.022835840709910e+00
8.600000000000000e-01 4.965164213705875e+00 1.022253602985948e+00
8.650000000000000e-01 5.090903663152626e+00 1.021686222549835e+00
8.700000000000000e-01 5.219825093111814e+00 1.021133581297706e+00
8.750000000000000e-01 5.352009083673925e+00 1.020595391345079e+00
8.800000000000000e-01 5.487538254136007e+00 1.020071297694388e+00
8.850000000000000e-01 5.626497314641444e+00 1.019560925851968e+00
8.900000000000000e-01 5.768973119126561e+00 1.019063901655720e+00
8.950000000000000e-01 5.915054719607133e+00 1.018579858601383e+00
9.000000000000000e-01 6.064833421838831e+00 1.018108440128935e+00
9.050000000000000e-01 6.218402842386253e+00 1.017649300085398e+00
9.100000000000000e-01 6.375858967136348e+00 1.017202102598737e+00
9.150000000000000e-01 6.537300211292723e+00 1.016766521787047e+00
9.200000000000000e-01 6.702827480888332e+00 1.016342241433665e+00
9.250000000000000e-01 6.872544235855034e+00 1.015928954664115e+00
9.300000000000000e-01 7.046556554689444e+00 1.015526363633415e+00
9.350000000000001e-01 7.224973200755413e+00 1.015134179225230e+00
9.400000000000001e-01 7.407905690264673e+00 1.014752120762723e+00
9.450000000000001e-01 7.595468361978146e+00 1.014379915730630e+00
9.500000000000001e-01 7.787778448671316e+00 1.014017299508057e+00
9.550000000000001e-01 7.984956150408610e+00 1.013664015111508e+00
9.600000000000000e-01 8.187124709672272e+00 1.013319812947694e+00
9.650000000000000e-01 8.394410488393007e+00 1.012984450575658e+00
9.700000000000000e-01 8.606943046930221e+00 1.012657692477827e+00
9.750000000000000e-01 8.824855225051540e+00 1.012339309839573e+00
9.800000000000000e-01 9.048283224961922e+00 1.012029080336928e+00
9.850000000000000e-01 9.277366696434507e+00 1.011726787932083e+00
9.900000000000000e-01 9.512248824096272e+00 1.011432222676341e+00
9.950000000000000e-01 9.753076416923058e+00 1.011145180520201e+00
1.000000000000000e+00 1.000000000000000e+01 1.010865463130275e+00
