0.000000000000000e+00 0.000000000000000e+00 1.000000000000000e+00
5.000000000000000e-03 3.369477419287315e-03 1.000000105221036e+00
1.000000000000000e-02 6.741060871647481e-03 1.000000523668141e+00
1.500000000000000e-02 1.011685770649257e-02 1.000001215144726e+00
2.000000000000000e-02 1.349897790673588e-02 1.000002189312059e+00
2.500000000000000e-02 1.688953540759990e-02 1.000003456892097e+00
3.000000000000000e-02 2.029064941789469e-02 1.000005018503417e+00
3.500000000000000e-02 2.370444574459234e-02 1.000006880508892e+00
4.000000000000000e-02 2.713305812152553e-02 1.000009053496860e+00
4.500000000000000e-02 3.057862954304063e-02 1.000011551327135e+00
5.000000000000000e-02 3.404331360343898e-02 1.000014383842013e+00
5.500000000000000e-02 3.752927584304335e-02 1.000017565963878e+00
6.000000000000000e-02 4.103869510173117e-02 1.000021115299728e+00
6.500000000000000e-02 4.457376488078044e-02 1.000025050994028e+00
7.000000000000001e-02 4.813669471387935e-02 1.000029392729830e+00
7.500000000000000e-02 5.172971154815675e-02 1.000034162300141e+00
8.000000000000000e-02 5.535506113609672e-02 1.000039388202188e+00
8.500000000000001e-02 5.901500943920686e-02 1.000045093343462e+00
9.000000000000000e-02 6.271184404431801e-02 1.000051312839763e+00
9.500000000000000e-02 6.644787559340060e-02 1.000058085039038e+00
1.000000000000000e-01 7.022543922779090e-02 1.000065444479917e+00
1.050000000000000e-01 7.404689604773053e-02 1.000073429568220e+00
1.100000000000000e-01 7.791463458813094e-02 1.000082083134050e+00
1.150000000000000e-01 8.183107231148547e-02 1.000091459694421e+00
1.200000000000000e-01 8.579865711886202e-02 1.000101612342580e+00
1.250000000000000e-01 8.981986887992111e-02 1.000112599879240e+00
1.300000000000000e-01 9.389722098291493e-02 1.000124483727520e+00
1.350000000000000e-01 9.803326190563690e-02 1.000137334016373e+00
1.400000000000000e-01 1.022305768083033e-01 1.000151228732624e+00
1.450000000000000e-01 1.064917891493625e-01 1.000166247194193e+00
1.500000000000000e-01 1.108195623252418e-01 1.000182485477193e+00
1.550000000000000e-01 1.152166013350572e-01 1.000200038841859e+00
1.600000000000000e-01 1.196856544713255e-01 1.000219015648245e+00
1.650000000000000e-01 1.242295150377370e-01 1.000239534128404e+00
1.700000000000000e-01 1.288510230950609e-01 1.000261716030373e+00
1.750000000000000e-01 1.335530672362758e-01 1.000285702316998e+00
1.800000000000000e-01 1.383385863920344e-01 1.000311640621518e+00
1.850000000000000e-01 1.432105716675912e-01 1.000339695870874e+00
1.900000000000000e-01 1.481720682123397e-01 1.000370042669552e+00
1.950000000000000e-01 1.532261771231311e-01 1.000402873400073e+00
2.000000000000000e-01 1.583760573825595e-01 1.000438399365385e+00
2.050000000000000e-01 1.636249278334301e-01 1.000476840678464e+00
2.100000000000000e-01 1.689760691906397e-01 1.000518447599008e+00
2.150000000000000e-01 1.744328260917313e-01 1.000563482196358e+00
2.200000000000000e-01 1.799986091874004e-01 1.000612226463657e+00
2.250000000000000e-01 1.856768972732633e-01 1.000664991390188e+00
2.300000000000000e-01 1.914712394642179e-01 1.000722114683483e+00
2.350000000000000e-01 1.973852574127551e-01 1.000783964570023e+00
2.400000000000000e-01 2.034226475726105e-01 1.000850921064439e+00
2.450000000000000e-01 2.095871835091678e-01 1.000923405728649e+00
2.500000000000000e-01 2.158827182580599e-01 1.001001875748156e+00
2.550000000000000e-01 2.223131867334419e-01 1.001086814640136e+00
2.600000000000000e-01 2.288826081874405e-01 1.001178753578990e+00
2.650000000000000e-01 2.355950887223172e-01 1.001278248443577e+00
2.700000000000000e-01 2.424548238569160e-01 1.001385904317152e+00
2.750000000000000e-01 2.494661011489995e-01 1.001502372227783e+00
2.800000000000000e-01 2.566333028751116e-01 1.001628335147673e+00
2.850000000000000e-01 2.639609087696434e-01 1.001764540308712e+00
2.900000000000000e-01 2.714534988248126e-01 1.001911770550738e+00
2.950000000000000e-01 2.791157561533084e-01 1.002070860958551e+00
3.000000000000000e-01 2.869524699153886e-01 1.002242712117261e+00
3.050000000000000e-01 2.949685383122613e-01 1.002428257452759e+00
3.100000000000000e-01 3.031689716476197e-01 1.002628502971825e+00
3.150000000000000e-01 3.115588954592450e-01 1.002844509268641e+00
3.200000000000000e-01 3.201435537226349e-01 1.003077377160985e+00
3.250000000000000e-01 3.289283121286580e-01 1.003328290514287e+00
3.300000000000000e-01 3.379186614372866e-01 1.003598472713723e+00
3.350000000000000e-01 3.471202209094989e-01 1.003889198419494e+00
3.400000000000000e-01 3.565387418195016e-01 1.004201822973958e+00
3.450000000000000e-01 3.661801110494620e-01 1.004537725547878e+00
3.500000000000000e-01 3.760503547690021e-01 1.004898342942871e+00
3.550000000000000e-01 3.861556422017504e-01 1.005285179708223e+00
3.600000000000000e-01 3.965022894813072e-01 1.005699745962597e+00
3.650000000000000e-01 4.070967635990345e-01 1.006143604962248e+00
3.700000000000000e-01 4.179456864461349e-01 1.006618366953032e+00
3.750000000000000e-01 4.290558389525505e-01 1.007125621647094e+00
3.800000000000000e-01 4.404341653252637e-01 1.007666992286619e+00
3.850000000000000e-01 4.520877773886537e-01 1.008244122777666e+00
3.900000000000000e-01 4.640239590296172e-01 1.008858598711092e+00
3.950000000000000e-01 4.762501707502353e-01 1.009512000339238e+00
4.000000000000000e-01 4.887740543308307e-01 1.010205897528544e+00
4.050000000000000e-01 5.016034376063282e-01 1.010941752114162e+00
4.100000000000000e-01 5.147463393589066e-01 1.011720955896257e+00
4.150000000000000e-01 5.282109743299990e-01 1.012544852995025e+00
4.200000000000000e-01 5.420057583547735e-01 1.013414627692734e+00
4.250000000000000e-01 5.561393136223041e-01 1.014331299209897e+00
4.300000000000000e-01 5.706204740647189e-01 1.015295782020674e+00
4.350000000000000e-01 5.854582908786964e-01 1.016308793077702e+00
4.400000000000000e-01 6.006620381827575e-01 1.017370772733851e+00
4.450000000000000e-01 6.162412188138907e-01 1.018481952295646e+00
4.500000000000000e-01 6.322055702671360e-01 1.019642341401445e+00
4.550000000000000e-01 6.485650707818353e-01 1.020851596332794e+00
4.600000000000000e-01 6.653299455783577e-01 1.022109004921923e+00
4.650000000000000e-01 6.825106732491932e-01 1.023413559214298e+00
4.700000000000000e-01 7.001179923084168e-01 1.024763896627107e+00
4.750000000000000e-01 7.181629079036070e-01 1.026158172953634e+00
4.800000000000000e-01 7.366566986944229e-01 1.027594067216794e+00
4.850000000000000e-01 7.556109239021327e-01 1.029068853904731e+00
4.900000000000000e-01 7.750374305345038e-01 1.030579358205995e+00
4.950000000000000e-01 7.949483607905672e-01 1.032121834740893e+00
5.000000000000000e-01 8.153561596498893e-01 1.033691939957856e+00
5.050000000000000e-01 8.362735826510871e-01 1.035284803460106e+00
5.100000000000000e-01 8.577137038644561e-01 1.036895055757209e+00
5.150000000000000e-01 8.796899240636907e-01 1.038516756128296e+00
5.200000000000000e-01 9.022159791018011e-01 1.040143311738577e+00
5.250000000000000e-01 9.253059484964714e-01 1.041767479821465e+00
5.300000000000000e-01 9.489742642302165e-01 1.043381435580699e+00
5.350000000000000e-01 9.732357197708378e-01 1.044976826405328e+00
5.400000000000000e-01 9.981054793178262e-01 1.046544772402101e+00
5.450000000000000e-01 1.023599087280478e+00 1.048075840970215e+00
5.500000000000000e-01 1.049732477993657e+00 1.049560042797592e+00
5.550000000000000e-01 1.076521985677273e+00 1.050986872518028e+00
5.600000000000001e-01 1.103984354645701e+00 1.052345387184230e+00
5.650000000000001e-01 1.132136749773522e+00 1.053624305176260e+00
5.700000000000001e-01 1.160996767224129e+00 1.054812115334183e+00
5.750000000000001e-01 1.190582445447902e+00 1.055897199382907e+00
5.800000000000000e-01 1.220912276456826e+00 1.056867976294861e+00
5.850000000000000e-01 1.252005217382601e+00 1.057713078829798e+00
5.900000000000000e-01 1.283880702325469e+00 1.058421569775121e+00
5.950000000000000e-01 1.316558654501151e+00 1.058983202626350e+00
6.000000000000000e-01 1.350059498693518e+00 1.059388729446261e+00
6.050000000000000e-01 1.384404174020732e+00 1.059630256110069e+00
6.100000000000000e-01 1.419614147022888e+00 1.059701642340471e+00
6.150000000000000e-01 1.455711425079295e+00 1.059598939327863e+00
6.200000000000000e-01 1.492718570163803e+00 1.059320851634959e+00
6.250000000000000e-01 1.530658712946775e+00 1.058869202134037e+00
6.300000000000000e-01 1.569555567252506e+00 1.058249369487772e+00
6.350000000000000e-01 1.609433444881138e+00 1.057470657876027e+00
6.400000000000000e-01 1.650317270804325e+00 1.056546549692554e+00
6.450000000000000e-01 1.692232598744148e+00 1.055494785695692e+00
6.500000000000000e-01 1.735205627145031e+00 1.054337215963733e+00
6.550000000000000e-01 1.779263215548615e+00 1.053099371421351e+00
6.600000000000000e-01 1.824432901381847e+00 1.051809721620383e+00
6.650000000000000e-01 1.870742917168772e+00 1.050498610610857e+00
6.700000000000000e-01 1.918222208176775e+00 1.049196897961306e+00
6.750000000000000e-01 1.966900450508319e+00 1.047934372828463e+00
6.800000000000000e-01 2.016808069649473e+00 1.046738049848925e+00
6.850000000000001e-01 2.067976259486829e+00 1.045630489615009e+00
6.900000000000001e-01 2.120437001804702e+00 1.044628306705227e+00
6.950000000000001e-01 2.174223086274785e+00 1.043741029320835e+00
7.000000000000001e-01 2.229368130950753e+00 1.042970454002657e+00
7.050000000000000e-01 2.285906603280654e+00 1.042310597548139e+00
7.100000000000000e-01 2.343873841650178e+00 1.041748290205260e+00
7.150000000000000e-01 2.403306077470301e+00 1.041264385959823e+00
7.200000000000000e-01 2.464240457823092e+00 1.040835495077452e+00
7.250000000000000e-01 2.526715068679855e+00 1.040436079336297e+00
7.300000000000000e-01 2.590768958706095e+00 1.040040699913702e+00
7.350000000000000e-01 2.656442163668210e+00 1.039626179613980e+00
7.400000000000000e-01 2.723775731457148e+00 1.039173441890249e+00
7.450000000000000e-01 2.792811747744667e+00 1.038668823196994e+00
7.500000000000000e-01 2.863593362288260e+00 1.038104722167191e+00
7.550000000000000e-01 2.936164815901156e+00 1.037479541729187e+00
7.600000000000000e-01 3.010571468104263e+00 1.036796983976793e+00
7.650000000000000e-01 3.086859825477351e+00 1.036064852421390e+00
7.700000000000000e-01 3.165077570727174e+00 1.035293581668480e+00
7.750000000000000e-01 3.245273592490716e+00 1.034494735795056e+00
7.800000000000000e-01 3.327498015892184e+00 1.033679690015265e+00
7.850000000000000e-01 3.411802233872832e+00 1.032858644697562e+00
7.900000000000000e-01 3.498238939313234e+00 1.032040035533884e+00
7.950000000000000e-01 3.586862157968046e+00 1.031230321321888e+00
8.000000000000000e-01 3.677727282233856e+00 1.030434070234880e+00
8.050000000000000e-01 3.770891105771243e+00 1.029654236283423e+00
8.100000000000001e-01 3.866411859002656e+00 1.028892519017370e+00
8.150000000000001e-01 3.964349245508326e+00 1.028149722423130e+00
8.200000000000001e-01 4.064764479342956e+00 1.027426061169606e+00
8.250000000000001e-01 4.167720323296481e+00 1.026721392948529e+00
8.300000000000001e-01 4.273281128122877e+00 1.026035377991752e+00
8.350000000000000e-01 4.381512872761445e+00 1.025367579052840e+00
8.400000000000000e-01 4.492483205575838e+00 1.024717518838800e+00
8.450000000000000e-01 4.606261486636447e+00 1.024084710247290e+00
8.500000000000000e-01 4.722918831072739e+00 1.023468670883592e+00
8.550000000000000e-01 4.842528153522501e+00 1.022868929310162e+00
8.600000000000000e-01 4.965164213705875e+00 1.022285027330915e+00
8.650000000000000e-01 5.090903663152626e+00 1.021716520542548e+00
8.700000000000000e-01 5.219825093111814e+00 1.021162978200472e+00
8.750000000000000e-01 5.352009083673925e+00 1.020623982845312e+00
8.800000000000000e-01 5.487538254136007e+00 1.020099129862234e+00
8.850000000000000e-01 5.626497314641444e+00 1.019588027033265e+00
8.900000000000000e-01 5.768973119126561e+00 1.019090294101267e+00
8.950000000000000e-01 5.915054719607133e+00 1.018605562350356e+00
9.000000000000000e-01 6.064833421838831e+00 1.018133474203401e+00
9.050000000000000e-01 6.218402842386253e+00 1.017673682836079e+00
9.100000000000000e-01 6.375858967136348e+00 1.017225851806774e+00
9.150000000000000e-01 6.537300211292723e+00 1.016789654701554e+00
9.200000000000000e-01 6.702827480888332e+00 1.016364774793493e+00
9.250000000000000e-01 6.872544235855034e+00 1.015950904715665e+00
9.300000000000000e-01 7.046556554689444e+00 1.015547746147143e+00
9.350000000000001e-01 7.224973200755413e+00 1.015155009511404e+00
9.400000000000001e-01 7.407905690264673e+00 1.014772413686552e+00
9.450000000000001e-01 7.595468361978146e+00 1.014399685726806e+00
9.500000000000001e-01 7.787778448671316e+00 1.014036560594747e+00
9.550000000000001e-01 7.984956150408610e+00 1.013682780903814e+00
9.600000000000000e-01 8.187124709672272e+00 1.013338096670605e+00
9.650000000000000e-01 8.394410488393007e+00 1.013002265076523e+00
9.700000000000000e-01 8.606943046930221e+00 1.012675050238363e+00
9.750000000000000e-01 8.824855225051540e+00 1.012356222987431e+00
9.800000000000000e-01 9.048283224961922e+00 1.012045560656837e+00
9.850000000000000e-01 9.277366696434507e+00 1.011742846876587e+00
9.900000000000000e-01 9.512248824096272e+00 1.011447871376154e+00
9.950000000000000e-01 9.753076416923058e+00 1.011160429794185e+00
1.000000000000000e+00 1.000000000000000e+01 1.010880323495063e+00
