0.000000000000000e+00 0.000000000000000e+00 1.000000000000000e+00
5.000000000000000e-03 3.369477419287315e-03 1.000000167711262e+00
1.000000000000000e-02 6.741060871647481e-03 1.000000844245646e+00
1.500000000000000e-02 1.011685770649257e-02 1.000001984914172e+00
2.000000000000000e-02 1.349897790673588e-02 1.000003580459262e+00
2.500000000000000e-02 1.688953540759990e-02 1.000005633454887e+00
3.000000000000000e-02 2.029064941789469e-02 1.000008158993751e+00
3.500000000000000e-02 2.370444574459234e-02 1.000011161630177e+00
4.000000000000000e-02 2.713305812152553e-02 1.000014644372320e+00
4.500000000000000e-02 3.057862954304063e-02 1.000018615988874e+00
5.000000000000000e-02 3.404331360343898e-02 1.000023091113834e+00
5.500000000000000e-02 3.752927584304335e-02 1.000028078195748e+00
6.000000000000000e-02 4.103869510173117e-02 1.000033592381633e+00
6.500000000000000e-02 4.457376488078044e-02 1.000039647148077e+00
7.000000000000001e-02 4.813669471387935e-02 1.000046259173737e+00
7.500000000000000e-02 5.172971154815675e-02 1.000053447405902e+00
8.000000000000000e-02 5.535506113609672e-02 1.000061228957420e+00
8.500000000000001e-02 5.901500943920686e-02 1.000069619302669e+00
9.000000000000000e-02 6.271184404431801e-02 1.000078646102878e+00
9.500000000000000e-02 6.644787559340060e-02 1.000088334213688e+00
1.000000000000000e-01 7.022543922779090e-02 1.000098707574590e+00
1.050000000000000e-01 7.404689604773053e-02 1.000109792186044e+00
1.100000000000000e-01 7.791463458813094e-02 1.000121618352924e+00
1.150000000000000e-01 8.183107231148547e-02 1.000134220013345e+00
1.200000000000000e-01 8.579865711886202e-02 1.000147627544153e+00
1.250000000000000e-01 8.981986887992111e-02 1.000161877311563e+00
1.300000000000000e-01 9.389722098291493e-02 1.000177004840433e+00
1.350000000000000e-01 9.803326190563690e-02 1.000193053384297e+00
1.400000000000000e-01 1.022305768083033e-01 1.000210066653624e+00
1.450000000000000e-01 1.064917891493625e-01 1.000228094830358e+00
1.500000000000000e-01 1.108195623252418e-01 1.000247177166851e+00
1.550000000000000e-01 1.152166013350572e-01 1.000267362599033e+00
1.600000000000000e-01 1.196856544713255e-01 1.000288716139937e+00
1.650000000000000e-01 1.242295150377370e-01 1.000311292191922e+00
1.700000000000000e-01 1.288510230950609e-01 1.000335149170761e+00
1.750000000000000e-01 1.335530672362758e-01 1.000360355382841e+00
1.800000000000000e-01 1.383385863920344e-01 1.000386981717457e+00
1.850000000000000e-01 1.432105716675912e-01 1.000415098345184e+00
1.900000000000000e-01 1.481720682123397e-01 1.000444784475983e+00
1.950000000000000e-01 1.532261771231311e-01 1.000476114776961e+00
2.000000000000000e-01 1.583760573825595e-01 1.000509177532633e+00
2.050000000000000e-01 1.636249278334301e-01 1.000544067101595e+00
2.100000000000000e-01 1.689760691906397e-01 1.000580879841938e+00
2.150000000000000e-01 1.744328260917313e-01 1.000619719965788e+00
2.200000000000000e-01 1.799986091874004e-01 1.000660696009447e+00
2.250000000000000e-01 1.856768972732633e-01 1.000703922910425e+00
2.300000000000000e-01 1.914712394642179e-01 1.000749510834917e+00
2.350000000000000e-01 1.973852574127551e-01 1.000797588942800e+00
2.400000000000000e-01 2.034226475726105e-01 1.000848296120986e+00
2.450000000000000e-01 2.095871835091678e-01 1.000901775901967e+00
2.500000000000000e-01 2.158827182580599e-01 1.000958177100452e+00
2.550000000000000e-01 2.223131867334419e-01 1.001017654356225e+00
2.600000000000000e-01 2.288826081874405e-01 1.001080376079386e+00
2.650000000000000e-01 2.355950887223172e-01 1.001146516789511e+00
2.700000000000000e-01 2.424548238569160e-01 1.001216256945205e+00
2.750000000000000e-01 2.494661011489995e-01 1.001289787736309e+00
2.800000000000000e-01 2.566333028751116e-01 1.001367314850693e+00
2.850000000000000e-01 2.639609087696434e-01 1.001449050419962e+00
2.900000000000000e-01 2.714534988248126e-01 1.001535218749243e+00
2.950000000000000e-01 2.791157561533084e-01 1.001626049422032e+00
3.000000000000000e-01 2.869524699153886e-01 1.001721783235330e+00
3.050000000000000e-01 2.949685383122613e-01 1.001822671361890e+00
3.100000000000000e-01 3.031689716476197e-01 1.001928979345569e+00
3.150000000000000e-01 3.115588954592450e-01 1.002040986409830e+00
3.200000000000000e-01 3.201435537226349e-01 1.002158963296375e+00
3.250000000000000e-01 3.289283121286580e-01 1.002283204684631e+00
3.300000000000000e-01 3.379186614372866e-01 1.002414000156733e+00
3.350000000000000e-01 3.471202209094989e-01 1.002551647164318e+00
3.400000000000000e-01 3.565387418195016e-01 1.002696474872230e+00
3.450000000000000e-01 3.661801110494620e-01 1.002848780559865e+00
3.500000000000000e-01 3.760503547690021e-01 1.003008867765314e+00
3.550000000000000e-01 3.861556422017504e-01 1.003177048860819e+00
3.600000000000000e-01 3.965022894813072e-01 1.003353621898335e+00
3.650000000000000e-01 4.070967635990345e-01 1.003538877236192e+00
3.700000000000000e-01 4.179456864461349e-01 1.003733079638852e+00
3.750000000000000e-01 4.290558389525505e-01 1.003936485823905e+00
3.800000000000000e-01 4.404341653252637e-01 1.004149310193983e+00
3.850000000000000e-01 4.520877773886537e-01 1.004371728079572e+00
3.900000000000000e-01 4.640239590296172e-01 1.004603881517756e+00
3.950000000000000e-01 4.762501707502353e-01 1.004845832648790e+00
4.000000000000000e-01 4.887740543308307e-01 1.005097588446354e+00
4.050000000000000e-01 5.016034376063282e-01 1.005359065226403e+00
4.100000000000000e-01 5.147463393589066e-01 1.005630067556443e+00
4.150000000000000e-01 5.282109743299990e-01 1.005910302453466e+00
4.200000000000000e-01 5.420057583547735e-01 1.006199317456533e+00
4.250000000000000e-01 5.561393136223041e-01 1.006496511581443e+00
4.300000000000000e-01 5.706204740647189e-01 1.006801114444195e+00
4.350000000000000e-01 5.854582908786964e-01 1.007112130319291e+00
4.400000000000000e-01 6.006620381827575e-01 1.007428364543987e+00
4.450000000000000e-01 6.162412188138907e-01 1.007748370512859e+00
4.500000000000000e-01 6.322055702671360e-01 1.008070422286963e+00
4.550000000000000e-01 6.485650707818353e-01 1.008392542596278e+00
4.600000000000000e-01 6.653299455783577e-01 1.008712442086296e+00
4.650000000000000e-01 6.825106732491932e-01 1.009027532881397e+00
4.700000000000000e-01 7.001179923084168e-01 1.009334964382986e+00
4.750000000000000e-01 7.181629079036070e-01 1.009631587439726e+00
4.800000000000000e-01 7.366566986944229e-01 1.009914020913556e+00
4.850000000000000e-01 7.556109239021327e-01 1.010178722270556e+00
4.900000000000000e-01 7.750374305345038e-01 1.010422010381145e+00
4.950000000000000e-01 7.949483607905672e-01 1.010640203707748e+00
5.000000000000000e-01 8.153561596498893e-01 1.010829761611309e+00
5.050000000000000e-01 8.362735826510871e-01 1.010987392080622e+00
5.100000000000000e-01 8.577137038644561e-01 1.011110268523236e+00
5.150000000000000e-01 8.796899240636907e-01 1.011196256136301e+00
5.200000000000000e-01 9.022159791018011e-01 1.011244097113837e+00
5.250000000000000e-01 9.253059484964714e-01 1.011253669757780e+00
5.300000000000000e-01 9.489742642302165e-01 1.011226249478182e+00
5.350000000000000e-01 9.732357197708378e-01 1.011164697678733e+00
5.400000000000000e-01 9.981054793178262e-01 1.011073649951483e+00
5.450000000000000e-01 1.023599087280478e+00 1.010959669687275e+00
5.500000000000000e-01 1.049732477993657e+00 1.010831292997765e+00
5.550000000000000e-01 1.076521985677273e+00 1.010698995341763e+00
5.600000000000001e-01 1.103984354645701e+00 1.010575070823222e+00
5.650000000000001e-01 1.132136749773522e+00 1.010473383004989e+00
5.700000000000001e-01 1.160996767224129e+00 1.010409021940103e+00
5.750000000000001e-01 1.190582445447902e+00 1.010397879013640e+00
5.800000000000000e-01 1.220912276456826e+00 1.010456109607149e+00
5.850000000000000e-01 1.252005217382601e+00 1.010599538484059e+00
5.900000000000000e-01 1.283880702325469e+00 1.010843086961803e+00
5.950000000000000e-01 1.316558654501151e+00 1.011200197754889e+00
6.000000000000000e-01 1.350059498693518e+00 1.011682234088584e+00
6.050000000000000e-01 1.384404174020732e+00 1.012297943457754e+00
6.100000000000000e-01 1.419614147022888e+00 1.013053070644569e+00
6.150000000000000e-01 1.455711425079295e+00 1.013950077902771e+00
6.200000000000000e-01 1.492718570163803e+00 1.014987901707961e+00
6.250000000000000e-01 1.530658712946775e+00 1.016161773663627e+00
6.300000000000000e-01 1.569555567252506e+00 1.017463181058514e+00
6.350000000000000e-01 1.609433444881138e+00 1.018879973672612e+00
6.400000000000000e-01 1.650317270804325e+00 1.020396549169262e+00
6.450000000000000e-01 1.692232598744148e+00 1.021994055352450e+00
6.500000000000000e-01 1.735205627145031e+00 1.023650604910171e+00
6.550000000000000e-01 1.779263215548615e+00 1.025341537594588e+00
6.600000000000000e-01 1.824432901381847e+00 1.027039755446549e+00
6.650000000000000e-01 1.870742917168772e+00 1.028716131823913e+00
6.700000000000000e-01 1.918222208176775e+00 1.030339991006338e+00
6.750000000000000e-01 1.966900450508319e+00 1.031879668059071e+00
6.800000000000000e-01 2.016808069649473e+00 1.033303180294941e+00
6.850000000000001e-01 2.067976259486829e+00 1.034579057951894e+00
6.900000000000001e-01 2.120437001804702e+00 1.035677385882718e+00
6.950000000000001e-01 2.174223086274785e+00 1.036571101880243e+00
7.000000000000001e-01 2.229368130950753e+00 1.037237574950604e+00
7.050000000000000e-01 2.285906603280654e+00 1.037660443522830e+00
7.100000000000000e-01 2.343873841650178e+00 1.037831621486892e+00
7.150000000000000e-01 2.403306077470301e+00 1.037753277664637e+00
7.200000000000000e-01 2.464240457823092e+00 1.037439474184729e+00
7.250000000000000e-01 2.526715068679855e+00 1.036917043680632e+00
7.300000000000000e-01 2.590768958706095e+00 1.036225246024211e+00
7.350000000000000e-01 2.656442163668210e+00 1.035413827777404e+00
7.400000000000000e-01 2.723775731457148e+00 1.034539342525107e+00
7.450000000000000e-01 2.792811747744667e+00 1.033659954852366e+00
7.500000000000000e-01 2.863593362288260e+00 1.032829358463696e+00
7.550000000000000e-01 2.936164815901156e+00 1.032090762661175e+00
7.600000000000000e-01 3.010571468104263e+00 1.031472023278493e+00
7.650000000000000e-01 3.086859825477351e+00 1.030982856822340e+00
7.700000000000000e-01 3.165077570727174e+00 1.030614706211399e+00
7.750000000000000e-01 3.245273592490716e+00 1.030343317313879e+00
7.800000000000000e-01 3.327498015892184e+00 1.030133559849199e+00
7.850000000000000e-01 3.411802233872832e+00 1.029945597278477e+00
7.900000000000000e-01 3.498238939313234e+00 1.029741263249874e+00
7.950000000000000e-01 3.586862157968046e+00 1.029489489756252e+00
8.000000000000000e-01 3.677727282233856e+00 1.029169868607130e+00
8.050000000000000e-01 3.770891105771243e+00 1.028773873721564e+00
8.100000000000001e-01 3.866411859002656e+00 1.028303823027195e+00
8.150000000000001e-01 3.964349245508326e+00 1.027770162295615e+00
8.200000000000001e-01 4.064764479342956e+00 1.027187958053733e+00
8.250000000000001e-01 4.167720323296481e+00 1.026573509474843e+00
8.300000000000001e-01 4.273281128122877e+00 1.025941754363297e+00
8.350000000000000e-01 4.381512872761445e+00 1.025304770558053e+00
8.400000000000000e-01 4.492483205575838e+00 1.024671313088846e+00
8.450000000000000e-01 4.606261486636447e+00 1.024047093720843e+00
8.500000000000000e-01 4.722918831072739e+00 1.023435440037880e+00
8.550000000000000e-01 4.842528153522501e+00 1.022838030909092e+00
8.600000000000000e-01 4.965164213705875e+00 1.022255524416110e+00
8.650000000000000e-01 5.090903663152626e+00 1.021688009636216e+00
8.700000000000000e-01 5.219825093111814e+00 1.021135290686713e+00
8.750000000000000e-01 5.352009083673925e+00 1.020597045472396e+00
8.800000000000000e-01 5.487538254136007e+00 1.020072905233545e+00
8.850000000000000e-01 5.626497314641444e+00 1.019562490400949e+00
8.900000000000000e-01 5.768973119126561e+00 1.019065425085475e+00
8.950000000000000e-01 5.915054719607133e+00 1.018581342229218e+00
9.000000000000000e-01 6.064833421838831e+00 1.018109885093018e+00
9.050000000000000e-01 6.218402842386253e+00 1.017650707454079e+00
9.100000000000000e-01 6.375858967136348e+00 1.017203473400184e+00
9.150000000000000e-01 6.537300211292723e+00 1.016767857017155e+00
9.200000000000000e-01 6.702827480888332e+00 1.016343542058577e+00
9.250000000000000e-01 6.872544235855034e+00 1.015930221621500e+00
9.300000000000000e-01 7.046556554689444e+00 1.015527597833465e+00
9.350000000000001e-01 7.224973200755413e+00 1.015135381551582e+00
9.400000000000001e-01 7.407905690264673e+00 1.014753292073327e+00
9.450000000000001e-01 7.595468361978146e+00 1.014381056858591e+00
9.500000000000001e-01 7.787778448671316e+00 1.014018411262442e+00
9.550000000000001e-01 7.984956150408610e+00 1.013665098278125e+00
9.600000000000000e-01 8.187124709672272e+00 1.013320868289835e+00
9.650000000000000e-01 8.394410488393007e+00 1.012985478834822e+00
9.700000000000000e-01 8.606943046930221e+00 1.012658694374412e+00
9.750000000000000e-01 8.824855225051540e+00 1.012340286073542e+00
9.800000000000000e-01 9.048283224961922e+00 1.012030031588455e+00
9.850000000000000e-01 9.277366696434507e+00 1.011727714862170e+00
9.900000000000000e-01 9.512248824096272e+00 1.011433125927417e+00
9.950000000000000e-01 9.753076416923058e+00 1.011146060716698e+00
1.000000000000000e+00 1.000000000000000e+01 1.010866320879180e+00
