0.000000000000000e+00 0.000000000000000e+00 1.000000000000000e+00
5.000000000000000e-03 3.369477419287315e-03 1.000003299930875e+00
1.000000000000000e-02 6.741060871647481e-03 1.000016482730879e+00
1.500000000000000e-02 1.011685770649257e-02 1.000038444893794e+00
2.000000000000000e-02 1.349897790673588e-02 1.000069281202139e+00
2.500000000000000e-02 1.688953540759990e-02 1.000109058263573e+00
3.000000000000000e-02 2.029064941789469e-02 1.000157856898504e+00
3.500000000000000e-02 2.370444574459234e-02 1.000215778909102e+00
4.000000000000000e-02 2.713305812152553e-02 1.000282967618515e+00
4.500000000000000e-02 3.057862954304063e-02 1.000359578591429e+00
5.000000000000000e-02 3.404331360343898e-02 1.000445764304665e+00
5.500000000000000e-02 3.752927584304335e-02 1.000541732812049e+00
6.000000000000000e-02 4.103869510173117e-02 1.000647693748134e+00
6.500000000000000e-02 4.457376488078044e-02 1.000763870539798e+00
7.000000000000001e-02 4.813669471387935e-02 1.000890532563564e+00
7.500000000000000e-02 5.172971154815675e-02 1.001027945703996e+00
8.000000000000000e-02 5.535506113609672e-02 1.001176433138465e+00
8.500000000000001e-02 5.901500943920686e-02 1.001336327854286e+00
9.000000000000000e-02 6.271184404431801e-02 1.001507934208798e+00
9.500000000000000e-02 6.644787559340060e-02 1.001691647295968e+00
1.000000000000000e-01 7.022543922779090e-02 1.001887875149763e+00
1.050000000000000e-01 7.404689604773053e-02 1.002097008910916e+00
1.100000000000000e-01 7.791463458813094e-02 1.002319512804131e+00
1.150000000000000e-01 8.183107231148547e-02 1.002555858137978e+00
1.200000000000000e-01 8.579865711886202e-02 1.002806527521615e+00
1.250000000000000e-01 8.981986887992111e-02 1.003072046045365e+00
1.300000000000000e-01 9.389722098291493e-02 1.003352957518101e+00
1.350000000000000e-01 9.803326190563690e-02 1.003649845225646e+00
1.400000000000000e-01 1.022305768083033e-01 1.003963299888616e+00
1.450000000000000e-01 1.064917891493625e-01 1.004293940742761e+00
1.500000000000000e-01 1.108195623252418e-01 1.004642436649330e+00
1.550000000000000e-01 1.152166013350572e-01 1.005009454628779e+00
1.600000000000000e-01 1.196856544713255e-01 1.005395704890975e+00
1.650000000000000e-01 1.242295150377370e-01 1.005801931595781e+00
1.700000000000000e-01 1.288510230950609e-01 1.006228877998415e+00
1.750000000000000e-01 1.335530672362758e-01 1.006677342030177e+00
1.800000000000000e-01 1.383385863920344e-01 1.007148135748984e+00
1.850000000000000e-01 1.432105716675912e-01 1.007642081399795e+00
1.900000000000000e-01 1.481720682123397e-01 1.008160058418293e+00
1.950000000000000e-01 1.532261771231311e-01 1.008702943179780e+00
2.000000000000000e-01 1.583760573825595e-01 1.009271633557424e+00
2.050000000000000e-01 1.636249278334301e-01 1.009867075075827e+00
2.100000000000000e-01 1.689760691906397e-01 1.010490195154209e+00
2.150000000000000e-01 1.744328260917313e-01 1.011141950846134e+00
2.200000000000000e-01 1.799986091874004e-01 1.011823334717962e+00
2.250000000000000e-01 1.856768972732633e-01 1.012535311172350e+00
2.300000000000000e-01 1.914712394642179e-01 1.013278875938830e+00
2.350000000000000e-01 1.973852574127551e-01 1.014055043480038e+00
2.400000000000000e-01 2.034226475726105e-01 1.014864783731163e+00
2.450000000000000e-01 2.095871835091678e-01 1.015709089459531e+00
2.500000000000000e-01 2.158827182580599e-01 1.016588958261570e+00
2.550000000000000e-01 2.223131867334419e-01 1.017505326217724e+00
2.600000000000000e-01 2.288826081874405e-01 1.018459135807806e+00
2.650000000000000e-01 2.355950887223172e-01 1.019451319177325e+00
2.700000000000000e-01 2.424548238569160e-01 1.020482717292299e+00
2.750000000000000e-01 2.494661011489995e-01 1.021554144204485e+00
2.800000000000000e-01 2.566333028751116e-01 1.022666393846921e+00
2.850000000000000e-01 2.639609087696434e-01 1.023820142977123e+00
2.900000000000000e-01 2.714534988248126e-01 1.025015988991591e+00
2.950000000000000e-01 2.791157561533084e-01 1.026254488983453e+00
3.000000000000000e-01 2.869524699153886e-01 1.027536058111814e+00
3.050000000000000e-01 2.949685383122613e-01 1.028860959911644e+00
3.100000000000000e-01 3.031689716476197e-01 1.030229383305929e+00
3.150000000000000e-01 3.115588954592450e-01 1.031641373132017e+00
3.200000000000000e-01 3.201435537226349e-01 1.033096741639031e+00
3.250000000000000e-01 3.289283121286580e-01 1.034595134980169e+00
3.300000000000000e-01 3.379186614372866e-01 1.036136058352909e+00
3.350000000000000e-01 3.471202209094989e-01 1.037718760124355e+00
3.400000000000000e-01 3.565387418195016e-01 1.039342192562187e+00
3.450000000000000e-01 3.661801110494620e-01 1.041005091574771e+00
3.500000000000000e-01 3.760503547690021e-01 1.042705963261392e+00
3.550000000000000e-01 3.861556422017504e-01 1.044442965837508e+00
3.600000000000000e-01 3.965022894813072e-01 1.046213883982177e+00
3.650000000000000e-01 4.070967635990345e-01 1.048016206241491e+00
3.700000000000000e-01 4.179456864461349e-01 1.049847125161014e+00
3.750000000000000e-01 4.290558389525505e-01 1.051703428742629e+00
3.800000000000000e-01 4.404341653252637e-01 1.053581444049893e+00
3.850000000000000e-01 4.520877773886537e-01 1.055477102225674e+00
3.900000000000000e-01 4.640239590296172e-01 1.057385994445650e+00
3.950000000000000e-01 4.762501707502353e-01 1.059303318860122e+00
4.000000000000000e-01 4.887740543308307e-01 1.061223801355974e+00
4.050000000000000e-01 5.016034376063282e-01 1.063141691239560e+00
4.100000000000000e-01 5.147463393589066e-01 1.065050811909033e+00
4.150000000000000e-01 5.282109743299990e-01 1.066944621181920e+00
4.200000000000000e-01 5.420057583547735e-01 1.068816241186024e+00
4.250000000000000e-01 5.561393136223041e-01 1.070658430798155e+00
4.300000000000000e-01 5.706204740647189e-01 1.072463571557851e+00
4.350000000000000e-01 5.854582908786964e-01 1.074223701701966e+00
4.400000000000000e-01 6.006620381827575e-01 1.075930557996809e+00
4.450000000000000e-01 6.162412188138907e-01 1.077575656802187e+00
4.500000000000000e-01 6.322055702671360e-01 1.079150363456767e+00
4.550000000000000e-01 6.485650707818353e-01 1.080645958091703e+00
4.600000000000000e-01 6.653299455783577e-01 1.082053709719939e+00
4.650000000000000e-01 6.825106732491932e-01 1.083364943344826e+00
4.700000000000000e-01 7.001179923084168e-01 1.084571125508451e+00
4.750000000000000e-01 7.181629079036070e-01 1.085663950525548e+00
4.800000000000000e-01 7.366566986944229e-01 1.086635439738679e+00
4.850000000000000e-01 7.556109239021327e-01 1.087478044669321e+00
4.900000000000000e-01 7.750374305345038e-01 1.088184757275948e+00
4.950000000000000e-01 7.949483607905672e-01 1.088749224111321e+00
5.000000000000000e-01 8.153561596498893e-01 1.089165864400781e+00
5.050000000000000e-01 8.362735826510871e-01 1.089429990573915e+00
5.100000000000000e-01 8.577137038644561e-01 1.089537930193048e+00
5.150000000000000e-01 8.796899240636907e-01 1.089487147725686e+00
5.200000000000000e-01 9.022159791018011e-01 1.089276364338442e+00
5.250000000000000e-01 9.253059484964714e-01 1.088905673426651e+00
5.300000000000000e-01 9.489742642302165e-01 1.088376649082960e+00
5.350000000000000e-01 9.732357197708378e-01 1.087692444106163e+00
5.400000000000000e-01 9.981054793178262e-01 1.086857873489190e+00
5.450000000000000e-01 1.023599087280478e+00 1.085879478628979e+00
5.500000000000000e-01 1.049732477993657e+00 1.084765566820336e+00
5.550000000000000e-01 1.076521985677273e+00 1.083526219998709e+00
5.600000000000001e-01 1.103984354645701e+00 1.082173266270225e+00
5.650000000000001e-01 1.132136749773522e+00 1.080720207615968e+00
5.700000000000001e-01 1.160996767224129e+00 1.079182097396723e+00
5.750000000000001e-01 1.190582445447902e+00 1.077575362032173e+00
5.800000000000000e-01 1.220912276456826e+00 1.075917562591161e+00
5.850000000000000e-01 1.252005217382601e+00 1.074227094086603e+00
5.900000000000000e-01 1.283880702325469e+00 1.072522823053689e+00
5.950000000000000e-01 1.316558654501151e+00 1.070823667473963e+00
6.000000000000000e-01 1.350059498693518e+00 1.069148127183444e+00
6.050000000000000e-01 1.384404174020732e+00 1.067513777376423e+00
6.100000000000000e-01 1.419614147022888e+00 1.065936742407598e+00
6.150000000000000e-01 1.455711425079295e+00 1.064431171447874e+00
6.200000000000000e-01 1.492718570163803e+00 1.063008741252946e+00
6.250000000000000e-01 1.530658712946775e+00 1.061678213924665e+00
6.300000000000000e-01 1.569555567252506e+00 1.060445078662250e+00
6.350000000000000e-01 1.609433444881138e+00 1.059311305744683e+00
6.400000000000000e-01 1.650317270804325e+00 1.058275238077603e+00
6.450000000000000e-01 1.692232598744148e+00 1.057331640421084e+00
6.500000000000000e-01 1.735205627145031e+00 1.056471918884165e+00
6.550000000000000e-01 1.779263215548615e+00 1.055684513602563e+00
6.600000000000000e-01 1.824432901381847e+00 1.054955456088865e+00
6.650000000000000e-01 1.870742917168772e+00 1.054269070175081e+00
6.700000000000000e-01 1.918222208176775e+00 1.053608782629681e+00
6.750000000000000e-01 1.966900450508319e+00 1.052957997562958e+00
6.800000000000000e-01 2.016808069649473e+00 1.052300979005450e+00
6.850000000000001e-01 2.067976259486829e+00 1.051623680057547e+00
6.900000000000001e-01 2.120437001804702e+00 1.050914456217670e+00
6.950000000000001e-01 2.174223086274785e+00 1.050164606033099e+00
7.000000000000001e-01 2.229368130950753e+00 1.049368694562437e+00
7.050000000000000e-01 2.285906603280654e+00 1.048524633807472e+00
7.100000000000000e-01 2.343873841650178e+00 1.047633517618254e+00
7.150000000000000e-01 2.403306077470301e+00 1.046699233821199e+00
7.200000000000000e-01 2.464240457823092e+00 1.045727899887351e+00
7.250000000000000e-01 2.526715068679855e+00 1.044727186588629e+00
7.300000000000000e-01 2.590768958706095e+00 1.043705603645924e+00
7.350000000000000e-01 2.656442163668210e+00 1.042671820610817e+00
7.400000000000000e-01 2.723775731457148e+00 1.041634085307633e+00
7.450000000000000e-01 2.792811747744667e+00 1.040599783233798e+00
7.500000000000000e-01 2.863593362288260e+00 1.039575158045123e+00
7.550000000000000e-01 2.936164815901156e+00 1.038565189990718e+00
7.600000000000000e-01 3.010571468104263e+00 1.037573609922189e+00
7.650000000000000e-01 3.086859825477351e+00 1.036603014062274e+00
7.700000000000000e-01 3.165077570727174e+00 1.035655040109672e+00
7.750000000000000e-01 3.245273592490716e+00 1.034730567749284e+00
7.800000000000000e-01 3.327498015892184e+00 1.033829914186144e+00
7.850000000000000e-01 3.411802233872832e+00 1.032953005287951e+00
7.900000000000000e-01 3.498238939313234e+00 1.032099512817483e+00
7.950000000000000e-01 3.586862157968046e+00 1.031268956274150e+00
8.000000000000000e-01 3.677727282233856e+00 1.030460773188785e+00
8.050000000000000e-01 3.770891105771243e+00 1.029674364329519e+00
8.100000000000001e-01 3.866411859002656e+00 1.028909120755368e+00
8.150000000000001e-01 3.964349245508326e+00 1.028164438804443e+00
8.200000000000001e-01 4.064764479342956e+00 1.027439727678531e+00
8.250000000000001e-01 4.167720323296481e+00 1.026734412825647e+00
8.300000000000001e-01 4.273281128122877e+00 1.026047937118226e+00
8.350000000000000e-01 4.381512872761445e+00 1.025379760967227e+00
8.400000000000000e-01 4.492483205575838e+00 1.024729361969536e+00
8.450000000000000e-01 4.606261486636447e+00 1.024096234376120e+00
8.500000000000000e-01 4.722918831072739e+00 1.023479888507827e+00
8.550000000000000e-01 4.842528153522501e+00 1.022879850169822e+00
8.600000000000000e-01 4.965164213705875e+00 1.022295660082945e+00
8.650000000000000e-01 5.090903663152626e+00 1.021726873337433e+00
8.700000000000000e-01 5.219825093111814e+00 1.021173058869835e+00
8.750000000000000e-01 5.352009083673925e+00 1.020633798962499e+00
8.800000000000000e-01 5.487538254136007e+00 1.020108688764627e+00
8.850000000000000e-01 5.626497314641444e+00 1.019597335833825e+00
8.900000000000000e-01 5.768973119126561e+00 1.019099359697115e+00
8.950000000000000e-01 5.915054719607133e+00 1.018614391430429e+00
9.000000000000000e-01 6.064833421838831e+00 1.018142073255666e+00
9.050000000000000e-01 6.218402842386253e+00 1.017682058154439e+00
9.100000000000000e-01 6.375858967136348e+00 1.017234009497684e+00
9.150000000000000e-01 6.537300211292723e+00 1.016797600690369e+00
9.200000000000000e-01 6.702827480888332e+00 1.016372514830570e+00
9.250000000000000e-01 6.872544235855034e+00 1.015958444382215e+00
9.300000000000000e-01 7.046556554689444e+00 1.015555090860860e+00
9.350000000000001e-01 7.224973200755413e+00 1.015162164531872e+00
9.400000000000001e-01 7.407905690264673e+00 1.014779384120440e+00
9.450000000000001e-01 7.595468361978146e+00 1.014406476532869e+00
9.500000000000001e-01 7.787778448671316e+00 1.014043176588632e+00
9.550000000000001e-01 7.984956150408610e+00 1.013689226762686e+00
9.600000000000000e-01 8.187124709672272e+00 1.013344376937599e+00
9.650000000000000e-01 8.394410488393007e+00 1.013008384165029e+00
9.700000000000000e-01 8.606943046930221e+00 1.012681012436150e+00
9.750000000000000e-01 8.824855225051540e+00 1.012362032460627e+00
9.800000000000000e-01 9.048283224961922e+00 1.012051221453752e+00
9.850000000000000e-01 9.277366696434507e+00 1.011748362931410e+00
9.900000000000000e-01 9.512248824096272e+00 1.011453246512502e+00
9.950000000000000e-01 9.753076416923058e+00 1.011165667728538e+00
1.000000000000000e+00 1.000000000000000e+01 1.010885427840069e+00
