0.000000000000000e+00 0.000000000000000e+00 1.000000000000000e+00
5.000000000000000e-03 3.369477419287315e-03 1.000000000003164e+00
1.000000000000000e-02 6.741060871647481e-03 1.000000000008590e+00
1.500000000000000e-02 1.011685770649257e-02 1.000000000049670e+00
2.000000000000000e-02 1.349897790673588e-02 1.000000000100254e+00
2.500000000000000e-02 1.688953540759990e-02 1.000000000140149e+00
3.000000000000000e-02 2.029064941789469e-02 1.000000000193038e+00
3.500000000000000e-02 2.370444574459234e-02 1.000000000267726e+00
4.000000000000000e-02 2.713305812152553e-02 1.000000000343975e+00
4.500000000000000e-02 3.057862954304063e-02 1.000000000450933e+00
5.000000000000000e-02 3.404331360343898e-02 1.000000000571555e+00
5.500000000000000e-02 3.752927584304335e-02 1.000000000697756e+00
6.000000000000000e-02 4.103869510173117e-02 1.000000000838032e+00
6.500000000000000e-02 4.457376488078044e-02 1.000000000984803e+00
7.000000000000001e-02 4.813669471387935e-02 1.000000001142541e+00
7.500000000000000e-02 5.172971154815675e-02 1.000000001321102e+00
8.000000000000000e-02 5.535506113609672e-02 1.000000001524898e+00
8.500000000000001e-02 5.901500943920686e-02 1.000000001757805e+00
9.000000000000000e-02 6.271184404431801e-02 1.000000002016953e+00
9.500000000000000e-02 6.644787559340060e-02 1.000000002297734e+00
1.000000000000000e-01 7.022543922779090e-02 1.000000002589181e+00
1.050000000000000e-01 7.404689604773053e-02 1.000000002898534e+00
1.100000000000000e-01 7.791463458813094e-02 1.000000003212433e+00
1.150000000000000e-01 8.183107231148547e-02 1.000000003535867e+00
1.200000000000000e-01 8.579865711886202e-02 1.000000003889617e+00
1.250000000000000e-01 8.981986887992111e-02 1.000000004290825e+00
1.300000000000000e-01 9.389722098291493e-02 1.000000004723075e+00
1.350000000000000e-01 9.803326190563690e-02 1.000000005192457e+00
1.400000000000000e-01 1.022305768083033e-01 1.000000005697838e+00
1.450000000000000e-01 1.064917891493625e-01 1.000000006222081e+00
1.500000000000000e-01 1.108195623252418e-01 1.000000006799114e+00
1.550000000000000e-01 1.152166013350572e-01 1.000000007440760e+00
1.600000000000000e-01 1.196856544713255e-01 1.000000008111880e+00
1.650000000000000e-01 1.242295150377370e-01 1.000000008822973e+00
1.700000000000000e-01 1.288510230950609e-01 1.000000009613424e+00
1.750000000000000e-01 1.335530672362758e-01 1.000000010475469e+00
1.800000000000000e-01 1.383385863920344e-01 1.000000011387596e+00
1.850000000000000e-01 1.432105716675912e-01 1.000000012358359e+00
1.900000000000000e-01 1.481720682123397e-01 1.000000013408811e+00
1.950000000000000e-01 1.532261771231311e-01 1.000000014530050e+00
2.000000000000000e-01 1.583760573825595e-01 1.000000015764651e+00
2.050000000000000e-01 1.636249278334301e-01 1.000000017086820e+00
2.100000000000000e-01 1.689760691906397e-01 1.000000018507894e+00
2.150000000000000e-01 1.744328260917313e-01 1.000000020046469e+00
2.200000000000000e-01 1.799986091874004e-01 1.000000021711444e+00
2.250000000000000e-01 1.856768972732633e-01 1.000000023538443e+00
2.300000000000000e-01 1.914712394642179e-01 1.000000025546433e+00
2.350000000000000e-01 1.973852574127551e-01 1.000000027757237e+00
2.400000000000000e-01 2.034226475726105e-01 1.000000030173455e+00
2.450000000000000e-01 2.095871835091678e-01 1.000000032816284e+00
2.500000000000000e-01 2.158827182580599e-01 1.000000035669948e+00
2.550000000000000e-01 2.223131867334419e-01 1.000000038750971e+00
2.600000000000000e-01 2.288826081874405e-01 1.000000042133334e+00
2.650000000000000e-01 2.355950887223172e-01 1.000000045901537e+00
2.700000000000000e-01 2.424548238569160e-01 1.000000049991603e+00
2.750000000000000e-01 2.494661011489995e-01 1.000000054482844e+00
2.800000000000000e-01 2.566333028751116e-01 1.000000059501313e+00
2.850000000000000e-01 2.639609087696434e-01 1.000000065067653e+00
2.900000000000000e-01 2.714534988248126e-01 1.000000071223971e+00
2.950000000000000e-01 2.791157561533084e-01 1.000000078039402e+00
3.000000000000000e-01 2.869524699153886e-01 1.000000085564732e+00
3.050000000000000e-01 2.949685383122613e-01 1.000000093878292e+00
3.100000000000000e-01 3.031689716476197e-01 1.000000103180212e+00
3.150000000000000e-01 3.115588954592450e-01 1.000000113521146e+00
3.200000000000000e-01 3.201435537226349e-01 1.000000125138516e+00
3.250000000000000e-01 3.289283121286580e-01 1.000000138230005e+00
3.300000000000000e-01 3.379186614372866e-01 1.000000152905867e+00
3.350000000000000e-01 3.471202209094989e-01 1.000000169306545e+00
3.400000000000000e-01 3.565387418195016e-01 1.000000187760651e+00
3.450000000000000e-01 3.661801110494620e-01 1.000000208736861e+00
3.500000000000000e-01 3.760503547690021e-01 1.000000232430343e+00
3.550000000000000e-01 3.861556422017504e-01 1.000000259238123e+00
3.600000000000000e-01 3.965022894813072e-01 1.000000289635326e+00
3.650000000000000e-01 4.070967635990345e-01 1.000000324294828e+00
3.700000000000000e-01 4.179456864461349e-01 1.000000363849223e+00
3.750000000000000e-01 4.290558389525505e-01 1.000000409051795e+00
3.800000000000000e-01 4.404341653252637e-01 1.000000460853657e+00
3.850000000000000e-01 4.520877773886537e-01 1.000000520258179e+00
3.900000000000000e-01 4.640239590296172e-01 1.000000588708515e+00
3.950000000000000e-01 4.762501707502353e-01 1.000000667614900e+00
4.000000000000000e-01 4.887740543308307e-01 1.000000758906851e+00
4.050000000000000e-01 5.016034376063282e-01 1.000000864732859e+00
4.100000000000000e-01 5.147463393589066e-01 1.000000987561160e+00
4.150000000000000e-01 5.282109743299990e-01 1.000001130540046e+00
4.200000000000000e-01 5.420057583547735e-01 1.000001297337984e+00
4.250000000000000e-01 5.561393136223041e-01 1.000001492545682e+00
4.300000000000000e-01 5.706204740647189e-01 1.000001721388034e+00
4.350000000000000e-01 5.854582908786964e-01 1.000001990515241e+00
4.400000000000000e-01 6.006620381827575e-01 1.000002307490370e+00
4.450000000000000e-01 6.162412188138907e-01 1.000002681669589e+00
4.500000000000000e-01 6.322055702671360e-01 1.000003124821619e+00
4.550000000000000e-01 6.485650707818353e-01 1.000003650415840e+00
4.600000000000000e-01 6.653299455783577e-01 1.000004275763112e+00
4.650000000000000e-01 6.825106732491932e-01 1.000005021256966e+00
4.700000000000000e-01 7.001179923084168e-01 1.000005911896624e+00
4.750000000000000e-01 7.181629079036070e-01 1.000006978823106e+00
4.800000000000000e-01 7.366566986944229e-01 1.000008259141560e+00
4.850000000000000e-01 7.556109239021327e-01 1.000009799687742e+00
4.900000000000000e-01 7.750374305345038e-01 1.000011656835145e+00
4.950000000000000e-01 7.949483607905672e-01 1.000013900164098e+00
5.000000000000000e-01 8.153561596498893e-01 1.000016616377247e+00
5.050000000000000e-01 8.362735826510871e-01 1.000019910186747e+00
5.100000000000000e-01 8.577137038644561e-01 1.000023912954488e+00
5.150000000000000e-01 8.796899240636907e-01 1.000028785578523e+00
5.200000000000000e-01 9.022159791018011e-01 1.000034725602855e+00
5.250000000000000e-01 9.253059484964714e-01 1.000041979834544e+00
5.300000000000000e-01 9.489742642302165e-01 1.000050848999385e+00
5.350000000000000e-01 9.732357197708378e-01 1.000061705763633e+00
5.400000000000000e-01 9.981054793178262e-01 1.000075010726347e+00
5.450000000000000e-01 1.023599087280478e+00 1.000091325182697e+00
5.500000000000000e-01 1.049732477993657e+00 1.000111343449088e+00
5.550000000000000e-01 1.076521985677273e+00 1.000135913917334e+00
5.600000000000001e-01 1.103984354645701e+00 1.000166066975370e+00
5.650000000000001e-01 1.132136749773522e+00 1.000203063488163e+00
5.700000000000001e-01 1.160996767224129e+00 1.000248422588410e+00
5.750000000000001e-01 1.190582445447902e+00 1.000303966805614e+00
5.800000000000000e-01 1.220912276456826e+00 1.000371882529491e+00
5.850000000000000e-01 1.252005217382601e+00 1.000454745437378e+00
5.900000000000000e-01 1.283880702325469e+00 1.000555565529617e+00
5.950000000000000e-01 1.316558654501151e+00 1.000677832061611e+00
6.000000000000000e-01 1.350059498693518e+00 1.000825491034028e+00
6.050000000000000e-01 1.384404174020732e+00 1.001002920832972e+00
6.100000000000000e-01 1.419614147022888e+00 1.001214873912028e+00
6.150000000000000e-01 1.455711425079295e+00 1.001466282940280e+00
6.200000000000000e-01 1.492718570163803e+00 1.001762000363709e+00
6.250000000000000e-01 1.530658712946775e+00 1.002106453174650e+00
6.300000000000000e-01 1.569555567252506e+00 1.002503072633258e+00
6.350000000000000e-01 1.609433444881138e+00 1.002953567850476e+00
6.400000000000000e-01 1.650317270804325e+00 1.003457118805065e+00
6.450000000000000e-01 1.692232598744148e+00 1.004009388465393e+00
6.500000000000000e-01 1.735205627145031e+00 1.004601459392618e+00
6.550000000000000e-01 1.779263215548615e+00 1.005219001928706e+00
6.600000000000000e-01 1.824432901381847e+00 1.005841838358404e+00
6.650000000000000e-01 1.870742917168772e+00 1.006444141265045e+00
6.700000000000000e-01 1.918222208176775e+00 1.006995795845881e+00
6.750000000000000e-01 1.966900450508319e+00 1.007465312769408e+00
6.800000000000000e-01 2.016808069649473e+00 1.007824207234644e+00
6.850000000000001e-01 2.067976259486829e+00 1.008052409934543e+00
6.900000000000001e-01 2.120437001804702e+00 1.008143864856425e+00
6.950000000000001e-01 2.174223086274785e+00 1.008110936392918e+00
7.000000000000001e-01 2.229368130950753e+00 1.007986154657872e+00
7.050000000000000e-01 2.285906603280654e+00 1.007820451192532e+00
7.100000000000000e-01 2.343873841650178e+00 1.007677967379984e+00
7.150000000000000e-01 2.403306077470301e+00 1.007628346118929e+00
7.200000000000000e-01 2.464240457823092e+00 1.007738007218418e+00
7.250000000000000e-01 2.526715068679855e+00 1.008062097003419e+00
7.300000000000000e-01 2.590768958706095e+00 1.008638454899573e+00
7.350000000000000e-01 2.656442163668210e+00 1.009484224898832e+00
7.400000000000000e-01 2.723775731457148e+00 1.010595039455977e+00
7.450000000000000e-01 2.792811747744667e+00 1.011946259610361e+00
7.500000000000000e-01 2.863593362288260e+00 1.013495581791203e+00
7.550000000000000e-01 2.936164815901156e+00 1.015186352766087e+00
7.600000000000000e-01 3.010571468104263e+00 1.016951102592375e+00
7.650000000000000e-01 3.086859825477351e+00 1.018715040154551e+00
7.700000000000000e-01 3.165077570727174e+00 1.020399510924495e+00
7.750000000000000e-01 3.245273592490716e+00 1.021925694019972e+00
7.800000000000000e-01 3.327498015892184e+00 1.023219119362642e+00
7.850000000000000e-01 3.411802233872832e+00 1.024215759901056e+00
7.900000000000000e-01 3.498238939313234e+00 1.024870127741334e+00
7.950000000000000e-01 3.586862157968046e+00 1.025164655580581e+00
8.000000000000000e-01 3.677727282233856e+00 1.025117882554264e+00
8.050000000000000e-01 3.770891105771243e+00 1.024787575806751e+00
8.100000000000001e-01 3.866411859002656e+00 1.024265223621528e+00
8.150000000000001e-01 3.964349245508326e+00 1.023660921886450e+00
8.200000000000001e-01 4.064764479342956e+00 1.023081622064951e+00
8.250000000000001e-01 4.167720323296481e+00 1.022608968136548e+00
8.300000000000001e-01 4.273281128122877e+00 1.022283712355119e+00
8.350000000000000e-01 4.381512872761445e+00 1.022101547321564e+00
8.400000000000000e-01 4.492483205575838e+00 1.022021161116677e+00
8.450000000000000e-01 4.606261486636447e+00 1.021981137198464e+00
8.500000000000000e-01 4.722918831072739e+00 1.021919586173740e+00
8.550000000000000e-01 4.842528153522501e+00 1.021790089983626e+00
8.600000000000000e-01 4.965164213705875e+00 1.021569683679454e+00
8.650000000000000e-01 5.090903663152626e+00 1.021258154459359e+00
8.700000000000000e-01 5.219825093111814e+00 1.020871201776210e+00
8.750000000000000e-01 5.352009083673925e+00 1.020431537208210e+00
8.800000000000000e-01 5.487538254136007e+00 1.019961460680816e+00
8.850000000000000e-01 5.626497314641444e+00 1.019478637119433e+00
8.900000000000000e-01 5.768973119126561e+00 1.018994959205549e+00
8.950000000000000e-01 5.915054719607133e+00 1.018517359136488e+00
9.000000000000000e-01 6.064833421838831e+00 1.018049329385159e+00
9.050000000000000e-01 6.218402842386253e+00 1.017592336746343e+00
9.100000000000000e-01 6.375858967136348e+00 1.017146811966846e+00
9.150000000000000e-01 6.537300211292723e+00 1.016712721437275e+00
9.200000000000000e-01 6.702827480888332e+00 1.016289849977434e+00
9.250000000000000e-01 6.872544235855034e+00 1.015877922814179e+00
9.300000000000000e-01 7.046556554689444e+00 1.015476651892283e+00
9.350000000000001e-01 7.224973200755413e+00 1.015085751370818e+00
9.400000000000001e-01 7.407905690264673e+00 1.014704942115036e+00
9.450000000000001e-01 7.595468361978146e+00 1.014333952716061e+00
9.500000000000001e-01 7.787778448671316e+00 1.013972519540899e+00
9.550000000000001e-01 7.984956150408610e+00 1.013620386546050e+00
9.600000000000000e-01 8.187124709672272e+00 1.013277305045209e+00
9.650000000000000e-01 8.394410488393007e+00 1.012943033474982e+00
9.700000000000000e-01 8.606943046930221e+00 1.012617337167397e+00
9.750000000000000e-01 8.824855225051540e+00 1.012299988130557e+00
9.800000000000000e-01 9.048283224961922e+00 1.011990764837341e+00
9.850000000000000e-01 9.277366696434507e+00 1.011689452021844e+00
9.900000000000000e-01 9.512248824096272e+00 1.011395840483230e+00
9.950000000000000e-01 9.753076416923058e+00 1.011109726896680e+00
1.000000000000000e+00 1.000000000000000e+01 1.010830913631148e+00
