0.000000000000000e+00 0.000000000000000e+00 1.000000000000000e+00
5.000000000000000e-03 3.369477419287315e-03 1.000000000009015e+00
1.000000000000000e-02 6.741060871647481e-03 1.000000000019468e+00
1.500000000000000e-02 1.011685770649257e-02 1.000000000018288e+00
2.000000000000000e-02 1.349897790673588e-02 1.000000000015953e+00
2.500000000000000e-02 1.688953540759990e-02 1.000000000013816e+00
3.000000000000000e-02 2.029064941789469e-02 1.000000000012351e+00
3.500000000000000e-02 2.370444574459234e-02 1.000000000011570e+00
4.000000000000000e-02 2.713305812152553e-02 1.000000000010177e+00
4.500000000000000e-02 3.057862954304063e-02 1.000000000009333e+00
5.000000000000000e-02 3.404331360343898e-02 1.000000000008490e+00
5.500000000000000e-02 3.752927584304335e-02 1.000000000008455e+00
6.000000000000000e-02 4.103869510173117e-02 1.000000000008150e+00
6.500000000000000e-02 4.457376488078044e-02 1.000000000007860e+00
7.000000000000001e-02 4.813669471387935e-02 1.000000000008106e+00
7.500000000000000e-02 5.172971154815675e-02 1.000000000008884e+00
8.000000000000000e-02 5.535506113609672e-02 1.000000000009493e+00
8.500000000000001e-02 5.901500943920686e-02 1.000000000009853e+00
9.000000000000000e-02 6.271184404431801e-02 1.000000000010640e+00
9.500000000000000e-02 6.644787559340060e-02 1.000000000012467e+00
1.000000000000000e-01 7.022543922779090e-02 1.000000000014176e+00
1.050000000000000e-01 7.404689604773053e-02 1.000000000016464e+00
1.100000000000000e-01 7.791463458813094e-02 1.000000000021059e+00
1.150000000000000e-01 8.183107231148547e-02 1.000000000023819e+00
1.200000000000000e-01 8.579865711886202e-02 1.000000000025768e+00
1.250000000000000e-01 8.981986887992111e-02 1.000000000026489e+00
1.300000000000000e-01 9.389722098291493e-02 1.000000000028409e+00
1.350000000000000e-01 9.803326190563690e-02 1.000000000031743e+00
1.400000000000000e-01 1.022305768083033e-01 1.000000000034899e+00
1.450000000000000e-01 1.064917891493625e-01 1.000000000037669e+00
1.500000000000000e-01 1.108195623252418e-01 1.000000000040269e+00
1.550000000000000e-01 1.152166013350572e-01 1.000000000043810e+00
1.600000000000000e-01 1.196856544713255e-01 1.000000000047890e+00
1.650000000000000e-01 1.242295150377370e-01 1.000000000050333e+00
1.700000000000000e-01 1.288510230950609e-01 1.000000000052478e+00
1.750000000000000e-01 1.335530672362758e-01 1.000000000053876e+00
1.800000000000000e-01 1.383385863920344e-01 1.000000000055614e+00
1.850000000000000e-01 1.432105716675912e-01 1.000000000059182e+00
1.900000000000000e-01 1.481720682123397e-01 1.000000000062874e+00
1.950000000000000e-01 1.532261771231311e-01 1.000000000066280e+00
2.000000000000000e-01 1.583760573825595e-01 1.000000000069153e+00
2.050000000000000e-01 1.636249278334301e-01 1.000000000071250e+00
2.100000000000000e-01 1.689760691906397e-01 1.000000000074847e+00
2.150000000000000e-01 1.744328260917313e-01 1.000000000077973e+00
2.200000000000000e-01 1.799986091874004e-01 1.000000000081751e+00
2.250000000000000e-01 1.856768972732633e-01 1.000000000086605e+00
2.300000000000000e-01 1.914712394642179e-01 1.000000000092894e+00
2.350000000000000e-01 1.973852574127551e-01 1.000000000100151e+00
2.400000000000000e-01 2.034226475726105e-01 1.000000000107328e+00
2.450000000000000e-01 2.095871835091678e-01 1.000000000116526e+00
2.500000000000000e-01 2.158827182580599e-01 1.000000000125219e+00
2.550000000000000e-01 2.223131867334419e-01 1.000000000134382e+00
2.600000000000000e-01 2.288826081874405e-01 1.000000000142754e+00
2.650000000000000e-01 2.355950887223172e-01 1.000000000151607e+00
2.700000000000000e-01 2.424548238569160e-01 1.000000000160850e+00
2.750000000000000e-01 2.494661011489995e-01 1.000000000169548e+00
2.800000000000000e-01 2.566333028751116e-01 1.000000000178868e+00
2.850000000000000e-01 2.639609087696434e-01 1.000000000186997e+00
2.900000000000000e-01 2.714534988248126e-01 1.000000000195328e+00
2.950000000000000e-01 2.791157561533084e-01 1.000000000206118e+00
3.000000000000000e-01 2.869524699153886e-01 1.000000000215338e+00
3.050000000000000e-01 2.949685383122613e-01 1.000000000226779e+00
3.100000000000000e-01 3.031689716476197e-01 1.000000000239313e+00
3.150000000000000e-01 3.115588954592450e-01 1.000000000250799e+00
3.200000000000000e-01 3.201435537226349e-01 1.000000000263566e+00
3.250000000000000e-01 3.289283121286580e-01 1.000000000279943e+00
3.300000000000000e-01 3.379186614372866e-01 1.000000000300481e+00
3.350000000000000e-01 3.471202209094989e-01 1.000000000319478e+00
3.400000000000000e-01 3.565387418195016e-01 1.000000000337034e+00
3.450000000000000e-01 3.661801110494620e-01 1.000000000354586e+00
3.500000000000000e-01 3.760503547690021e-01 1.000000000372876e+00
3.550000000000000e-01 3.861556422017504e-01 1.000000000391372e+00
3.600000000000000e-01 3.965022894813072e-01 1.000000000411366e+00
3.650000000000000e-01 4.070967635990345e-01 1.000000000431734e+00
3.700000000000000e-01 4.179456864461349e-01 1.000000000454251e+00
3.750000000000000e-01 4.290558389525505e-01 1.000000000478152e+00
3.800000000000000e-01 4.404341653252637e-01 1.000000000505743e+00
3.850000000000000e-01 4.520877773886537e-01 1.000000000534152e+00
3.900000000000000e-01 4.640239590296172e-01 1.000000000562275e+00
3.950000000000000e-01 4.762501707502353e-01 1.000000000594086e+00
4.000000000000000e-01 4.887740543308307e-01 1.000000000625981e+00
4.050000000000000e-01 5.016034376063282e-01 1.000000000658538e+00
4.100000000000000e-01 5.147463393589066e-01 1.000000000693609e+00
4.150000000000000e-01 5.282109743299990e-01 1.000000000731655e+00
4.200000000000000e-01 5.420057583547735e-01 1.000000000769659e+00
4.250000000000000e-01 5.561393136223041e-01 1.000000000810612e+00
4.300000000000000e-01 5.706204740647189e-01 1.000000000853129e+00
4.350000000000000e-01 5.854582908786964e-01 1.000000000894307e+00
4.400000000000000e-01 6.006620381827575e-01 1.000000000940092e+00
4.450000000000000e-01 6.162412188138907e-01 1.000000000994576e+00
4.500000000000000e-01 6.322055702671360e-01 1.000000001052281e+00
4.550000000000000e-01 6.485650707818353e-01 1.000000001107137e+00
4.600000000000000e-01 6.653299455783577e-01 1.000000001162321e+00
4.650000000000000e-01 6.825106732491932e-01 1.000000001221997e+00
4.700000000000000e-01 7.001179923084168e-01 1.000000001286378e+00
4.750000000000000e-01 7.181629079036070e-01 1.000000001354864e+00
4.800000000000000e-01 7.366566986944229e-01 1.000000001428486e+00
4.850000000000000e-01 7.556109239021327e-01 1.000000001505644e+00
4.900000000000000e-01 7.750374305345038e-01 1.000000001586582e+00
4.950000000000000e-01 7.949483607905672e-01 1.000000001667596e+00
5.000000000000000e-01 8.153561596498893e-01 1.000000001753039e+00
5.050000000000000e-01 8.362735826510871e-01 1.000000001845303e+00
5.100000000000000e-01 8.577137038644561e-01 1.000000001943065e+00
5.150000000000000e-01 8.796899240636907e-01 1.000000002052011e+00
5.200000000000000e-01 9.022159791018011e-01 1.000000002159982e+00
5.250000000000000e-01 9.253059484964714e-01 1.000000002272066e+00
5.300000000000000e-01 9.489742642302165e-01 1.000000002391452e+00
5.350000000000000e-01 9.732357197708378e-01 1.000000002515410e+00
5.400000000000000e-01 9.981054793178262e-01 1.000000002655284e+00
5.450000000000000e-01 1.023599087280478e+00 1.000000002795500e+00
5.500000000000000e-01 1.049732477993657e+00 1.000000002938650e+00
5.550000000000000e-01 1.076521985677273e+00 1.000000003096882e+00
5.600000000000001e-01 1.103984354645701e+00 1.000000003263715e+00
5.650000000000001e-01 1.132136749773522e+00 1.000000003436366e+00
5.700000000000001e-01 1.160996767224129e+00 1.000000003615360e+00
5.750000000000001e-01 1.190582445447902e+00 1.000000003810186e+00
5.800000000000000e-01 1.220912276456826e+00 1.000000004013518e+00
5.850000000000000e-01 1.252005217382601e+00 1.000000004224107e+00
5.900000000000000e-01 1.283880702325469e+00 1.000000004451185e+00
5.950000000000000e-01 1.316558654501151e+00 1.000000004685626e+00
6.000000000000000e-01 1.350059498693518e+00 1.000000004935172e+00
6.050000000000000e-01 1.384404174020732e+00 1.000000005198924e+00
6.100000000000000e-01 1.419614147022888e+00 1.000000005472389e+00
6.150000000000000e-01 1.455711425079295e+00 1.000000005766964e+00
6.200000000000000e-01 1.492718570163803e+00 1.000000006073413e+00
6.250000000000000e-01 1.530658712946775e+00 1.000000006396925e+00
6.300000000000000e-01 1.569555567252506e+00 1.000000006744490e+00
6.350000000000000e-01 1.609433444881138e+00 1.000000007106288e+00
6.400000000000000e-01 1.650317270804325e+00 1.000000007496221e+00
6.450000000000000e-01 1.692232598744148e+00 1.000000007915938e+00
6.500000000000000e-01 1.735205627145031e+00 1.000000008363651e+00
6.550000000000000e-01 1.779263215548615e+00 1.000000008860521e+00
6.600000000000000e-01 1.824432901381847e+00 1.000000009411655e+00
6.650000000000000e-01 1.870742917168772e+00 1.000000010036094e+00
6.700000000000000e-01 1.918222208176775e+00 1.000000010774334e+00
6.750000000000000e-01 1.966900450508319e+00 1.000000011668543e+00
6.800000000000000e-01 2.016808069649473e+00 1.000000012813756e+00
6.850000000000001e-01 2.067976259486829e+00 1.000000014354217e+00
6.900000000000001e-01 2.120437001804702e+00 1.000000016537543e+00
6.950000000000001e-01 2.174223086274785e+00 1.000000019879227e+00
7.000000000000001e-01 2.229368130950753e+00 1.000000025223155e+00
7.050000000000000e-01 2.285906603280654e+00 1.000000034171827e+00
7.100000000000000e-01 2.343873841650178e+00 1.000000050169703e+00
7.150000000000000e-01 2.403306077470301e+00 1.000000079554445e+00
7.200000000000000e-01 2.464240457823092e+00 1.000000134243675e+00
7.250000000000000e-01 2.526715068679855e+00 1.000000239514016e+00
7.300000000000000e-01 2.590768958706095e+00 1.000000445863120e+00
7.350000000000000e-01 2.656442163668210e+00 1.000000847508217e+00
7.400000000000000e-01 2.723775731457148e+00 1.000001629155054e+00
7.450000000000000e-01 2.792811747744667e+00 1.000003163588808e+00
7.500000000000000e-01 2.863593362288260e+00 1.000006160811094e+00
7.550000000000000e-01 2.936164815901156e+00 1.000011907384113e+00
7.600000000000000e-01 3.010571468104263e+00 1.000022759214676e+00
7.650000000000000e-01 3.086859825477351e+00 1.000043069240419e+00
7.700000000000000e-01 3.165077570727174e+00 1.000080486122777e+00
7.750000000000000e-01 3.245273592490716e+00 1.000147369370650e+00
7.800000000000000e-01 3.327498015892184e+00 1.000262428492275e+00
7.850000000000000e-01 3.411802233872832e+00 1.000452967996230e+00
7.900000000000000e-01 3.498238939313234e+00 1.000756263633473e+00
7.950000000000000e-01 3.586862157968046e+00 1.001214306989065e+00
8.000000000000000e-01 3.677727282233856e+00 1.001854171222015e+00
8.050000000000000e-01 3.770891105771243e+00 1.002654755547409e+00
8.100000000000001e-01 3.866411859002656e+00 1.003520487487580e+00
8.150000000000001e-01 3.964349245508326e+00 1.004294391574124e+00
8.200000000000001e-01 4.064764479342956e+00 1.004822052274183e+00
8.250000000000001e-01 4.167720323296481e+00 1.005034293445860e+00
8.300000000000001e-01 4.273281128122877e+00 1.004994742669016e+00
8.350000000000000e-01 4.381512872761445e+00 1.004882232414598e+00
8.400000000000000e-01 4.492483205575838e+00 1.004921433771970e+00
8.450000000000000e-01 4.606261486636447e+00 1.005302048800810e+00
8.500000000000000e-01 4.722918831072739e+00 1.006124938738760e+00
8.550000000000000e-01 4.842528153522501e+00 1.007389688821419e+00
8.600000000000000e-01 4.965164213705875e+00 1.009010247929682e+00
8.650000000000000e-01 5.090903663152626e+00 1.010835108144810e+00
8.700000000000000e-01 5.219825093111814e+00 1.012662646447660e+00
8.750000000000000e-01 5.352009083673925e+00 1.014263930264944e+00
8.800000000000000e-01 5.487538254136007e+00 1.015430347827834e+00
8.850000000000000e-01 5.626497314641444e+00 1.016042483772257e+00
8.900000000000000e-01 5.768973119126561e+00 1.016125746291809e+00
8.950000000000000e-01 5.915054719607133e+00 1.015848972434861e+00
9.000000000000000e-01 6.064833421838831e+00 1.015452232710681e+00
9.050000000000000e-01 6.218402842386253e+00 1.015139983633152e+00
9.100000000000000e-01 6.375858967136348e+00 1.015002728768934e+00
9.150000000000000e-01 6.537300211292723e+00 1.015009321498705e+00
9.200000000000000e-01 6.702827480888332e+00 1.015061193217178e+00
9.250000000000000e-01 6.872544235855034e+00 1.015062514597872e+00
9.300000000000000e-01 7.046556554689444e+00 1.014963040905299e+00
9.350000000000001e-01 7.224973200755413e+00 1.014761384817655e+00
9.400000000000001e-01 7.407905690264673e+00 1.014484340568601e+00
9.450000000000001e-01 7.595468361978146e+00 1.014164198075465e+00
9.500000000000001e-01 7.787778448671316e+00 1.013825940692037e+00
9.550000000000001e-01 7.984956150408610e+00 1.013484508383044e+00
9.600000000000000e-01 8.187124709672272e+00 1.013147200301587e+00
9.650000000000000e-01 8.394410488393007e+00 1.012816961961556e+00
9.700000000000000e-01 8.606943046930221e+00 1.012494727598310e+00
9.750000000000000e-01 8.824855225051540e+00 1.012180676168506e+00
9.800000000000000e-01 9.048283224961922e+00 1.011874975896357e+00
9.850000000000000e-01 9.277366696434507e+00 1.011580136187075e+00
9.900000000000000e-01 9.512248824096272e+00 1.011322167942035e+00
9.950000000000000e-01 9.753076416923058e+00 1.011374845175349e+00
1.000000000000000e+00 1.000000000000000e+01 1.014634449962546e+00
