0.000000000000000e+00 0.000000000000000e+00 1.000000000000000e+00
5.000000000000000e-03 3.369477419287315e-03 1.000000939644307e+00
1.000000000000000e-02 6.741060871647481e-03 1.000004703471811e+00
1.500000000000000e-02 1.011685770649257e-02 1.000010991876431e+00
2.000000000000000e-02 1.349897790673588e-02 1.000019817376426e+00
2.500000000000000e-02 1.688953540759990e-02 1.000031198376241e+00
3.000000000000000e-02 2.029064941789469e-02 1.000045161964877e+00
3.500000000000000e-02 2.370444574459234e-02 1.000061744970069e+00
4.000000000000000e-02 2.713305812152553e-02 1.000080989821811e+00
4.500000000000000e-02 3.057862954304063e-02 1.000102939718575e+00
5.000000000000000e-02 3.404331360343898e-02 1.000127644586731e+00
5.500000000000000e-02 3.752927584304335e-02 1.000155167385392e+00
6.000000000000000e-02 4.103869510173117e-02 1.000185577321744e+00
6.500000000000000e-02 4.457376488078044e-02 1.000218943646948e+00
7.000000000000001e-02 4.813669471387935e-02 1.000255343877128e+00
7.500000000000000e-02 5.172971154815675e-02 1.000294869552645e+00
8.000000000000000e-02 5.535506113609672e-02 1.000337617525191e+00
8.500000000000001e-02 5.901500943920686e-02 1.000383685356645e+00
9.000000000000000e-02 6.271184404431801e-02 1.000433181213361e+00
9.500000000000000e-02 6.644787559340060e-02 1.000486228098510e+00
1.000000000000000e-01 7.022543922779090e-02 1.000542954043647e+00
1.050000000000000e-01 7.404689604773053e-02 1.000603488535920e+00
1.100000000000000e-01 7.791463458813094e-02 1.000667972947987e+00
1.150000000000000e-01 8.183107231148547e-02 1.000736565056696e+00
1.200000000000000e-01 8.579865711886202e-02 1.000809429735652e+00
1.250000000000000e-01 8.981986887992111e-02 1.000886733590113e+00
1.300000000000000e-01 9.389722098291493e-02 1.000968653610773e+00
1.350000000000000e-01 9.803326190563690e-02 1.001055385528712e+00
1.400000000000000e-01 1.022305768083033e-01 1.001147138441772e+00
1.450000000000000e-01 1.064917891493625e-01 1.001244123839470e+00
1.500000000000000e-01 1.108195623252418e-01 1.001346557634184e+00
1.550000000000000e-01 1.152166013350572e-01 1.001454675455999e+00
1.600000000000000e-01 1.196856544713255e-01 1.001568737084070e+00
1.650000000000000e-01 1.242295150377370e-01 1.001689009301362e+00
1.700000000000000e-01 1.288510230950609e-01 1.001815756440415e+00
1.750000000000000e-01 1.335530672362758e-01 1.001949257824619e+00
1.800000000000000e-01 1.383385863920344e-01 1.002089821200929e+00
1.850000000000000e-01 1.432105716675912e-01 1.002237772172906e+00
1.900000000000000e-01 1.481720682123397e-01 1.002393445742066e+00
1.950000000000000e-01 1.532261771231311e-01 1.002557185971104e+00
2.000000000000000e-01 1.583760573825595e-01 1.002729343622153e+00
2.050000000000000e-01 1.636249278334301e-01 1.002910289846931e+00
2.100000000000000e-01 1.689760691906397e-01 1.003100429010988e+00
2.150000000000000e-01 1.744328260917313e-01 1.003300183914072e+00
2.200000000000000e-01 1.799986091874004e-01 1.003509992814871e+00
2.250000000000000e-01 1.856768972732633e-01 1.003730309961147e+00
2.300000000000000e-01 1.914712394642179e-01 1.003961593578390e+00
2.350000000000000e-01 1.973852574127551e-01 1.004204322573429e+00
2.400000000000000e-01 2.034226475726105e-01 1.004458993525377e+00
2.450000000000000e-01 2.095871835091678e-01 1.004726123854674e+00
2.500000000000000e-01 2.158827182580599e-01 1.005006257294101e+00
2.550000000000000e-01 2.223131867334419e-01 1.005299956275005e+00
2.600000000000000e-01 2.288826081874405e-01 1.005607807991320e+00
2.650000000000000e-01 2.355950887223172e-01 1.005930418235749e+00
2.700000000000000e-01 2.424548238569160e-01 1.006268414655479e+00
2.750000000000000e-01 2.494661011489995e-01 1.006622444338040e+00
2.800000000000000e-01 2.566333028751116e-01 1.006993174837437e+00
2.850000000000000e-01 2.639609087696434e-01 1.007381293390752e+00
2.900000000000000e-01 2.714534988248126e-01 1.007787506856906e+00
2.950000000000000e-01 2.791157561533084e-01 1.008212541128955e+00
3.000000000000000e-01 2.869524699153886e-01 1.008657140518782e+00
3.050000000000000e-01 2.949685383122613e-01 1.009122066887365e+00
3.100000000000000e-01 3.031689716476197e-01 1.009608098579488e+00
3.150000000000000e-01 3.115588954592450e-01 1.010116029113729e+00
3.200000000000000e-01 3.201435537226349e-01 1.010646665611464e+00
3.250000000000000e-01 3.289283121286580e-01 1.011200826933824e+00
3.300000000000000e-01 3.379186614372866e-01 1.011779341495961e+00
3.350000000000000e-01 3.471202209094989e-01 1.012383044723998e+00
3.400000000000000e-01 3.565387418195016e-01 1.013012776117211e+00
3.450000000000000e-01 3.661801110494620e-01 1.013669375874847e+00
3.500000000000000e-01 3.760503547690021e-01 1.014353681043835e+00
3.550000000000000e-01 3.861556422017504e-01 1.015066521140510e+00
3.600000000000000e-01 3.965022894813072e-01 1.015808713196336e+00
3.650000000000000e-01 4.070967635990345e-01 1.016581056174648e+00
3.700000000000000e-01 4.179456864461349e-01 1.017384324702679e+00
3.750000000000000e-01 4.290558389525505e-01 1.018219262060778e+00
3.800000000000000e-01 4.404341653252637e-01 1.019086572368895e+00
3.850000000000000e-01 4.520877773886537e-01 1.019986911909406e+00
3.900000000000000e-01 4.640239590296172e-01 1.020920879525332e+00
3.950000000000000e-01 4.762501707502353e-01 1.021889006034415e+00
4.000000000000000e-01 4.887740543308307e-01 1.022891742602642e+00
4.050000000000000e-01 5.016034376063282e-01 1.023929448026144e+00
4.100000000000000e-01 5.147463393589066e-01 1.025002374878454e+00
4.150000000000000e-01 5.282109743299990e-01 1.026110654491383e+00
4.200000000000000e-01 5.420057583547735e-01 1.027254280753034e+00
4.250000000000000e-01 5.561393136223041e-01 1.028433092726156e+00
4.300000000000000e-01 5.706204740647189e-01 1.029646756115034e+00
4.350000000000000e-01 5.854582908786964e-01 1.030894743639922e+00
4.400000000000000e-01 6.006620381827575e-01 1.032176314415261e+00
4.450000000000000e-01 6.162412188138907e-01 1.033490492472136e+00
4.500000000000000e-01 6.322055702671360e-01 1.034836044616708e+00
4.550000000000000e-01 6.485650707818353e-01 1.036211457874926e+00
4.600000000000000e-01 6.653299455783577e-01 1.037614916839028e+00
4.650000000000000e-01 6.825106732491932e-01 1.039044281302596e+00
4.700000000000000e-01 7.001179923084168e-01 1.040497064646494e+00
4.750000000000000e-01 7.181629079036070e-01 1.041970413516015e+00
4.800000000000000e-01 7.366566986944229e-01 1.043461089406932e+00
4.850000000000000e-01 7.556109239021327e-01 1.044965452851330e+00
4.900000000000000e-01 7.750374305345038e-01 1.046479450958589e+00
4.950000000000000e-01 7.949483607905672e-01 1.047998609117771e+00
5.000000000000000e-01 8.153561596498893e-01 1.049518027699215e+00
5.050000000000000e-01 8.362735826510871e-01 1.051032384600008e+00
5.100000000000000e-01 8.577137038644561e-01 1.052535944454612e+00
5.150000000000000e-01 8.796899240636907e-01 1.054022575274023e+00
5.200000000000000e-01 9.022159791018011e-01 1.055485773181350e+00
5.250000000000000e-01 9.253059484964714e-01 1.056918695777782e+00
5.300000000000000e-01 9.489742642302165e-01 1.058314204502502e+00
5.350000000000000e-01 9.732357197708378e-01 1.059664916148091e+00
5.400000000000000e-01 9.981054793178262e-01 1.060963263467779e+00
5.450000000000000e-01 1.023599087280478e+00 1.062201564573745e+00
5.500000000000000e-01 1.049732477993657e+00 1.063372100590208e+00
5.550000000000000e-01 1.076521985677273e+00 1.064467200805639e+00
5.600000000000001e-01 1.103984354645701e+00 1.065479334378592e+00
5.650000000000001e-01 1.132136749773522e+00 1.066401207501349e+00
5.700000000000001e-01 1.160996767224129e+00 1.067225864818983e+00
5.750000000000001e-01 1.190582445447902e+00 1.067946793834588e+00
5.800000000000000e-01 1.220912276456826e+00 1.068558030990449e+00
5.850000000000000e-01 1.252005217382601e+00 1.069054268076234e+00
5.900000000000000e-01 1.283880702325469e+00 1.069430957546919e+00
5.950000000000000e-01 1.316558654501151e+00 1.069684415198782e+00
6.000000000000000e-01 1.350059498693518e+00 1.069811918417348e+00
6.050000000000000e-01 1.384404174020732e+00 1.069811797852702e+00
6.100000000000000e-01 1.419614147022888e+00 1.069683519891492e+00
6.150000000000000e-01 1.455711425079295e+00 1.069427756706502e+00
6.200000000000000e-01 1.492718570163803e+00 1.069046440035235e+00
6.250000000000000e-01 1.530658712946775e+00 1.068542794267843e+00
6.300000000000000e-01 1.569555567252506e+00 1.067921344044442e+00
6.350000000000000e-01 1.609433444881138e+00 1.067187891524642e+00
6.400000000000000e-01 1.650317270804325e+00 1.066349458948605e+00
6.450000000000000e-01 1.692232598744148e+00 1.065414193178744e+00
6.500000000000000e-01 1.735205627145031e+00 1.064391230652202e+00
6.550000000000000e-01 1.779263215548615e+00 1.063290523552783e+00
6.600000000000000e-01 1.824432901381847e+00 1.062122630883635e+00
6.650000000000000e-01 1.870742917168772e+00 1.060898481232412e+00
6.700000000000000e-01 1.918222208176775e+00 1.059629117018925e+00
6.750000000000000e-01 1.966900450508319e+00 1.058325432498796e+00
6.800000000000000e-01 2.016808069649473e+00 1.056997919370051e+00
6.850000000000001e-01 2.067976259486829e+00 1.055656434173987e+00
6.900000000000001e-01 2.120437001804702e+00 1.054310000620495e+00
6.950000000000001e-01 2.174223086274785e+00 1.052966657515429e+00
7.000000000000001e-01 2.229368130950753e+00 1.051633359345814e+00
7.050000000000000e-01 2.285906603280654e+00 1.050315932198032e+00
7.100000000000000e-01 2.343873841650178e+00 1.049019083085123e+00
7.150000000000000e-01 2.403306077470301e+00 1.047746456525770e+00
7.200000000000000e-01 2.464240457823092e+00 1.046500728877649e+00
7.250000000000000e-01 2.526715068679855e+00 1.045283728862690e+00
7.300000000000000e-01 2.590768958706095e+00 1.044096572102159e+00
7.350000000000000e-01 2.656442163668210e+00 1.042939798244250e+00
7.400000000000000e-01 2.723775731457148e+00 1.041813501148313e+00
7.450000000000000e-01 2.792811747744667e+00 1.040717445178152e+00
7.500000000000000e-01 2.863593362288260e+00 1.039651163489236e+00
7.550000000000000e-01 2.936164815901156e+00 1.038614036845144e+00
7.600000000000000e-01 3.010571468104263e+00 1.037605353649949e+00
7.650000000000000e-01 3.086859825477351e+00 1.036624353365396e+00
7.700000000000000e-01 3.165077570727174e+00 1.035670256272427e+00
7.750000000000000e-01 3.245273592490716e+00 1.034742282731408e+00
7.800000000000000e-01 3.327498015892184e+00 1.033839664859044e+00
7.850000000000000e-01 3.411802233872832e+00 1.032961653055447e+00
7.900000000000000e-01 3.498238939313234e+00 1.032107519243050e+00
7.950000000000000e-01 3.586862157968046e+00 1.031276558135659e+00
8.000000000000000e-01 3.677727282233856e+00 1.030468087405605e+00
8.050000000000000e-01 3.770891105771243e+00 1.029681447281540e+00
8.100000000000001e-01 3.866411859002656e+00 1.028915999881323e+00
8.150000000000001e-01 3.964349245508326e+00 1.028171128441965e+00
8.200000000000001e-01 4.064764479342956e+00 1.027446236526390e+00
8.250000000000001e-01 4.167720323296481e+00 1.026740747242959e+00
8.300000000000001e-01 4.273281128122877e+00 1.026054102492153e+00
8.350000000000000e-01 4.381512872761445e+00 1.025385762244994e+00
8.400000000000000e-01 4.492483205575838e+00 1.024735203853749e+00
8.450000000000000e-01 4.606261486636447e+00 1.024101921393923e+00
8.500000000000000e-01 4.722918831072739e+00 1.023485425036108e+00
8.550000000000000e-01 4.842528153522501e+00 1.022885240446134e+00
8.600000000000000e-01 4.965164213705875e+00 1.022300908212032e+00
8.650000000000000e-01 5.090903663152626e+00 1.021731983296398e+00
8.700000000000000e-01 5.219825093111814e+00 1.021178034512814e+00
8.750000000000000e-01 5.352009083673925e+00 1.020638644025073e+00
8.800000000000000e-01 5.487538254136007e+00 1.020113406868032e+00
8.850000000000000e-01 5.626497314641444e+00 1.019601930488982e+00
8.900000000000000e-01 5.768973119126561e+00 1.019103834308492e+00
8.950000000000000e-01 5.915054719607133e+00 1.018618749299744e+00
9.000000000000000e-01 6.064833421838831e+00 1.018146317585434e+00
9.050000000000000e-01 6.218402842386253e+00 1.017686192051377e+00
9.100000000000000e-01 6.375858967136348e+00 1.017238035975977e+00
9.150000000000000e-01 6.537300211292723e+00 1.016801522674808e+00
9.200000000000000e-01 6.702827480888332e+00 1.016376335159558e+00
9.250000000000000e-01 6.872544235855034e+00 1.015962165810662e+00
9.300000000000000e-01 7.046556554689444e+00 1.015558716062956e+00
9.350000000000001e-01 7.224973200755413e+00 1.015165696103761e+00
9.400000000000001e-01 7.407905690264673e+00 1.014782824582784e+00
9.450000000000001e-01 7.595468361978146e+00 1.014409828333314e+00
9.500000000000001e-01 7.787778448671316e+00 1.014046442104183e+00
9.550000000000001e-01 7.984956150408610e+00 1.013692408301990e+00
9.600000000000000e-01 8.187124709672272e+00 1.013347476743142e+00
9.650000000000000e-01 8.394410488393007e+00 1.013011404415253e+00
9.700000000000000e-01 8.606943046930221e+00 1.012683955247488e+00
9.750000000000000e-01 8.824855225051540e+00 1.012364899889465e+00
9.800000000000000e-01 9.048283224961922e+00 1.012054015498324e+00
9.850000000000000e-01 9.277366696434507e+00 1.011751085533612e+00
9.900000000000000e-01 9.512248824096272e+00 1.011455899559655e+00
9.950000000000000e-01 9.753076416923058e+00 1.011168253055076e+00
1.000000000000000e+00 1.000000000000000e+01 1.010887947229175e+00
