0.000000000000000e+00 0.000000000000000e+00 1.000000000000000e+00
5.000000000000000e-03 3.369477419287315e-03 1.000000000544247e+00
1.000000000000000e-02 6.741060871647481e-03 1.000000002375624e+00
1.500000000000000e-02 1.011685770649257e-02 1.000000004909705e+00
2.000000000000000e-02 1.349897790673588e-02 1.000000008713737e+00
2.500000000000000e-02 1.688953540759990e-02 1.000000013894911e+00
3.000000000000000e-02 2.029064941789469e-02 1.000000020308900e+00
3.500000000000000e-02 2.370444574459234e-02 1.000000027868815e+00
4.000000000000000e-02 2.713305812152553e-02 1.000000036559294e+00
4.500000000000000e-02 3.057862954304063e-02 1.000000046297351e+00
5.000000000000000e-02 3.404331360343898e-02 1.000000057414016e+00
5.500000000000000e-02 3.752927584304335e-02 1.000000069904663e+00
6.000000000000000e-02 4.103869510173117e-02 1.000000083532493e+00
6.500000000000000e-02 4.457376488078044e-02 1.000000098544714e+00
7.000000000000001e-02 4.813669471387935e-02 1.000000115038070e+00
7.500000000000000e-02 5.172971154815675e-02 1.000000133044002e+00
8.000000000000000e-02 5.535506113609672e-02 1.000000152772030e+00
8.500000000000001e-02 5.901500943920686e-02 1.000000174171382e+00
9.000000000000000e-02 6.271184404431801e-02 1.000000197305062e+00
9.500000000000000e-02 6.644787559340060e-02 1.000000222379514e+00
1.000000000000000e-01 7.022543922779090e-02 1.000000249385826e+00
1.050000000000000e-01 7.404689604773053e-02 1.000000278343068e+00
1.100000000000000e-01 7.791463458813094e-02 1.000000309685793e+00
1.150000000000000e-01 8.183107231148547e-02 1.000000343403609e+00
1.200000000000000e-01 8.579865711886202e-02 1.000000379388757e+00
1.250000000000000e-01 8.981986887992111e-02 1.000000417768929e+00
1.300000000000000e-01 9.389722098291493e-02 1.000000458753078e+00
1.350000000000000e-01 9.803326190563690e-02 1.000000502695386e+00
1.400000000000000e-01 1.022305768083033e-01 1.000000549656105e+00
1.450000000000000e-01 1.064917891493625e-01 1.000000599763734e+00
1.500000000000000e-01 1.108195623252418e-01 1.000000653495036e+00
1.550000000000000e-01 1.152166013350572e-01 1.000000711045862e+00
1.600000000000000e-01 1.196856544713255e-01 1.000000772661695e+00
1.650000000000000e-01 1.242295150377370e-01 1.000000838622951e+00
1.700000000000000e-01 1.288510230950609e-01 1.000000909162683e+00
1.750000000000000e-01 1.335530672362758e-01 1.000000984749182e+00
1.800000000000000e-01 1.383385863920344e-01 1.000001065741846e+00
1.850000000000000e-01 1.432105716675912e-01 1.000001152474295e+00
1.900000000000000e-01 1.481720682123397e-01 1.000001245494201e+00
1.950000000000000e-01 1.532261771231311e-01 1.000001345434320e+00
2.000000000000000e-01 1.583760573825595e-01 1.000001452460784e+00
2.050000000000000e-01 1.636249278334301e-01 1.000001567074163e+00
2.100000000000000e-01 1.689760691906397e-01 1.000001690159632e+00
2.150000000000000e-01 1.744328260917313e-01 1.000001822437661e+00
2.200000000000000e-01 1.799986091874004e-01 1.000001964902505e+00
2.250000000000000e-01 1.856768972732633e-01 1.000002118763258e+00
2.300000000000000e-01 1.914712394642179e-01 1.000002284448609e+00
2.350000000000000e-01 1.973852574127551e-01 1.000002462891959e+00
2.400000000000000e-01 2.034226475726105e-01 1.000002655769558e+00
2.450000000000000e-01 2.095871835091678e-01 1.000002864097243e+00
2.500000000000000e-01 2.158827182580599e-01 1.000003089164682e+00
2.550000000000000e-01 2.223131867334419e-01 1.000003332812514e+00
2.600000000000000e-01 2.288826081874405e-01 1.000003596681317e+00
2.650000000000000e-01 2.355950887223172e-01 1.000003882987886e+00
2.700000000000000e-01 2.424548238569160e-01 1.000004194226130e+00
2.750000000000000e-01 2.494661011489995e-01 1.000004532227990e+00
2.800000000000000e-01 2.566333028751116e-01 1.000004899985198e+00
2.850000000000000e-01 2.639609087696434e-01 1.000005300597786e+00
2.900000000000000e-01 2.714534988248126e-01 1.000005737308375e+00
2.950000000000000e-01 2.791157561533084e-01 1.000006214202569e+00
3.000000000000000e-01 2.869524699153886e-01 1.000006736185276e+00
3.050000000000000e-01 2.949685383122613e-01 1.000007307950490e+00
3.100000000000000e-01 3.031689716476197e-01 1.000007933976292e+00
3.150000000000000e-01 3.115588954592450e-01 1.000008620758242e+00
3.200000000000000e-01 3.201435537226349e-01 1.000009375705246e+00
3.250000000000000e-01 3.289283121286580e-01 1.000010207057292e+00
3.300000000000000e-01 3.379186614372866e-01 1.000011123071069e+00
3.350000000000000e-01 3.471202209094989e-01 1.000012133915585e+00
3.400000000000000e-01 3.565387418195016e-01 1.000013250842074e+00
3.450000000000000e-01 3.661801110494620e-01 1.000014486569844e+00
3.500000000000000e-01 3.760503547690021e-01 1.000015856167796e+00
3.550000000000000e-01 3.861556422017504e-01 1.000017375516433e+00
3.600000000000000e-01 3.965022894813072e-01 1.000019064715640e+00
3.650000000000000e-01 4.070967635990345e-01 1.000020944866086e+00
3.700000000000000e-01 4.179456864461349e-01 1.000023040660146e+00
3.750000000000000e-01 4.290558389525505e-01 1.000025380562650e+00
3.800000000000000e-01 4.404341653252637e-01 1.000027995903455e+00
3.850000000000000e-01 4.520877773886537e-01 1.000030924573523e+00
3.900000000000000e-01 4.640239590296172e-01 1.000034208246017e+00
3.950000000000000e-01 4.762501707502353e-01 1.000037896299207e+00
4.000000000000000e-01 4.887740543308307e-01 1.000042043946137e+00
4.050000000000000e-01 5.016034376063282e-01 1.000046714874412e+00
4.100000000000000e-01 5.147463393589066e-01 1.000051984671659e+00
4.150000000000000e-01 5.282109743299990e-01 1.000057937819550e+00
4.200000000000000e-01 5.420057583547735e-01 1.000064672347881e+00
4.250000000000000e-01 5.561393136223041e-01 1.000072300341628e+00
4.300000000000000e-01 5.706204740647189e-01 1.000080954447099e+00
4.350000000000000e-01 5.854582908786964e-01 1.000090786309024e+00
4.400000000000000e-01 6.006620381827575e-01 1.000101968373575e+00
4.450000000000000e-01 6.162412188138907e-01 1.000114704812878e+00
4.500000000000000e-01 6.322055702671360e-01 1.000129227578265e+00
4.550000000000000e-01 6.485650707818353e-01 1.000145807331869e+00
4.600000000000000e-01 6.653299455783577e-01 1.000164757119095e+00
4.650000000000000e-01 6.825106732491932e-01 1.000186435100318e+00
4.700000000000000e-01 7.001179923084168e-01 1.000211260919662e+00
4.750000000000000e-01 7.181629079036070e-01 1.000239712960464e+00
4.800000000000000e-01 7.366566986944229e-01 1.000272344955152e+00
4.850000000000000e-01 7.556109239021327e-01 1.000309797118048e+00
4.900000000000000e-01 7.750374305345038e-01 1.000352796940395e+00
4.950000000000000e-01 7.949483607905672e-01 1.000402186788655e+00
5.000000000000000e-01 8.153561596498893e-01 1.000458924724839e+00
5.050000000000000e-01 8.362735826510871e-01 1.000524097835229e+00
5.100000000000000e-01 8.577137038644561e-01 1.000598949715024e+00
5.150000000000000e-01 8.796899240636907e-01 1.000684871653355e+00
5.200000000000000e-01 9.022159791018011e-01 1.000783427797986e+00
5.250000000000000e-01 9.253059484964714e-01 1.000896367900335e+00
5.300000000000000e-01 9.489742642302165e-01 1.001025606547091e+00
5.350000000000000e-01 9.732357197708378e-01 1.001173245904681e+00
5.400000000000000e-01 9.981054793178262e-01 1.001341554131806e+00
5.450000000000000e-01 1.023599087280478e+00 1.001532915642484e+00
5.500000000000000e-01 1.049732477993657e+00 1.001749821334022e+00
5.550000000000000e-01 1.076521985677273e+00 1.001994780387087e+00
5.600000000000001e-01 1.103984354645701e+00 1.002270201172975e+00
5.650000000000001e-01 1.132136749773522e+00 1.002578301787700e+00
5.700000000000001e-01 1.160996767224129e+00 1.002920909399227e+00
5.750000000000001e-01 1.190582445447902e+00 1.003299214081334e+00
5.800000000000000e-01 1.220912276456826e+00 1.003713552508572e+00
5.850000000000000e-01 1.252005217382601e+00 1.004163069033269e+00
5.900000000000000e-01 1.283880702325469e+00 1.004645323444222e+00
5.950000000000000e-01 1.316558654501151e+00 1.005155978501526e+00
6.000000000000000e-01 1.350059498693518e+00 1.005688440926353e+00
6.050000000000000e-01 1.384404174020732e+00 1.006233511609062e+00
6.100000000000000e-01 1.419614147022888e+00 1.006779276874763e+00
6.150000000000000e-01 1.455711425079295e+00 1.007311214253263e+00
6.200000000000000e-01 1.492718570163803e+00 1.007812526277256e+00
6.250000000000000e-01 1.530658712946775e+00 1.008264968826455e+00
6.300000000000000e-01 1.569555567252506e+00 1.008650246163871e+00
6.350000000000000e-01 1.609433444881138e+00 1.008951826674009e+00
6.400000000000000e-01 1.650317270804325e+00 1.009157145229604e+00
6.450000000000000e-01 1.692232598744148e+00 1.009260070094643e+00
6.500000000000000e-01 1.735205627145031e+00 1.009263181182075e+00
6.550000000000000e-01 1.779263215548615e+00 1.009179359916029e+00
6.600000000000000e-01 1.824432901381847e+00 1.009032359247483e+00
6.650000000000000e-01 1.870742917168772e+00 1.008856092003169e+00
6.700000000000000e-01 1.918222208176775e+00 1.008692509187377e+00
6.750000000000000e-01 1.966900450508319e+00 1.008588279391271e+00
6.800000000000000e-01 2.016808069649473e+00 1.008590760697783e+00
6.850000000000001e-01 2.067976259486829e+00 1.008743807807705e+00
6.900000000000001e-01 2.120437001804702e+00 1.009083921733148e+00
6.950000000000001e-01 2.174223086274785e+00 1.009637201862363e+00
7.000000000000001e-01 2.229368130950753e+00 1.010417405344080e+00
7.050000000000000e-01 2.285906603280654e+00 1.011425156459291e+00
7.100000000000000e-01 2.343873841650178e+00 1.012648132472351e+00
7.150000000000000e-01 2.403306077470301e+00 1.014061974277900e+00
7.200000000000000e-01 2.464240457823092e+00 1.015631685527429e+00
7.250000000000000e-01 2.526715068679855e+00 1.017313323708737e+00
7.300000000000000e-01 2.590768958706095e+00 1.019055830403809e+00
7.350000000000000e-01 2.656442163668210e+00 1.020802912796186e+00
7.400000000000000e-01 2.723775731457148e+00 1.022494984669470e+00
7.450000000000000e-01 2.792811747744667e+00 1.024071280227561e+00
7.500000000000000e-01 2.863593362288260e+00 1.025472351093202e+00
7.550000000000000e-01 2.936164815901156e+00 1.026643227408819e+00
7.600000000000000e-01 3.010571468104263e+00 1.027537516459885e+00
7.650000000000000e-01 3.086859825477351e+00 1.028122525445530e+00
7.700000000000000e-01 3.165077570727174e+00 1.028385021392444e+00
7.750000000000000e-01 3.245273592490716e+00 1.028336505300888e+00
7.800000000000000e-01 3.327498015892184e+00 1.028016160155133e+00
7.850000000000000e-01 3.411802233872832e+00 1.027489432316054e+00
7.900000000000000e-01 3.498238939313234e+00 1.026840956616477e+00
7.950000000000000e-01 3.586862157968046e+00 1.026162222135324e+00
8.000000000000000e-01 3.677727282233856e+00 1.025536379705481e+00
8.050000000000000e-01 3.770891105771243e+00 1.025023977286148e+00
8.100000000000001e-01 3.866411859002656e+00 1.024653478255154e+00
8.150000000000001e-01 3.964349245508326e+00 1.024419107434658e+00
8.200000000000001e-01 4.064764479342956e+00 1.024286412510905e+00
8.250000000000001e-01 4.167720323296481e+00 1.024203709090449e+00
8.300000000000001e-01 4.273281128122877e+00 1.024116003050695e+00
8.350000000000000e-01 4.381512872761445e+00 1.023977515826695e+00
8.400000000000000e-01 4.492483205575838e+00 1.023759708184996e+00
8.450000000000000e-01 4.606261486636447e+00 1.023453428548399e+00
8.500000000000000e-01 4.722918831072739e+00 1.023065835882919e+00
8.550000000000000e-01 4.842528153522501e+00 1.022614254044204e+00
8.600000000000000e-01 4.965164213705875e+00 1.022119558616430e+00
8.650000000000000e-01 5.090903663152626e+00 1.021601088305797e+00
8.700000000000000e-01 5.219825093111814e+00 1.021073915435284e+00
8.750000000000000e-01 5.352009083673925e+00 1.020548244584355e+00
8.800000000000000e-01 5.487538254136007e+00 1.020030139762789e+00
8.850000000000000e-01 5.626497314641444e+00 1.019522741885635e+00
8.900000000000000e-01 5.768973119126561e+00 1.019027410958591e+00
8.950000000000000e-01 5.915054719607133e+00 1.018544554073376e+00
9.000000000000000e-01 6.064833421838831e+00 1.018074127644007e+00
9.050000000000000e-01 6.218402842386253e+00 1.017615900727817e+00
9.100000000000000e-01 6.375858967136348e+00 1.017169576304541e+00
9.150000000000000e-01 6.537300211292723e+00 1.016734840745984e+00
9.200000000000000e-01 6.702827480888332e+00 1.016311381706186e+00
9.250000000000000e-01 6.872544235855034e+00 1.015898893778830e+00
9.300000000000000e-01 7.046556554689444e+00 1.015497079951249e+00
9.350000000000001e-01 7.224973200755413e+00 1.015105651774508e+00
9.400000000000001e-01 7.407905690264673e+00 1.014724329188075e+00
9.450000000000001e-01 7.595468361978146e+00 1.014352840267235e+00
9.500000000000001e-01 7.787778448671316e+00 1.013990920961479e+00
9.550000000000001e-01 7.984956150408610e+00 1.013638314839116e+00
9.600000000000000e-01 8.187124709672272e+00 1.013294772840909e+00
9.650000000000000e-01 8.394410488393007e+00 1.012960053042882e+00
9.700000000000000e-01 8.606943046930221e+00 1.012633920428011e+00
9.750000000000000e-01 8.824855225051540e+00 1.012316146666387e+00
9.800000000000000e-01 9.048283224961922e+00 1.012006509903512e+00
9.850000000000000e-01 9.277366696434507e+00 1.011704794556347e+00
9.900000000000000e-01 9.512248824096272e+00 1.011410791116798e+00
9.950000000000000e-01 9.753076416923058e+00 1.011124295962312e+00
1.000000000000000e+00 1.000000000000000e+01 1.010845111173269e+00
