0.000000000000000e+00 0.000000000000000e+00 1.000000000000000e+00
5.000000000000000e-03 3.369477419287315e-03 1.000002052611592e+00
1.000000000000000e-02 6.741060871647481e-03 1.000010250609918e+00
1.500000000000000e-02 1.011685770649257e-02 1.000023893280877e+00
2.000000000000000e-02 1.349897790673588e-02 1.000043046669799e+00
2.500000000000000e-02 1.688953540759990e-02 1.000067762923019e+00
3.000000000000000e-02 2.029064941789469e-02 1.000098079900915e+00
3.500000000000000e-02 2.370444574459234e-02 1.000134081225707e+00
4.000000000000000e-02 2.713305812152553e-02 1.000175834075965e+00
4.500000000000000e-02 3.057862954304063e-02 1.000223428164476e+00
5.000000000000000e-02 3.404331360343898e-02 1.000276968015541e+00
5.500000000000000e-02 3.752927584304335e-02 1.000336578345676e+00
6.000000000000000e-02 4.103869510173117e-02 1.000402405562187e+00
6.500000000000000e-02 4.457376488078044e-02 1.000474581906106e+00
7.000000000000001e-02 4.813669471387935e-02 1.000553267184052e+00
7.500000000000000e-02 5.172971154815675e-02 1.000638629963069e+00
8.000000000000000e-02 5.535506113609672e-02 1.000730858705280e+00
8.500000000000001e-02 5.901500943920686e-02 1.000830157910832e+00
9.000000000000000e-02 6.271184404431801e-02 1.000936739511772e+00
9.500000000000000e-02 6.644787559340060e-02 1.001050839954784e+00
1.000000000000000e-01 7.022543922779090e-02 1.001172690178725e+00
1.050000000000000e-01 7.404689604773053e-02 1.001302549054088e+00
1.100000000000000e-01 7.791463458813094e-02 1.001440702437677e+00
1.150000000000000e-01 8.183107231148547e-02 1.001587440538554e+00
1.200000000000000e-01 8.579865711886202e-02 1.001743070761711e+00
1.250000000000000e-01 8.981986887992111e-02 1.001907911827217e+00
1.300000000000000e-01 9.389722098291493e-02 1.002082292108335e+00
1.350000000000000e-01 9.803326190563690e-02 1.002266566171516e+00
1.400000000000000e-01 1.022305768083033e-01 1.002461120300276e+00
1.450000000000000e-01 1.064917891493625e-01 1.002666336860033e+00
1.500000000000000e-01 1.108195623252418e-01 1.002882615552253e+00
1.550000000000000e-01 1.152166013350572e-01 1.003110378030210e+00
1.600000000000000e-01 1.196856544713255e-01 1.003350067903377e+00
1.650000000000000e-01 1.242295150377370e-01 1.003602163225918e+00
1.700000000000000e-01 1.288510230950609e-01 1.003867101265141e+00
1.750000000000000e-01 1.335530672362758e-01 1.004145361023510e+00
1.800000000000000e-01 1.383385863920344e-01 1.004437496278073e+00
1.850000000000000e-01 1.432105716675912e-01 1.004744014244880e+00
1.900000000000000e-01 1.481720682123397e-01 1.005065442572840e+00
1.950000000000000e-01 1.532261771231311e-01 1.005402345883408e+00
2.000000000000000e-01 1.583760573825595e-01 1.005755292837480e+00
2.050000000000000e-01 1.636249278334301e-01 1.006124880393134e+00
2.100000000000000e-01 1.689760691906397e-01 1.006511697698317e+00
2.150000000000000e-01 1.744328260917313e-01 1.006916364118787e+00
2.200000000000000e-01 1.799986091874004e-01 1.007339512581978e+00
2.250000000000000e-01 1.856768972732633e-01 1.007781765926872e+00
2.300000000000000e-01 1.914712394642179e-01 1.008243789203503e+00
2.350000000000000e-01 1.973852574127551e-01 1.008726233627796e+00
2.400000000000000e-01 2.034226475726105e-01 1.009229756505682e+00
2.450000000000000e-01 2.095871835091678e-01 1.009755045280674e+00
2.500000000000000e-01 2.158827182580599e-01 1.010302755026141e+00
2.550000000000000e-01 2.223131867334419e-01 1.010873565228637e+00
2.600000000000000e-01 2.288826081874405e-01 1.011468158806121e+00
2.650000000000000e-01 2.355950887223172e-01 1.012087182706053e+00
2.700000000000000e-01 2.424548238569160e-01 1.012731315979785e+00
2.750000000000000e-01 2.494661011489995e-01 1.013401210417007e+00
2.800000000000000e-01 2.566333028751116e-01 1.014097484386057e+00
2.850000000000000e-01 2.639609087696434e-01 1.014820781809393e+00
2.900000000000000e-01 2.714534988248126e-01 1.015571690825023e+00
2.950000000000000e-01 2.791157561533084e-01 1.016350768694599e+00
3.000000000000000e-01 2.869524699153886e-01 1.017158585625607e+00
3.050000000000000e-01 2.949685383122613e-01 1.017995632579412e+00
3.100000000000000e-01 3.031689716476197e-01 1.018862364529521e+00
3.150000000000000e-01 3.115588954592450e-01 1.019759232742258e+00
3.200000000000000e-01 3.201435537226349e-01 1.020686585391771e+00
3.250000000000000e-01 3.289283121286580e-01 1.021644719239173e+00
3.300000000000000e-01 3.379186614372866e-01 1.022633915447314e+00
3.350000000000000e-01 3.471202209094989e-01 1.023654332365699e+00
3.400000000000000e-01 3.565387418195016e-01 1.024706047464542e+00
3.450000000000000e-01 3.661801110494620e-01 1.025789110964863e+00
3.500000000000000e-01 3.760503547690021e-01 1.026903434201664e+00
3.550000000000000e-01 3.861556422017504e-01 1.028048802329291e+00
3.600000000000000e-01 3.965022894813072e-01 1.029224961059232e+00
3.650000000000000e-01 4.070967635990345e-01 1.030431520403486e+00
3.700000000000000e-01 4.179456864461349e-01 1.031667904707635e+00
3.750000000000000e-01 4.290558389525505e-01 1.032933458586418e+00
3.800000000000000e-01 4.404341653252637e-01 1.034227416333297e+00
3.850000000000000e-01 4.520877773886537e-01 1.035548787404535e+00
3.900000000000000e-01 4.640239590296172e-01 1.036896416648055e+00
3.950000000000000e-01 4.762501707502353e-01 1.038269052354291e+00
4.000000000000000e-01 4.887740543308307e-01 1.039665238364136e+00
4.050000000000000e-01 5.016034376063282e-01 1.041083253628011e+00
4.100000000000000e-01 5.147463393589066e-01 1.042521210890630e+00
4.150000000000000e-01 5.282109743299990e-01 1.043977078300552e+00
4.200000000000000e-01 5.420057583547735e-01 1.045448557533075e+00
4.250000000000000e-01 5.561393136223041e-01 1.046933044503861e+00
4.300000000000000e-01 5.706204740647189e-01 1.048427724718393e+00
4.350000000000000e-01 5.854582908786964e-01 1.049929601502780e+00
4.400000000000000e-01 6.006620381827575e-01 1.051435392081548e+00
4.450000000000000e-01 6.162412188138907e-01 1.052941456794932e+00
4.500000000000000e-01 6.322055702671360e-01 1.054443855207453e+00
4.550000000000000e-01 6.485650707818353e-01 1.055938420991657e+00
4.600000000000000e-01 6.653299455783577e-01 1.057420735461539e+00
4.650000000000000e-01 6.825106732491932e-01 1.058886033469820e+00
4.700000000000000e-01 7.001179923084168e-01 1.060329161589513e+00
4.750000000000000e-01 7.181629079036070e-01 1.061744629929222e+00
4.800000000000000e-01 7.366566986944229e-01 1.063126681028714e+00
4.850000000000000e-01 7.556109239021327e-01 1.064469306504164e+00
4.900000000000000e-01 7.750374305345038e-01 1.065766219920543e+00
4.950000000000000e-01 7.949483607905672e-01 1.067010822419631e+00
5.000000000000000e-01 8.153561596498893e-01 1.068196200064103e+00
5.050000000000000e-01 8.362735826510871e-01 1.069315166177410e+00
5.100000000000000e-01 8.577137038644561e-01 1.070360318553599e+00
5.150000000000000e-01 8.796899240636907e-01 1.071324105532544e+00
5.200000000000000e-01 9.022159791018011e-01 1.072198889760001e+00
5.250000000000000e-01 9.253059484964714e-01 1.072977013587722e+00
5.300000000000000e-01 9.489742642302165e-01 1.073650876827319e+00
5.350000000000000e-01 9.732357197708378e-01 1.074213028116130e+00
5.400000000000000e-01 9.981054793178262e-01 1.074656277219474e+00
5.450000000000000e-01 1.023599087280478e+00 1.074973826535464e+00
5.500000000000000e-01 1.049732477993657e+00 1.075159424001036e+00
5.550000000000000e-01 1.076521985677273e+00 1.075207536153976e+00
5.600000000000001e-01 1.103984354645701e+00 1.075113541189973e+00
5.650000000000001e-01 1.132136749773522e+00 1.074873940168816e+00
5.700000000000001e-01 1.160996767224129e+00 1.074486583524101e+00
5.750000000000001e-01 1.190582445447902e+00 1.073950908012505e+00
5.800000000000000e-01 1.220912276456826e+00 1.073268176962688e+00
5.850000000000000e-01 1.252005217382601e+00 1.072441713915197e+00
5.900000000000000e-01 1.283880702325469e+00 1.071477116721910e+00
5.950000000000000e-01 1.316558654501151e+00 1.070382436067193e+00
6.000000000000000e-01 1.350059498693518e+00 1.069168299518067e+00
6.050000000000000e-01 1.384404174020732e+00 1.067847960040888e+00
6.100000000000000e-01 1.419614147022888e+00 1.066437246978731e+00
6.150000000000000e-01 1.455711425079295e+00 1.064954398363287e+00
6.200000000000000e-01 1.492718570163803e+00 1.063419756712082e+00
6.250000000000000e-01 1.530658712946775e+00 1.061855316576349e+00
6.300000000000000e-01 1.569555567252506e+00 1.060284121232090e+00
6.350000000000000e-01 1.609433444881138e+00 1.058729517830221e+00
6.400000000000000e-01 1.650317270804325e+00 1.057214294343580e+00
6.450000000000000e-01 1.692232598744148e+00 1.055759736571502e+00
6.500000000000000e-01 1.735205627145031e+00 1.054384657667164e+00
6.550000000000000e-01 1.779263215548615e+00 1.053104464274622e+00
6.600000000000000e-01 1.824432901381847e+00 1.051930330547062e+00
6.650000000000000e-01 1.870742917168772e+00 1.050868552505422e+00
6.700000000000000e-01 1.918222208176775e+00 1.049920149374653e+00
6.750000000000000e-01 1.966900450508319e+00 1.049080765408630e+00
6.800000000000000e-01 2.016808069649473e+00 1.048340905766192e+00
6.850000000000001e-01 2.067976259486829e+00 1.047686514449573e+00
6.900000000000001e-01 2.120437001804702e+00 1.047099873023704e+00
6.950000000000001e-01 2.174223086274785e+00 1.046560768201321e+00
7.000000000000001e-01 2.229368130950753e+00 1.046047847269430e+00
7.050000000000000e-01 2.285906603280654e+00 1.045540056003500e+00
7.100000000000000e-01 2.343873841650178e+00 1.045018037667067e+00
7.150000000000000e-01 2.403306077470301e+00 1.044465367334074e+00
7.200000000000000e-01 2.464240457823092e+00 1.043869505807027e+00
7.250000000000000e-01 2.526715068679855e+00 1.043222382989853e+00
7.300000000000000e-01 2.590768958706095e+00 1.042520560408386e+00
7.350000000000000e-01 2.656442163668210e+00 1.041764972308463e+00
7.400000000000000e-01 2.723775731457148e+00 1.040960297145764e+00
7.450000000000000e-01 2.792811747744667e+00 1.040114057263068e+00
7.500000000000000e-01 2.863593362288260e+00 1.039235575294976e+00
7.550000000000000e-01 2.936164815901156e+00 1.038334925117078e+00
7.600000000000000e-01 3.010571468104263e+00 1.037422001297122e+00
7.650000000000000e-01 3.086859825477351e+00 1.036505797643307e+00
7.700000000000000e-01 3.165077570727174e+00 1.035593940643383e+00
7.750000000000000e-01 3.245273592490716e+00 1.034692477576425e+00
7.800000000000000e-01 3.327498015892184e+00 1.033805881363474e+00
7.850000000000000e-01 3.411802233872832e+00 1.032937211093797e+00
7.900000000000000e-01 3.498238939313234e+00 1.032088360417672e+00
7.950000000000000e-01 3.586862157968046e+00 1.031260333190153e+00
8.000000000000000e-01 3.677727282233856e+00 1.030453501689141e+00
8.050000000000000e-01 3.770891105771243e+00 1.029667821498834e+00
8.100000000000001e-01 3.866411859002656e+00 1.028902993890323e+00
8.150000000000001e-01 3.964349245508326e+00 1.028158578449843e+00
8.200000000000001e-01 4.064764479342956e+00 1.027434065156187e+00
8.250000000000001e-01 4.167720323296481e+00 1.026728917008020e+00
8.300000000000001e-01 4.273281128122877e+00 1.026042593277387e+00
8.350000000000000e-01 4.381512872761445e+00 1.025374561121364e+00
8.400000000000000e-01 4.492483205575838e+00 1.024724300777315e+00
8.450000000000000e-01 4.606261486636447e+00 1.024091307510810e+00
8.500000000000000e-01 4.722918831072739e+00 1.023475092057542e+00
8.550000000000000e-01 4.842528153522501e+00 1.022875180430498e+00
8.600000000000000e-01 4.965164213705875e+00 1.022291113490239e+00
8.650000000000000e-01 5.090903663152626e+00 1.021722446444028e+00
8.700000000000000e-01 5.219825093111814e+00 1.021168748336488e+00
8.750000000000000e-01 5.352009083673925e+00 1.020629601553014e+00
8.800000000000000e-01 5.487538254136007e+00 1.020104601341931e+00
8.850000000000000e-01 5.626497314641444e+00 1.019593355356418e+00
8.900000000000000e-01 5.768973119126561e+00 1.019095483215714e+00
8.950000000000000e-01 5.915054719607133e+00 1.018610616084763e+00
9.000000000000000e-01 6.064833421838831e+00 1.018138396271400e+00
9.050000000000000e-01 6.218402842386253e+00 1.017678476840223e+00
9.100000000000000e-01 6.375858967136348e+00 1.017230521242325e+00
9.150000000000000e-01 6.537300211292723e+00 1.016794202960117e+00
9.200000000000000e-01 6.702827480888332e+00 1.016369205166507e+00
9.250000000000000e-01 6.872544235855034e+00 1.015955220397754e+00
9.300000000000000e-01 7.046556554689444e+00 1.015551950239336e+00
9.350000000000001e-01 7.224973200755413e+00 1.015159105024231e+00
9.400000000000001e-01 7.407905690264673e+00 1.014776403543018e+00
9.450000000000001e-01 7.595468361978146e+00 1.014403572765253e+00
9.500000000000001e-01 7.787778448671316e+00 1.014040347571604e+00
9.550000000000001e-01 7.984956150408610e+00 1.013686470496245e+00
9.600000000000000e-01 8.187124709672272e+00 1.013341691479059e+00
9.650000000000000e-01 8.394410488393007e+00 1.013005767627183e+00
9.700000000000000e-01 8.606943046930221e+00 1.012678462985511e+00
9.750000000000000e-01 8.824855225051540e+00 1.012359548315721e+00
9.800000000000000e-01 9.048283224961922e+00 1.012048800883488e+00
9.850000000000000e-01 9.277366696434507e+00 1.011746004253496e+00
9.900000000000000e-01 9.512248824096272e+00 1.011450948091929e+00
9.950000000000000e-01 9.753076416923058e+00 1.011163427976109e+00
1.000000000000000e+00 1.000000000000000e+01 1.010883245210989e+00
