0.000000000000000e+00 0.000000000000000e+00 1.000000000000000e+00
5.000000000000000e-03 3.369477419287315e-03 1.000000450015840e+00
1.000000000000000e-02 6.741060871647481e-03 1.000002241189412e+00
1.500000000000000e-02 1.011685770649257e-02 1.000005213073998e+00
2.000000000000000e-02 1.349897790673588e-02 1.000009392983242e+00
2.500000000000000e-02 1.688953540759990e-02 1.000014795065435e+00
3.000000000000000e-02 2.029064941789469e-02 1.000021425193735e+00
3.500000000000000e-02 2.370444574459234e-02 1.000029300513280e+00
4.000000000000000e-02 2.713305812152553e-02 1.000038444101469e+00
4.500000000000000e-02 3.057862954304063e-02 1.000048879620207e+00
5.000000000000000e-02 3.404331360343898e-02 1.000060636547851e+00
5.500000000000000e-02 3.752927584304335e-02 1.000073748436730e+00
6.000000000000000e-02 4.103869510173117e-02 1.000088247921690e+00
6.500000000000000e-02 4.457376488078044e-02 1.000104171482323e+00
7.000000000000001e-02 4.813669471387935e-02 1.000121565313310e+00
7.500000000000000e-02 5.172971154815675e-02 1.000140479984635e+00
8.000000000000000e-02 5.535506113609672e-02 1.000160964606238e+00
8.500000000000001e-02 5.901500943920686e-02 1.000183071239344e+00
9.000000000000000e-02 6.271184404431801e-02 1.000206860854745e+00
9.500000000000000e-02 6.644787559340060e-02 1.000232401957865e+00
1.000000000000000e-01 7.022543922779090e-02 1.000259766954881e+00
1.050000000000000e-01 7.404689604773053e-02 1.000289029562909e+00
1.100000000000000e-01 7.791463458813094e-02 1.000320265347033e+00
1.150000000000000e-01 8.183107231148547e-02 1.000353559483683e+00
1.200000000000000e-01 8.579865711886202e-02 1.000389011361848e+00
1.250000000000000e-01 8.981986887992111e-02 1.000426724450169e+00
1.300000000000000e-01 9.389722098291493e-02 1.000466800403019e+00
1.350000000000000e-01 9.803326190563690e-02 1.000509347532234e+00
1.400000000000000e-01 1.022305768083033e-01 1.000554483194487e+00
1.450000000000000e-01 1.064917891493625e-01 1.000602334597972e+00
1.500000000000000e-01 1.108195623252418e-01 1.000653045396397e+00
1.550000000000000e-01 1.152166013350572e-01 1.000706766663335e+00
1.600000000000000e-01 1.196856544713255e-01 1.000763652702271e+00
1.650000000000000e-01 1.242295150377370e-01 1.000823868437608e+00
1.700000000000000e-01 1.288510230950609e-01 1.000887582252027e+00
1.750000000000000e-01 1.335530672362758e-01 1.000954975529881e+00
1.800000000000000e-01 1.383385863920344e-01 1.001026242918556e+00
1.850000000000000e-01 1.432105716675912e-01 1.001101591091366e+00
1.900000000000000e-01 1.481720682123397e-01 1.001181244023088e+00
1.950000000000000e-01 1.532261771231311e-01 1.001265438009457e+00
2.000000000000000e-01 1.583760573825595e-01 1.001354426442344e+00
2.050000000000000e-01 1.636249278334301e-01 1.001448477314605e+00
2.100000000000000e-01 1.689760691906397e-01 1.001547876017434e+00
2.150000000000000e-01 1.744328260917313e-01 1.001652925283995e+00
2.200000000000000e-01 1.799986091874004e-01 1.001763946873085e+00
2.250000000000000e-01 1.856768972732633e-01 1.001881282532442e+00
2.300000000000000e-01 1.914712394642179e-01 1.002005295390432e+00
2.350000000000000e-01 1.973852574127551e-01 1.002136371262643e+00
2.400000000000000e-01 2.034226475726105e-01 1.002274920085612e+00
2.450000000000000e-01 2.095871835091678e-01 1.002421377401654e+00
2.500000000000000e-01 2.158827182580599e-01 1.002576205925784e+00
2.550000000000000e-01 2.223131867334419e-01 1.002739897186891e+00
2.600000000000000e-01 2.288826081874405e-01 1.002912973246330e+00
2.650000000000000e-01 2.355950887223172e-01 1.003095988491982e+00
2.700000000000000e-01 2.424548238569160e-01 1.003289531505508e+00
2.750000000000000e-01 2.494661011489995e-01 1.003494226998544e+00
2.800000000000000e-01 2.566333028751116e-01 1.003710737811804e+00
2.850000000000000e-01 2.639609087696434e-01 1.003939766968785e+00
2.900000000000000e-01 2.714534988248126e-01 1.004182059773199e+00
2.950000000000000e-01 2.791157561533084e-01 1.004438405936204e+00
3.000000000000000e-01 2.869524699153886e-01 1.004709641715981e+00
3.050000000000000e-01 2.949685383122613e-01 1.004996652048126e+00
3.100000000000000e-01 3.031689716476197e-01 1.005300372640609e+00
3.150000000000000e-01 3.115588954592450e-01 1.005621792001683e+00
3.200000000000000e-01 3.201435537226349e-01 1.005961953362976e+00
3.250000000000000e-01 3.289283121286580e-01 1.006321956453041e+00
3.300000000000000e-01 3.379186614372866e-01 1.006702959068832e+00
3.350000000000000e-01 3.471202209094989e-01 1.007106178383774e+00
3.400000000000000e-01 3.565387418195016e-01 1.007532891921372e+00
3.450000000000000e-01 3.661801110494620e-01 1.007984438112525e+00
3.500000000000000e-01 3.760503547690021e-01 1.008462216342917e+00
3.550000000000000e-01 3.861556422017504e-01 1.008967686384068e+00
3.600000000000000e-01 3.965022894813072e-01 1.009502367087837e+00
3.650000000000000e-01 4.070967635990345e-01 1.010067834209547e+00
3.700000000000000e-01 4.179456864461349e-01 1.010665717209553e+00
3.750000000000000e-01 4.290558389525505e-01 1.011297694867237e+00
3.800000000000000e-01 4.404341653252637e-01 1.011965489525401e+00
3.850000000000000e-01 4.520877773886537e-01 1.012670859767250e+00
3.900000000000000e-01 4.640239590296172e-01 1.013415591313170e+00
3.950000000000000e-01 4.762501707502353e-01 1.014201485910931e+00
4.000000000000000e-01 4.887740543308307e-01 1.015030347981689e+00
4.050000000000000e-01 5.016034376063282e-01 1.015903968776184e+00
4.100000000000000e-01 5.147463393589066e-01 1.016824107792064e+00
4.150000000000000e-01 5.282109743299990e-01 1.017792471205700e+00
4.200000000000000e-01 5.420057583547735e-01 1.018810687081891e+00
4.250000000000000e-01 5.561393136223041e-01 1.019880277144186e+00
4.300000000000000e-01 5.706204740647189e-01 1.021002624919393e+00
4.350000000000000e-01 5.854582908786964e-01 1.022178940114203e+00
4.400000000000000e-01 6.006620381827575e-01 1.023410219142157e+00
4.450000000000000e-01 6.162412188138907e-01 1.024697201797649e+00
4.500000000000000e-01 6.322055702671360e-01 1.026040324172593e+00
4.550000000000000e-01 6.485650707818353e-01 1.027439668032602e+00
4.600000000000000e-01 6.653299455783577e-01 1.028894907014766e+00
4.650000000000000e-01 6.825106732491932e-01 1.030405250178975e+00
4.700000000000000e-01 7.001179923084168e-01 1.031969383639278e+00
4.750000000000000e-01 7.181629079036070e-01 1.033585411219476e+00
4.800000000000000e-01 7.366566986944229e-01 1.035250795314982e+00
4.850000000000000e-01 7.556109239021327e-01 1.036962299395978e+00
4.900000000000000e-01 7.750374305345038e-01 1.038715933847578e+00
4.950000000000000e-01 7.949483607905672e-01 1.040506907101264e+00
5.000000000000000e-01 8.153561596498893e-01 1.042329584255397e+00
5.050000000000000e-01 8.362735826510871e-01 1.044177455595679e+00
5.100000000000000e-01 8.577137038644561e-01 1.046043117590863e+00
5.150000000000000e-01 8.796899240636907e-01 1.047918269034490e+00
5.200000000000000e-01 9.022159791018011e-01 1.049793725008371e+00
5.250000000000000e-01 9.253059484964714e-01 1.051659451236232e+00
5.300000000000000e-01 9.489742642302165e-01 1.053504621155944e+00
5.350000000000000e-01 9.732357197708378e-01 1.055317697649117e+00
5.400000000000000e-01 9.981054793178262e-01 1.057086540815681e+00
5.450000000000000e-01 1.023599087280478e+00 1.058798542464382e+00
5.500000000000000e-01 1.049732477993657e+00 1.060440787113147e+00
5.550000000000000e-01 1.076521985677273e+00 1.062000238272823e+00
5.600000000000001e-01 1.103984354645701e+00 1.063463947652810e+00
5.650000000000001e-01 1.132136749773522e+00 1.064819283718885e+00
5.700000000000001e-01 1.160996767224129e+00 1.066054174805175e+00
5.750000000000001e-01 1.190582445447902e+00 1.067157360795925e+00
5.800000000000000e-01 1.220912276456826e+00 1.068118646317540e+00
5.850000000000000e-01 1.252005217382601e+00 1.068929147488694e+00
5.900000000000000e-01 1.283880702325469e+00 1.069581523636123e+00
5.950000000000000e-01 1.316558654501151e+00 1.070070185060221e+00
6.000000000000000e-01 1.350059498693518e+00 1.070391467982073e+00
6.050000000000000e-01 1.384404174020732e+00 1.070543768263887e+00
6.100000000000000e-01 1.419614147022888e+00 1.070527626393582e+00
6.150000000000000e-01 1.455711425079295e+00 1.070345757569885e+00
6.200000000000000e-01 1.492718570163803e+00 1.070003022504136e+00
6.250000000000000e-01 1.530658712946775e+00 1.069506336733936e+00
6.300000000000000e-01 1.569555567252506e+00 1.068864518759626e+00
6.350000000000000e-01 1.609433444881138e+00 1.068088080075106e+00
6.400000000000000e-01 1.650317270804325e+00 1.067188963043715e+00
6.450000000000000e-01 1.692232598744148e+00 1.066180235407570e+00
6.500000000000000e-01 1.735205627145031e+00 1.065075752823458e+00
6.550000000000000e-01 1.779263215548615e+00 1.063889802977149e+00
6.600000000000000e-01 1.824432901381847e+00 1.062636746323138e+00
6.650000000000000e-01 1.870742917168772e+00 1.061330669129961e+00
6.700000000000000e-01 1.918222208176775e+00 1.059985064132173e+00
6.750000000000000e-01 1.966900450508319e+00 1.058612552627041e+00
6.800000000000000e-01 2.016808069649473e+00 1.057224659338831e+00
6.850000000000001e-01 2.067976259486829e+00 1.055831647956140e+00
6.900000000000001e-01 2.120437001804702e+00 1.054442421194430e+00
6.950000000000001e-01 2.174223086274785e+00 1.053064484908360e+00
7.000000000000001e-01 2.229368130950753e+00 1.051703971593818e+00
7.050000000000000e-01 2.285906603280654e+00 1.050365714995920e+00
7.100000000000000e-01 2.343873841650178e+00 1.049053364836462e+00
7.150000000000000e-01 2.403306077470301e+00 1.047769529138349e+00
7.200000000000000e-01 2.464240457823092e+00 1.046515931349429e+00
7.250000000000000e-01 2.526715068679855e+00 1.045293570382037e+00
7.300000000000000e-01 2.590768958706095e+00 1.044102873564710e+00
7.350000000000000e-01 2.656442163668210e+00 1.042943835017359e+00
7.400000000000000e-01 2.723775731457148e+00 1.041816134729589e+00
7.450000000000000e-01 2.792811747744667e+00 1.040719236278619e+00
7.500000000000000e-01 2.863593362288260e+00 1.039652463376080e+00
7.550000000000000e-01 2.936164815901156e+00 1.038615057099150e+00
7.600000000000000e-01 3.010571468104263e+00 1.037606216680030e+00
7.650000000000000e-01 3.086859825477351e+00 1.036625127145256e+00
7.700000000000000e-01 3.165077570727174e+00 1.035670977035571e+00
7.750000000000000e-01 3.245273592490716e+00 1.034742969056957e+00
7.800000000000000e-01 3.327498015892184e+00 1.033840325971632e+00
7.850000000000000e-01 3.411802233872832e+00 1.032962293463689e+00
7.900000000000000e-01 3.498238939313234e+00 1.032108141195030e+00
7.950000000000000e-01 3.586862157968046e+00 1.031277162848408e+00
8.000000000000000e-01 3.677727282233856e+00 1.030468675646454e+00
8.050000000000000e-01 3.770891105771243e+00 1.029682019627320e+00
8.100000000000001e-01 3.866411859002656e+00 1.028916556827231e+00
8.150000000000001e-01 3.964349245508326e+00 1.028171670444675e+00
8.200000000000001e-01 4.064764479342956e+00 1.027446764020255e+00
8.250000000000001e-01 4.167720323296481e+00 1.026741260645928e+00
8.300000000000001e-01 4.273281128122877e+00 1.026054602208016e+00
8.350000000000000e-01 4.381512872761445e+00 1.025386248664400e+00
8.400000000000000e-01 4.492483205575838e+00 1.024735677354830e+00
8.450000000000000e-01 4.606261486636447e+00 1.024102382342799e+00
8.500000000000000e-01 4.722918831072739e+00 1.023485873787339e+00
8.550000000000000e-01 4.842528153522501e+00 1.022885677343143e+00
8.600000000000000e-01 4.965164213705875e+00 1.022301333587519e+00
8.650000000000000e-01 5.090903663152626e+00 1.021732397472723e+00
8.700000000000000e-01 5.219825093111814e+00 1.021178437802372e+00
8.750000000000000e-01 5.352009083673925e+00 1.020639036730650e+00
8.800000000000000e-01 5.487538254136007e+00 1.020113789283146e+00
8.850000000000000e-01 5.626497314641444e+00 1.019602302898208e+00
8.900000000000000e-01 5.768973119126561e+00 1.019104196987777e+00
8.950000000000000e-01 5.915054719607133e+00 1.018619102516706e+00
9.000000000000000e-01 6.064833421838831e+00 1.018146661599651e+00
9.050000000000000e-01 6.218402842386253e+00 1.017686527114662e+00
9.100000000000000e-01 6.375858967136348e+00 1.017238362332642e+00
9.150000000000000e-01 6.537300211292723e+00 1.016801840561919e+00
9.200000000000000e-01 6.702827480888332e+00 1.016376644807179e+00
9.250000000000000e-01 6.872544235855034e+00 1.015962467442088e+00
9.300000000000000e-01 7.046556554689444e+00 1.015559009894944e+00
9.350000000000001e-01 7.224973200755413e+00 1.015165982346736e+00
9.400000000000001e-01 7.407905690264673e+00 1.014783103441056e+00
9.450000000000001e-01 7.595468361978146e+00 1.014410100005275e+00
9.500000000000001e-01 7.787778448671316e+00 1.014046706782497e+00
9.550000000000001e-01 7.984956150408610e+00 1.013692666173782e+00
9.600000000000000e-01 8.187124709672272e+00 1.013347727990174e+00
9.650000000000000e-01 8.394410488393007e+00 1.013011649214095e+00
9.700000000000000e-01 8.606943046930221e+00 1.012684193769686e+00
9.750000000000000e-01 8.824855225051540e+00 1.012365132301696e+00
9.800000000000000e-01 9.048283224961922e+00 1.012054241962551e+00
9.850000000000000e-01 9.277366696434507e+00 1.011751306207234e+00
9.900000000000000e-01 9.512248824096272e+00 1.011456114595644e+00
9.950000000000000e-01 9.753076416923058e+00 1.011168462602121e+00
1.000000000000000e+00 1.000000000000000e+01 1.010888151431808e+00
