0.000000000000000e+00 0.000000000000000e+00 1.000000000000000e+00
5.000000000000000e-03 3.369477419287315e-03 1.000001097270917e+00
1.000000000000000e-02 6.741060871647481e-03 1.000005488967162e+00
1.500000000000000e-02 1.011685770649257e-02 1.000012820283527e+00
2.000000000000000e-02 1.349897790673588e-02 1.000023112212488e+00
2.500000000000000e-02 1.688953540759990e-02 1.000036385920485e+00
3.000000000000000e-02 2.029064941789469e-02 1.000052670039941e+00
3.500000000000000e-02 2.370444574459234e-02 1.000072008029227e+00
4.000000000000000e-02 2.713305812152553e-02 1.000094448147590e+00
4.500000000000000e-02 3.057862954304063e-02 1.000120038584842e+00
5.000000000000000e-02 3.404331360343898e-02 1.000148839350137e+00
5.500000000000000e-02 3.752927584304335e-02 1.000180924358022e+00
6.000000000000000e-02 4.103869510173117e-02 1.000216369010063e+00
6.500000000000000e-02 4.457376488078044e-02 1.000255251482427e+00
7.000000000000001e-02 4.813669471387935e-02 1.000297666041742e+00
7.500000000000000e-02 5.172971154815675e-02 1.000343718696645e+00
8.000000000000000e-02 5.535506113609672e-02 1.000393514104009e+00
8.500000000000001e-02 5.901500943920686e-02 1.000447163411005e+00
9.000000000000000e-02 6.271184404431801e-02 1.000504797777165e+00
9.500000000000000e-02 6.644787559340060e-02 1.000566558110388e+00
1.000000000000000e-01 7.022543922779090e-02 1.000632582265968e+00
1.050000000000000e-01 7.404689604773053e-02 1.000703018023334e+00
1.100000000000000e-01 7.791463458813094e-02 1.000778036291898e+00
1.150000000000000e-01 8.183107231148547e-02 1.000857816985612e+00
1.200000000000000e-01 8.579865711886202e-02 1.000942536394714e+00
1.250000000000000e-01 8.981986887992111e-02 1.001032382867722e+00
1.300000000000000e-01 9.389722098291493e-02 1.001127570530320e+00
1.350000000000000e-01 9.803326190563690e-02 1.001228323929804e+00
1.400000000000000e-01 1.022305768083033e-01 1.001334864188365e+00
1.450000000000000e-01 1.064917891493625e-01 1.001447424402981e+00
1.500000000000000e-01 1.108195623252418e-01 1.001566265335716e+00
1.550000000000000e-01 1.152166013350572e-01 1.001691662569559e+00
1.600000000000000e-01 1.196856544713255e-01 1.001823890795415e+00
1.650000000000000e-01 1.242295150377370e-01 1.001963233710565e+00
1.700000000000000e-01 1.288510230950609e-01 1.002109999974596e+00
1.750000000000000e-01 1.335530672362758e-01 1.002264520049896e+00
1.800000000000000e-01 1.383385863920344e-01 1.002427134525949e+00
1.850000000000000e-01 1.432105716675912e-01 1.002598189698753e+00
1.900000000000000e-01 1.481720682123397e-01 1.002778042354900e+00
1.950000000000000e-01 1.532261771231311e-01 1.002967073941455e+00
2.000000000000000e-01 1.583760573825595e-01 1.003165697401209e+00
2.050000000000000e-01 1.636249278334301e-01 1.003374338041866e+00
2.100000000000000e-01 1.689760691906397e-01 1.003593419403153e+00
2.150000000000000e-01 1.744328260917313e-01 1.003823379498505e+00
2.200000000000000e-01 1.799986091874004e-01 1.004064680968007e+00
2.250000000000000e-01 1.856768972732633e-01 1.004317810169386e+00
2.300000000000000e-01 1.914712394642179e-01 1.004583284645714e+00
2.350000000000000e-01 1.973852574127551e-01 1.004861637939665e+00
2.400000000000000e-01 2.034226475726105e-01 1.005153407600224e+00
2.450000000000000e-01 2.095871835091678e-01 1.005459148101299e+00
2.500000000000000e-01 2.158827182580599e-01 1.005779421111822e+00
2.550000000000000e-01 2.223131867334419e-01 1.006114808298379e+00
2.600000000000000e-01 2.288826081874405e-01 1.006465913124930e+00
2.650000000000000e-01 2.355950887223172e-01 1.006833356059580e+00
2.700000000000000e-01 2.424548238569160e-01 1.007217780728681e+00
2.750000000000000e-01 2.494661011489995e-01 1.007619844578459e+00
2.800000000000000e-01 2.566333028751116e-01 1.008040222920575e+00
2.850000000000000e-01 2.639609087696434e-01 1.008479603418692e+00
2.900000000000000e-01 2.714534988248126e-01 1.008938687048961e+00
2.950000000000000e-01 2.791157561533084e-01 1.009418185413932e+00
3.000000000000000e-01 2.869524699153886e-01 1.009918819800369e+00
3.050000000000000e-01 2.949685383122613e-01 1.010441319098001e+00
3.100000000000000e-01 3.031689716476197e-01 1.010986417833402e+00
3.150000000000000e-01 3.115588954592450e-01 1.011554853730810e+00
3.200000000000000e-01 3.201435537226349e-01 1.012147365002135e+00
3.250000000000000e-01 3.289283121286580e-01 1.012764687261074e+00
3.300000000000000e-01 3.379186614372866e-01 1.013407550067332e+00
3.350000000000000e-01 3.471202209094989e-01 1.014076673066264e+00
3.400000000000000e-01 3.565387418195016e-01 1.014772761700404e+00
3.450000000000000e-01 3.661801110494620e-01 1.015496502464591e+00
3.500000000000000e-01 3.760503547690021e-01 1.016248557677125e+00
3.550000000000000e-01 3.861556422017504e-01 1.017029559739164e+00
3.600000000000000e-01 3.965022894813072e-01 1.017840104855234e+00
3.650000000000000e-01 4.070967635990345e-01 1.018680746188856e+00
3.700000000000000e-01 4.179456864461349e-01 1.019551986429055e+00
3.750000000000000e-01 4.290558389525505e-01 1.020454269746085e+00
3.800000000000000e-01 4.404341653252637e-01 1.021387973118102e+00
3.850000000000000e-01 4.520877773886537e-01 1.022353397014981e+00
3.900000000000000e-01 4.640239590296172e-01 1.023350755431143e+00
3.950000000000000e-01 4.762501707502353e-01 1.024380165266308e+00
4.000000000000000e-01 4.887740543308307e-01 1.025441635061786e+00
4.050000000000000e-01 5.016034376063282e-01 1.026535053110412e+00
4.100000000000000e-01 5.147463393589066e-01 1.027660174970812e+00
4.150000000000000e-01 5.282109743299990e-01 1.028816610431581e+00
4.200000000000000e-01 5.420057583547735e-01 1.030003809988363e+00
4.250000000000000e-01 5.561393136223041e-01 1.031221050916939e+00
4.300000000000000e-01 5.706204740647189e-01 1.032467423048483e+00
4.350000000000000e-01 5.854582908786964e-01 1.033741814379011e+00
4.400000000000000e-01 6.006620381827575e-01 1.035042896673925e+00
4.450000000000000e-01 6.162412188138907e-01 1.036369111259991e+00
4.500000000000000e-01 6.322055702671360e-01 1.037718655230826e+00
4.550000000000000e-01 6.485650707818353e-01 1.039089468327278e+00
4.600000000000000e-01 6.653299455783577e-01 1.040479220789973e+00
4.650000000000000e-01 6.825106732491932e-01 1.041885302516436e+00
4.700000000000000e-01 7.001179923084168e-01 1.043304813887898e+00
4.750000000000000e-01 7.181629079036070e-01 1.044734558658996e+00
4.800000000000000e-01 7.366566986944229e-01 1.046171039324609e+00
4.850000000000000e-01 7.556109239021327e-01 1.047610455389243e+00
4.900000000000000e-01 7.750374305345038e-01 1.049048704962818e+00
4.950000000000000e-01 7.949483607905672e-01 1.050481390089324e+00
5.000000000000000e-01 8.153561596498893e-01 1.051903826179255e+00
5.050000000000000e-01 8.362735826510871e-01 1.053311055860891e+00
5.100000000000000e-01 8.577137038644561e-01 1.054697867488685e+00
5.150000000000000e-01 8.796899240636907e-01 1.056058818449967e+00
5.200000000000000e-01 9.022159791018011e-01 1.057388263296704e+00
5.250000000000000e-01 9.253059484964714e-01 1.058680386602282e+00
5.300000000000000e-01 9.489742642302165e-01 1.059929240312095e+00
5.350000000000000e-01 9.732357197708378e-01 1.061128785231335e+00
5.400000000000000e-01 9.981054793178262e-01 1.062272936186327e+00
5.450000000000000e-01 1.023599087280478e+00 1.063355610320638e+00
5.500000000000000e-01 1.049732477993657e+00 1.064370777957491e+00
5.550000000000000e-01 1.076521985677273e+00 1.065312515487049e+00
5.600000000000001e-01 1.103984354645701e+00 1.066175059827662e+00
5.650000000000001e-01 1.132136749773522e+00 1.066952864163937e+00
5.700000000000001e-01 1.160996767224129e+00 1.067640654871371e+00
5.750000000000001e-01 1.190582445447902e+00 1.068233489775709e+00
5.800000000000000e-01 1.220912276456826e+00 1.068726818130696e+00
5.850000000000000e-01 1.252005217382601e+00 1.069116542884326e+00
5.900000000000000e-01 1.283880702325469e+00 1.069399085885470e+00
5.950000000000000e-01 1.316558654501151e+00 1.069571456600962e+00
6.000000000000000e-01 1.350059498693518e+00 1.069631324612962e+00
6.050000000000000e-01 1.384404174020732e+00 1.069577095607753e+00
6.100000000000000e-01 1.419614147022888e+00 1.069407989736561e+00
6.150000000000000e-01 1.455711425079295e+00 1.069124120151010e+00
6.200000000000000e-01 1.492718570163803e+00 1.068726568262419e+00
6.250000000000000e-01 1.530658712946775e+00 1.068217450968731e+00
6.300000000000000e-01 1.569555567252506e+00 1.067599973907458e+00
6.350000000000000e-01 1.609433444881138e+00 1.066878463934810e+00
6.400000000000000e-01 1.650317270804325e+00 1.066058373719394e+00
6.450000000000000e-01 1.692232598744148e+00 1.065146251770977e+00
6.500000000000000e-01 1.735205627145031e+00 1.064149672538128e+00
6.550000000000000e-01 1.779263215548615e+00 1.063077123440187e+00
6.600000000000000e-01 1.824432901381847e+00 1.061937848755546e+00
6.650000000000000e-01 1.870742917168772e+00 1.060741653931150e+00
6.700000000000000e-01 1.918222208176775e+00 1.059498677733701e+00
6.750000000000000e-01 1.966900450508319e+00 1.058219143259917e+00
6.800000000000000e-01 2.016808069649473e+00 1.056913101656007e+00
6.850000000000001e-01 2.067976259486829e+00 1.055590184006711e+00
6.900000000000001e-01 2.120437001804702e+00 1.054259376915267e+00
6.950000000000001e-01 2.174223086274785e+00 1.052928835684008e+00
7.000000000000001e-01 2.229368130950753e+00 1.051605745841454e+00
7.050000000000000e-01 2.285906603280654e+00 1.050296239408309e+00
7.100000000000000e-01 2.343873841650178e+00 1.049005367307799e+00
7.150000000000000e-01 2.403306077470301e+00 1.047737124365930e+00
7.200000000000000e-01 2.464240457823092e+00 1.046494519066739e+00
7.250000000000000e-01 2.526715068679855e+00 1.045279677156284e+00
7.300000000000000e-01 2.590768958706095e+00 1.044093966643592e+00
7.350000000000000e-01 2.656442163668210e+00 1.042938131783962e+00
7.400000000000000e-01 2.723775731457148e+00 1.041812425052884e+00
7.450000000000000e-01 2.792811747744667e+00 1.040716728534691e+00
7.500000000000000e-01 2.863593362288260e+00 1.039650659062171e+00
7.550000000000000e-01 2.936164815901156e+00 1.038613654356571e+00
7.600000000000000e-01 3.010571468104263e+00 1.037605039928448e+00
7.650000000000000e-01 3.086859825477351e+00 1.036624078356558e+00
7.700000000000000e-01 3.165077570727174e+00 1.035670003678897e+00
7.750000000000000e-01 3.245273592490716e+00 1.034742044066390e+00
7.800000000000000e-01 3.327498015892184e+00 1.033839435860572e+00
7.850000000000000e-01 3.411802233872832e+00 1.032961431635887e+00
7.900000000000000e-01 3.498238939313234e+00 1.032107304378393e+00
7.950000000000000e-01 3.586862157968046e+00 1.031276349296409e+00
8.000000000000000e-01 3.677727282233856e+00 1.030467884281378e+00
8.050000000000000e-01 3.770891105771243e+00 1.029681249655391e+00
8.100000000000001e-01 3.866411859002656e+00 1.028915807575744e+00
8.150000000000001e-01 3.964349245508326e+00 1.028170941297033e+00
8.200000000000001e-01 4.064764479342956e+00 1.027446054391410e+00
8.250000000000001e-01 4.167720323296481e+00 1.026740569973406e+00
8.300000000000001e-01 4.273281128122877e+00 1.026053929948546e+00
8.350000000000000e-01 4.381512872761445e+00 1.025385594292434e+00
8.400000000000000e-01 4.492483205575838e+00 1.024735040361669e+00
8.450000000000000e-01 4.606261486636447e+00 1.024101762235907e+00
8.500000000000000e-01 4.722918831072739e+00 1.023485270089734e+00
8.550000000000000e-01 4.842528153522501e+00 1.022885089592823e+00
8.600000000000000e-01 4.965164213705875e+00 1.022300761336908e+00
8.650000000000000e-01 5.090903663152626e+00 1.021731840288157e+00
8.700000000000000e-01 5.219825093111814e+00 1.021177895263591e+00
8.750000000000000e-01 5.352009083673925e+00 1.020638508430321e+00
8.800000000000000e-01 5.487538254136007e+00 1.020113274826405e+00
8.850000000000000e-01 5.626497314641444e+00 1.019601801902220e+00
8.900000000000000e-01 5.768973119126561e+00 1.019103709081316e+00
8.950000000000000e-01 5.915054719607133e+00 1.018618627339749e+00
9.000000000000000e-01 6.064833421838831e+00 1.018146198802994e+00
9.050000000000000e-01 6.218402842386253e+00 1.017686076359544e+00
9.100000000000000e-01 6.375858967136348e+00 1.017237923290395e+00
9.150000000000000e-01 6.537300211292723e+00 1.016801412913622e+00
9.200000000000000e-01 6.702827480888332e+00 1.016376228243330e+00
9.250000000000000e-01 6.872544235855034e+00 1.015962061662292e+00
9.300000000000000e-01 7.046556554689444e+00 1.015558614607603e+00
9.350000000000001e-01 7.224973200755413e+00 1.015165597268768e+00
9.400000000000001e-01 7.407905690264673e+00 1.014782728297605e+00
9.450000000000001e-01 7.595468361978146e+00 1.014409734529450e+00
9.500000000000001e-01 7.787778448671316e+00 1.014046350715108e+00
9.550000000000001e-01 7.984956150408610e+00 1.013692319263094e+00
9.600000000000000e-01 8.187124709672272e+00 1.013347389991666e+00
9.650000000000000e-01 8.394410488393007e+00 1.013011319890229e+00
9.700000000000000e-01 8.606943046930221e+00 1.012683872889686e+00
9.750000000000000e-01 8.824855225051540e+00 1.012364819641334e+00
9.800000000000000e-01 9.048283224961922e+00 1.012053937303940e+00
9.850000000000000e-01 9.277366696434507e+00 1.011751009338629e+00
9.900000000000000e-01 9.512248824096272e+00 1.011455825311252e+00
9.950000000000000e-01 9.753076416923058e+00 1.011168180701915e+00
1.000000000000000e+00 1.000000000000000e+01 1.010887876721351e+00
