0.000000000000000e+00 0.000000000000000e+00 1.000000000000000e+00
5.000000000000000e-03 3.369477419287315e-03 1.000000673190575e+00
1.000000000000000e-02 6.741060871647481e-03 1.000003379224712e+00
1.500000000000000e-02 1.011685770649257e-02 1.000007912339381e+00
2.000000000000000e-02 1.349897790673588e-02 1.000014262962036e+00
2.500000000000000e-02 1.688953540759990e-02 1.000022446691610e+00
3.000000000000000e-02 2.029064941789469e-02 1.000032496022118e+00
3.500000000000000e-02 2.370444574459234e-02 1.000044445477122e+00
4.000000000000000e-02 2.713305812152553e-02 1.000058317004160e+00
4.500000000000000e-02 3.057862954304063e-02 1.000074152472344e+00
5.000000000000000e-02 3.404331360343898e-02 1.000091986664644e+00
5.500000000000000e-02 3.752927584304335e-02 1.000111863190145e+00
6.000000000000000e-02 4.103869510173117e-02 1.000133836935059e+00
6.500000000000000e-02 4.457376488078044e-02 1.000157970886562e+00
7.000000000000001e-02 4.813669471387935e-02 1.000184337336526e+00
7.500000000000000e-02 5.172971154815675e-02 1.000212993215274e+00
8.000000000000000e-02 5.535506113609672e-02 1.000244017620282e+00
8.500000000000001e-02 5.901500943920686e-02 1.000277494377976e+00
9.000000000000000e-02 6.271184404431801e-02 1.000313514781425e+00
9.500000000000000e-02 6.644787559340060e-02 1.000352175134742e+00
1.000000000000000e-01 7.022543922779090e-02 1.000393575253018e+00
1.050000000000000e-01 7.404689604773053e-02 1.000437834274778e+00
1.100000000000000e-01 7.791463458813094e-02 1.000485064019145e+00
1.150000000000000e-01 8.183107231148547e-02 1.000535397386024e+00
1.200000000000000e-01 8.579865711886202e-02 1.000588962324697e+00
1.250000000000000e-01 8.981986887992111e-02 1.000645900251022e+00
1.300000000000000e-01 9.389722098291493e-02 1.000706378259535e+00
1.350000000000000e-01 9.803326190563690e-02 1.000770552072991e+00
1.400000000000000e-01 1.022305768083033e-01 1.000838605235678e+00
1.450000000000000e-01 1.064917891493625e-01 1.000910717861793e+00
1.500000000000000e-01 1.108195623252418e-01 1.000987082677272e+00
1.550000000000000e-01 1.152166013350572e-01 1.001067913591613e+00
1.600000000000000e-01 1.196856544713255e-01 1.001153427656378e+00
1.650000000000000e-01 1.242295150377370e-01 1.001243869820411e+00
1.700000000000000e-01 1.288510230950609e-01 1.001339476379472e+00
1.750000000000000e-01 1.335530672362758e-01 1.001440510722281e+00
1.800000000000000e-01 1.383385863920344e-01 1.001547259170724e+00
1.850000000000000e-01 1.432105716675912e-01 1.001660009133568e+00
1.900000000000000e-01 1.481720682123397e-01 1.001779084754049e+00
1.950000000000000e-01 1.532261771231311e-01 1.001904811783646e+00
2.000000000000000e-01 1.583760573825595e-01 1.002037525528661e+00
2.050000000000000e-01 1.636249278334301e-01 1.002177593129558e+00
2.100000000000000e-01 1.689760691906397e-01 1.002325416103061e+00
2.150000000000000e-01 1.744328260917313e-01 1.002481406655728e+00
2.200000000000000e-01 1.799986091874004e-01 1.002645980524725e+00
2.250000000000000e-01 1.856768972732633e-01 1.002819603678668e+00
2.300000000000000e-01 1.914712394642179e-01 1.003002751969215e+00
2.350000000000000e-01 1.973852574127551e-01 1.003195923554526e+00
2.400000000000000e-01 2.034226475726105e-01 1.003399662373898e+00
2.450000000000000e-01 2.095871835091678e-01 1.003614515205958e+00
2.500000000000000e-01 2.158827182580599e-01 1.003841073054334e+00
2.550000000000000e-01 2.223131867334419e-01 1.004079952962968e+00
2.600000000000000e-01 2.288826081874405e-01 1.004331790942502e+00
2.650000000000000e-01 2.355950887223172e-01 1.004597276268943e+00
2.700000000000000e-01 2.424548238569160e-01 1.004877105396595e+00
2.750000000000000e-01 2.494661011489995e-01 1.005172017631830e+00
2.800000000000000e-01 2.566333028751116e-01 1.005482794818671e+00
2.850000000000000e-01 2.639609087696434e-01 1.005810224610812e+00
2.900000000000000e-01 2.714534988248126e-01 1.006155155633496e+00
2.950000000000000e-01 2.791157561533084e-01 1.006518457906059e+00
3.000000000000000e-01 2.869524699153886e-01 1.006901018348269e+00
3.050000000000000e-01 2.949685383122613e-01 1.007303788356230e+00
3.100000000000000e-01 3.031689716476197e-01 1.007727720544295e+00
3.150000000000000e-01 3.115588954592450e-01 1.008173798728480e+00
3.200000000000000e-01 3.201435537226349e-01 1.008643062237256e+00
3.250000000000000e-01 3.289283121286580e-01 1.009136535856824e+00
3.300000000000000e-01 3.379186614372866e-01 1.009655283939081e+00
3.350000000000000e-01 3.471202209094989e-01 1.010200409434662e+00
3.400000000000000e-01 3.565387418195016e-01 1.010772984519527e+00
3.450000000000000e-01 3.661801110494620e-01 1.011374118671003e+00
3.500000000000000e-01 3.760503547690021e-01 1.012004940466727e+00
3.550000000000000e-01 3.861556422017504e-01 1.012666526683550e+00
3.600000000000000e-01 3.965022894813072e-01 1.013359976527415e+00
3.650000000000000e-01 4.070967635990345e-01 1.014086388306279e+00
3.700000000000000e-01 4.179456864461349e-01 1.014846776920891e+00
3.750000000000000e-01 4.290558389525505e-01 1.015642147709418e+00
3.800000000000000e-01 4.404341653252637e-01 1.016473486724578e+00
3.850000000000000e-01 4.520877773886537e-01 1.017341657541872e+00
3.900000000000000e-01 4.640239590296172e-01 1.018247458668354e+00
3.950000000000000e-01 4.762501707502353e-01 1.019191648910223e+00
4.000000000000000e-01 4.887740543308307e-01 1.020174827130840e+00
4.050000000000000e-01 5.016034376063282e-01 1.021197441969247e+00
4.100000000000000e-01 5.147463393589066e-01 1.022259865334698e+00
4.150000000000000e-01 5.282109743299990e-01 1.023362293516313e+00
4.200000000000000e-01 5.420057583547735e-01 1.024504671804493e+00
4.250000000000000e-01 5.561393136223041e-01 1.025686779213081e+00
4.300000000000000e-01 5.706204740647189e-01 1.026908220965666e+00
4.350000000000000e-01 5.854582908786964e-01 1.028168293554170e+00
4.400000000000000e-01 6.006620381827575e-01 1.029465977435332e+00
4.450000000000000e-01 6.162412188138907e-01 1.030800022926127e+00
4.500000000000000e-01 6.322055702671360e-01 1.032168895109652e+00
4.550000000000000e-01 6.485650707818353e-01 1.033570645249669e+00
4.600000000000000e-01 6.653299455783577e-01 1.035002920510596e+00
4.650000000000000e-01 6.825106732491932e-01 1.036463046488576e+00
4.700000000000000e-01 7.001179923084168e-01 1.037947988173023e+00
4.750000000000000e-01 7.181629079036070e-01 1.039454227102571e+00
4.800000000000000e-01 7.366566986944229e-01 1.040977732791575e+00
4.850000000000000e-01 7.556109239021327e-01 1.042514039970609e+00
4.900000000000000e-01 7.750374305345038e-01 1.044058283880692e+00
4.950000000000000e-01 7.949483607905672e-01 1.045605129653072e+00
5.000000000000000e-01 8.153561596498893e-01 1.047148688756086e+00
5.050000000000000e-01 8.362735826510871e-01 1.048682519908593e+00
5.100000000000000e-01 8.577137038644561e-01 1.050199697840544e+00
5.150000000000000e-01 8.796899240636907e-01 1.051692870390215e+00
5.200000000000000e-01 9.022159791018011e-01 1.053154261406305e+00
5.250000000000000e-01 9.253059484964714e-01 1.054575642436666e+00
5.300000000000000e-01 9.489742642302165e-01 1.055948322627527e+00
5.350000000000000e-01 9.732357197708378e-01 1.057263182244455e+00
5.400000000000000e-01 9.981054793178262e-01 1.058510740864652e+00
5.450000000000000e-01 1.023599087280478e+00 1.059681244381423e+00
5.500000000000000e-01 1.049732477993657e+00 1.060764756789046e+00
5.550000000000000e-01 1.076521985677273e+00 1.061751258272147e+00
5.600000000000001e-01 1.103984354645701e+00 1.062630756835499e+00
5.650000000000001e-01 1.132136749773522e+00 1.063393421311539e+00
5.700000000000001e-01 1.160996767224129e+00 1.064029742633093e+00
5.750000000000001e-01 1.190582445447902e+00 1.064530726187102e+00
5.800000000000000e-01 1.220912276456826e+00 1.064888117628370e+00
5.850000000000000e-01 1.252005217382601e+00 1.065094662303336e+00
5.900000000000000e-01 1.283880702325469e+00 1.065144397586586e+00
5.950000000000000e-01 1.316558654501151e+00 1.065032974910154e+00
6.000000000000000e-01 1.350059498693518e+00 1.064758005246237e+00
6.050000000000000e-01 1.384404174020732e+00 1.064319417420422e+00
6.100000000000000e-01 1.419614147022888e+00 1.063719813346388e+00
6.150000000000000e-01 1.455711425079295e+00 1.062964798172336e+00
6.200000000000000e-01 1.492718570163803e+00 1.062063256987954e+00
6.250000000000000e-01 1.530658712946775e+00 1.061027543925380e+00
6.300000000000000e-01 1.569555567252506e+00 1.059873545315612e+00
6.350000000000000e-01 1.609433444881138e+00 1.058620577385621e+00
6.400000000000000e-01 1.650317270804325e+00 1.057291082243451e+00
6.450000000000000e-01 1.692232598744148e+00 1.055910094847337e+00
6.500000000000000e-01 1.735205627145031e+00 1.054504468984142e+00
6.550000000000000e-01 1.779263215548615e+00 1.053101871753156e+00
6.600000000000000e-01 1.824432901381847e+00 1.051729582208277e+00
6.650000000000000e-01 1.870742917168772e+00 1.050413157917581e+00
6.700000000000000e-01 1.918222208176775e+00 1.049175059473790e+00
6.750000000000000e-01 1.966900450508319e+00 1.048033343162375e+00
6.800000000000000e-01 2.016808069649473e+00 1.047000542075421e+00
6.850000000000001e-01 2.067976259486829e+00 1.046082853033788e+00
6.900000000000001e-01 2.120437001804702e+00 1.045279729514810e+00
6.950000000000001e-01 2.174223086274785e+00 1.044583950085028e+00
7.000000000000001e-01 2.229368130950753e+00 1.043982190130713e+00
7.050000000000000e-01 2.285906603280654e+00 1.043456075904715e+00
7.100000000000000e-01 2.343873841650178e+00 1.042983648946371e+00
7.150000000000000e-01 2.403306077470301e+00 1.042541121213624e+00
7.200000000000000e-01 2.464240457823092e+00 1.042104762525712e+00
7.250000000000000e-01 2.526715068679855e+00 1.041652737933515e+00
7.300000000000000e-01 2.590768958706095e+00 1.041166708729760e+00
7.350000000000000e-01 2.656442163668210e+00 1.040633030821130e+00
7.400000000000000e-01 2.723775731457148e+00 1.040043428982812e+00
7.450000000000000e-01 2.792811747744667e+00 1.039395091480973e+00
7.500000000000000e-01 2.863593362288260e+00 1.038690207770703e+00
7.550000000000000e-01 2.936164815901156e+00 1.037935049029532e+00
7.600000000000000e-01 3.010571468104263e+00 1.037138751914064e+00
7.650000000000000e-01 3.086859825477351e+00 1.036311997145271e+00
7.700000000000000e-01 3.165077570727174e+00 1.035465769767421e+00
7.750000000000000e-01 3.245273592490716e+00 1.034610349509510e+00
7.800000000000000e-01 3.327498015892184e+00 1.033754618415983e+00
7.850000000000000e-01 3.411802233872832e+00 1.032905704768802e+00
7.900000000000000e-01 3.498238939313234e+00 1.032068923388390e+00
7.950000000000000e-01 3.586862157968046e+00 1.031247934144055e+00
8.000000000000000e-01 3.677727282233856e+00 1.030445027043059e+00
8.050000000000000e-01 3.770891105771243e+00 1.029661450458893e+00
8.100000000000001e-01 3.866411859002656e+00 1.028897720955728e+00
8.150000000000001e-01 3.964349245508326e+00 1.028153879513675e+00
8.200000000000001e-01 4.064764479342956e+00 1.027429682255096e+00
8.250000000000001e-01 4.167720323296481e+00 1.026724729892815e+00
8.300000000000001e-01 4.273281128122877e+00 1.026038548348830e+00
8.350000000000000e-01 4.381512872761445e+00 1.025370634932754e+00
8.400000000000000e-01 4.492483205575838e+00 1.024720482635375e+00
8.450000000000000e-01 4.606261486636447e+00 1.024087591779655e+00
8.500000000000000e-01 4.722918831072739e+00 1.023471475002166e+00
8.550000000000000e-01 4.842528153522501e+00 1.022871659016856e+00
8.600000000000000e-01 4.965164213705875e+00 1.022287684962151e+00
8.650000000000000e-01 5.090903663152626e+00 1.021719108184037e+00
8.700000000000000e-01 5.219825093111814e+00 1.021165497822250e+00
8.750000000000000e-01 5.352009083673925e+00 1.020626436343264e+00
8.800000000000000e-01 5.487538254136007e+00 1.020101519070917e+00
8.850000000000000e-01 5.626497314641444e+00 1.019590353730615e+00
8.900000000000000e-01 5.768973119126561e+00 1.019092560011167e+00
8.950000000000000e-01 5.915054719607133e+00 1.018607769144638e+00
9.000000000000000e-01 6.064833421838831e+00 1.018135623503662e+00
9.050000000000000e-01 6.218402842386253e+00 1.017675776215414e+00
9.100000000000000e-01 6.375858967136348e+00 1.017227890791429e+00
9.150000000000000e-01 6.537300211292723e+00 1.016791640772511e+00
9.200000000000000e-01 6.702827480888332e+00 1.016366709387997e+00
9.250000000000000e-01 6.872544235855034e+00 1.015952789228686e+00
9.300000000000000e-01 7.046556554689444e+00 1.015549581932782e+00
9.350000000000001e-01 7.224973200755413e+00 1.015156797884246e+00
9.400000000000001e-01 7.407905690264673e+00 1.014774155922963e+00
9.450000000000001e-01 7.595468361978146e+00 1.014401383066182e+00
9.500000000000001e-01 7.787778448671316e+00 1.014038214240717e+00
9.550000000000001e-01 7.984956150408610e+00 1.013684392025396e+00
9.600000000000000e-01 8.187124709672272e+00 1.013339666403317e+00
9.650000000000000e-01 8.394410488393007e+00 1.013003794523457e+00
9.700000000000000e-01 8.606943046930221e+00 1.012676540471211e+00
9.750000000000000e-01 8.824855225051540e+00 1.012357675047484e+00
9.800000000000000e-01 9.048283224961922e+00 1.012046975555940e+00
9.850000000000000e-01 9.277366696434507e+00 1.011744225598061e+00
9.900000000000000e-01 9.512248824096272e+00 1.011449214875683e+00
9.950000000000000e-01 9.753076416923058e+00 1.011161739000676e+00
1.000000000000000e+00 1.000000000000000e+01 1.010881599311472e+00
