0.000000000000000e+00 0.000000000000000e+00 1.000000000000000e+00
5.000000000000000e-03 3.369477419287315e-03 1.000000000007527e+00
1.000000000000000e-02 6.741060871647481e-03 1.000000000010666e+00
1.500000000000000e-02 1.011685770649257e-02 1.000000000008617e+00
2.000000000000000e-02 1.349897790673588e-02 1.000000000007927e+00
2.500000000000000e-02 1.688953540759990e-02 1.000000000007178e+00
3.000000000000000e-02 2.029064941789469e-02 1.000000000007163e+00
3.500000000000000e-02 2.370444574459234e-02 1.000000000006360e+00
4.000000000000000e-02 2.713305812152553e-02 1.000000000006330e+00
4.500000000000000e-02 3.057862954304063e-02 1.000000000008120e+00
5.000000000000000e-02 3.404331360343898e-02 1.000000000009428e+00
5.500000000000000e-02 3.752927584304335e-02 1.000000000010824e+00
6.000000000000000e-02 4.103869510173117e-02 1.000000000011444e+00
6.500000000000000e-02 4.457376488078044e-02 1.000000000012800e+00
7.000000000000001e-02 4.813669471387935e-02 1.000000000013778e+00
7.500000000000000e-02 5.172971154815675e-02 1.000000000013617e+00
8.000000000000000e-02 5.535506113609672e-02 1.000000000014150e+00
8.500000000000001e-02 5.901500943920686e-02 1.000000000014660e+00
9.000000000000000e-02 6.271184404431801e-02 1.000000000015810e+00
9.500000000000000e-02 6.644787559340060e-02 1.000000000018329e+00
1.000000000000000e-01 7.022543922779090e-02 1.000000000018852e+00
1.050000000000000e-01 7.404689604773053e-02 1.000000000019252e+00
1.100000000000000e-01 7.791463458813094e-02 1.000000000019622e+00
1.150000000000000e-01 8.183107231148547e-02 1.000000000019421e+00
1.200000000000000e-01 8.579865711886202e-02 1.000000000018948e+00
1.250000000000000e-01 8.981986887992111e-02 1.000000000018619e+00
1.300000000000000e-01 9.389722098291493e-02 1.000000000019311e+00
1.350000000000000e-01 9.803326190563690e-02 1.000000000020210e+00
1.400000000000000e-01 1.022305768083033e-01 1.000000000021388e+00
1.450000000000000e-01 1.064917891493625e-01 1.000000000023034e+00
1.500000000000000e-01 1.108195623252418e-01 1.000000000024262e+00
1.550000000000000e-01 1.152166013350572e-01 1.000000000025168e+00
1.600000000000000e-01 1.196856544713255e-01 1.000000000026769e+00
1.650000000000000e-01 1.242295150377370e-01 1.000000000029204e+00
1.700000000000000e-01 1.288510230950609e-01 1.000000000031026e+00
1.750000000000000e-01 1.335530672362758e-01 1.000000000033135e+00
1.800000000000000e-01 1.383385863920344e-01 1.000000000035616e+00
1.850000000000000e-01 1.432105716675912e-01 1.000000000039409e+00
1.900000000000000e-01 1.481720682123397e-01 1.000000000042575e+00
1.950000000000000e-01 1.532261771231311e-01 1.000000000045026e+00
2.000000000000000e-01 1.583760573825595e-01 1.000000000046885e+00
2.050000000000000e-01 1.636249278334301e-01 1.000000000049672e+00
2.100000000000000e-01 1.689760691906397e-01 1.000000000053872e+00
2.150000000000000e-01 1.744328260917313e-01 1.000000000058729e+00
2.200000000000000e-01 1.799986091874004e-01 1.000000000063947e+00
2.250000000000000e-01 1.856768972732633e-01 1.000000000067637e+00
2.300000000000000e-01 1.914712394642179e-01 1.000000000071767e+00
2.350000000000000e-01 1.973852574127551e-01 1.000000000077372e+00
2.400000000000000e-01 2.034226475726105e-01 1.000000000081746e+00
2.450000000000000e-01 2.095871835091678e-01 1.000000000085323e+00
2.500000000000000e-01 2.158827182580599e-01 1.000000000089553e+00
2.550000000000000e-01 2.223131867334419e-01 1.000000000092554e+00
2.600000000000000e-01 2.288826081874405e-01 1.000000000095451e+00
2.650000000000000e-01 2.355950887223172e-01 1.000000000101311e+00
2.700000000000000e-01 2.424548238569160e-01 1.000000000107826e+00
2.750000000000000e-01 2.494661011489995e-01 1.000000000114666e+00
2.800000000000000e-01 2.566333028751116e-01 1.000000000121295e+00
2.850000000000000e-01 2.639609087696434e-01 1.000000000126048e+00
2.900000000000000e-01 2.714534988248126e-01 1.000000000133571e+00
2.950000000000000e-01 2.791157561533084e-01 1.000000000141098e+00
3.000000000000000e-01 2.869524699153886e-01 1.000000000148062e+00
3.050000000000000e-01 2.949685383122613e-01 1.000000000155066e+00
3.100000000000000e-01 3.031689716476197e-01 1.000000000164871e+00
3.150000000000000e-01 3.115588954592450e-01 1.000000000176738e+00
3.200000000000000e-01 3.201435537226349e-01 1.000000000187808e+00
3.250000000000000e-01 3.289283121286580e-01 1.000000000197971e+00
3.300000000000000e-01 3.379186614372866e-01 1.000000000206581e+00
3.350000000000000e-01 3.471202209094989e-01 1.000000000216512e+00
3.400000000000000e-01 3.565387418195016e-01 1.000000000229549e+00
3.450000000000000e-01 3.661801110494620e-01 1.000000000240929e+00
3.500000000000000e-01 3.760503547690021e-01 1.000000000252917e+00
3.550000000000000e-01 3.861556422017504e-01 1.000000000268568e+00
3.600000000000000e-01 3.965022894813072e-01 1.000000000283410e+00
3.650000000000000e-01 4.070967635990345e-01 1.000000000299019e+00
3.700000000000000e-01 4.179456864461349e-01 1.000000000313633e+00
3.750000000000000e-01 4.290558389525505e-01 1.000000000329503e+00
3.800000000000000e-01 4.404341653252637e-01 1.000000000347725e+00
3.850000000000000e-01 4.520877773886537e-01 1.000000000368120e+00
3.900000000000000e-01 4.640239590296172e-01 1.000000000387034e+00
3.950000000000000e-01 4.762501707502353e-01 1.000000000406333e+00
4.000000000000000e-01 4.887740543308307e-01 1.000000000428603e+00
4.050000000000000e-01 5.016034376063282e-01 1.000000000453797e+00
4.100000000000000e-01 5.147463393589066e-01 1.000000000479192e+00
4.150000000000000e-01 5.282109743299990e-01 1.000000000504227e+00
4.200000000000000e-01 5.420057583547735e-01 1.000000000532362e+00
4.250000000000000e-01 5.561393136223041e-01 1.000000000557228e+00
4.300000000000000e-01 5.706204740647189e-01 1.000000000583966e+00
4.350000000000000e-01 5.854582908786964e-01 1.000000000613466e+00
4.400000000000000e-01 6.006620381827575e-01 1.000000000646249e+00
4.450000000000000e-01 6.162412188138907e-01 1.000000000683065e+00
4.500000000000000e-01 6.322055702671360e-01 1.000000000724815e+00
4.550000000000000e-01 6.485650707818353e-01 1.000000000765548e+00
4.600000000000000e-01 6.653299455783577e-01 1.000000000801008e+00
4.650000000000000e-01 6.825106732491932e-01 1.000000000841264e+00
4.700000000000000e-01 7.001179923084168e-01 1.000000000885771e+00
4.750000000000000e-01 7.181629079036070e-01 1.000000000934563e+00
4.800000000000000e-01 7.366566986944229e-01 1.000000000983807e+00
4.850000000000000e-01 7.556109239021327e-01 1.000000001037129e+00
4.900000000000000e-01 7.750374305345038e-01 1.000000001094730e+00
4.950000000000000e-01 7.949483607905672e-01 1.000000001152721e+00
5.000000000000000e-01 8.153561596498893e-01 1.000000001213874e+00
5.050000000000000e-01 8.362735826510871e-01 1.000000001275242e+00
5.100000000000000e-01 8.577137038644561e-01 1.000000001342845e+00
5.150000000000000e-01 8.796899240636907e-01 1.000000001416286e+00
5.200000000000000e-01 9.022159791018011e-01 1.000000001494367e+00
5.250000000000000e-01 9.253059484964714e-01 1.000000001576955e+00
5.300000000000000e-01 9.489742642302165e-01 1.000000001660345e+00
5.350000000000000e-01 9.732357197708378e-01 1.000000001746260e+00
5.400000000000000e-01 9.981054793178262e-01 1.000000001839420e+00
5.450000000000000e-01 1.023599087280478e+00 1.000000001940742e+00
5.500000000000000e-01 1.049732477993657e+00 1.000000002047249e+00
5.550000000000000e-01 1.076521985677273e+00 1.000000002159744e+00
5.600000000000001e-01 1.103984354645701e+00 1.000000002272302e+00
5.650000000000001e-01 1.132136749773522e+00 1.000000002395490e+00
5.700000000000001e-01 1.160996767224129e+00 1.000000002532291e+00
5.750000000000001e-01 1.190582445447902e+00 1.000000002666368e+00
5.800000000000000e-01 1.220912276456826e+00 1.000000002810414e+00
5.850000000000000e-01 1.252005217382601e+00 1.000000002966478e+00
5.900000000000000e-01 1.283880702325469e+00 1.000000003129198e+00
5.950000000000000e-01 1.316558654501151e+00 1.000000003301660e+00
6.000000000000000e-01 1.350059498693518e+00 1.000000003481559e+00
6.050000000000000e-01 1.384404174020732e+00 1.000000003675486e+00
6.100000000000000e-01 1.419614147022888e+00 1.000000003878903e+00
6.150000000000000e-01 1.455711425079295e+00 1.000000004092558e+00
6.200000000000000e-01 1.492718570163803e+00 1.000000004321828e+00
6.250000000000000e-01 1.530658712946775e+00 1.000000004560666e+00
6.300000000000000e-01 1.569555567252506e+00 1.000000004815490e+00
6.350000000000000e-01 1.609433444881138e+00 1.000000005084784e+00
6.400000000000000e-01 1.650317270804325e+00 1.000000005367848e+00
6.450000000000000e-01 1.692232598744148e+00 1.000000005670126e+00
6.500000000000000e-01 1.735205627145031e+00 1.000000005986534e+00
6.550000000000000e-01 1.779263215548615e+00 1.000000006323910e+00
6.600000000000000e-01 1.824432901381847e+00 1.000000006679722e+00
6.650000000000000e-01 1.870742917168772e+00 1.000000007053011e+00
6.700000000000000e-01 1.918222208176775e+00 1.000000007455973e+00
6.750000000000000e-01 1.966900450508319e+00 1.000000007874468e+00
6.800000000000000e-01 2.016808069649473e+00 1.000000008319680e+00
6.850000000000001e-01 2.067976259486829e+00 1.000000008808684e+00
6.900000000000001e-01 2.120437001804702e+00 1.000000009312529e+00
6.950000000000001e-01 2.174223086274785e+00 1.000000009863243e+00
7.000000000000001e-01 2.229368130950753e+00 1.000000010498729e+00
7.050000000000000e-01 2.285906603280654e+00 1.000000011173255e+00
7.100000000000000e-01 2.343873841650178e+00 1.000000011956487e+00
7.150000000000000e-01 2.403306077470301e+00 1.000000012990877e+00
7.200000000000000e-01 2.464240457823092e+00 1.000000014264337e+00
7.250000000000000e-01 2.526715068679855e+00 1.000000015959820e+00
7.300000000000000e-01 2.590768958706095e+00 1.000000018772331e+00
7.350000000000000e-01 2.656442163668210e+00 1.000000023471114e+00
7.400000000000000e-01 2.723775731457148e+00 1.000000031299186e+00
7.450000000000000e-01 2.792811747744667e+00 1.000000046713301e+00
7.500000000000000e-01 2.863593362288260e+00 1.000000079898692e+00
7.550000000000000e-01 2.936164815901156e+00 1.000000148308442e+00
7.600000000000000e-01 3.010571468104263e+00 1.000000290680807e+00
7.650000000000000e-01 3.086859825477351e+00 1.000000609424697e+00
7.700000000000000e-01 3.165077570727174e+00 1.000001332120310e+00
7.750000000000000e-01 3.245273592490716e+00 1.000002896579571e+00
7.800000000000000e-01 3.327498015892184e+00 1.000006206148247e+00
7.850000000000000e-01 3.411802233872832e+00 1.000013302770596e+00
7.900000000000000e-01 3.498238939313234e+00 1.000028491933270e+00
7.950000000000000e-01 3.586862157968046e+00 1.000059696482023e+00
8.000000000000000e-01 3.677727282233856e+00 1.000120421448534e+00
8.050000000000000e-01 3.770891105771243e+00 1.000233978869575e+00
8.100000000000001e-01 3.866411859002656e+00 1.000440112177784e+00
8.150000000000001e-01 3.964349245508326e+00 1.000796798729634e+00
8.200000000000001e-01 4.064764479342956e+00 1.001361223714687e+00
8.250000000000001e-01 4.167720323296481e+00 1.002141284946643e+00
8.300000000000001e-01 4.273281128122877e+00 1.003045008544929e+00
8.350000000000000e-01 4.381512872761445e+00 1.003884963667058e+00
8.400000000000000e-01 4.492483205575838e+00 1.004463202835043e+00
8.450000000000000e-01 4.606261486636447e+00 1.004688442658145e+00
8.500000000000000e-01 4.722918831072739e+00 1.004641935725950e+00
8.550000000000000e-01 4.842528153522501e+00 1.004546302643438e+00
8.600000000000000e-01 4.965164213705875e+00 1.004662994428360e+00
8.650000000000000e-01 5.090903663152626e+00 1.005188304646252e+00
8.700000000000000e-01 5.219825093111814e+00 1.006201562481531e+00
8.750000000000000e-01 5.352009083673925e+00 1.007665185689475e+00
8.800000000000000e-01 5.487538254136007e+00 1.009442622076293e+00
8.850000000000000e-01 5.626497314641444e+00 1.011314266616918e+00
8.900000000000000e-01 5.768973119126561e+00 1.013005819479718e+00
8.950000000000000e-01 5.915054719607133e+00 1.014254190900660e+00
9.000000000000000e-01 6.064833421838831e+00 1.014904966631261e+00
9.050000000000000e-01 6.218402842386253e+00 1.014988285618367e+00
9.100000000000000e-01 6.375858967136348e+00 1.014709403229372e+00
9.150000000000000e-01 6.537300211292723e+00 1.014342880813847e+00
9.200000000000000e-01 6.702827480888332e+00 1.014095243696152e+00
9.250000000000000e-01 6.872544235855034e+00 1.014026489405912e+00
9.300000000000000e-01 7.046556554689444e+00 1.014069925368269e+00
9.350000000000001e-01 7.224973200755413e+00 1.014113740905584e+00
9.400000000000001e-01 7.407905690264673e+00 1.014075864135121e+00
9.450000000000001e-01 7.595468361978146e+00 1.013931398907168e+00
9.500000000000001e-01 7.787778448671316e+00 1.013698344458739e+00
9.550000000000001e-01 7.984956150408610e+00 1.013409968048563e+00
9.600000000000000e-01 8.187124709672272e+00 1.013095296136333e+00
9.650000000000000e-01 8.394410488393007e+00 1.012772664384295e+00
9.700000000000000e-01 8.606943046930221e+00 1.012451804159909e+00
9.750000000000000e-01 8.824855225051540e+00 1.012143263389814e+00
9.800000000000000e-01 9.048283224961922e+00 1.011913175051150e+00
9.850000000000000e-01 9.277366696434507e+00 1.012397905534917e+00
9.900000000000000e-01 9.512248824096272e+00 1.019900078358519e+00
9.950000000000000e-01 9.753076416923058e+00 1.106161360278716e+00
1.000000000000000e+00 1.000000000000000e+01 2.596864396929245e+00
