0.000000000000000e+00 0.000000000000000e+00 1.000000000000000e+00
5.000000000000000e-03 3.369477419287315e-03 1.000000799559483e+00
1.000000000000000e-02 6.741060871647481e-03 1.000004000456916e+00
1.500000000000000e-02 1.011685770649257e-02 1.000009344291024e+00
2.000000000000000e-02 1.349897790673588e-02 1.000016844670574e+00
2.500000000000000e-02 1.688953540759990e-02 1.000026520405247e+00
3.000000000000000e-02 2.029064941789469e-02 1.000038393462071e+00
3.500000000000000e-02 2.370444574459234e-02 1.000052492380510e+00
4.000000000000000e-02 2.713305812152553e-02 1.000068855133608e+00
4.500000000000000e-02 3.057862954304063e-02 1.000087522574113e+00
5.000000000000000e-02 3.404331360343898e-02 1.000108536011141e+00
5.500000000000000e-02 3.752927584304335e-02 1.000131946241148e+00
6.000000000000000e-02 4.103869510173117e-02 1.000157816053797e+00
6.500000000000000e-02 4.457376488078044e-02 1.000186209507665e+00
7.000000000000001e-02 4.813669471387935e-02 1.000217190039274e+00
7.500000000000000e-02 5.172971154815675e-02 1.000250832650814e+00
8.000000000000000e-02 5.535506113609672e-02 1.000287226245533e+00
8.500000000000001e-02 5.901500943920686e-02 1.000326460739690e+00
9.000000000000000e-02 6.271184404431801e-02 1.000368624727760e+00
9.500000000000000e-02 6.644787559340060e-02 1.000413819463670e+00
1.000000000000000e-01 7.022543922779090e-02 1.000462162725599e+00
1.050000000000000e-01 7.404689604773053e-02 1.000513774592716e+00
1.100000000000000e-01 7.791463458813094e-02 1.000568772522821e+00
1.150000000000000e-01 8.183107231148547e-02 1.000627286362700e+00
1.200000000000000e-01 8.579865711886202e-02 1.000689466002401e+00
1.250000000000000e-01 8.981986887992111e-02 1.000755467252880e+00
1.300000000000000e-01 9.389722098291493e-02 1.000825442697422e+00
1.350000000000000e-01 9.803326190563690e-02 1.000899554676672e+00
1.400000000000000e-01 1.022305768083033e-01 1.000977986512868e+00
1.450000000000000e-01 1.064917891493625e-01 1.001060934106626e+00
1.500000000000000e-01 1.108195623252418e-01 1.001148596527088e+00
1.550000000000000e-01 1.152166013350572e-01 1.001241178545464e+00
1.600000000000000e-01 1.196856544713255e-01 1.001338896157242e+00
1.650000000000000e-01 1.242295150377370e-01 1.001441983408707e+00
1.700000000000000e-01 1.288510230950609e-01 1.001550696072082e+00
1.750000000000000e-01 1.335530672362758e-01 1.001665298440212e+00
1.800000000000000e-01 1.383385863920344e-01 1.001786053675844e+00
1.850000000000000e-01 1.432105716675912e-01 1.001913238475057e+00
1.900000000000000e-01 1.481720682123397e-01 1.002047151207557e+00
1.950000000000000e-01 1.532261771231311e-01 1.002188108575072e+00
2.000000000000000e-01 1.583760573825595e-01 1.002336451985098e+00
2.050000000000000e-01 1.636249278334301e-01 1.002492537150443e+00
2.100000000000000e-01 1.689760691906397e-01 1.002656725021073e+00
2.150000000000000e-01 1.744328260917313e-01 1.002829394345081e+00
2.200000000000000e-01 1.799986091874004e-01 1.003010933870992e+00
2.250000000000000e-01 1.856768972732633e-01 1.003201752997619e+00
2.300000000000000e-01 1.914712394642179e-01 1.003402284103122e+00
2.350000000000000e-01 1.973852574127551e-01 1.003612978940339e+00
2.400000000000000e-01 2.034226475726105e-01 1.003834315247957e+00
2.450000000000000e-01 2.095871835091678e-01 1.004066790055819e+00
2.500000000000000e-01 2.158827182580599e-01 1.004310924681648e+00
2.550000000000000e-01 2.223131867334419e-01 1.004567261577268e+00
2.600000000000000e-01 2.288826081874405e-01 1.004836366833217e+00
2.650000000000000e-01 2.355950887223172e-01 1.005118829676450e+00
2.700000000000000e-01 2.424548238569160e-01 1.005415263616187e+00
2.750000000000000e-01 2.494661011489995e-01 1.005726306780904e+00
2.800000000000000e-01 2.566333028751116e-01 1.006052622537060e+00
2.850000000000000e-01 2.639609087696434e-01 1.006394899892888e+00
2.900000000000000e-01 2.714534988248126e-01 1.006753853868330e+00
2.950000000000000e-01 2.791157561533084e-01 1.007130225746404e+00
3.000000000000000e-01 2.869524699153886e-01 1.007524783215527e+00
3.050000000000000e-01 2.949685383122613e-01 1.007938320375706e+00
3.100000000000000e-01 3.031689716476197e-01 1.008371657588920e+00
3.150000000000000e-01 3.115588954592450e-01 1.008825641147303e+00
3.200000000000000e-01 3.201435537226349e-01 1.009301142730060e+00
3.250000000000000e-01 3.289283121286580e-01 1.009799058615879e+00
3.300000000000000e-01 3.379186614372866e-01 1.010320308613510e+00
3.350000000000000e-01 3.471202209094989e-01 1.010865834668522e+00
3.400000000000000e-01 3.565387418195016e-01 1.011436599099369e+00
3.450000000000000e-01 3.661801110494620e-01 1.012033582410488e+00
3.500000000000000e-01 3.760503547690021e-01 1.012657780624486e+00
3.550000000000000e-01 3.861556422017504e-01 1.013310202069386e+00
3.600000000000000e-01 3.965022894813072e-01 1.013991863550570e+00
3.650000000000000e-01 4.070967635990345e-01 1.014703785830511e+00
3.700000000000000e-01 4.179456864461349e-01 1.015446988332762e+00
3.750000000000000e-01 4.290558389525505e-01 1.016222482980135e+00
3.800000000000000e-01 4.404341653252637e-01 1.017031267070764e+00
3.850000000000000e-01 4.520877773886537e-01 1.017874315090091e+00
3.900000000000000e-01 4.640239590296172e-01 1.018752569352122e+00
3.950000000000000e-01 4.762501707502353e-01 1.019666929359912e+00
4.000000000000000e-01 4.887740543308307e-01 1.020618239773836e+00
4.050000000000000e-01 5.016034376063282e-01 1.021607276877236e+00
4.100000000000000e-01 5.147463393589066e-01 1.022634733433389e+00
4.150000000000000e-01 5.282109743299990e-01 1.023701201836149e+00
4.200000000000000e-01 5.420057583547735e-01 1.024807155470060e+00
4.250000000000000e-01 5.561393136223041e-01 1.025952928215288e+00
4.300000000000000e-01 5.706204740647189e-01 1.027138692059401e+00
4.350000000000000e-01 5.854582908786964e-01 1.028364432813003e+00
4.400000000000000e-01 6.006620381827575e-01 1.029629923970713e+00
4.450000000000000e-01 6.162412188138907e-01 1.030934698813805e+00
4.500000000000000e-01 6.322055702671360e-01 1.032278020917058e+00
4.550000000000000e-01 6.485650707818353e-01 1.033658853300455e+00
4.600000000000000e-01 6.653299455783577e-01 1.035075826556474e+00
4.650000000000000e-01 6.825106732491932e-01 1.036527206385466e+00
4.700000000000000e-01 7.001179923084168e-01 1.038010861083847e+00
4.750000000000000e-01 7.181629079036070e-01 1.039524229650454e+00
4.800000000000000e-01 7.366566986944229e-01 1.041064291302424e+00
4.850000000000000e-01 7.556109239021327e-01 1.042627537318996e+00
4.900000000000000e-01 7.750374305345038e-01 1.044209946254224e+00
4.950000000000000e-01 7.949483607905672e-01 1.045806963671017e+00
5.000000000000000e-01 8.153561596498893e-01 1.047413487641182e+00
5.050000000000000e-01 8.362735826510871e-01 1.049023861320645e+00
5.100000000000000e-01 8.577137038644561e-01 1.050631873936441e+00
5.150000000000000e-01 8.796899240636907e-01 1.052230771503297e+00
5.200000000000000e-01 9.022159791018011e-01 1.053813278514563e+00
5.250000000000000e-01 9.253059484964714e-01 1.055371631718082e+00
5.300000000000000e-01 9.489742642302165e-01 1.056897626888638e+00
5.350000000000000e-01 9.732357197708378e-01 1.058382679244157e+00
5.400000000000000e-01 9.981054793178262e-01 1.059817897826673e+00
5.450000000000000e-01 1.023599087280478e+00 1.061194173789302e+00
5.500000000000000e-01 1.049732477993657e+00 1.062502282109722e+00
5.550000000000000e-01 1.076521985677273e+00 1.063732995805319e+00
5.600000000000001e-01 1.103984354645701e+00 1.064877211273927e+00
5.650000000000001e-01 1.132136749773522e+00 1.065926082946419e+00
5.700000000000001e-01 1.160996767224129e+00 1.066871165030703e+00
5.750000000000001e-01 1.190582445447902e+00 1.067704557764361e+00
5.800000000000000e-01 1.220912276456826e+00 1.068419055282370e+00
5.850000000000000e-01 1.252005217382601e+00 1.069008291946738e+00
5.900000000000000e-01 1.283880702325469e+00 1.069466883769348e+00
5.950000000000000e-01 1.316558654501151e+00 1.069790561375589e+00
6.000000000000000e-01 1.350059498693518e+00 1.069976290791890e+00
6.050000000000000e-01 1.384404174020732e+00 1.070022378187630e+00
6.100000000000000e-01 1.419614147022888e+00 1.069928554565983e+00
6.150000000000000e-01 1.455711425079295e+00 1.069696036302746e+00
6.200000000000000e-01 1.492718570163803e+00 1.069327557423775e+00
6.250000000000000e-01 1.530658712946775e+00 1.068827369660426e+00
6.300000000000000e-01 1.569555567252506e+00 1.068201206716174e+00
6.350000000000000e-01 1.609433444881138e+00 1.067456209909846e+00
6.400000000000000e-01 1.650317270804325e+00 1.066600813511951e+00
6.450000000000000e-01 1.692232598744148e+00 1.065644589705095e+00
6.500000000000000e-01 1.735205627145031e+00 1.064598055162919e+00
6.550000000000000e-01 1.779263215548615e+00 1.063472443662087e+00
6.600000000000000e-01 1.824432901381847e+00 1.062279451740568e+00
6.650000000000000e-01 1.870742917168772e+00 1.061030966935420e+00
6.700000000000000e-01 1.918222208176775e+00 1.059738790263024e+00
6.750000000000000e-01 1.966900450508319e+00 1.058414366019698e+00
6.800000000000000e-01 2.016808069649473e+00 1.057068532396604e+00
6.850000000000001e-01 2.067976259486829e+00 1.055711305632055e+00
6.900000000000001e-01 2.120437001804702e+00 1.054351708422527e+00
6.950000000000001e-01 2.174223086274785e+00 1.052997650208090e+00
7.000000000000001e-01 2.229368130950753e+00 1.051655863035617e+00
7.050000000000000e-01 2.285906603280654e+00 1.050331892417598e+00
7.100000000000000e-01 2.343873841650178e+00 1.049030138453152e+00
7.150000000000000e-01 2.403306077470301e+00 1.047753938961262e+00
7.200000000000000e-01 2.464240457823092e+00 1.046505683903477e+00
7.250000000000000e-01 2.526715068679855e+00 1.045286949192683e+00
7.300000000000000e-01 2.590768958706095e+00 1.044098638143663e+00
7.350000000000000e-01 2.656442163668210e+00 1.042941120166673e+00
7.400000000000000e-01 2.723775731457148e+00 1.041814358520783e+00
7.450000000000000e-01 2.792811747744667e+00 1.040718021618819e+00
7.500000000000000e-01 2.863593362288260e+00 1.039651575087261e+00
7.550000000000000e-01 2.936164815901156e+00 1.038614354173462e+00
7.600000000000000e-01 3.010571468104263e+00 1.037605617917619e+00
7.650000000000000e-01 3.086859825477351e+00 1.036624587666333e+00
7.700000000000000e-01 3.165077570727174e+00 1.035670473025644e+00
7.750000000000000e-01 3.245273592490716e+00 1.034742488354952e+00
7.800000000000000e-01 3.327498015892184e+00 1.033839862557155e+00
7.850000000000000e-01 3.411802233872832e+00 1.032961844394802e+00
7.900000000000000e-01 3.498238939313234e+00 1.032107704997162e+00
7.950000000000000e-01 3.586862157968046e+00 1.031276738712728e+00
8.000000000000000e-01 3.677727282233856e+00 1.030468263053256e+00
8.050000000000000e-01 3.770891105771243e+00 1.029681618179197e+00
8.100000000000001e-01 3.866411859002656e+00 1.028916166179465e+00
8.150000000000001e-01 3.964349245508326e+00 1.028171290277845e+00
8.200000000000001e-01 4.064764479342956e+00 1.027446394029984e+00
8.250000000000001e-01 4.167720323296481e+00 1.026740900539147e+00
8.300000000000001e-01 4.273281128122877e+00 1.026054251701524e+00
8.350000000000000e-01 4.381512872761445e+00 1.025385907484197e+00
8.400000000000000e-01 4.492483205575838e+00 1.024735345235691e+00
8.450000000000000e-01 4.606261486636447e+00 1.024102059027924e+00
8.500000000000000e-01 4.722918831072739e+00 1.023485559028035e+00
8.550000000000000e-01 4.842528153522501e+00 1.022885370898528e+00
8.600000000000000e-01 4.965164213705875e+00 1.022301035224234e+00
8.650000000000000e-01 5.090903663152626e+00 1.021732106964662e+00
8.700000000000000e-01 5.219825093111814e+00 1.021178154930416e+00
8.750000000000000e-01 5.352009083673925e+00 1.020638761282422e+00
8.800000000000000e-01 5.487538254136007e+00 1.020113521052769e+00
8.850000000000000e-01 5.626497314641444e+00 1.019602041686078e+00
8.900000000000000e-01 5.768973119126561e+00 1.019103942600341e+00
8.950000000000000e-01 5.915054719607133e+00 1.018618854766253e+00
9.000000000000000e-01 6.064833421838831e+00 1.018146420304111e+00
9.050000000000000e-01 6.218402842386253e+00 1.017686292097409e+00
9.100000000000000e-01 6.375858967136348e+00 1.017238133422314e+00
9.150000000000000e-01 6.537300211292723e+00 1.016801617592235e+00
9.200000000000000e-01 6.702827480888332e+00 1.016376427616769e+00
9.250000000000000e-01 6.872544235855034e+00 1.015962255874330e+00
9.300000000000000e-01 7.046556554689444e+00 1.015558803797803e+00
9.350000000000001e-01 7.224973200755413e+00 1.015165781572617e+00
9.400000000000001e-01 7.407905690264673e+00 1.014782907846653e+00
9.450000000000001e-01 7.595468361978146e+00 1.014409909451434e+00
9.500000000000001e-01 7.787778448671316e+00 1.014046521134081e+00
9.550000000000001e-01 7.984956150408610e+00 1.013692485299539e+00
9.600000000000000e-01 8.187124709672272e+00 1.013347551762615e+00
9.650000000000000e-01 8.394410488393007e+00 1.013011477509370e+00
9.700000000000000e-01 8.606943046930221e+00 1.012684026467472e+00
9.750000000000000e-01 8.824855225051540e+00 1.012364969285084e+00
9.800000000000000e-01 9.048283224961922e+00 1.012054083117938e+00
9.850000000000000e-01 9.277366696434507e+00 1.011751151424218e+00
9.900000000000000e-01 9.512248824096272e+00 1.011455963766929e+00
9.950000000000000e-01 9.753076416923058e+00 1.011168315623415e+00
1.000000000000000e+00 1.000000000000000e+01 1.010888008201734e+00
