0.000000000000000e+00 0.000000000000000e+00 1.000000000000000e+00
5.000000000000000e-03 3.369477419287315e-03 1.000002868165821e+00
1.000000000000000e-02 6.741060871647481e-03 1.000014348136144e+00
1.500000000000000e-02 1.011685770649257e-02 1.000033497122950e+00
2.000000000000000e-02 1.349897790673588e-02 1.000060364624090e+00
2.500000000000000e-02 1.688953540759990e-02 1.000095041188400e+00
3.000000000000000e-02 2.029064941789469e-02 1.000137574491279e+00
3.500000000000000e-02 2.370444574459234e-02 1.000188047300049e+00
4.000000000000000e-02 2.713305812152553e-02 1.000246613524810e+00
4.500000000000000e-02 3.057862954304063e-02 1.000313397247089e+00
5.000000000000000e-02 3.404331360343898e-02 1.000388531239890e+00
5.500000000000000e-02 3.752927584304335e-02 1.000472202443010e+00
6.000000000000000e-02 4.103869510173117e-02 1.000564596717196e+00
6.500000000000000e-02 4.457376488078044e-02 1.000665918403691e+00
7.000000000000001e-02 4.813669471387935e-02 1.000776401346765e+00
7.500000000000000e-02 5.172971154815675e-02 1.000896285604563e+00
8.000000000000000e-02 5.535506113609672e-02 1.001025845690793e+00
8.500000000000001e-02 5.901500943920686e-02 1.001165373319044e+00
9.000000000000000e-02 6.271184404431801e-02 1.001315166456261e+00
9.500000000000000e-02 6.644787559340060e-02 1.001475565420052e+00
1.000000000000000e-01 7.022543922779090e-02 1.001646921972283e+00
1.050000000000000e-01 7.404689604773053e-02 1.001829598424279e+00
1.100000000000000e-01 7.791463458813094e-02 1.002024005130115e+00
1.150000000000000e-01 8.183107231148547e-02 1.002230560989604e+00
1.200000000000000e-01 8.579865711886202e-02 1.002449698777803e+00
1.250000000000000e-01 8.981986887992111e-02 1.002681898512821e+00
1.300000000000000e-01 9.389722098291493e-02 1.002927645314665e+00
1.350000000000000e-01 9.803326190563690e-02 1.003187444828400e+00
1.400000000000000e-01 1.022305768083033e-01 1.003461853092285e+00
1.450000000000000e-01 1.064917891493625e-01 1.003751430178726e+00
1.500000000000000e-01 1.108195623252418e-01 1.004056759100505e+00
1.550000000000000e-01 1.152166013350572e-01 1.004378472165834e+00
1.600000000000000e-01 1.196856544713255e-01 1.004717202919511e+00
1.650000000000000e-01 1.242295150377370e-01 1.005073609803531e+00
1.700000000000000e-01 1.288510230950609e-01 1.005448405233337e+00
1.750000000000000e-01 1.335530672362758e-01 1.005842303954390e+00
1.800000000000000e-01 1.383385863920344e-01 1.006256041326102e+00
1.850000000000000e-01 1.432105716675912e-01 1.006690406289937e+00
1.900000000000000e-01 1.481720682123397e-01 1.007146189403624e+00
1.950000000000000e-01 1.532261771231311e-01 1.007624195325008e+00
2.000000000000000e-01 1.583760573825595e-01 1.008125287437586e+00
2.050000000000000e-01 1.636249278334301e-01 1.008650336180010e+00
2.100000000000000e-01 1.689760691906397e-01 1.009200209019463e+00
2.150000000000000e-01 1.744328260917313e-01 1.009775825258670e+00
2.200000000000000e-01 1.799986091874004e-01 1.010378121505368e+00
2.250000000000000e-01 1.856768972732633e-01 1.011008017751113e+00
2.300000000000000e-01 1.914712394642179e-01 1.011666472447994e+00
2.350000000000000e-01 1.973852574127551e-01 1.012354474037914e+00
2.400000000000000e-01 2.034226475726105e-01 1.013072977949259e+00
2.450000000000000e-01 2.095871835091678e-01 1.013822941591480e+00
2.500000000000000e-01 2.158827182580599e-01 1.014605365033051e+00
2.550000000000000e-01 2.223131867334419e-01 1.015421227172226e+00
2.600000000000000e-01 2.288826081874405e-01 1.016271456394745e+00
2.650000000000000e-01 2.355950887223172e-01 1.017156990906796e+00
2.700000000000000e-01 2.424548238569160e-01 1.018078776238162e+00
2.750000000000000e-01 2.494661011489995e-01 1.019037691721463e+00
2.800000000000000e-01 2.566333028751116e-01 1.020034550926982e+00
2.850000000000000e-01 2.639609087696434e-01 1.021070155287785e+00
2.900000000000000e-01 2.714534988248126e-01 1.022145269315169e+00
2.950000000000000e-01 2.791157561533084e-01 1.023260548308762e+00
3.000000000000000e-01 2.869524699153886e-01 1.024416538044109e+00
3.050000000000000e-01 2.949685383122613e-01 1.025613723505306e+00
3.100000000000000e-01 3.031689716476197e-01 1.026852513713605e+00
3.150000000000000e-01 3.115588954592450e-01 1.028133162778641e+00
3.200000000000000e-01 3.201435537226349e-01 1.029455734865582e+00
3.250000000000000e-01 3.289283121286580e-01 1.030820147227844e+00
3.300000000000000e-01 3.379186614372866e-01 1.032226192024440e+00
3.350000000000000e-01 3.471202209094989e-01 1.033673471375287e+00
3.400000000000000e-01 3.565387418195016e-01 1.035161324440488e+00
3.450000000000000e-01 3.661801110494620e-01 1.036688818507068e+00
3.500000000000000e-01 3.760503547690021e-01 1.038254760529476e+00
3.550000000000000e-01 3.861556422017504e-01 1.039857700689901e+00
3.600000000000000e-01 3.965022894813072e-01 1.041495920550189e+00
3.650000000000000e-01 4.070967635990345e-01 1.043167368966698e+00
3.700000000000000e-01 4.179456864461349e-01 1.044869607365387e+00
3.750000000000000e-01 4.290558389525505e-01 1.046599799339044e+00
3.800000000000000e-01 4.404341653252637e-01 1.048354682715512e+00
3.850000000000000e-01 4.520877773886537e-01 1.050130577704056e+00
3.900000000000000e-01 4.640239590296172e-01 1.051923377926203e+00
3.950000000000000e-01 4.762501707502353e-01 1.053728532575539e+00
4.000000000000000e-01 4.887740543308307e-01 1.055541042250401e+00
4.050000000000000e-01 5.016034376063282e-01 1.057355439677948e+00
4.100000000000000e-01 5.147463393589066e-01 1.059165792617340e+00
4.150000000000000e-01 5.282109743299990e-01 1.060965702796482e+00
4.200000000000000e-01 5.420057583547735e-01 1.062748320558135e+00
4.250000000000000e-01 5.561393136223041e-01 1.064506364215219e+00
4.300000000000000e-01 5.706204740647189e-01 1.066232150940394e+00
4.350000000000000e-01 5.854582908786964e-01 1.067917636823510e+00
4.400000000000000e-01 6.006620381827575e-01 1.069554468264965e+00
4.450000000000000e-01 6.162412188138907e-01 1.071134044819834e+00
4.500000000000000e-01 6.322055702671360e-01 1.072647594277682e+00
4.550000000000000e-01 6.485650707818353e-01 1.074086260225325e+00
4.600000000000000e-01 6.653299455783577e-01 1.075441202167295e+00
4.650000000000000e-01 6.825106732491932e-01 1.076703707896296e+00
4.700000000000000e-01 7.001179923084168e-01 1.077865317416952e+00
4.750000000000000e-01 7.181629079036070e-01 1.078917957268281e+00
4.800000000000000e-01 7.366566986944229e-01 1.079854083590192e+00
4.850000000000000e-01 7.556109239021327e-01 1.080666831740798e+00
4.900000000000000e-01 7.750374305345038e-01 1.081350169709922e+00
4.950000000000000e-01 7.949483607905672e-01 1.081899052007165e+00
5.000000000000000e-01 8.153561596498893e-01 1.082309570152223e+00
5.050000000000000e-01 8.362735826510871e-01 1.082579095386063e+00
5.100000000000000e-01 8.577137038644561e-01 1.082706408782847e+00
5.150000000000000e-01 8.796899240636907e-01 1.082691813605189e+00
5.200000000000000e-01 9.022159791018011e-01 1.082537224542176e+00
5.250000000000000e-01 9.253059484964714e-01 1.082246228433851e+00
5.300000000000000e-01 9.489742642302165e-01 1.081824111249550e+00
5.350000000000000e-01 9.732357197708378e-01 1.081277846480339e+00
5.400000000000000e-01 9.981054793178262e-01 1.080616040752537e+00
5.450000000000000e-01 1.023599087280478e+00 1.079848833388384e+00
5.500000000000000e-01 1.049732477993657e+00 1.078987747840161e+00
5.550000000000000e-01 1.076521985677273e+00 1.078045494403273e+00
5.600000000000001e-01 1.103984354645701e+00 1.077035725355170e+00
5.650000000000001e-01 1.132136749773522e+00 1.075972745637746e+00
5.700000000000001e-01 1.160996767224129e+00 1.074871184349545e+00
5.750000000000001e-01 1.190582445447902e+00 1.073745634569797e+00
5.800000000000000e-01 1.220912276456826e+00 1.072610271307888e+00
5.850000000000000e-01 1.252005217382601e+00 1.071478459548582e+00
5.900000000000000e-01 1.283880702325469e+00 1.070362366317008e+00
5.950000000000000e-01 1.316558654501151e+00 1.069272592275523e+00
6.000000000000000e-01 1.350059498693518e+00 1.068217839434877e+00
6.050000000000000e-01 1.384404174020732e+00 1.067204631959543e+00
6.100000000000000e-01 1.419614147022888e+00 1.066237106621171e+00
6.150000000000000e-01 1.455711425079295e+00 1.065316888069751e+00
6.200000000000000e-01 1.492718570163803e+00 1.064443061641791e+00
6.250000000000000e-01 1.530658712946775e+00 1.063612252844792e+00
6.300000000000000e-01 1.569555567252506e+00 1.062818817946436e+00
6.350000000000000e-01 1.609433444881138e+00 1.062055144339166e+00
6.400000000000000e-01 1.650317270804325e+00 1.061312052739427e+00
6.450000000000000e-01 1.692232598744148e+00 1.060579286140438e+00
6.500000000000000e-01 1.735205627145031e+00 1.059846063239299e+00
6.550000000000000e-01 1.779263215548615e+00 1.059101667420514e+00
6.600000000000000e-01 1.824432901381847e+00 1.058336037035561e+00
6.650000000000000e-01 1.870742917168772e+00 1.057540319468545e+00
6.700000000000000e-01 1.918222208176775e+00 1.056707351079074e+00
6.750000000000000e-01 1.966900450508319e+00 1.055832028151024e+00
6.800000000000000e-01 2.016808069649473e+00 1.054911540713075e+00
6.850000000000001e-01 2.067976259486829e+00 1.053945451334403e+00
6.900000000000001e-01 2.120437001804702e+00 1.052935613986135e+00
6.950000000000001e-01 2.174223086274785e+00 1.051885942496332e+00
7.000000000000001e-01 2.229368130950753e+00 1.050802052284373e+00
7.050000000000000e-01 2.285906603280654e+00 1.049690811024578e+00
7.100000000000000e-01 2.343873841650178e+00 1.048559841887995e+00
7.150000000000000e-01 2.403306077470301e+00 1.047417025775933e+00
7.200000000000000e-01 2.464240457823092e+00 1.046270046014090e+00
7.250000000000000e-01 2.526715068679855e+00 1.045126010791587e+00
7.300000000000000e-01 2.590768958706095e+00 1.043991176569507e+00
7.350000000000000e-01 2.656442163668210e+00 1.042870781756457e+00
7.400000000000000e-01 2.723775731457148e+00 1.041768986402353e+00
7.450000000000000e-01 2.792811747744667e+00 1.040688902527652e+00
7.500000000000000e-01 2.863593362288260e+00 1.039632692402139e+00
7.550000000000000e-01 2.936164815901156e+00 1.038601709183555e+00
7.600000000000000e-01 3.010571468104263e+00 1.037596655514953e+00
7.650000000000000e-01 3.086859825477351e+00 1.036617739957384e+00
7.700000000000000e-01 3.165077570727174e+00 1.035664817120254e+00
7.750000000000000e-01 3.245273592490716e+00 1.034737503645150e+00
7.800000000000000e-01 3.327498015892184e+00 1.033835267681248e+00
7.850000000000000e-01 3.411802233872832e+00 1.032957493496673e+00
7.900000000000000e-01 3.498238939313234e+00 1.032103525213377e+00
7.950000000000000e-01 3.586862157968046e+00 1.031272694526052e+00
8.000000000000000e-01 3.677727282233856e+00 1.030464337078582e+00
8.050000000000000e-01 3.770891105771243e+00 1.029677801386620e+00
8.100000000000001e-01 3.866411859002656e+00 1.028912453204789e+00
8.150000000000001e-01 3.964349245508326e+00 1.028167677305425e+00
8.200000000000001e-01 4.064764479342956e+00 1.027442877894064e+00
8.250000000000001e-01 4.167720323296481e+00 1.026737478365144e+00
8.300000000000001e-01 4.273281128122877e+00 1.026050920770813e+00
8.350000000000000e-01 4.381512872761445e+00 1.025382665185164e+00
8.400000000000000e-01 4.492483205575838e+00 1.024732189045827e+00
8.450000000000000e-01 4.606261486636447e+00 1.024098986506340e+00
8.500000000000000e-01 4.722918831072739e+00 1.023482567811288e+00
8.550000000000000e-01 4.842528153522501e+00 1.022882458697475e+00
8.600000000000000e-01 4.965164213705875e+00 1.022298199821247e+00
8.650000000000000e-01 5.090903663152626e+00 1.021729346211025e+00
8.700000000000000e-01 5.219825093111814e+00 1.021175466743838e+00
8.750000000000000e-01 5.352009083673925e+00 1.020636143644663e+00
8.800000000000000e-01 5.487538254136007e+00 1.020110972007367e+00
8.850000000000000e-01 5.626497314641444e+00 1.019599559336172e+00
8.900000000000000e-01 5.768973119126561e+00 1.019101525106585e+00
8.950000000000000e-01 5.915054719607133e+00 1.018616500344815e+00
9.000000000000000e-01 6.064833421838831e+00 1.018144127224755e+00
9.050000000000000e-01 6.218402842386253e+00 1.017684058681658e+00
9.100000000000000e-01 6.375858967136348e+00 1.017235958041683e+00
9.150000000000000e-01 6.537300211292723e+00 1.016799498666537e+00
9.200000000000000e-01 6.702827480888332e+00 1.016374363612491e+00
9.250000000000000e-01 6.872544235855034e+00 1.015960245303069e+00
9.300000000000000e-01 7.046556554689444e+00 1.015556845214765e+00
9.350000000000001e-01 7.224973200755413e+00 1.015163873575176e+00
9.400000000000001e-01 7.407905690264673e+00 1.014781049072965e+00
9.450000000000001e-01 7.595468361978146e+00 1.014408098579103e+00
9.500000000000001e-01 7.787778448671316e+00 1.014044756878876e+00
9.550000000000001e-01 7.984956150408610e+00 1.013690766414163e+00
9.600000000000000e-01 8.187124709672272e+00 1.013345877035514e+00
9.650000000000000e-01 8.394410488393007e+00 1.013009845763595e+00
9.700000000000000e-01 8.606943046930221e+00 1.012682436559572e+00
9.750000000000000e-01 8.824855225051540e+00 1.012363420104051e+00
9.800000000000000e-01 9.048283224961922e+00 1.012052573584183e+00
9.850000000000000e-01 9.277366696434507e+00 1.011749680488591e+00
9.900000000000000e-01 9.512248824096272e+00 1.011454530409763e+00
9.950000000000000e-01 9.753076416923058e+00 1.011166918853618e+00
1.000000000000000e+00 1.000000000000000e+01 1.010886647055904e+00
