0.000000000000000e+00 0.000000000000000e+00 1.000000000000000e+00
5.000000000000000e-03 3.369477419287315e-03 1.000000000006571e+00
1.000000000000000e-02 6.741060871647481e-03 1.000000000027279e+00
1.500000000000000e-02 1.011685770649257e-02 1.000000000022671e+00
2.000000000000000e-02 1.349897790673588e-02 1.000000000022197e+00
2.500000000000000e-02 1.688953540759990e-02 1.000000000021817e+00
3.000000000000000e-02 2.029064941789469e-02 1.000000000024462e+00
3.500000000000000e-02 2.370444574459234e-02 1.000000000030410e+00
4.000000000000000e-02 2.713305812152553e-02 1.000000000036870e+00
4.500000000000000e-02 3.057862954304063e-02 1.000000000042710e+00
5.000000000000000e-02 3.404331360343898e-02 1.000000000053459e+00
5.500000000000000e-02 3.752927584304335e-02 1.000000000063137e+00
6.000000000000000e-02 4.103869510173117e-02 1.000000000071735e+00
6.500000000000000e-02 4.457376488078044e-02 1.000000000078642e+00
7.000000000000001e-02 4.813669471387935e-02 1.000000000087442e+00
7.500000000000000e-02 5.172971154815675e-02 1.000000000098479e+00
8.000000000000000e-02 5.535506113609672e-02 1.000000000110711e+00
8.500000000000001e-02 5.901500943920686e-02 1.000000000131429e+00
9.000000000000000e-02 6.271184404431801e-02 1.000000000151505e+00
9.500000000000000e-02 6.644787559340060e-02 1.000000000166332e+00
1.000000000000000e-01 7.022543922779090e-02 1.000000000183704e+00
1.050000000000000e-01 7.404689604773053e-02 1.000000000203939e+00
1.100000000000000e-01 7.791463458813094e-02 1.000000000227603e+00
1.150000000000000e-01 8.183107231148547e-02 1.000000000251661e+00
1.200000000000000e-01 8.579865711886202e-02 1.000000000278394e+00
1.250000000000000e-01 8.981986887992111e-02 1.000000000301838e+00
1.300000000000000e-01 9.389722098291493e-02 1.000000000327022e+00
1.350000000000000e-01 9.803326190563690e-02 1.000000000355267e+00
1.400000000000000e-01 1.022305768083033e-01 1.000000000390453e+00
1.450000000000000e-01 1.064917891493625e-01 1.000000000431203e+00
1.500000000000000e-01 1.108195623252418e-01 1.000000000468919e+00
1.550000000000000e-01 1.152166013350572e-01 1.000000000512907e+00
1.600000000000000e-01 1.196856544713255e-01 1.000000000556267e+00
1.650000000000000e-01 1.242295150377370e-01 1.000000000595396e+00
1.700000000000000e-01 1.288510230950609e-01 1.000000000642933e+00
1.750000000000000e-01 1.335530672362758e-01 1.000000000700085e+00
1.800000000000000e-01 1.383385863920344e-01 1.000000000761349e+00
1.850000000000000e-01 1.432105716675912e-01 1.000000000827445e+00
1.900000000000000e-01 1.481720682123397e-01 1.000000000901765e+00
1.950000000000000e-01 1.532261771231311e-01 1.000000000983927e+00
2.000000000000000e-01 1.583760573825595e-01 1.000000001065629e+00
2.050000000000000e-01 1.636249278334301e-01 1.000000001149546e+00
2.100000000000000e-01 1.689760691906397e-01 1.000000001236205e+00
2.150000000000000e-01 1.744328260917313e-01 1.000000001336501e+00
2.200000000000000e-01 1.799986091874004e-01 1.000000001449846e+00
2.250000000000000e-01 1.856768972732633e-01 1.000000001566530e+00
2.300000000000000e-01 1.914712394642179e-01 1.000000001689679e+00
2.350000000000000e-01 1.973852574127551e-01 1.000000001830432e+00
2.400000000000000e-01 2.034226475726105e-01 1.000000001987954e+00
2.450000000000000e-01 2.095871835091678e-01 1.000000002154965e+00
2.500000000000000e-01 2.158827182580599e-01 1.000000002336339e+00
2.550000000000000e-01 2.223131867334419e-01 1.000000002540335e+00
2.600000000000000e-01 2.288826081874405e-01 1.000000002763326e+00
2.650000000000000e-01 2.355950887223172e-01 1.000000003001956e+00
2.700000000000000e-01 2.424548238569160e-01 1.000000003269142e+00
2.750000000000000e-01 2.494661011489995e-01 1.000000003550957e+00
2.800000000000000e-01 2.566333028751116e-01 1.000000003859015e+00
2.850000000000000e-01 2.639609087696434e-01 1.000000004194754e+00
2.900000000000000e-01 2.714534988248126e-01 1.000000004572194e+00
2.950000000000000e-01 2.791157561533084e-01 1.000000005007185e+00
3.000000000000000e-01 2.869524699153886e-01 1.000000005490744e+00
3.050000000000000e-01 2.949685383122613e-01 1.000000006028749e+00
3.100000000000000e-01 3.031689716476197e-01 1.000000006633026e+00
3.150000000000000e-01 3.115588954592450e-01 1.000000007300396e+00
3.200000000000000e-01 3.201435537226349e-01 1.000000008023779e+00
3.250000000000000e-01 3.289283121286580e-01 1.000000008846106e+00
3.300000000000000e-01 3.379186614372866e-01 1.000000009768555e+00
3.350000000000000e-01 3.471202209094989e-01 1.000000010818182e+00
3.400000000000000e-01 3.565387418195016e-01 1.000000012027856e+00
3.450000000000000e-01 3.661801110494620e-01 1.000000013402275e+00
3.500000000000000e-01 3.760503547690021e-01 1.000000014928189e+00
3.550000000000000e-01 3.861556422017504e-01 1.000000016647276e+00
3.600000000000000e-01 3.965022894813072e-01 1.000000018645522e+00
3.650000000000000e-01 4.070967635990345e-01 1.000000020930560e+00
3.700000000000000e-01 4.179456864461349e-01 1.000000023554559e+00
3.750000000000000e-01 4.290558389525505e-01 1.000000026553905e+00
3.800000000000000e-01 4.404341653252637e-01 1.000000030037484e+00
3.850000000000000e-01 4.520877773886537e-01 1.000000034089188e+00
3.900000000000000e-01 4.640239590296172e-01 1.000000038780666e+00
3.950000000000000e-01 4.762501707502353e-01 1.000000044253510e+00
4.000000000000000e-01 4.887740543308307e-01 1.000000050619404e+00
4.050000000000000e-01 5.016034376063282e-01 1.000000058091167e+00
4.100000000000000e-01 5.147463393589066e-01 1.000000066862164e+00
4.150000000000000e-01 5.282109743299990e-01 1.000000077220812e+00
4.200000000000000e-01 5.420057583547735e-01 1.000000089466575e+00
4.250000000000000e-01 5.561393136223041e-01 1.000000103978374e+00
4.300000000000000e-01 5.706204740647189e-01 1.000000121270020e+00
4.350000000000000e-01 5.854582908786964e-01 1.000000141880539e+00
4.400000000000000e-01 6.006620381827575e-01 1.000000166606421e+00
4.450000000000000e-01 6.162412188138907e-01 1.000000196298782e+00
4.500000000000000e-01 6.322055702671360e-01 1.000000232061866e+00
4.550000000000000e-01 6.485650707818353e-01 1.000000275240095e+00
4.600000000000000e-01 6.653299455783577e-01 1.000000327628999e+00
4.650000000000000e-01 6.825106732491932e-01 1.000000391501019e+00
4.700000000000000e-01 7.001179923084168e-01 1.000000469313443e+00
4.750000000000000e-01 7.181629079036070e-01 1.000000564601532e+00
4.800000000000000e-01 7.366566986944229e-01 1.000000681633622e+00
4.850000000000000e-01 7.556109239021327e-01 1.000000825763130e+00
4.900000000000000e-01 7.750374305345038e-01 1.000001003973425e+00
4.950000000000000e-01 7.949483607905672e-01 1.000001224681936e+00
5.000000000000000e-01 8.153561596498893e-01 1.000001499158764e+00
5.050000000000000e-01 8.362735826510871e-01 1.000001841320605e+00
5.100000000000000e-01 8.577137038644561e-01 1.000002268973706e+00
5.150000000000000e-01 8.796899240636907e-01 1.000002805388826e+00
5.200000000000000e-01 9.022159791018011e-01 1.000003479425746e+00
5.250000000000000e-01 9.253059484964714e-01 1.000004329103230e+00
5.300000000000000e-01 9.489742642302165e-01 1.000005402818861e+00
5.350000000000000e-01 9.732357197708378e-01 1.000006762289562e+00
5.400000000000000e-01 9.981054793178262e-01 1.000008488503311e+00
5.450000000000000e-01 1.023599087280478e+00 1.000010684060482e+00
5.500000000000000e-01 1.049732477993657e+00 1.000013482128181e+00
5.550000000000000e-01 1.076521985677273e+00 1.000017055418616e+00
5.600000000000001e-01 1.103984354645701e+00 1.000021623948251e+00
5.650000000000001e-01 1.132136749773522e+00 1.000027474094245e+00
5.700000000000001e-01 1.160996767224129e+00 1.000034973885389e+00
5.750000000000001e-01 1.190582445447902e+00 1.000044593624221e+00
5.800000000000000e-01 1.220912276456826e+00 1.000056941518830e+00
5.850000000000000e-01 1.252005217382601e+00 1.000072792472493e+00
5.900000000000000e-01 1.283880702325469e+00 1.000093131884549e+00
5.950000000000000e-01 1.316558654501151e+00 1.000119217271571e+00
6.000000000000000e-01 1.350059498693518e+00 1.000152629243734e+00
6.050000000000000e-01 1.384404174020732e+00 1.000195346393624e+00
6.100000000000000e-01 1.419614147022888e+00 1.000249837538930e+00
6.150000000000000e-01 1.455711425079295e+00 1.000319129378464e+00
6.200000000000000e-01 1.492718570163803e+00 1.000406892699456e+00
6.250000000000000e-01 1.530658712946775e+00 1.000517529660270e+00
6.300000000000000e-01 1.569555567252506e+00 1.000656187341700e+00
6.350000000000000e-01 1.609433444881138e+00 1.000828734539358e+00
6.400000000000000e-01 1.650317270804325e+00 1.001041677341702e+00
6.450000000000000e-01 1.692232598744148e+00 1.001301880683401e+00
6.500000000000000e-01 1.735205627145031e+00 1.001616100184522e+00
6.550000000000000e-01 1.779263215548615e+00 1.001990326923972e+00
6.600000000000000e-01 1.824432901381847e+00 1.002428788205397e+00
6.650000000000000e-01 1.870742917168772e+00 1.002932594608971e+00
6.700000000000000e-01 1.918222208176775e+00 1.003498205597499e+00
6.750000000000000e-01 1.966900450508319e+00 1.004115781913213e+00
6.800000000000000e-01 2.016808069649473e+00 1.004767602286209e+00
6.850000000000001e-01 2.067976259486829e+00 1.005427156961098e+00
6.900000000000001e-01 2.120437001804702e+00 1.006059711701824e+00
6.950000000000001e-01 2.174223086274785e+00 1.006625012124622e+00
7.000000000000001e-01 2.229368130950753e+00 1.007082609000626e+00
7.050000000000000e-01 2.285906603280654e+00 1.007399658150697e+00
7.100000000000000e-01 2.343873841650178e+00 1.007559794166784e+00
7.150000000000000e-01 2.403306077470301e+00 1.007570595396410e+00
7.200000000000000e-01 2.464240457823092e+00 1.007467088142573e+00
7.250000000000000e-01 2.526715068679855e+00 1.007309701991766e+00
7.300000000000000e-01 2.590768958706095e+00 1.007176662494870e+00
7.350000000000000e-01 2.656442163668210e+00 1.007152491965061e+00
7.400000000000000e-01 2.723775731457148e+00 1.007315411942135e+00
7.450000000000000e-01 2.792811747744667e+00 1.007726470131570e+00
7.500000000000000e-01 2.863593362288260e+00 1.008422262619853e+00
7.550000000000000e-01 2.936164815901156e+00 1.009411814442130e+00
7.600000000000000e-01 3.010571468104263e+00 1.010677108735349e+00
7.650000000000000e-01 3.086859825477351e+00 1.012176180618151e+00
7.700000000000000e-01 3.165077570727174e+00 1.013847605859403e+00
7.750000000000000e-01 3.245273592490716e+00 1.015615454611153e+00
7.800000000000000e-01 3.327498015892184e+00 1.017394149223889e+00
7.850000000000000e-01 3.411802233872832e+00 1.019093081238474e+00
7.900000000000000e-01 3.498238939313234e+00 1.020621386070818e+00
7.950000000000000e-01 3.586862157968046e+00 1.021893906824819e+00
8.000000000000000e-01 3.677727282233856e+00 1.022839632113599e+00
8.050000000000000e-01 3.770891105771243e+00 1.023413011105058e+00
8.100000000000001e-01 3.866411859002656e+00 1.023606245407937e+00
8.150000000000001e-01 3.964349245508326e+00 1.023457917443330e+00
8.200000000000001e-01 4.064764479342956e+00 1.023052235759774e+00
8.250000000000001e-01 4.167720323296481e+00 1.022505466311330e+00
8.300000000000001e-01 4.273281128122877e+00 1.021941341209510e+00
8.350000000000000e-01 4.381512872761445e+00 1.021462654734680e+00
8.400000000000000e-01 4.492483205575838e+00 1.021128698505838e+00
8.450000000000000e-01 4.606261486636447e+00 1.020946253212787e+00
8.500000000000000e-01 4.722918831072739e+00 1.020876576425386e+00
8.550000000000000e-01 4.842528153522501e+00 1.020854726005330e+00
8.600000000000000e-01 4.965164213705875e+00 1.020813282295786e+00
8.650000000000000e-01 5.090903663152626e+00 1.020701808330841e+00
8.700000000000000e-01 5.219825093111814e+00 1.020496330948174e+00
8.750000000000000e-01 5.352009083673925e+00 1.020198076070226e+00
8.800000000000000e-01 5.487538254136007e+00 1.019825028965627e+00
8.850000000000000e-01 5.626497314641444e+00 1.019401612381637e+00
8.900000000000000e-01 5.768973119126561e+00 1.018950674738604e+00
8.950000000000000e-01 5.915054719607133e+00 1.018489453573681e+00
9.000000000000000e-01 6.064833421838831e+00 1.018028961372536e+00
9.050000000000000e-01 6.218402842386253e+00 1.017575255329648e+00
9.100000000000000e-01 6.375858967136348e+00 1.017131185279170e+00
9.150000000000000e-01 6.537300211292723e+00 1.016697836414406e+00
9.200000000000000e-01 6.702827480888332e+00 1.016275452147589e+00
9.250000000000000e-01 6.872544235855034e+00 1.015863925431741e+00
9.300000000000000e-01 7.046556554689444e+00 1.015463023278526e+00
9.350000000000001e-01 7.224973200755413e+00 1.015072476231134e+00
9.400000000000001e-01 7.407905690264673e+00 1.014692009694975e+00
9.450000000000001e-01 7.595468361978146e+00 1.014321353550987e+00
9.500000000000001e-01 7.787778448671316e+00 1.013960244650281e+00
9.550000000000001e-01 7.984956150408610e+00 1.013608427248625e+00
9.600000000000000e-01 8.187124709672272e+00 1.013265652915597e+00
9.650000000000000e-01 8.394410488393007e+00 1.012931680329417e+00
9.700000000000000e-01 8.606943046930221e+00 1.012606275055064e+00
9.750000000000000e-01 8.824855225051540e+00 1.012289209326080e+00
9.800000000000000e-01 9.048283224961922e+00 1.011980261833675e+00
9.850000000000000e-01 9.277366696434507e+00 1.011679217523440e+00
9.900000000000000e-01 9.512248824096272e+00 1.011385867399456e+00
9.950000000000000e-01 9.753076416923058e+00 1.011100008335506e+00
1.000000000000000e+00 1.000000000000000e+01 1.010821442893433e+00
