0.000000000000000e+00 0.000000000000000e+00 1.000000000000000e+00
5.000000000000000e-03 3.369477419287315e-03 1.000001396575348e+00
1.000000000000000e-02 6.741060871647481e-03 1.000006997204491e+00
1.500000000000000e-02 1.011685770649257e-02 1.000016371020793e+00
2.000000000000000e-02 1.349897790673588e-02 1.000029514965574e+00
2.500000000000000e-02 1.688953540759990e-02 1.000046449152570e+00
3.000000000000000e-02 2.029064941789469e-02 1.000067232374210e+00
3.500000000000000e-02 2.370444574459234e-02 1.000091912416490e+00
4.000000000000000e-02 2.713305812152553e-02 1.000120551767819e+00
4.500000000000000e-02 3.057862954304063e-02 1.000153200209526e+00
5.000000000000000e-02 3.404331360343898e-02 1.000189940863770e+00
5.500000000000000e-02 3.752927584304335e-02 1.000230868468719e+00
6.000000000000000e-02 4.103869510173117e-02 1.000276066280035e+00
6.500000000000000e-02 4.457376488078044e-02 1.000325636134146e+00
7.000000000000001e-02 4.813669471387935e-02 1.000379691599911e+00
7.500000000000000e-02 5.172971154815675e-02 1.000438370661694e+00
8.000000000000000e-02 5.535506113609672e-02 1.000501798178925e+00
8.500000000000001e-02 5.901500943920686e-02 1.000570115360073e+00
9.000000000000000e-02 6.271184404431801e-02 1.000643478444973e+00
9.500000000000000e-02 6.644787559340060e-02 1.000722049323071e+00
1.000000000000000e-01 7.022543922779090e-02 1.000806021215449e+00
1.050000000000000e-01 7.404689604773053e-02 1.000895577642506e+00
1.100000000000000e-01 7.791463458813094e-02 1.000990914746962e+00
1.150000000000000e-01 8.183107231148547e-02 1.001092243894816e+00
1.200000000000000e-01 8.579865711886202e-02 1.001199785294720e+00
1.250000000000000e-01 8.981986887992111e-02 1.001313780937356e+00
1.300000000000000e-01 9.389722098291493e-02 1.001434484637970e+00
1.350000000000000e-01 9.803326190563690e-02 1.001562162328467e+00
1.400000000000000e-01 1.022305768083033e-01 1.001697083402819e+00
1.450000000000000e-01 1.064917891493625e-01 1.001839538019858e+00
1.500000000000000e-01 1.108195623252418e-01 1.001989837654823e+00
1.550000000000000e-01 1.152166013350572e-01 1.002148306882955e+00
1.600000000000000e-01 1.196856544713255e-01 1.002315273975340e+00
1.650000000000000e-01 1.242295150377370e-01 1.002491084132318e+00
1.700000000000000e-01 1.288510230950609e-01 1.002676104216786e+00
1.750000000000000e-01 1.335530672362758e-01 1.002870705475816e+00
1.800000000000000e-01 1.383385863920344e-01 1.003075310691570e+00
1.850000000000000e-01 1.432105716675912e-01 1.003290334571159e+00
1.900000000000000e-01 1.481720682123397e-01 1.003516174937137e+00
1.950000000000000e-01 1.532261771231311e-01 1.003753300113511e+00
2.000000000000000e-01 1.583760573825595e-01 1.004002173485930e+00
2.050000000000000e-01 1.636249278334301e-01 1.004263266227057e+00
2.100000000000000e-01 1.689760691906397e-01 1.004537089115032e+00
2.150000000000000e-01 1.744328260917313e-01 1.004824148412629e+00
2.200000000000000e-01 1.799986091874004e-01 1.005124981668860e+00
2.250000000000000e-01 1.856768972732633e-01 1.005440133667893e+00
2.300000000000000e-01 1.914712394642179e-01 1.005770170014344e+00
2.350000000000000e-01 1.973852574127551e-01 1.006115686467664e+00
2.400000000000000e-01 2.034226475726105e-01 1.006477266565964e+00
2.450000000000000e-01 2.095871835091678e-01 1.006855534889453e+00
2.500000000000000e-01 2.158827182580599e-01 1.007251125506713e+00
2.550000000000000e-01 2.223131867334419e-01 1.007664670613779e+00
2.600000000000000e-01 2.288826081874405e-01 1.008096847910325e+00
2.650000000000000e-01 2.355950887223172e-01 1.008548320554194e+00
2.700000000000000e-01 2.424548238569160e-01 1.009019770556591e+00
2.750000000000000e-01 2.494661011489995e-01 1.009511911341362e+00
2.800000000000000e-01 2.566333028751116e-01 1.010025428884560e+00
2.850000000000000e-01 2.639609087696434e-01 1.010561044814494e+00
2.900000000000000e-01 2.714534988248126e-01 1.011119488160704e+00
2.950000000000000e-01 2.791157561533084e-01 1.011701459459955e+00
3.000000000000000e-01 2.869524699153886e-01 1.012307701755927e+00
3.050000000000000e-01 2.949685383122613e-01 1.012938939894158e+00
3.100000000000000e-01 3.031689716476197e-01 1.013595871060353e+00
3.150000000000000e-01 3.115588954592450e-01 1.014279230890453e+00
3.200000000000000e-01 3.201435537226349e-01 1.014989713050559e+00
3.250000000000000e-01 3.289283121286580e-01 1.015727980637259e+00
3.300000000000000e-01 3.379186614372866e-01 1.016494726931302e+00
3.350000000000000e-01 3.471202209094989e-01 1.017290582784503e+00
3.400000000000000e-01 3.565387418195016e-01 1.018116134218042e+00
3.450000000000000e-01 3.661801110494620e-01 1.018971984903455e+00
3.500000000000000e-01 3.760503547690021e-01 1.019858656808933e+00
3.550000000000000e-01 3.861556422017504e-01 1.020776598760733e+00
3.600000000000000e-01 3.965022894813072e-01 1.021726263299368e+00
3.650000000000000e-01 4.070967635990345e-01 1.022708009100702e+00
3.700000000000000e-01 4.179456864461349e-01 1.023722075048147e+00
3.750000000000000e-01 4.290558389525505e-01 1.024768675492911e+00
3.800000000000000e-01 4.404341653252637e-01 1.025847930493548e+00
3.850000000000000e-01 4.520877773886537e-01 1.026959785984638e+00
3.900000000000000e-01 4.640239590296172e-01 1.028104106291333e+00
3.950000000000000e-01 4.762501707502353e-01 1.029280670876433e+00
4.000000000000000e-01 4.887740543308307e-01 1.030489046684520e+00
4.050000000000000e-01 5.016034376063282e-01 1.031728616819596e+00
4.100000000000000e-01 5.147463393589066e-01 1.032998664047879e+00
4.150000000000000e-01 5.282109743299990e-01 1.034298276227685e+00
4.200000000000000e-01 5.420057583547735e-01 1.035626252423486e+00
4.250000000000000e-01 5.561393136223041e-01 1.036981182085152e+00
4.300000000000000e-01 5.706204740647189e-01 1.038361488099298e+00
4.350000000000000e-01 5.854582908786964e-01 1.039765307267963e+00
4.400000000000000e-01 6.006620381827575e-01 1.041190416454319e+00
4.450000000000000e-01 6.162412188138907e-01 1.042634312099761e+00
4.500000000000000e-01 6.322055702671360e-01 1.044094255444497e+00
4.550000000000000e-01 6.485650707818353e-01 1.045567172084702e+00
4.600000000000000e-01 6.653299455783577e-01 1.047049556571710e+00
4.650000000000000e-01 6.825106732491932e-01 1.048537511219860e+00
4.700000000000000e-01 7.001179923084168e-01 1.050026824677981e+00
4.750000000000000e-01 7.181629079036070e-01 1.051512952695331e+00
4.800000000000000e-01 7.366566986944229e-01 1.052990923962783e+00
4.850000000000000e-01 7.556109239021327e-01 1.054455288359250e+00
4.900000000000000e-01 7.750374305345038e-01 1.055900153775656e+00
4.950000000000000e-01 7.949483607905672e-01 1.057319257470770e+00
5.000000000000000e-01 8.153561596498893e-01 1.058705997108523e+00
5.050000000000000e-01 8.362735826510871e-01 1.060053406652174e+00
5.100000000000000e-01 8.577137038644561e-01 1.061354125328324e+00
5.150000000000000e-01 8.796899240636907e-01 1.062600399985633e+00
5.200000000000000e-01 9.022159791018011e-01 1.063784125852379e+00
5.250000000000000e-01 9.253059484964714e-01 1.064896917190577e+00
5.300000000000000e-01 9.489742642302165e-01 1.065930183610968e+00
5.350000000000000e-01 9.732357197708378e-01 1.066875208912171e+00
5.400000000000000e-01 9.981054793178262e-01 1.067723235217231e+00
5.450000000000000e-01 1.023599087280478e+00 1.068465558587065e+00
5.500000000000000e-01 1.049732477993657e+00 1.069093644956614e+00
5.550000000000000e-01 1.076521985677273e+00 1.069599268176820e+00
5.600000000000001e-01 1.103984354645701e+00 1.069974673687766e+00
5.650000000000001e-01 1.132136749773522e+00 1.070212767376720e+00
5.700000000000001e-01 1.160996767224129e+00 1.070307330166261e+00
5.750000000000001e-01 1.190582445447902e+00 1.070253256995616e+00
5.800000000000000e-01 1.220912276456826e+00 1.070046817934038e+00
5.850000000000000e-01 1.252005217382601e+00 1.069685936811287e+00
5.900000000000000e-01 1.283880702325469e+00 1.069170480011350e+00
5.950000000000000e-01 1.316558654501151e+00 1.068502544514139e+00
6.000000000000000e-01 1.350059498693518e+00 1.067686730226829e+00
6.050000000000000e-01 1.384404174020732e+00 1.066730377303440e+00
6.100000000000000e-01 1.419614147022888e+00 1.065643744962840e+00
6.150000000000000e-01 1.455711425079295e+00 1.064440104881789e+00
6.200000000000000e-01 1.492718570163803e+00 1.063135720348212e+00
6.250000000000000e-01 1.530658712946775e+00 1.061749682903911e+00
6.300000000000000e-01 1.569555567252506e+00 1.060303582069653e+00
6.350000000000000e-01 1.609433444881138e+00 1.058820991622512e+00
6.400000000000000e-01 1.650317270804325e+00 1.057326768074059e+00
6.450000000000000e-01 1.692232598744148e+00 1.055846173152506e+00
6.500000000000000e-01 1.735205627145031e+00 1.054403851139228e+00
6.550000000000000e-01 1.779263215548615e+00 1.053022711994584e+00
6.600000000000000e-01 1.824432901381847e+00 1.051722789855316e+00
6.650000000000000e-01 1.870742917168772e+00 1.050520160926564e+00
6.700000000000000e-01 1.918222208176775e+00 1.049426012401150e+00
6.750000000000000e-01 1.966900450508319e+00 1.048445952799634e+00
6.800000000000000e-01 2.016808069649473e+00 1.047579642997185e+00
6.850000000000001e-01 2.067976259486829e+00 1.046820806321639e+00
6.900000000000001e-01 2.120437001804702e+00 1.046157646772693e+00
6.950000000000001e-01 2.174223086274785e+00 1.045573668929548e+00
7.000000000000001e-01 2.229368130950753e+00 1.045048854563005e+00
7.050000000000000e-01 2.285906603280654e+00 1.044561113001299e+00
7.100000000000000e-01 2.343873841650178e+00 1.044087889002895e+00
7.150000000000000e-01 2.403306077470301e+00 1.043607787637213e+00
7.200000000000000e-01 2.464240457823092e+00 1.043102064824787e+00
7.250000000000000e-01 2.526715068679855e+00 1.042555838467231e+00
7.300000000000000e-01 2.590768958706095e+00 1.041958900605304e+00
7.350000000000000e-01 2.656442163668210e+00 1.041306055067327e+00
7.400000000000000e-01 2.723775731457148e+00 1.040596963132658e+00
7.450000000000000e-01 2.792811747744667e+00 1.039835543462528e+00
7.500000000000000e-01 2.863593362288260e+00 1.039029030817208e+00
7.550000000000000e-01 2.936164815901156e+00 1.038186839441335e+00
7.600000000000000e-01 3.010571468104263e+00 1.037319392833302e+00
7.650000000000000e-01 3.086859825477351e+00 1.036437068867508e+00
7.700000000000000e-01 3.165077570727174e+00 1.035549371673844e+00
7.750000000000000e-01 3.245273592490716e+00 1.034664388967820e+00
7.800000000000000e-01 3.327498015892184e+00 1.033788538393929e+00
7.850000000000000e-01 3.411802233872832e+00 1.032926560904565e+00
7.900000000000000e-01 3.498238939313234e+00 1.032081691237642e+00
7.950000000000000e-01 3.586862157968046e+00 1.031255927457529e+00
8.000000000000000e-01 3.677727282233856e+00 1.030450330197526e+00
8.050000000000000e-01 3.770891105771243e+00 1.029665301200370e+00
8.100000000000001e-01 3.866411859002656e+00 1.028900812735057e+00
8.150000000000001e-01 3.964349245508326e+00 1.028156578676844e+00
8.200000000000001e-01 4.064764479342956e+00 1.027432171313726e+00
8.250000000000001e-01 4.167720323296481e+00 1.026727094760713e+00
8.300000000000001e-01 4.273281128122877e+00 1.026040827507816e+00
8.350000000000000e-01 4.381512872761445e+00 1.025372845113817e+00
8.400000000000000e-01 4.492483205575838e+00 1.024722631255640e+00
8.450000000000000e-01 4.606261486636447e+00 1.024089682525426e+00
8.500000000000000e-01 4.722918831072739e+00 1.023473510150866e+00
8.550000000000000e-01 4.842528153522501e+00 1.022873640331222e+00
8.600000000000000e-01 4.965164213705875e+00 1.022289614009207e+00
8.650000000000000e-01 5.090903663152626e+00 1.021720986440869e+00
8.700000000000000e-01 5.219825093111814e+00 1.021167326709129e+00
8.750000000000000e-01 5.352009083673925e+00 1.020628217233998e+00
8.800000000000000e-01 5.487538254136007e+00 1.020103253296631e+00
8.850000000000000e-01 5.626497314641444e+00 1.019592042581753e+00
8.900000000000000e-01 5.768973119126561e+00 1.019094204739022e+00
8.950000000000000e-01 5.915054719607133e+00 1.018609370962737e+00
9.000000000000000e-01 6.064833421838831e+00 1.018137183589074e+00
9.050000000000000e-01 6.218402842386253e+00 1.017677295709997e+00
9.100000000000000e-01 6.375858967136348e+00 1.017229370803037e+00
9.150000000000000e-01 6.537300211292723e+00 1.016793082376142e+00
9.200000000000000e-01 6.702827480888332e+00 1.016368113626900e+00
9.250000000000000e-01 6.872544235855034e+00 1.015954157115424e+00
9.300000000000000e-01 7.046556554689444e+00 1.015550914450253e+00
9.350000000000001e-01 7.224973200755413e+00 1.015158095986661e+00
9.400000000000001e-01 7.407905690264673e+00 1.014775420536793e+00
9.450000000000001e-01 7.595468361978146e+00 1.014402615091063e+00
9.500000000000001e-01 7.787778448671316e+00 1.014039414550322e+00
9.550000000000001e-01 7.984956150408610e+00 1.013685561468273e+00
9.600000000000000e-01 8.187124709672272e+00 1.013340805803701e+00
9.650000000000000e-01 8.394410488393007e+00 1.013004904682041e+00
9.700000000000000e-01 8.606943046930221e+00 1.012677622165900e+00
9.750000000000000e-01 8.824855225051540e+00 1.012358729034113e+00
9.800000000000000e-01 9.048283224961922e+00 1.012048002568970e+00
9.850000000000000e-01 9.277366696434507e+00 1.011745226351249e+00
9.900000000000000e-01 9.512248824096272e+00 1.011450190062726e+00
9.950000000000000e-01 9.753076416923058e+00 1.011162689295833e+00
1.000000000000000e+00 1.000000000000000e+01 1.010882525370166e+00
