0.000000000000000e+00 0.000000000000000e+00 1.000000000000000e+00
5.000000000000000e-03 3.369477419287315e-03 1.000000000000050e+00
1.000000000000000e-02 6.741060871647481e-03 1.000000000003395e+00
1.500000000000000e-02 1.011685770649257e-02 1.000000000012270e+00
2.000000000000000e-02 1.349897790673588e-02 1.000000000016339e+00
2.500000000000000e-02 1.688953540759990e-02 1.000000000027853e+00
3.000000000000000e-02 2.029064941789469e-02 1.000000000048326e+00
3.500000000000000e-02 2.370444574459234e-02 1.000000000078842e+00
4.000000000000000e-02 2.713305812152553e-02 1.000000000107846e+00
4.500000000000000e-02 3.057862954304063e-02 1.000000000132772e+00
5.000000000000000e-02 3.404331360343898e-02 1.000000000160982e+00
5.500000000000000e-02 3.752927584304335e-02 1.000000000199737e+00
6.000000000000000e-02 4.103869510173117e-02 1.000000000238076e+00
6.500000000000000e-02 4.457376488078044e-02 1.000000000272295e+00
7.000000000000001e-02 4.813669471387935e-02 1.000000000308249e+00
7.500000000000000e-02 5.172971154815675e-02 1.000000000345720e+00
8.000000000000000e-02 5.535506113609672e-02 1.000000000395806e+00
8.500000000000001e-02 5.901500943920686e-02 1.000000000453171e+00
9.000000000000000e-02 6.271184404431801e-02 1.000000000509423e+00
9.500000000000000e-02 6.644787559340060e-02 1.000000000572929e+00
1.000000000000000e-01 7.022543922779090e-02 1.000000000639712e+00
1.050000000000000e-01 7.404689604773053e-02 1.000000000717360e+00
1.100000000000000e-01 7.791463458813094e-02 1.000000000799860e+00
1.150000000000000e-01 8.183107231148547e-02 1.000000000887087e+00
1.200000000000000e-01 8.579865711886202e-02 1.000000000981045e+00
1.250000000000000e-01 8.981986887992111e-02 1.000000001090277e+00
1.300000000000000e-01 9.389722098291493e-02 1.000000001202317e+00
1.350000000000000e-01 9.803326190563690e-02 1.000000001319509e+00
1.400000000000000e-01 1.022305768083033e-01 1.000000001449124e+00
1.450000000000000e-01 1.064917891493625e-01 1.000000001589530e+00
1.500000000000000e-01 1.108195623252418e-01 1.000000001745048e+00
1.550000000000000e-01 1.152166013350572e-01 1.000000001907182e+00
1.600000000000000e-01 1.196856544713255e-01 1.000000002067520e+00
1.650000000000000e-01 1.242295150377370e-01 1.000000002232750e+00
1.700000000000000e-01 1.288510230950609e-01 1.000000002420246e+00
1.750000000000000e-01 1.335530672362758e-01 1.000000002641416e+00
1.800000000000000e-01 1.383385863920344e-01 1.000000002875676e+00
1.850000000000000e-01 1.432105716675912e-01 1.000000003114400e+00
1.900000000000000e-01 1.481720682123397e-01 1.000000003374413e+00
1.950000000000000e-01 1.532261771231311e-01 1.000000003650675e+00
2.000000000000000e-01 1.583760573825595e-01 1.000000003952301e+00
2.050000000000000e-01 1.636249278334301e-01 1.000000004284830e+00
2.100000000000000e-01 1.689760691906397e-01 1.000000004665617e+00
2.150000000000000e-01 1.744328260917313e-01 1.000000005077458e+00
2.200000000000000e-01 1.799986091874004e-01 1.000000005508108e+00
2.250000000000000e-01 1.856768972732633e-01 1.000000005987471e+00
2.300000000000000e-01 1.914712394642179e-01 1.000000006507282e+00
2.350000000000000e-01 1.973852574127551e-01 1.000000007045794e+00
2.400000000000000e-01 2.034226475726105e-01 1.000000007642792e+00
2.450000000000000e-01 2.095871835091678e-01 1.000000008293534e+00
2.500000000000000e-01 2.158827182580599e-01 1.000000009007349e+00
2.550000000000000e-01 2.223131867334419e-01 1.000000009808099e+00
2.600000000000000e-01 2.288826081874405e-01 1.000000010670160e+00
2.650000000000000e-01 2.355950887223172e-01 1.000000011621041e+00
2.700000000000000e-01 2.424548238569160e-01 1.000000012685642e+00
2.750000000000000e-01 2.494661011489995e-01 1.000000013877527e+00
2.800000000000000e-01 2.566333028751116e-01 1.000000015184588e+00
2.850000000000000e-01 2.639609087696434e-01 1.000000016602457e+00
2.900000000000000e-01 2.714534988248126e-01 1.000000018154563e+00
2.950000000000000e-01 2.791157561533084e-01 1.000000019888069e+00
3.000000000000000e-01 2.869524699153886e-01 1.000000021806831e+00
3.050000000000000e-01 2.949685383122613e-01 1.000000023955514e+00
3.100000000000000e-01 3.031689716476197e-01 1.000000026394517e+00
3.150000000000000e-01 3.115588954592450e-01 1.000000029124306e+00
3.200000000000000e-01 3.201435537226349e-01 1.000000032179840e+00
3.250000000000000e-01 3.289283121286580e-01 1.000000035613939e+00
3.300000000000000e-01 3.379186614372866e-01 1.000000039447281e+00
3.350000000000000e-01 3.471202209094989e-01 1.000000043735647e+00
3.400000000000000e-01 3.565387418195016e-01 1.000000048642746e+00
3.450000000000000e-01 3.661801110494620e-01 1.000000054235373e+00
3.500000000000000e-01 3.760503547690021e-01 1.000000060558952e+00
3.550000000000000e-01 3.861556422017504e-01 1.000000067708267e+00
3.600000000000000e-01 3.965022894813072e-01 1.000000075884243e+00
3.650000000000000e-01 4.070967635990345e-01 1.000000085274364e+00
3.700000000000000e-01 4.179456864461349e-01 1.000000096016560e+00
3.750000000000000e-01 4.290558389525505e-01 1.000000108344313e+00
3.800000000000000e-01 4.404341653252637e-01 1.000000122527794e+00
3.850000000000000e-01 4.520877773886537e-01 1.000000138938683e+00
3.900000000000000e-01 4.640239590296172e-01 1.000000157932222e+00
3.950000000000000e-01 4.762501707502353e-01 1.000000180017793e+00
4.000000000000000e-01 4.887740543308307e-01 1.000000205690396e+00
4.050000000000000e-01 5.016034376063282e-01 1.000000235613610e+00
4.100000000000000e-01 5.147463393589066e-01 1.000000270633322e+00
4.150000000000000e-01 5.282109743299990e-01 1.000000311617693e+00
4.200000000000000e-01 5.420057583547735e-01 1.000000359901662e+00
4.250000000000000e-01 5.561393136223041e-01 1.000000416807975e+00
4.300000000000000e-01 5.706204740647189e-01 1.000000484086772e+00
4.350000000000000e-01 5.854582908786964e-01 1.000000563853821e+00
4.400000000000000e-01 6.006620381827575e-01 1.000000658601207e+00
4.450000000000000e-01 6.162412188138907e-01 1.000000771646886e+00
4.500000000000000e-01 6.322055702671360e-01 1.000000906601030e+00
4.550000000000000e-01 6.485650707818353e-01 1.000001068321481e+00
4.600000000000000e-01 6.653299455783577e-01 1.000001262693953e+00
4.650000000000000e-01 6.825106732491932e-01 1.000001496886145e+00
4.700000000000000e-01 7.001179923084168e-01 1.000001779872930e+00
4.750000000000000e-01 7.181629079036070e-01 1.000002122398423e+00
4.800000000000000e-01 7.366566986944229e-01 1.000002538579169e+00
4.850000000000000e-01 7.556109239021327e-01 1.000003045291562e+00
4.900000000000000e-01 7.750374305345038e-01 1.000003663733545e+00
4.950000000000000e-01 7.949483607905672e-01 1.000004420853064e+00
5.000000000000000e-01 8.153561596498893e-01 1.000005349369060e+00
5.050000000000000e-01 8.362735826510871e-01 1.000006491490544e+00
5.100000000000000e-01 8.577137038644561e-01 1.000007899310640e+00
5.150000000000000e-01 8.796899240636907e-01 1.000009638193254e+00
5.200000000000000e-01 9.022159791018011e-01 1.000011791598355e+00
5.250000000000000e-01 9.253059484964714e-01 1.000014462540306e+00
5.300000000000000e-01 9.489742642302165e-01 1.000017782523368e+00
5.350000000000000e-01 9.732357197708378e-01 1.000021916984667e+00
5.400000000000000e-01 9.981054793178262e-01 1.000027072494668e+00
5.450000000000000e-01 1.023599087280478e+00 1.000033512623808e+00
5.500000000000000e-01 1.049732477993657e+00 1.000041566472559e+00
5.550000000000000e-01 1.076521985677273e+00 1.000051647832604e+00
5.600000000000001e-01 1.103984354645701e+00 1.000064280208779e+00
5.650000000000001e-01 1.132136749773522e+00 1.000080114365513e+00
5.700000000000001e-01 1.160996767224129e+00 1.000099966569139e+00
5.750000000000001e-01 1.190582445447902e+00 1.000124856940227e+00
5.800000000000000e-01 1.220912276456826e+00 1.000156043122544e+00
5.850000000000000e-01 1.252005217382601e+00 1.000195083458879e+00
5.900000000000000e-01 1.283880702325469e+00 1.000243891016452e+00
5.950000000000000e-01 1.316558654501151e+00 1.000304782407147e+00
6.000000000000000e-01 1.350059498693518e+00 1.000380559076074e+00
6.050000000000000e-01 1.384404174020732e+00 1.000474559670127e+00
6.100000000000000e-01 1.419614147022888e+00 1.000590687239122e+00
6.150000000000000e-01 1.455711425079295e+00 1.000733452906171e+00
6.200000000000000e-01 1.492718570163803e+00 1.000907944061575e+00
6.250000000000000e-01 1.530658712946775e+00 1.001119697988665e+00
6.300000000000000e-01 1.569555567252506e+00 1.001374532610027e+00
6.350000000000000e-01 1.609433444881138e+00 1.001678216557035e+00
6.400000000000000e-01 1.650317270804325e+00 1.002035909600230e+00
6.450000000000000e-01 1.692232598744148e+00 1.002451458082237e+00
6.500000000000000e-01 1.735205627145031e+00 1.002926478065870e+00
6.550000000000000e-01 1.779263215548615e+00 1.003459144926324e+00
6.600000000000000e-01 1.824432901381847e+00 1.004042884806310e+00
6.650000000000000e-01 1.870742917168772e+00 1.004665173167785e+00
6.700000000000000e-01 1.918222208176775e+00 1.005306570113712e+00
6.750000000000000e-01 1.966900450508319e+00 1.005940436966097e+00
6.800000000000000e-01 2.016808069649473e+00 1.006534029911327e+00
6.850000000000001e-01 2.067976259486829e+00 1.007051437025276e+00
6.900000000000001e-01 2.120437001804702e+00 1.007458467768375e+00
6.950000000000001e-01 2.174223086274785e+00 1.007729188492914e+00
7.000000000000001e-01 2.229368130950753e+00 1.007853006589754e+00
7.050000000000000e-01 2.285906603280654e+00 1.007840408877582e+00
7.100000000000000e-01 2.343873841650178e+00 1.007725419554129e+00
7.150000000000000e-01 2.403306077470301e+00 1.007563651005154e+00
7.200000000000000e-01 2.464240457823092e+00 1.007426001680977e+00
7.250000000000000e-01 2.526715068679855e+00 1.007389224793113e+00
7.300000000000000e-01 2.590768958706095e+00 1.007525427803760e+00
7.350000000000000e-01 2.656442163668210e+00 1.007892704722371e+00
7.400000000000000e-01 2.723775731457148e+00 1.008528490892110e+00
7.450000000000000e-01 2.792811747744667e+00 1.009446249830172e+00
7.500000000000000e-01 2.863593362288260e+00 1.010635239067052e+00
7.550000000000000e-01 2.936164815901156e+00 1.012062593819710e+00
7.600000000000000e-01 3.010571468104263e+00 1.013676814318287e+00
7.650000000000000e-01 3.086859825477351e+00 1.015411860220662e+00
7.700000000000000e-01 3.165077570727174e+00 1.017191324937191e+00
7.750000000000000e-01 3.245273592490716e+00 1.018932474209920e+00
7.800000000000000e-01 3.327498015892184e+00 1.020550279667637e+00
7.850000000000000e-01 3.411802233872832e+00 1.021962001563831e+00
7.900000000000000e-01 3.498238939313234e+00 1.023093256826308e+00
7.950000000000000e-01 3.586862157968046e+00 1.023886411742230e+00
8.000000000000000e-01 3.677727282233856e+00 1.024311040732796e+00
8.050000000000000e-01 3.770891105771243e+00 1.024374117800796e+00
8.100000000000001e-01 3.866411859002656e+00 1.024125601947683e+00
8.150000000000001e-01 3.964349245508326e+00 1.023654839188231e+00
8.200000000000001e-01 4.064764479342956e+00 1.023075780963807e+00
8.250000000000001e-01 4.167720323296481e+00 1.022503621324448e+00
8.300000000000001e-01 4.273281128122877e+00 1.022029667614540e+00
8.350000000000000e-01 4.381512872761445e+00 1.021702679185372e+00
8.400000000000000e-01 4.492483205575838e+00 1.021522746756742e+00
8.450000000000000e-01 4.606261486636447e+00 1.021449136147623e+00
8.500000000000000e-01 4.722918831072739e+00 1.021418481995151e+00
8.550000000000000e-01 4.842528153522501e+00 1.021366340592365e+00
8.600000000000000e-01 4.965164213705875e+00 1.021244676803920e+00
8.650000000000000e-01 5.090903663152626e+00 1.021030405931525e+00
8.700000000000000e-01 5.219825093111814e+00 1.020724307537750e+00
8.750000000000000e-01 5.352009083673925e+00 1.020343365261824e+00
8.800000000000000e-01 5.487538254136007e+00 1.019911182439917e+00
8.850000000000000e-01 5.626497314641444e+00 1.019450303865412e+00
8.900000000000000e-01 5.768973119126561e+00 1.018978120625345e+00
8.950000000000000e-01 5.915054719607133e+00 1.018506019373422e+00
9.000000000000000e-01 6.064833421838831e+00 1.018040438115907e+00
9.050000000000000e-01 6.218402842386253e+00 1.017584506836332e+00
9.100000000000000e-01 6.375858967136348e+00 1.017139475682288e+00
9.150000000000000e-01 6.537300211292723e+00 1.016705667583756e+00
9.200000000000000e-01 6.702827480888332e+00 1.016283005445189e+00
9.250000000000000e-01 6.872544235855034e+00 1.015871262375454e+00
9.300000000000000e-01 7.046556554689444e+00 1.015470165285787e+00
9.350000000000001e-01 7.224973200755413e+00 1.015079432615435e+00
9.400000000000001e-01 7.407905690264673e+00 1.014698786407238e+00
9.450000000000001e-01 7.595468361978146e+00 1.014327955619841e+00
9.500000000000001e-01 7.787778448671316e+00 1.013966676795194e+00
9.550000000000001e-01 7.984956150408610e+00 1.013614694020999e+00
9.600000000000000e-01 8.187124709672272e+00 1.013271758730694e+00
9.650000000000000e-01 8.394410488393007e+00 1.012937629475557e+00
9.700000000000000e-01 8.606943046930221e+00 1.012612071698455e+00
9.750000000000000e-01 8.824855225051540e+00 1.012294857514797e+00
9.800000000000000e-01 9.048283224961922e+00 1.011985765501390e+00
9.850000000000000e-01 9.277366696434507e+00 1.011684580493005e+00
9.900000000000000e-01 9.512248824096272e+00 1.011391093386347e+00
9.950000000000000e-01 9.753076416923058e+00 1.011105100951121e+00
1.000000000000000e+00 1.000000000000000e+01 1.010826405647964e+00
