0.000000000000000e+00 0.000000000000000e+00 1.000000000000000e+00
5.000000000000000e-03 3.369477419287315e-03 1.000000000006809e+00
1.000000000000000e-02 6.741060871647481e-03 1.000000000017020e+00
1.500000000000000e-02 1.011685770649257e-02 1.000000000018467e+00
2.000000000000000e-02 1.349897790673588e-02 1.000000000022809e+00
2.500000000000000e-02 1.688953540759990e-02 1.000000000019740e+00
3.000000000000000e-02 2.029064941789469e-02 1.000000000018114e+00
3.500000000000000e-02 2.370444574459234e-02 1.000000000019951e+00
4.000000000000000e-02 2.713305812152553e-02 1.000000000020395e+00
4.500000000000000e-02 3.057862954304063e-02 1.000000000021122e+00
5.000000000000000e-02 3.404331360343898e-02 1.000000000021982e+00
5.500000000000000e-02 3.752927584304335e-02 1.000000000023087e+00
6.000000000000000e-02 4.103869510173117e-02 1.000000000024083e+00
6.500000000000000e-02 4.457376488078044e-02 1.000000000025392e+00
7.000000000000001e-02 4.813669471387935e-02 1.000000000026390e+00
7.500000000000000e-02 5.172971154815675e-02 1.000000000029947e+00
8.000000000000000e-02 5.535506113609672e-02 1.000000000033089e+00
8.500000000000001e-02 5.901500943920686e-02 1.000000000032692e+00
9.000000000000000e-02 6.271184404431801e-02 1.000000000032821e+00
9.500000000000000e-02 6.644787559340060e-02 1.000000000033679e+00
1.000000000000000e-01 7.022543922779090e-02 1.000000000035536e+00
1.050000000000000e-01 7.404689604773053e-02 1.000000000037608e+00
1.100000000000000e-01 7.791463458813094e-02 1.000000000040298e+00
1.150000000000000e-01 8.183107231148547e-02 1.000000000045085e+00
1.200000000000000e-01 8.579865711886202e-02 1.000000000049882e+00
1.250000000000000e-01 8.981986887992111e-02 1.000000000054436e+00
1.300000000000000e-01 9.389722098291493e-02 1.000000000058480e+00
1.350000000000000e-01 9.803326190563690e-02 1.000000000064000e+00
1.400000000000000e-01 1.022305768083033e-01 1.000000000069859e+00
1.450000000000000e-01 1.064917891493625e-01 1.000000000078339e+00
1.500000000000000e-01 1.108195623252418e-01 1.000000000087971e+00
1.550000000000000e-01 1.152166013350572e-01 1.000000000095056e+00
1.600000000000000e-01 1.196856544713255e-01 1.000000000101491e+00
1.650000000000000e-01 1.242295150377370e-01 1.000000000107161e+00
1.700000000000000e-01 1.288510230950609e-01 1.000000000115429e+00
1.750000000000000e-01 1.335530672362758e-01 1.000000000124054e+00
1.800000000000000e-01 1.383385863920344e-01 1.000000000131643e+00
1.850000000000000e-01 1.432105716675912e-01 1.000000000142178e+00
1.900000000000000e-01 1.481720682123397e-01 1.000000000151648e+00
1.950000000000000e-01 1.532261771231311e-01 1.000000000158273e+00
2.000000000000000e-01 1.583760573825595e-01 1.000000000165635e+00
2.050000000000000e-01 1.636249278334301e-01 1.000000000174305e+00
2.100000000000000e-01 1.689760691906397e-01 1.000000000183242e+00
2.150000000000000e-01 1.744328260917313e-01 1.000000000194247e+00
2.200000000000000e-01 1.799986091874004e-01 1.000000000209554e+00
2.250000000000000e-01 1.856768972732633e-01 1.000000000226537e+00
2.300000000000000e-01 1.914712394642179e-01 1.000000000245372e+00
2.350000000000000e-01 1.973852574127551e-01 1.000000000262741e+00
2.400000000000000e-01 2.034226475726105e-01 1.000000000278600e+00
2.450000000000000e-01 2.095871835091678e-01 1.000000000298306e+00
2.500000000000000e-01 2.158827182580599e-01 1.000000000320403e+00
2.550000000000000e-01 2.223131867334419e-01 1.000000000340622e+00
2.600000000000000e-01 2.288826081874405e-01 1.000000000359218e+00
2.650000000000000e-01 2.355950887223172e-01 1.000000000378567e+00
2.700000000000000e-01 2.424548238569160e-01 1.000000000400318e+00
2.750000000000000e-01 2.494661011489995e-01 1.000000000422654e+00
2.800000000000000e-01 2.566333028751116e-01 1.000000000447429e+00
2.850000000000000e-01 2.639609087696434e-01 1.000000000476577e+00
2.900000000000000e-01 2.714534988248126e-01 1.000000000507331e+00
2.950000000000000e-01 2.791157561533084e-01 1.000000000539777e+00
3.000000000000000e-01 2.869524699153886e-01 1.000000000576569e+00
3.050000000000000e-01 2.949685383122613e-01 1.000000000618479e+00
3.100000000000000e-01 3.031689716476197e-01 1.000000000659896e+00
3.150000000000000e-01 3.115588954592450e-01 1.000000000697028e+00
3.200000000000000e-01 3.201435537226349e-01 1.000000000737021e+00
3.250000000000000e-01 3.289283121286580e-01 1.000000000782430e+00
3.300000000000000e-01 3.379186614372866e-01 1.000000000829443e+00
3.350000000000000e-01 3.471202209094989e-01 1.000000000883369e+00
3.400000000000000e-01 3.565387418195016e-01 1.000000000945739e+00
3.450000000000000e-01 3.661801110494620e-01 1.000000001011457e+00
3.500000000000000e-01 3.760503547690021e-01 1.000000001081035e+00
3.550000000000000e-01 3.861556422017504e-01 1.000000001156759e+00
3.600000000000000e-01 3.965022894813072e-01 1.000000001233619e+00
3.650000000000000e-01 4.070967635990345e-01 1.000000001319679e+00
3.700000000000000e-01 4.179456864461349e-01 1.000000001420283e+00
3.750000000000000e-01 4.290558389525505e-01 1.000000001524827e+00
3.800000000000000e-01 4.404341653252637e-01 1.000000001633935e+00
3.850000000000000e-01 4.520877773886537e-01 1.000000001753665e+00
3.900000000000000e-01 4.640239590296172e-01 1.000000001895139e+00
3.950000000000000e-01 4.762501707502353e-01 1.000000002052416e+00
4.000000000000000e-01 4.887740543308307e-01 1.000000002224655e+00
4.050000000000000e-01 5.016034376063282e-01 1.000000002414363e+00
4.100000000000000e-01 5.147463393589066e-01 1.000000002624521e+00
4.150000000000000e-01 5.282109743299990e-01 1.000000002866053e+00
4.200000000000000e-01 5.420057583547735e-01 1.000000003137640e+00
4.250000000000000e-01 5.561393136223041e-01 1.000000003456354e+00
4.300000000000000e-01 5.706204740647189e-01 1.000000003817748e+00
4.350000000000000e-01 5.854582908786964e-01 1.000000004232370e+00
4.400000000000000e-01 6.006620381827575e-01 1.000000004713311e+00
4.450000000000000e-01 6.162412188138907e-01 1.000000005263184e+00
4.500000000000000e-01 6.322055702671360e-01 1.000000005925108e+00
4.550000000000000e-01 6.485650707818353e-01 1.000000006707293e+00
4.600000000000000e-01 6.653299455783577e-01 1.000000007641634e+00
4.650000000000000e-01 6.825106732491932e-01 1.000000008762372e+00
4.700000000000000e-01 7.001179923084168e-01 1.000000010104734e+00
4.750000000000000e-01 7.181629079036070e-01 1.000000011749198e+00
4.800000000000000e-01 7.366566986944229e-01 1.000000013760619e+00
4.850000000000000e-01 7.556109239021327e-01 1.000000016246759e+00
4.900000000000000e-01 7.750374305345038e-01 1.000000019327834e+00
4.950000000000000e-01 7.949483607905672e-01 1.000000023194221e+00
5.000000000000000e-01 8.153561596498893e-01 1.000000028071331e+00
5.050000000000000e-01 8.362735826510871e-01 1.000000034224281e+00
5.100000000000000e-01 8.577137038644561e-01 1.000000042110934e+00
5.150000000000000e-01 8.796899240636907e-01 1.000000052223706e+00
5.200000000000000e-01 9.022159791018011e-01 1.000000065290830e+00
5.250000000000000e-01 9.253059484964714e-01 1.000000082303079e+00
5.300000000000000e-01 9.489742642302165e-01 1.000000104494945e+00
5.350000000000000e-01 9.732357197708378e-01 1.000000133726942e+00
5.400000000000000e-01 9.981054793178262e-01 1.000000172328416e+00
5.450000000000000e-01 1.023599087280478e+00 1.000000223578773e+00
5.500000000000000e-01 1.049732477993657e+00 1.000000292071812e+00
5.550000000000000e-01 1.076521985677273e+00 1.000000383791859e+00
5.600000000000001e-01 1.103984354645701e+00 1.000000507393438e+00
5.650000000000001e-01 1.132136749773522e+00 1.000000674563616e+00
5.700000000000001e-01 1.160996767224129e+00 1.000000901310598e+00
5.750000000000001e-01 1.190582445447902e+00 1.000001210440095e+00
5.800000000000000e-01 1.220912276456826e+00 1.000001632806859e+00
5.850000000000000e-01 1.252005217382601e+00 1.000002211675149e+00
5.900000000000000e-01 1.283880702325469e+00 1.000003007755974e+00
5.950000000000000e-01 1.316558654501151e+00 1.000004104160039e+00
6.000000000000000e-01 1.350059498693518e+00 1.000005617849652e+00
6.050000000000000e-01 1.384404174020732e+00 1.000007711594295e+00
6.100000000000000e-01 1.419614147022888e+00 1.000010609601020e+00
6.150000000000000e-01 1.455711425079295e+00 1.000014625510412e+00
6.200000000000000e-01 1.492718570163803e+00 1.000020192657261e+00
6.250000000000000e-01 1.530658712946775e+00 1.000027905865507e+00
6.300000000000000e-01 1.569555567252506e+00 1.000038586575249e+00
6.350000000000000e-01 1.609433444881138e+00 1.000053355337442e+00
6.400000000000000e-01 1.650317270804325e+00 1.000073727379341e+00
6.450000000000000e-01 1.692232598744148e+00 1.000101748022831e+00
6.500000000000000e-01 1.735205627145031e+00 1.000140138608994e+00
6.550000000000000e-01 1.779263215548615e+00 1.000192465182409e+00
6.600000000000000e-01 1.824432901381847e+00 1.000263348669344e+00
6.650000000000000e-01 1.870742917168772e+00 1.000358649422304e+00
6.700000000000000e-01 1.918222208176775e+00 1.000485590278454e+00
6.750000000000000e-01 1.966900450508319e+00 1.000652815795260e+00
6.800000000000000e-01 2.016808069649473e+00 1.000870245571850e+00
6.850000000000001e-01 2.067976259486829e+00 1.001148541918254e+00
6.900000000000001e-01 2.120437001804702e+00 1.001498122406780e+00
6.950000000000001e-01 2.174223086274785e+00 1.001927592741173e+00
7.000000000000001e-01 2.229368130950753e+00 1.002441413975692e+00
7.050000000000000e-01 2.285906603280654e+00 1.003036841102677e+00
7.100000000000000e-01 2.343873841650178e+00 1.003700460780264e+00
7.150000000000000e-01 2.403306077470301e+00 1.004405011304704e+00
7.200000000000000e-01 2.464240457823092e+00 1.005107969646149e+00
7.250000000000000e-01 2.526715068679855e+00 1.005754186342544e+00
7.300000000000000e-01 2.590768958706095e+00 1.006284372406693e+00
7.350000000000000e-01 2.656442163668210e+00 1.006649026842495e+00
7.400000000000000e-01 2.723775731457148e+00 1.006824411024852e+00
7.450000000000000e-01 2.792811747744667e+00 1.006825049614629e+00
7.500000000000000e-01 2.863593362288260e+00 1.006707412063696e+00
7.550000000000000e-01 2.936164815901156e+00 1.006562362366237e+00
7.600000000000000e-01 3.010571468104263e+00 1.006498342931160e+00
7.650000000000000e-01 3.086859825477351e+00 1.006620628768690e+00
7.700000000000000e-01 3.165077570727174e+00 1.007012662441689e+00
7.750000000000000e-01 3.245273592490716e+00 1.007723635143330e+00
7.800000000000000e-01 3.327498015892184e+00 1.008763590780786e+00
7.850000000000000e-01 3.411802233872832e+00 1.010104953850114e+00
7.900000000000000e-01 3.498238939313234e+00 1.011688272004411e+00
7.950000000000000e-01 3.586862157968046e+00 1.013429912080176e+00
8.000000000000000e-01 3.677727282233856e+00 1.015229893841756e+00
8.050000000000000e-01 3.770891105771243e+00 1.016978860824327e+00
8.100000000000001e-01 3.866411859002656e+00 1.018564629765682e+00
8.150000000000001e-01 3.964349245508326e+00 1.019880492064626e+00
8.200000000000001e-01 4.064764479342956e+00 1.020837967309433e+00
8.250000000000001e-01 4.167720323296481e+00 1.021384373870227e+00
8.300000000000001e-01 4.273281128122877e+00 1.021520623532642e+00
8.350000000000000e-01 4.381512872761445e+00 1.021310252911048e+00
8.400000000000000e-01 4.492483205575838e+00 1.020871160234206e+00
8.450000000000000e-01 4.606261486636447e+00 1.020348310585585e+00
8.500000000000000e-01 4.722918831072739e+00 1.019875362102022e+00
8.550000000000000e-01 4.842528153522501e+00 1.019539668981247e+00
8.600000000000000e-01 4.965164213705875e+00 1.019364324457291e+00
8.650000000000000e-01 5.090903663152626e+00 1.019313290065984e+00
8.700000000000000e-01 5.219825093111814e+00 1.019315408135900e+00
8.750000000000000e-01 5.352009083673925e+00 1.019295475603605e+00
8.800000000000000e-01 5.487538254136007e+00 1.019199217685868e+00
8.850000000000000e-01 5.626497314641444e+00 1.019004079847658e+00
8.900000000000000e-01 5.768973119126561e+00 1.018715771129805e+00
8.950000000000000e-01 5.915054719607133e+00 1.018356625669526e+00
9.000000000000000e-01 6.064833421838831e+00 1.017953257039609e+00
9.050000000000000e-01 6.218402842386253e+00 1.017528339186508e+00
9.100000000000000e-01 6.375858967136348e+00 1.017097516200531e+00
9.150000000000000e-01 6.537300211292723e+00 1.016669896348485e+00
9.200000000000000e-01 6.702827480888332e+00 1.016250003840181e+00
9.250000000000000e-01 6.872544235855034e+00 1.015839717111646e+00
9.300000000000000e-01 7.046556554689444e+00 1.015439613656036e+00
9.350000000000001e-01 7.224973200755413e+00 1.015049717604692e+00
9.400000000000001e-01 7.407905690264673e+00 1.014669849397292e+00
9.450000000000001e-01 7.595468361978146e+00 1.014299766682192e+00
9.500000000000001e-01 7.787778448671316e+00 1.013939213839194e+00
9.550000000000001e-01 7.984956150408610e+00 1.013587937213120e+00
9.600000000000000e-01 8.187124709672272e+00 1.013245689145629e+00
9.650000000000000e-01 8.394410488393007e+00 1.012912228792522e+00
9.700000000000000e-01 8.606943046930221e+00 1.012587322128766e+00
9.750000000000000e-01 8.824855225051540e+00 1.012270741775759e+00
9.800000000000000e-01 9.048283224961922e+00 1.011962266798927e+00
9.850000000000000e-01 9.277366696434507e+00 1.011661682506204e+00
9.900000000000000e-01 9.512248824096272e+00 1.011368780253120e+00
9.950000000000000e-01 9.753076416923058e+00 1.011083357258379e+00
1.000000000000000e+00 1.000000000000000e+01 1.010805216464125e+00
