0.000000000000000e+00 0.000000000000000e+00 1.000000000000000e+00
5.000000000000000e-03 3.369477419287315e-03 1.000000000004680e+00
1.000000000000000e-02 6.741060871647481e-03 1.000000000041971e+00
1.500000000000000e-02 1.011685770649257e-02 1.000000000035150e+00
2.000000000000000e-02 1.349897790673588e-02 1.000000000028143e+00
2.500000000000000e-02 1.688953540759990e-02 1.000000000027262e+00
3.000000000000000e-02 2.029064941789469e-02 1.000000000025874e+00
3.500000000000000e-02 2.370444574459234e-02 1.000000000027601e+00
4.000000000000000e-02 2.713305812152553e-02 1.000000000029812e+00
4.500000000000000e-02 3.057862954304063e-02 1.000000000029483e+00
5.000000000000000e-02 3.404331360343898e-02 1.000000000028554e+00
5.500000000000000e-02 3.752927584304335e-02 1.000000000028240e+00
6.000000000000000e-02 4.103869510173117e-02 1.000000000028559e+00
6.500000000000000e-02 4.457376488078044e-02 1.000000000027809e+00
7.000000000000001e-02 4.813669471387935e-02 1.000000000028172e+00
7.500000000000000e-02 5.172971154815675e-02 1.000000000029662e+00
8.000000000000000e-02 5.535506113609672e-02 1.000000000030354e+00
8.500000000000001e-02 5.901500943920686e-02 1.000000000030422e+00
9.000000000000000e-02 6.271184404431801e-02 1.000000000031170e+00
9.500000000000000e-02 6.644787559340060e-02 1.000000000033816e+00
1.000000000000000e-01 7.022543922779090e-02 1.000000000036644e+00
1.050000000000000e-01 7.404689604773053e-02 1.000000000037683e+00
1.100000000000000e-01 7.791463458813094e-02 1.000000000039067e+00
1.150000000000000e-01 8.183107231148547e-02 1.000000000042170e+00
1.200000000000000e-01 8.579865711886202e-02 1.000000000044295e+00
1.250000000000000e-01 8.981986887992111e-02 1.000000000046023e+00
1.300000000000000e-01 9.389722098291493e-02 1.000000000048733e+00
1.350000000000000e-01 9.803326190563690e-02 1.000000000052484e+00
1.400000000000000e-01 1.022305768083033e-01 1.000000000059085e+00
1.450000000000000e-01 1.064917891493625e-01 1.000000000065371e+00
1.500000000000000e-01 1.108195623252418e-01 1.000000000070401e+00
1.550000000000000e-01 1.152166013350572e-01 1.000000000076011e+00
1.600000000000000e-01 1.196856544713255e-01 1.000000000083093e+00
1.650000000000000e-01 1.242295150377370e-01 1.000000000090407e+00
1.700000000000000e-01 1.288510230950609e-01 1.000000000097511e+00
1.750000000000000e-01 1.335530672362758e-01 1.000000000104043e+00
1.800000000000000e-01 1.383385863920344e-01 1.000000000110511e+00
1.850000000000000e-01 1.432105716675912e-01 1.000000000120301e+00
1.900000000000000e-01 1.481720682123397e-01 1.000000000130297e+00
1.950000000000000e-01 1.532261771231311e-01 1.000000000136643e+00
2.000000000000000e-01 1.583760573825595e-01 1.000000000143353e+00
2.050000000000000e-01 1.636249278334301e-01 1.000000000150205e+00
2.100000000000000e-01 1.689760691906397e-01 1.000000000157517e+00
2.150000000000000e-01 1.744328260917313e-01 1.000000000167136e+00
2.200000000000000e-01 1.799986091874004e-01 1.000000000175102e+00
2.250000000000000e-01 1.856768972732633e-01 1.000000000182683e+00
2.300000000000000e-01 1.914712394642179e-01 1.000000000194443e+00
2.350000000000000e-01 1.973852574127551e-01 1.000000000208443e+00
2.400000000000000e-01 2.034226475726105e-01 1.000000000221272e+00
2.450000000000000e-01 2.095871835091678e-01 1.000000000236195e+00
2.500000000000000e-01 2.158827182580599e-01 1.000000000252456e+00
2.550000000000000e-01 2.223131867334419e-01 1.000000000271180e+00
2.600000000000000e-01 2.288826081874405e-01 1.000000000291094e+00
2.650000000000000e-01 2.355950887223172e-01 1.000000000306576e+00
2.700000000000000e-01 2.424548238569160e-01 1.000000000321180e+00
2.750000000000000e-01 2.494661011489995e-01 1.000000000338884e+00
2.800000000000000e-01 2.566333028751116e-01 1.000000000358059e+00
2.850000000000000e-01 2.639609087696434e-01 1.000000000379621e+00
2.900000000000000e-01 2.714534988248126e-01 1.000000000399449e+00
2.950000000000000e-01 2.791157561533084e-01 1.000000000418756e+00
3.000000000000000e-01 2.869524699153886e-01 1.000000000442210e+00
3.050000000000000e-01 2.949685383122613e-01 1.000000000464934e+00
3.100000000000000e-01 3.031689716476197e-01 1.000000000492685e+00
3.150000000000000e-01 3.115588954592450e-01 1.000000000524444e+00
3.200000000000000e-01 3.201435537226349e-01 1.000000000553116e+00
3.250000000000000e-01 3.289283121286580e-01 1.000000000580896e+00
3.300000000000000e-01 3.379186614372866e-01 1.000000000613305e+00
3.350000000000000e-01 3.471202209094989e-01 1.000000000647567e+00
3.400000000000000e-01 3.565387418195016e-01 1.000000000682654e+00
3.450000000000000e-01 3.661801110494620e-01 1.000000000718836e+00
3.500000000000000e-01 3.760503547690021e-01 1.000000000756723e+00
3.550000000000000e-01 3.861556422017504e-01 1.000000000799275e+00
3.600000000000000e-01 3.965022894813072e-01 1.000000000841498e+00
3.650000000000000e-01 4.070967635990345e-01 1.000000000885766e+00
3.700000000000000e-01 4.179456864461349e-01 1.000000000932680e+00
3.750000000000000e-01 4.290558389525505e-01 1.000000000983627e+00
3.800000000000000e-01 4.404341653252637e-01 1.000000001036234e+00
3.850000000000000e-01 4.520877773886537e-01 1.000000001096884e+00
3.900000000000000e-01 4.640239590296172e-01 1.000000001161224e+00
3.950000000000000e-01 4.762501707502353e-01 1.000000001218603e+00
4.000000000000000e-01 4.887740543308307e-01 1.000000001277990e+00
4.050000000000000e-01 5.016034376063282e-01 1.000000001343168e+00
4.100000000000000e-01 5.147463393589066e-01 1.000000001419173e+00
4.150000000000000e-01 5.282109743299990e-01 1.000000001496899e+00
4.200000000000000e-01 5.420057583547735e-01 1.000000001579156e+00
4.250000000000000e-01 5.561393136223041e-01 1.000000001667074e+00
4.300000000000000e-01 5.706204740647189e-01 1.000000001756394e+00
4.350000000000000e-01 5.854582908786964e-01 1.000000001852324e+00
4.400000000000000e-01 6.006620381827575e-01 1.000000001950494e+00
4.450000000000000e-01 6.162412188138907e-01 1.000000002060770e+00
4.500000000000000e-01 6.322055702671360e-01 1.000000002178844e+00
4.550000000000000e-01 6.485650707818353e-01 1.000000002304837e+00
4.600000000000000e-01 6.653299455783577e-01 1.000000002439450e+00
4.650000000000000e-01 6.825106732491932e-01 1.000000002575948e+00
4.700000000000000e-01 7.001179923084168e-01 1.000000002728213e+00
4.750000000000000e-01 7.181629079036070e-01 1.000000002895634e+00
4.800000000000000e-01 7.366566986944229e-01 1.000000003079815e+00
4.850000000000000e-01 7.556109239021327e-01 1.000000003282126e+00
4.900000000000000e-01 7.750374305345038e-01 1.000000003497196e+00
4.950000000000000e-01 7.949483607905672e-01 1.000000003731983e+00
5.000000000000000e-01 8.153561596498893e-01 1.000000004003697e+00
5.050000000000000e-01 8.362735826510871e-01 1.000000004314837e+00
5.100000000000000e-01 8.577137038644561e-01 1.000000004654718e+00
5.150000000000000e-01 8.796899240636907e-01 1.000000005051749e+00
5.200000000000000e-01 9.022159791018011e-01 1.000000005518202e+00
5.250000000000000e-01 9.253059484964714e-01 1.000000006059538e+00
5.300000000000000e-01 9.489742642302165e-01 1.000000006713601e+00
5.350000000000000e-01 9.732357197708378e-01 1.000000007500386e+00
5.400000000000000e-01 9.981054793178262e-01 1.000000008473006e+00
5.450000000000000e-01 1.023599087280478e+00 1.000000009689090e+00
5.500000000000000e-01 1.049732477993657e+00 1.000000011223268e+00
5.550000000000000e-01 1.076521985677273e+00 1.000000013217165e+00
5.600000000000001e-01 1.103984354645701e+00 1.000000015811946e+00
5.650000000000001e-01 1.132136749773522e+00 1.000000019263894e+00
5.700000000000001e-01 1.160996767224129e+00 1.000000023928992e+00
5.750000000000001e-01 1.190582445447902e+00 1.000000030270233e+00
5.800000000000000e-01 1.220912276456826e+00 1.000000039075634e+00
5.850000000000000e-01 1.252005217382601e+00 1.000000051385233e+00
5.900000000000000e-01 1.283880702325469e+00 1.000000068771505e+00
5.950000000000000e-01 1.316558654501151e+00 1.000000093677781e+00
6.000000000000000e-01 1.350059498693518e+00 1.000000129504925e+00
6.050000000000000e-01 1.384404174020732e+00 1.000000181565924e+00
6.100000000000000e-01 1.419614147022888e+00 1.000000257828075e+00
6.150000000000000e-01 1.455711425079295e+00 1.000000369937577e+00
6.200000000000000e-01 1.492718570163803e+00 1.000000535982386e+00
6.250000000000000e-01 1.530658712946775e+00 1.000000782982354e+00
6.300000000000000e-01 1.569555567252506e+00 1.000001151360633e+00
6.350000000000000e-01 1.609433444881138e+00 1.000001703224799e+00
6.400000000000000e-01 1.650317270804325e+00 1.000002531561953e+00
6.450000000000000e-01 1.692232598744148e+00 1.000003776114381e+00
6.500000000000000e-01 1.735205627145031e+00 1.000005649142871e+00
6.550000000000000e-01 1.779263215548615e+00 1.000008467400688e+00
6.600000000000000e-01 1.824432901381847e+00 1.000012702859552e+00
6.650000000000000e-01 1.870742917168772e+00 1.000019060502779e+00
6.700000000000000e-01 1.918222208176775e+00 1.000028577684977e+00
6.750000000000000e-01 1.966900450508319e+00 1.000042766535670e+00
6.800000000000000e-01 2.016808069649473e+00 1.000063819821768e+00
6.850000000000001e-01 2.067976259486829e+00 1.000094865143368e+00
6.900000000000001e-01 2.120437001804702e+00 1.000140276247827e+00
6.950000000000001e-01 2.174223086274785e+00 1.000206057021863e+00
7.000000000000001e-01 2.229368130950753e+00 1.000300236453358e+00
7.050000000000000e-01 2.285906603280654e+00 1.000433175607895e+00
7.100000000000000e-01 2.343873841650178e+00 1.000617650651212e+00
7.150000000000000e-01 2.403306077470301e+00 1.000868428269758e+00
7.200000000000000e-01 2.464240457823092e+00 1.001200999228432e+00
7.250000000000000e-01 2.526715068679855e+00 1.001629236759342e+00
7.300000000000000e-01 2.590768958706095e+00 1.002161646456897e+00
7.350000000000000e-01 2.656442163668210e+00 1.002795773657522e+00
7.400000000000000e-01 2.723775731457148e+00 1.003511211922223e+00
7.450000000000000e-01 2.792811747744667e+00 1.004263814707043e+00
7.500000000000000e-01 2.863593362288260e+00 1.004985824577768e+00
7.550000000000000e-01 2.936164815901156e+00 1.005596463429571e+00
7.600000000000000e-01 3.010571468104263e+00 1.006023556214911e+00
7.650000000000000e-01 3.086859825477351e+00 1.006230092280738e+00
7.700000000000000e-01 3.165077570727174e+00 1.006234534133112e+00
7.750000000000000e-01 3.245273592490716e+00 1.006114660816734e+00
7.800000000000000e-01 3.327498015892184e+00 1.005992050507857e+00
7.850000000000000e-01 3.411802233872832e+00 1.006003266737210e+00
7.900000000000000e-01 3.498238939313234e+00 1.006268743257280e+00
7.950000000000000e-01 3.586862157968046e+00 1.006869095106210e+00
8.000000000000000e-01 3.677727282233856e+00 1.007833428670058e+00
8.050000000000000e-01 3.770891105771243e+00 1.009139140548069e+00
8.100000000000001e-01 3.866411859002656e+00 1.010719785528289e+00
8.150000000000001e-01 3.964349245508326e+00 1.012476573504159e+00
8.200000000000001e-01 4.064764479342956e+00 1.014289464878301e+00
8.250000000000001e-01 4.167720323296481e+00 1.016026164052104e+00
8.300000000000001e-01 4.273281128122877e+00 1.017551290161672e+00
8.350000000000000e-01 4.381512872761445e+00 1.018740872702540e+00
8.400000000000000e-01 4.492483205575838e+00 1.019505309768804e+00
8.450000000000000e-01 4.606261486636447e+00 1.019816281582427e+00
8.500000000000000e-01 4.722918831072739e+00 1.019724700276905e+00
8.550000000000000e-01 4.842528153522501e+00 1.019355449026715e+00
8.600000000000000e-01 4.965164213705875e+00 1.018874166267763e+00
8.650000000000000e-01 5.090903663152626e+00 1.018436668698268e+00
8.700000000000000e-01 5.219825093111814e+00 1.018142439625884e+00
8.750000000000000e-01 5.352009083673925e+00 1.018012465878890e+00
8.800000000000000e-01 5.487538254136007e+00 1.017999221762029e+00
8.850000000000000e-01 5.626497314641444e+00 1.018020446528908e+00
8.900000000000000e-01 5.768973119126561e+00 1.017998052988020e+00
8.950000000000000e-01 5.915054719607133e+00 1.017884460860319e+00
9.000000000000000e-01 6.064833421838831e+00 1.017668821812153e+00
9.050000000000000e-01 6.218402842386253e+00 1.017367304794048e+00
9.100000000000000e-01 6.375858967136348e+00 1.017007603505843e+00
9.150000000000000e-01 6.537300211292723e+00 1.016616410748704e+00
9.200000000000000e-01 6.702827480888332e+00 1.016213340470388e+00
9.250000000000000e-01 6.872544235855034e+00 1.015810244260250e+00
9.300000000000000e-01 7.046556554689444e+00 1.015413164213902e+00
9.350000000000001e-01 7.224973200755413e+00 1.015024687205391e+00
9.400000000000001e-01 7.407905690264673e+00 1.014645680216780e+00
9.450000000000001e-01 7.595468361978146e+00 1.014276277116216e+00
9.500000000000001e-01 7.787778448671316e+00 1.013916342347220e+00
9.550000000000001e-01 7.984956150408610e+00 1.013565656620849e+00
9.600000000000000e-01 8.187124709672272e+00 1.013223981327517e+00
9.650000000000000e-01 8.394410488393007e+00 1.012891078021417e+00
9.700000000000000e-01 8.606943046930221e+00 1.012566713509307e+00
9.750000000000000e-01 8.824855225051540e+00 1.012250660905620e+00
9.800000000000000e-01 9.048283224961922e+00 1.011942699694918e+00
9.850000000000000e-01 9.277366696434507e+00 1.011642615585284e+00
9.900000000000000e-01 9.512248824096272e+00 1.011350200358135e+00
9.950000000000000e-01 9.753076416923058e+00 1.011065252062749e+00
1.000000000000000e+00 1.000000000000000e+01 1.010787578860688e+00
