0.000000000000000e+00 0.000000000000000e+00 1.000000000000000e+00
3.125000000000000e-03 3.369263549427258e-03 9.999929223488494e-01
6.250000000000000e-03 6.739349689698711e-03 9.999646078602555e-01
9.375000000000001e-03 1.011108121249049e-02 9.999174003120921e-01
1.250000000000000e-02 1.348528131119160e-02 9.998512608037907e-01
1.562500000000000e-02 1.686277378188298e-02 9.997661401982266e-01
1.875000000000000e-02 2.024438322446370e-02 9.996619783145226e-01
2.187500000000000e-02 2.363093524397333e-02 9.995386997063633e-01
2.500000000000000e-02 2.702325665215984e-02 9.993962186162425e-01
2.812500000000000e-02 3.042217566934200e-02 9.992344340629726e-01
3.125000000000000e-02 3.382852212661575e-02 9.990532322525141e-01
3.437500000000000e-02 3.724312766845378e-02 9.988524856667433e-01
3.750000000000001e-02 4.066682595574785e-02 9.986320535036294e-01
4.062500000000000e-02 4.410045286934348e-02 9.983917816415376e-01
4.375000000000000e-02 4.754484671411652e-02 9.981315027267819e-01
4.687500000000000e-02 5.100084842364160e-02 9.978510362257162e-01
5.000000000000000e-02 5.446930176550237e-02 9.975501884880352e-01
5.312500000000001e-02 5.795105354729364e-02 9.972287528140815e-01
5.625000000000000e-02 6.144695382336569e-02 9.968865095295236e-01
5.937500000000000e-02 6.495785610236132e-02 9.965232260680529e-01
6.250000000000000e-02 6.848461755559625e-02 9.961386570630502e-01
6.562500000000000e-02 7.202809922633362e-02 9.957325444490575e-01
6.875000000000001e-02 7.558916624000402e-02 9.953046175739025e-01
7.187500000000001e-02 7.916868801542200e-02 9.948545933223438e-01
7.500000000000001e-02 8.276753847705080e-02 9.943821762521309e-01
7.812500000000000e-02 8.638659626836727e-02 9.938870587434102e-01
8.125000000000000e-02 9.002674496637868e-02 9.933689211624401e-01
8.437500000000001e-02 9.368887329734420e-02 9.928274320406161e-01
8.750000000000001e-02 9.737387535375355e-02 9.922622482698410e-01
9.062500000000001e-02 1.010826508126157e-01 9.916730153153110e-01
9.375000000000000e-02 1.048161051551108e-01 9.910593674468187e-01
9.687500000000000e-02 1.085751498876601e-01 9.904209279897043e-01
1.000000000000000e-01 1.123607027644654e-01 9.897573095966180e-01
1.031250000000000e-01 1.161736880115753e-01 9.890681145412742e-01
1.062500000000000e-01 1.200150365525305e-01 9.883529350354049e-01
1.093750000000000e-01 1.238856862356450e-01 9.876113535701330e-01
1.125000000000000e-01 1.277865820629775e-01 9.868429432829998e-01
1.156250000000000e-01 1.317186764210495e-01 9.860472683518873e-01
1.187500000000000e-01 1.356829293133661e-01 9.852238844170764e-01
1.218750000000000e-01 1.396803085947971e-01 9.843723390326784e-01
1.250000000000000e-01 1.437117902078738e-01 9.834921721486608e-01
1.281250000000000e-01 1.477783584210617e-01 9.825829166246723e-01
1.312500000000000e-01 1.518810060690650e-01 9.816440987768379e-01
1.343750000000000e-01 1.560207347952229e-01 9.806752389586583e-01
1.375000000000000e-01 1.601985552960564e-01 9.796758521770982e-01
1.406250000000000e-01 1.644154875680252e-01 9.786454487448855e-01
1.437500000000000e-01 1.686725611565558e-01 9.775835349699705e-01
1.468750000000000e-01 1.729708154074000e-01 9.764896138830085e-01
1.500000000000000e-01 1.773112997203869e-01 9.753631860036248e-01
1.531250000000000e-01 1.816950738056289e-01 9.742037501461085e-01
1.562500000000000e-01 1.861232079422458e-01 9.730108042650433e-01
1.593750000000000e-01 1.905967832396682e-01 9.717838463412362e-01
1.625000000000000e-01 1.951168919015860e-01 9.705223753081322e-01
1.656250000000000e-01 1.996846374926046e-01 9.692258920187148e-01
1.687500000000000e-01 2.043011352076760e-01 9.678939002526782e-01
1.718750000000000e-01 2.089675121443681e-01 9.665259077634281e-01
1.750000000000000e-01 2.136849075780412e-01 9.651214273642046e-01
1.781250000000000e-01 2.184544732399964e-01 9.636799780523463e-01
1.812500000000000e-01 2.232773735986666e-01 9.622010861704002e-01
1.843750000000000e-01 2.281547861439151e-01 9.606842866024562e-01
1.875000000000000e-01 2.330879016745160e-01 9.591291240037174e-01
1.906250000000000e-01 2.380779245888810e-01 9.575351540609334e-01
1.937500000000000e-01 2.431260731791094e-01 9.559019447809026e-01
1.968750000000000e-01 2.482335799284277e-01 9.542290778038061e-01
2.000000000000000e-01 2.534016918120952e-01 9.525161497376549e-01
2.031250000000000e-01 2.586316706018478e-01 9.507627735096305e-01
2.062500000000000e-01 2.639247931739538e-01 9.489685797295586e-01
2.093750000000000e-01 2.692823518209576e-01 9.471332180601948e-01
2.125000000000000e-01 2.747056545671873e-01 9.452563585884027e-01
2.156250000000000e-01 2.801960254881028e-01 9.433376931906874e-01
2.187500000000000e-01 2.857548050335636e-01 9.413769368858962e-01
2.218750000000000e-01 2.913833503550930e-01 9.393738291672278e-01
2.250000000000000e-01 2.970830356372213e-01 9.373281353049945e-01
2.281250000000000e-01 3.028552524329863e-01 9.352396476108680e-01
2.312500000000000e-01 3.087014100036755e-01 9.331081866536063e-01
2.343750000000000e-01 3.146229356628902e-01 9.309336024155150e-01
2.375000000000000e-01 3.206212751250189e-01 9.287157753781430e-01
2.406250000000000e-01 3.266978928582008e-01 9.264546175249533e-01
2.437500000000000e-01 3.328542724418705e-01 9.241500732479563e-01
2.468750000000000e-01 3.390919169289667e-01 9.218021201445442e-01
2.500000000000000e-01 3.454123492128958e-01 9.194107696900341e-01
2.531250000000000e-01 3.518171123993401e-01 9.169760677707188e-01
2.562500000000000e-01 3.583077701830001e-01 9.144980950615512e-01
2.593750000000000e-01 3.648859072293631e-01 9.119769672319522e-01
2.625000000000000e-01 3.715531295615936e-01 9.094128349626563e-01
2.656250000000000e-01 3.783110649526354e-01 9.068058837559945e-01
2.687500000000000e-01 3.851613633226258e-01 9.041563335215782e-01
2.718750000000000e-01 3.921056971417164e-01 9.014644379190103e-01
2.750000000000000e-01 3.991457618383991e-01 8.987304834390116e-01
2.781250000000000e-01 4.062832762134377e-01 8.959547882042468e-01
2.812500000000000e-01 4.135199828595055e-01 8.931377004711678e-01
2.843750000000000e-01 4.208576485866312e-01 8.902795968143897e-01
2.875000000000000e-01 4.282980648535585e-01 8.873808799754952e-01
2.906250000000000e-01 4.358430482051222e-01 8.844419763587478e-01
2.937500000000000e-01 4.434944407157500e-01 8.814633331570054e-01
2.968750000000000e-01 4.512541104391968e-01 8.784454150921912e-01
3.000000000000000e-01 4.591239518646220e-01 8.753887007560166e-01
3.031250000000000e-01 4.671058863791195e-01 8.722936785382983e-01
3.062500000000000e-01 4.752018627368176e-01 8.691608421321817e-01
3.093750000000000e-01 4.834138575346580e-01 8.659906856079191e-01
3.125000000000000e-01 4.917438756949728e-01 8.627836980495689e-01
3.156250000000000e-01 5.001939509549778e-01 8.595403577521163e-01
3.187500000000000e-01 5.087661463633005e-01 8.562611259800963e-01
3.218750000000000e-01 5.174625547836644e-01 8.529464402928463e-01
3.250000000000000e-01 5.262852994058529e-01 8.495967074460656e-01
3.281250000000000e-01 5.352365342640750e-01 8.462122958844236e-01
3.312500000000000e-01 5.443184447628656e-01 8.427935278455700e-01
3.343750000000000e-01 5.535332482106405e-01 8.393406711020714e-01
3.375000000000000e-01 5.628831943610435e-01 8.358539303745380e-01
3.406250000000000e-01 5.723705659622137e-01 8.323334384565265e-01
3.437500000000000e-01 5.819976793141081e-01 8.287792470996995e-01
3.468750000000000e-01 5.917668848340161e-01 8.251913177161827e-01
3.500000000000000e-01 6.016805676304035e-01 8.215695119640637e-01
3.531250000000000e-01 6.117411480852264e-01 8.179135822914828e-01
3.562500000000000e-01 6.219510824448572e-01 8.142231625247296e-01
3.593750000000000e-01 6.323128634197650e-01 8.104977585961044e-01
3.625000000000000e-01 6.428290207931012e-01 8.067367395179446e-01
3.656250000000000e-01 6.535021220383342e-01 8.029393287200417e-01
3.687500000000000e-01 6.643347729460869e-01 7.991045958785441e-01
3.718750000000000e-01 6.753296182603294e-01 7.952314493751944e-01
3.750000000000000e-01 6.864893423240808e-01 7.913186295361982e-01
3.781250000000000e-01 6.978166697347804e-01 7.873647028099323e-01
3.812500000000000e-01 7.093143660094854e-01 7.833680570518350e-01
3.843750000000000e-01 7.209852382600603e-01 7.793268980928882e-01
3.875000000000000e-01 7.328321358785219e-01 7.752392477747894e-01
3.906250000000000e-01 7.448579512327029e-01 7.711029436398786e-01
3.937500000000000e-01 7.570656203724140e-01 7.669156404667760e-01
3.968750000000000e-01 7.694581237462648e-01 7.626748138430890e-01
4.000000000000000e-01 7.820384869293291e-01 7.583777659640991e-01
4.031250000000000e-01 7.948097813618253e-01 7.540216338405851e-01
4.062500000000000e-01 8.077751250989945e-01 7.496034000895127e-01
4.093750000000000e-01 8.209376835723596e-01 7.451199064677928e-01
4.125000000000000e-01 8.343006703625532e-01 7.405678702913213e-01
4.156250000000000e-01 8.478673479838968e-01 7.359439038587094e-01
4.187500000000000e-01 8.616410286809313e-01 7.312445369712011e-01
4.218750000000000e-01 8.756250752370857e-01 7.264662426070092e-01
4.250000000000000e-01 8.898229017956865e-01 7.216054657695187e-01
4.281250000000000e-01 9.042379746935050e-01 7.166586554844127e-01
4.312500000000000e-01 9.188738133070491e-01 7.116222998707991e-01
4.343750000000000e-01 9.337339909118028e-01 7.064929641559599e-01
4.375000000000000e-01 9.488221355546261e-01 7.012673314426753e-01
4.406250000000000e-01 9.641419309395265e-01 6.959422459725694e-01
4.437500000000000e-01 9.796971173270190e-01 6.905147585591294e-01
4.468750000000000e-01 9.954914924472941e-01 6.849821737906981e-01
4.500000000000000e-01 1.011528912427417e+00 6.793420985277441e-01
4.531250000000000e-01 1.027813292732786e+00 6.735924911412475e-01
4.562500000000000e-01 1.044348609123070e+00 6.677317108615263e-01
4.593750000000000e-01 1.061138898622882e+00 6.617585665309947e-01
4.625000000000000e-01 1.078188260507393e+00 6.556723639822896e-01
4.656250000000000e-01 1.095500857303154e+00 6.494729511973506e-01
4.687500000000000e-01 1.113080915804360e+00 6.431607603462900e-01
4.718750000000000e-01 1.130932728104805e+00 6.367368457604585e-01
4.750000000000000e-01 1.149060652645771e+00 6.302029168656693e-01
4.781250000000000e-01 1.167469115280130e+00 6.235613650929699e-01
4.812500000000000e-01 1.186162610352890e+00 6.168152837997452e-01
4.843750000000000e-01 1.205145701798475e+00 6.099684802772937e-01
4.875000000000000e-01 1.224423024254985e+00 6.030254789960419e-01
4.906250000000000e-01 1.243999284195726e+00 5.959915153492562e-01
4.937500000000000e-01 1.263879261078271e+00 5.888725193024379e-01
4.968750000000000e-01 1.284067808511348e+00 5.816750885389899e-01
5.000000000000000e-01 1.304569855439823e+00 5.744064509118114e-01
5.031250000000000e-01 1.325390407348082e+00 5.670744162615419e-01
5.062500000000000e-01 1.346534547482100e+00 5.596873179391292e-01
5.093750000000000e-01 1.368007438090487e+00 5.522539446646428e-01
5.125000000000001e-01 1.389814321684837e+00 5.447834636548564e-01
5.156250000000000e-01 1.411960522319654e+00 5.372853362462409e-01
5.187500000000000e-01 1.434451446892208e+00 5.297692275135475e-01
5.218750000000000e-01 1.457292586462593e+00 5.222449116226102e-01
5.250000000000000e-01 1.480489517594354e+00 5.147221748454778e-01
5.281250000000001e-01 1.504047903715979e+00 5.072107182942858e-01
5.312500000000000e-01 1.527973496503592e+00 4.997200624878814e-01
5.343750000000000e-01 1.552272137285215e+00 4.922594558461512e-01
5.375000000000000e-01 1.576949758466886e+00 4.848377891094758e-01
5.406250000000000e-01 1.602012384981041e+00 4.774635175073634e-01
5.437500000000001e-01 1.627466135757470e+00 4.701445922580921e-01
5.468750000000000e-01 1.653317225217225e+00 4.628884026810162e-01
5.500000000000000e-01 1.679571964789851e+00 4.557017298591672e-01
5.531250000000000e-01 1.706236764454286e+00 4.485907124182056e-01
5.562500000000000e-01 1.733318134303830e+00 4.415608246060951e-01
5.593750000000001e-01 1.760822686135563e+00 4.346168664835017e-01
5.625000000000000e-01 1.788757135064574e+00 4.277629656842473e-01
5.656250000000000e-01 1.817128301163438e+00 4.210025898925824e-01
5.687500000000000e-01 1.845943111127301e+00 4.143385689213272e-01
5.718750000000000e-01 1.875208599965003e+00 4.077731250706567e-01
5.750000000000001e-01 1.904931912716643e+00 4.013079103066437e-01
5.781250000000000e-01 1.935120306198011e+00 3.949440487233429e-01
5.812500000000000e-01 1.965781150772311e+00 3.886821827406231e-01
5.843750000000000e-01 1.996921932149593e+00 3.825225215375452e-01
5.875000000000000e-01 2.028550253214365e+00 3.764648903206989e-01
5.906250000000001e-01 2.060673835881802e+00 3.705087791693959e-01
5.937500000000000e-01 2.093300522983012e+00 3.646533903743922e-01
5.968750000000000e-01 2.126438280179837e+00 3.588976833825572e-01
6.000000000000001e-01 2.160095197909630e+00 3.532404166652194e-01
6.031250000000000e-01 2.194279493360494e+00 3.476801860319593e-01
6.062500000000001e-01 2.228999512477486e+00 3.422154591047329e-01
6.093750000000000e-01 2.264263732000228e+00 3.368446058413747e-01
6.125000000000000e-01 2.300080761532477e+00 3.315659251467833e-01
6.156250000000001e-01 2.336459345644116e+00 3.263776677306767e-01
6.187500000000000e-01 2.373408366006099e+00 3.212780554612168e-01
6.218750000000001e-01 2.410936843558884e+00 3.162652975246538e-01
6.250000000000000e-01 2.449053940714840e+00 3.113376037348055e-01
6.281250000000000e-01 2.487768963595221e+00 3.064931953464398e-01
6.312500000000001e-01 2.527091364302215e+00 3.017303137180761e-01
6.343750000000000e-01 2.567030743226622e+00 2.970472271473623e-01
6.375000000000001e-01 2.607596851391758e+00 2.924422361708905e-01
6.406250000000000e-01 2.648799592834118e+00 2.879136775844707e-01
6.437500000000000e-01 2.690649027021411e+00 2.834599274031033e-01
6.468750000000001e-01 2.733155371308524e+00 2.790794029449135e-01
6.500000000000000e-01 2.776329003432049e+00 2.747705641918996e-01
6.531250000000001e-01 2.820180464043967e+00 2.705319145534610e-01
6.562500000000000e-01 2.864720459285089e+00 2.663620011365373e-01
6.593750000000000e-01 2.909959863398929e+00 2.622594146085344e-01
6.625000000000001e-01 2.955909721386590e+00 2.582227887254309e-01
6.656250000000000e-01 3.002581251703353e+00 2.542507995867914e-01
6.687500000000001e-01 3.049985848997626e+00 2.503421646710937e-01
6.718750000000000e-01 3.098135086892879e+00 2.464956416981047e-01
6.750000000000000e-01 3.147040720813310e+00 2.427100273594652e-01
6.781250000000001e-01 3.196714690853871e+00 2.389841559537368e-01
6.812500000000000e-01 3.247169124695383e+00 2.353168979576805e-01
6.843750000000001e-01 3.298416340565477e+00 2.317071585613027e-01
6.875000000000000e-01 3.350468850246008e+00 2.281538761901812e-01
6.906250000000000e-01 3.403339362127777e+00 2.246560210347550e-01
6.937500000000001e-01 3.457040784313211e+00 2.212125936026688e-01
6.968750000000000e-01 3.511586227767823e+00 2.178226233069456e-01
7.000000000000001e-01 3.566989009521205e+00 2.144851670997585e-01
7.031250000000000e-01 3.623262655918307e+00 2.111993081589185e-01
7.062500000000000e-01 3.680420905921852e+00 2.079641546318990e-01
7.093750000000001e-01 3.738477714466631e+00 2.047788384402866e-01
7.125000000000000e-01 3.797447255866536e+00 2.016425141459570e-01
7.156250000000001e-01 3.857343927275175e+00 1.985543578790085e-01
7.187500000000000e-01 3.918182352200844e+00 1.955135663265060e-01
7.218750000000000e-01 3.979977384076828e+00 1.925193557803574e-01
7.250000000000001e-01 4.042744109887770e+00 1.895709612421267e-01
7.281250000000000e-01 4.106497853853101e+00 1.866676355822449e-01
7.312500000000001e-01 4.171254181168399e+00 1.838086487508742e-01
7.343750000000000e-01 4.237028901805528e+00 1.809932870375853e-01
7.375000000000000e-01 4.303838074372613e+00 1.782208523769916e-01
7.406250000000001e-01 4.371698010034643e+00 1.754906616975296e-01
7.437500000000000e-01 4.440625276495786e+00 1.728020463106585e-01
7.468750000000001e-01 4.510636702044332e+00 1.701543513378644e-01
7.500000000000000e-01 4.581749379661216e+00 1.675469351729827e-01
7.531250000000000e-01 4.653980671193226e+00 1.649791689774892e-01
7.562500000000001e-01 4.727348211591802e+00 1.624504362065470e-01
7.593750000000000e-01 4.801869913218528e+00 1.599601321637369e-01
7.625000000000001e-01 4.877563970218381e+00 1.575076635825269e-01
7.656250000000000e-01 4.954448862961714e+00 1.550924482326714e-01
7.687500000000000e-01 5.032543362556198e+00 1.527139145498423e-01
7.718750000000001e-01 5.111866535429675e+00 1.503715012869175e-01
7.750000000000000e-01 5.192437747985146e+00 1.480646571854524e-01
7.781250000000001e-01 5.274276671329015e+00 1.457928406659629e-01
7.812500000000000e-01 5.357403286073669e+00 1.435555195357429e-01
7.843750000000000e-01 5.441837887215693e+00 1.413521707130241e-01
7.875000000000001e-01 5.527601089090773e+00 1.391822799663688e-01
7.906250000000000e-01 5.614713830406605e+00 1.370453416682635e-01
7.937500000000001e-01 5.703197379355005e+00 1.349408585619478e-01
7.968750000000000e-01 5.793073338804412e+00 1.328683415405844e-01
8.000000000000000e-01 5.884363651574169e+00 1.308273094379325e-01
8.031250000000001e-01 5.977090605791737e+00 1.288172888297473e-01
8.062500000000000e-01 6.071276840334257e+00 1.268378138451806e-01
8.093750000000001e-01 6.166945350355728e+00 1.248884259875077e-01
8.125000000000000e-01 6.264119492901173e+00 1.229686739635509e-01
8.156250000000000e-01 6.362822992609162e+00 1.210781135212147e-01
8.187500000000001e-01 6.463079947504072e+00 1.192163072945891e-01
8.218750000000000e-01 6.564914834879517e+00 1.173828246561098e-01
8.250000000000001e-01 6.668352517274371e+00 1.155772415753079e-01
8.281250000000000e-01 6.773418248542846e+00 1.137991404837050e-01
8.312500000000000e-01 6.880137680020114e+00 1.120481101454474e-01
8.343750000000001e-01 6.988536866784961e+00 1.103237455332981e-01
8.375000000000000e-01 7.098642274021019e+00 1.086256477096315e-01
8.406250000000001e-01 7.210480783478133e+00 1.069534237121035e-01
8.437500000000000e-01 7.324079700035414e+00 1.053066864436885e-01
8.468750000000000e-01 7.439466758367605e+00 1.036850545668008e-01
8.500000000000001e-01 7.556670129716381e+00 1.020881524012331e-01
8.531250000000000e-01 7.675718428768239e+00 1.005156098256692e-01
8.562500000000001e-01 7.796640720640633e+00 9.896706218253994e-02
8.593750000000000e-01 7.919466527978115e+00 9.744215018601039e-02
8.625000000000000e-01 8.044225838160141e+00 9.594051983290260e-02
8.656250000000001e-01 8.170949110622363e+00 9.446182231636889e-02
8.687500000000000e-01 8.299667284293170e+00 9.300571394214688e-02
8.718750000000001e-01 8.430411785147284e+00 9.157185604723776e-02
8.750000000000000e-01 8.563214533878281e+00 9.015991492086192e-02
8.781250000000000e-01 8.698107953691880e+00 8.876956172755567e-02
8.812500000000001e-01 8.835124978221932e+00 8.740047243228311e-02
8.843750000000000e-01 8.974299059571019e+00 8.605232772744649e-02
8.875000000000001e-01 9.115664176477637e+00 8.472481296168642e-02
8.906250000000000e-01 9.259254842611947e+00 8.341761807037175e-02
8.937500000000000e-01 9.405106115002161e+00 8.213043750768581e-02
8.968750000000001e-01 9.553253602593529e+00 8.086297018022304e-02
9.000000000000000e-01 9.703733474942130e+00 7.961491938201570e-02
9.031250000000001e-01 9.856582471045494e+00 7.838599273091716e-02
9.062500000000000e-01 1.001183790831228e+01 7.717590210627280e-02
9.093750000000000e-01 1.016953769167313e+01 7.598436358781516e-02
9.125000000000001e-01 1.032972032283505e+01 7.481109739572492e-02
9.156250000000000e-01 1.049242490968134e+01 7.365582783180279e-02
9.187500000000001e-01 1.065769117581972e+01 7.251828322170237e-02
9.218750000000000e-01 1.082555947028058e+01 7.139819585817711e-02
9.250000000000000e-01 1.099607077736805e+01 7.029530194529846e-02
9.281250000000001e-01 1.116926672666618e+01 6.920934154360511e-02
9.312500000000000e-01 1.134518960320255e+01 6.814005851614643e-02
9.343750000000001e-01 1.152388235777201e+01 6.708720047538606e-02
9.375000000000000e-01 1.170538861742293e+01 6.605051873093358e-02
9.406250000000000e-01 1.188975269610854e+01 6.502976823807542e-02
9.437500000000001e-01 1.207701960550600e+01 6.402470754707751e-02
9.468750000000000e-01 1.226723506600578e+01 6.303509875323453e-02
9.500000000000001e-01 1.246044551787411e+01 6.206070744764280e-02
9.531250000000000e-01 1.265669813259115e+01 6.110130266867465e-02
9.562500000000000e-01 1.285604082436773e+01 6.015665685413451e-02
9.593750000000001e-01 1.305852226184337e+01 5.922654579407823e-02
9.625000000000000e-01 1.326419187996850e+01 5.831074858427800e-02
9.656250000000001e-01 1.347309989207381e+01 5.740904758031708e-02
9.687500000000000e-01 1.368529730212962e+01 5.652122835229913e-02
9.718750000000000e-01 1.390083591719824e+01 5.564707964015851e-02
9.750000000000001e-01 1.411976836008246e+01 5.478639330955824e-02
9.781250000000000e-01 1.434214808217320e+01 5.393896430836375e-02
9.812500000000001e-01 1.456802937649935e+01 5.310459062368090e-02
9.843750000000000e-01 1.479746739098328e+01 5.228307323944777e-02
9.875000000000000e-01 1.503051814190487e+01 5.147421609457021e-02
9.906250000000001e-01 1.526723852757770e+01 5.067782604159191e-02
9.937500000000000e-01 1.550768634224049e+01 4.989371280588989e-02
9.968750000000001e-01 1.575192029016732e+01 4.912168894538766e-02
1.000000000000000e+00 1.600000000000000e+01 4.836156981077755e-02
