0.000000000000000e+00 0.000000000000000e+00 1.000000000000000e+00
5.000000000000000e-03 3.369477419287315e-03 1.000000540382891e+00
1.000000000000000e-02 6.741060871647481e-03 1.000002714762691e+00
1.500000000000000e-02 1.011685770649257e-02 1.000006367578164e+00
2.000000000000000e-02 1.349897790673588e-02 1.000011484281955e+00
2.500000000000000e-02 1.688953540759990e-02 1.000018079987748e+00
3.000000000000000e-02 2.029064941789469e-02 1.000026186252521e+00
3.500000000000000e-02 2.370444574459234e-02 1.000035814915791e+00
4.000000000000000e-02 2.713305812152553e-02 1.000046995503493e+00
4.500000000000000e-02 3.057862954304063e-02 1.000059755974681e+00
5.000000000000000e-02 3.404331360343898e-02 1.000074140619120e+00
5.500000000000000e-02 3.752927584304335e-02 1.000090186961337e+00
6.000000000000000e-02 4.103869510173117e-02 1.000107940194022e+00
6.500000000000000e-02 4.457376488078044e-02 1.000127454133311e+00
7.000000000000001e-02 4.813669471387935e-02 1.000148770819832e+00
7.500000000000000e-02 5.172971154815675e-02 1.000171952126053e+00
8.000000000000000e-02 5.535506113609672e-02 1.000197068130751e+00
8.500000000000001e-02 5.901500943920686e-02 1.000224200243295e+00
9.000000000000000e-02 6.271184404431801e-02 1.000253416582925e+00
9.500000000000000e-02 6.644787559340060e-02 1.000284794976056e+00
1.000000000000000e-01 7.022543922779090e-02 1.000318429218465e+00
1.050000000000000e-01 7.404689604773053e-02 1.000354413535621e+00
1.100000000000000e-01 7.791463458813094e-02 1.000392860220048e+00
1.150000000000000e-01 8.183107231148547e-02 1.000433873304863e+00
1.200000000000000e-01 8.579865711886202e-02 1.000477576550974e+00
1.250000000000000e-01 8.981986887992111e-02 1.000524098180554e+00
1.300000000000000e-01 9.389722098291493e-02 1.000573565856822e+00
1.350000000000000e-01 9.803326190563690e-02 1.000626128906490e+00
1.400000000000000e-01 1.022305768083033e-01 1.000681939193507e+00
1.450000000000000e-01 1.064917891493625e-01 1.000741166345850e+00
1.500000000000000e-01 1.108195623252418e-01 1.000803986099396e+00
1.550000000000000e-01 1.152166013350572e-01 1.000870586140234e+00
1.600000000000000e-01 1.196856544713255e-01 1.000941163865062e+00
1.650000000000000e-01 1.242295150377370e-01 1.001015928028294e+00
1.700000000000000e-01 1.288510230950609e-01 1.001095112534775e+00
1.750000000000000e-01 1.335530672362758e-01 1.001178955204866e+00
1.800000000000000e-01 1.383385863920344e-01 1.001267707669522e+00
1.850000000000000e-01 1.432105716675912e-01 1.001361638134778e+00
1.900000000000000e-01 1.481720682123397e-01 1.001461035539464e+00
1.950000000000000e-01 1.532261771231311e-01 1.001566204358643e+00
2.000000000000000e-01 1.583760573825595e-01 1.001677475114429e+00
2.050000000000000e-01 1.636249278334301e-01 1.001795199655903e+00
2.100000000000000e-01 1.689760691906397e-01 1.001919720232752e+00
2.150000000000000e-01 1.744328260917313e-01 1.002051428227792e+00
2.200000000000000e-01 1.799986091874004e-01 1.002190743949508e+00
2.250000000000000e-01 1.856768972732633e-01 1.002338089532403e+00
2.300000000000000e-01 1.914712394642179e-01 1.002493932984317e+00
2.350000000000000e-01 1.973852574127551e-01 1.002658753408008e+00
2.400000000000000e-01 2.034226475726105e-01 1.002833061991537e+00
2.450000000000000e-01 2.095871835091678e-01 1.003017405578979e+00
2.500000000000000e-01 2.158827182580599e-01 1.003212347378599e+00
2.550000000000000e-01 2.223131867334419e-01 1.003418500548656e+00
2.600000000000000e-01 2.288826081874405e-01 1.003636492904573e+00
2.650000000000000e-01 2.355950887223172e-01 1.003866989863749e+00
2.700000000000000e-01 2.424548238569160e-01 1.004110705116304e+00
2.750000000000000e-01 2.494661011489995e-01 1.004368362698820e+00
2.800000000000000e-01 2.566333028751116e-01 1.004640745144222e+00
2.850000000000000e-01 2.639609087696434e-01 1.004928664940213e+00
2.900000000000000e-01 2.714534988248126e-01 1.005232956828134e+00
2.950000000000000e-01 2.791157561533084e-01 1.005554521595692e+00
3.000000000000000e-01 2.869524699153886e-01 1.005894271662765e+00
3.050000000000000e-01 2.949685383122613e-01 1.006253160563342e+00
3.100000000000000e-01 3.031689716476197e-01 1.006632200053875e+00
3.150000000000000e-01 3.115588954592450e-01 1.007032402344868e+00
3.200000000000000e-01 3.201435537226349e-01 1.007454835520794e+00
3.250000000000000e-01 3.289283121286580e-01 1.007900607986848e+00
3.300000000000000e-01 3.379186614372866e-01 1.008370821144968e+00
3.350000000000000e-01 3.471202209094989e-01 1.008866636960881e+00
3.400000000000000e-01 3.565387418195016e-01 1.009389235667928e+00
3.450000000000000e-01 3.661801110494620e-01 1.009939780774561e+00
3.500000000000000e-01 3.760503547690021e-01 1.010519490577871e+00
3.550000000000000e-01 3.861556422017504e-01 1.011129577890068e+00
3.600000000000000e-01 3.965022894813072e-01 1.011771218568746e+00
3.650000000000000e-01 4.070967635990345e-01 1.012445626391586e+00
3.700000000000000e-01 4.179456864461349e-01 1.013153985269542e+00
3.750000000000000e-01 4.290558389525505e-01 1.013897407309641e+00
3.800000000000000e-01 4.404341653252637e-01 1.014677013242136e+00
3.850000000000000e-01 4.520877773886537e-01 1.015493871337853e+00
3.900000000000000e-01 4.640239590296172e-01 1.016348926591093e+00
3.950000000000000e-01 4.762501707502353e-01 1.017243081938753e+00
4.000000000000000e-01 4.887740543308307e-01 1.018177169274279e+00
4.050000000000000e-01 5.016034376063282e-01 1.019151839974505e+00
4.100000000000000e-01 5.147463393589066e-01 1.020167619475130e+00
4.150000000000000e-01 5.282109743299990e-01 1.021224938802495e+00
4.200000000000000e-01 5.420057583547735e-01 1.022324009311175e+00
4.250000000000000e-01 5.561393136223041e-01 1.023464799478328e+00
4.300000000000000e-01 5.706204740647189e-01 1.024647120191969e+00
4.350000000000000e-01 5.854582908786964e-01 1.025870562063756e+00
4.400000000000000e-01 6.006620381827575e-01 1.027134374338869e+00
4.450000000000000e-01 6.162412188138907e-01 1.028437505491214e+00
4.500000000000000e-01 6.322055702671360e-01 1.029778663974206e+00
4.550000000000000e-01 6.485650707818353e-01 1.031156218654704e+00
4.600000000000000e-01 6.653299455783577e-01 1.032568095661005e+00
4.650000000000000e-01 6.825106732491932e-01 1.034011828876187e+00
4.700000000000000e-01 7.001179923084168e-01 1.035484620210937e+00
4.750000000000000e-01 7.181629079036070e-01 1.036983259722567e+00
4.800000000000000e-01 7.366566986944229e-01 1.038504015065755e+00
4.850000000000000e-01 7.556109239021327e-01 1.040042643316416e+00
4.900000000000000e-01 7.750374305345038e-01 1.041594470900910e+00
4.950000000000000e-01 7.949483607905672e-01 1.043154396106235e+00
5.000000000000000e-01 8.153561596498893e-01 1.044716802285489e+00
5.050000000000000e-01 8.362735826510871e-01 1.046275493633686e+00
5.100000000000000e-01 8.577137038644561e-01 1.047823721844016e+00
5.150000000000000e-01 8.796899240636907e-01 1.049354260249819e+00
5.200000000000000e-01 9.022159791018011e-01 1.050859446726770e+00
5.250000000000000e-01 9.253059484964714e-01 1.052331172654895e+00
5.300000000000000e-01 9.489742642302165e-01 1.053760856668821e+00
5.350000000000000e-01 9.732357197708378e-01 1.055139447559713e+00
5.400000000000000e-01 9.981054793178262e-01 1.056457470157033e+00
5.450000000000000e-01 1.023599087280478e+00 1.057705103480763e+00
5.500000000000000e-01 1.049732477993657e+00 1.058872271157276e+00
5.550000000000000e-01 1.076521985677273e+00 1.059948737911272e+00
5.600000000000001e-01 1.103984354645701e+00 1.060924214579269e+00
5.650000000000001e-01 1.132136749773522e+00 1.061788480211059e+00
5.700000000000001e-01 1.160996767224129e+00 1.062531529788404e+00
5.750000000000001e-01 1.190582445447902e+00 1.063143752515654e+00
5.800000000000000e-01 1.220912276456826e+00 1.063616144426537e+00
5.850000000000000e-01 1.252005217382601e+00 1.063940556424174e+00
5.900000000000000e-01 1.283880702325469e+00 1.064109978178567e+00
5.950000000000000e-01 1.316558654501151e+00 1.064118856013980e+00
6.000000000000000e-01 1.350059498693518e+00 1.063963440382489e+00
6.050000000000000e-01 1.384404174020732e+00 1.063642154445801e+00
6.100000000000000e-01 1.419614147022888e+00 1.063155970211924e+00
6.150000000000000e-01 1.455711425079295e+00 1.062508772487830e+00
6.200000000000000e-01 1.492718570163803e+00 1.061707684131500e+00
6.250000000000000e-01 1.530658712946775e+00 1.060763319359592e+00
6.300000000000000e-01 1.569555567252506e+00 1.059689926249159e+00
6.350000000000000e-01 1.609433444881138e+00 1.058505376421214e+00
6.400000000000000e-01 1.650317270804325e+00 1.057230960781793e+00
6.450000000000000e-01 1.692232598744148e+00 1.055890956645537e+00
6.500000000000000e-01 1.735205627145031e+00 1.054511944689218e+00
6.550000000000000e-01 1.779263215548615e+00 1.053121874248072e+00
6.600000000000000e-01 1.824432901381847e+00 1.051748901520408e+00
6.650000000000000e-01 1.870742917168772e+00 1.050420054904019e+00
6.700000000000000e-01 1.918222208176775e+00 1.049159811253314e+00
6.750000000000000e-01 1.966900450508319e+00 1.047988691779926e+00
6.800000000000000e-01 2.016808069649473e+00 1.046922002024286e+00
6.850000000000001e-01 2.067976259486829e+00 1.045968843053834e+00
6.900000000000001e-01 2.120437001804702e+00 1.045131508688820e+00
6.950000000000001e-01 2.174223086274785e+00 1.044405356103860e+00
7.000000000000001e-01 2.229368130950753e+00 1.043779196689008e+00
7.050000000000000e-01 2.285906603280654e+00 1.043236204399575e+00
7.100000000000000e-01 2.343873841650178e+00 1.042755284990647e+00
7.150000000000000e-01 2.403306077470301e+00 1.042312797220344e+00
7.200000000000000e-01 2.464240457823092e+00 1.041884472368484e+00
7.250000000000000e-01 2.526715068679855e+00 1.041447347414306e+00
7.300000000000000e-01 2.590768958706095e+00 1.040981515800552e+00
7.350000000000000e-01 2.656442163668210e+00 1.040471512550330e+00
7.400000000000000e-01 2.723775731457148e+00 1.039907189643893e+00
7.450000000000000e-01 2.792811747744667e+00 1.039284000740173e+00
7.500000000000000e-01 2.863593362288260e+00 1.038602693780114e+00
7.550000000000000e-01 2.936164815901156e+00 1.037868492724118e+00
7.600000000000000e-01 3.010571468104263e+00 1.037089919673255e+00
7.650000000000000e-01 3.086859825477351e+00 1.036277451016939e+00
7.700000000000000e-01 3.165077570727174e+00 1.035442206846465e+00
7.750000000000000e-01 3.245273592490716e+00 1.034594841480685e+00
7.800000000000000e-01 3.327498015892184e+00 1.033744743832409e+00
7.850000000000000e-01 3.411802233872832e+00 1.032899585410307e+00
7.900000000000000e-01 3.498238939313234e+00 1.032065188471019e+00
7.950000000000000e-01 3.586862157968046e+00 1.031245640894628e+00
8.000000000000000e-01 3.677727282233856e+00 1.030443564090116e+00
8.050000000000000e-01 3.770891105771243e+00 1.029660444004566e+00
8.100000000000001e-01 3.866411859002656e+00 1.028896955615379e+00
8.150000000000001e-01 3.964349245508326e+00 1.028153238391386e+00
8.200000000000001e-01 4.064764479342956e+00 1.027429105610451e+00
8.250000000000001e-01 4.167720323296481e+00 1.026724188953552e+00
8.300000000000001e-01 4.273281128122877e+00 1.026038030004393e+00
8.350000000000000e-01 4.381512872761445e+00 1.025370133461863e+00
8.400000000000000e-01 4.492483205575838e+00 1.024719995567901e+00
8.450000000000000e-01 4.606261486636447e+00 1.024087117980280e+00
8.500000000000000e-01 4.722918831072739e+00 1.023471013849064e+00
8.550000000000000e-01 4.842528153522501e+00 1.022871210076067e+00
8.600000000000000e-01 4.965164213705875e+00 1.022287247868178e+00
8.650000000000000e-01 5.090903663152626e+00 1.021718682599289e+00
8.700000000000000e-01 5.219825093111814e+00 1.021165083424171e+00
8.750000000000000e-01 5.352009083673925e+00 1.020626032820397e+00
8.800000000000000e-01 5.487538254136007e+00 1.020101126121613e+00
8.850000000000000e-01 5.626497314641444e+00 1.019589971062475e+00
8.900000000000000e-01 5.768973119126561e+00 1.019092187340667e+00
8.950000000000000e-01 5.915054719607133e+00 1.018607406196812e+00
9.000000000000000e-01 6.064833421838831e+00 1.018135270011808e+00
9.050000000000000e-01 6.218402842386253e+00 1.017675431920805e+00
9.100000000000000e-01 6.375858967136348e+00 1.017227555443044e+00
9.150000000000000e-01 6.537300211292723e+00 1.016791314126775e+00
9.200000000000000e-01 6.702827480888332e+00 1.016366391208526e+00
9.250000000000000e-01 6.872544235855034e+00 1.015952479286051e+00
9.300000000000000e-01 7.046556554689444e+00 1.015549280004274e+00
9.350000000000001e-01 7.224973200755413e+00 1.015156503753656e+00
9.400000000000001e-01 7.407905690264673e+00 1.014773869380368e+00
9.450000000000001e-01 7.595468361978146e+00 1.014401103907740e+00
9.500000000000001e-01 7.787778448671316e+00 1.014037942268467e+00
9.550000000000001e-01 7.984956150408610e+00 1.013684127047071e+00
9.600000000000000e-01 8.187124709672272e+00 1.013339408232160e+00
9.650000000000000e-01 8.394410488393007e+00 1.013003542978043e+00
9.700000000000000e-01 8.606943046930221e+00 1.012676295375279e+00
9.750000000000000e-01 8.824855225051540e+00 1.012357436229775e+00
9.800000000000000e-01 9.048283224961922e+00 1.012046742850036e+00
9.850000000000000e-01 9.277366696434507e+00 1.011743998842237e+00
9.900000000000000e-01 9.512248824096272e+00 1.011448993912758e+00
9.950000000000000e-01 9.753076416923058e+00 1.011161523677873e+00
1.000000000000000e+00 1.000000000000000e+01 1.010881389480284e+00
