0.000000000000000e+00 0.000000000000000e+00 1.000000000000000e+00
5.000000000000000e-03 3.369477419287315e-03 1.000000455246671e+00
1.000000000000000e-02 6.741060871647481e-03 1.000002274938846e+00
1.500000000000000e-02 1.011685770649257e-02 1.000005311056873e+00
2.000000000000000e-02 1.349897790673588e-02 1.000009569692975e+00
2.500000000000000e-02 1.688953540759990e-02 1.000015053567901e+00
3.000000000000000e-02 2.029064941789469e-02 1.000021783571588e+00
3.500000000000000e-02 2.370444574459234e-02 1.000029773291031e+00
4.000000000000000e-02 2.713305812152553e-02 1.000039034445179e+00
4.500000000000000e-02 3.057862954304063e-02 1.000049585791471e+00
5.000000000000000e-02 3.404331360343898e-02 1.000061452455695e+00
5.500000000000000e-02 3.752927584304335e-02 1.000074656891929e+00
6.000000000000000e-02 4.103869510173117e-02 1.000089227275805e+00
6.500000000000000e-02 4.457376488078044e-02 1.000105189851402e+00
7.000000000000001e-02 4.813669471387935e-02 1.000122575120681e+00
7.500000000000000e-02 5.172971154815675e-02 1.000141421783537e+00
8.000000000000000e-02 5.535506113609672e-02 1.000161763311376e+00
8.500000000000001e-02 5.901500943920686e-02 1.000183630843934e+00
9.000000000000000e-02 6.271184404431801e-02 1.000207076066837e+00
9.500000000000000e-02 6.644787559340060e-02 1.000232148307000e+00
1.000000000000000e-01 7.022543922779090e-02 1.000258884569088e+00
1.050000000000000e-01 7.404689604773053e-02 1.000287339936188e+00
1.100000000000000e-01 7.791463458813094e-02 1.000317565595228e+00
1.150000000000000e-01 8.183107231148547e-02 1.000349611918677e+00
1.200000000000000e-01 8.579865711886202e-02 1.000383534309005e+00
1.250000000000000e-01 8.981986887992111e-02 1.000419390006137e+00
1.300000000000000e-01 9.389722098291493e-02 1.000457241996051e+00
1.350000000000000e-01 9.803326190563690e-02 1.000497156125745e+00
1.400000000000000e-01 1.022305768083033e-01 1.000539200578615e+00
1.450000000000000e-01 1.064917891493625e-01 1.000583439424105e+00
1.500000000000000e-01 1.108195623252418e-01 1.000629939731116e+00
1.550000000000000e-01 1.152166013350572e-01 1.000678772186111e+00
1.600000000000000e-01 1.196856544713255e-01 1.000730002025985e+00
1.650000000000000e-01 1.242295150377370e-01 1.000783696974579e+00
1.700000000000000e-01 1.288510230950609e-01 1.000839935943124e+00
1.750000000000000e-01 1.335530672362758e-01 1.000898799996604e+00
1.800000000000000e-01 1.383385863920344e-01 1.000960358678638e+00
1.850000000000000e-01 1.432105716675912e-01 1.001024676150164e+00
1.900000000000000e-01 1.481720682123397e-01 1.001091826291370e+00
1.950000000000000e-01 1.532261771231311e-01 1.001161881001205e+00
2.000000000000000e-01 1.583760573825595e-01 1.001234906926279e+00
2.050000000000000e-01 1.636249278334301e-01 1.001310965773429e+00
2.100000000000000e-01 1.689760691906397e-01 1.001390124417336e+00
2.150000000000000e-01 1.744328260917313e-01 1.001472445962547e+00
2.200000000000000e-01 1.799986091874004e-01 1.001557976621787e+00
2.250000000000000e-01 1.856768972732633e-01 1.001646767298068e+00
2.300000000000000e-01 1.914712394642179e-01 1.001738847537430e+00
2.350000000000000e-01 1.973852574127551e-01 1.001834249791528e+00
2.400000000000000e-01 2.034226475726105e-01 1.001933006089772e+00
2.450000000000000e-01 2.095871835091678e-01 1.002035122856800e+00
2.500000000000000e-01 2.158827182580599e-01 1.002140611632273e+00
2.550000000000000e-01 2.223131867334419e-01 1.002249449156600e+00
2.600000000000000e-01 2.288826081874405e-01 1.002361605373784e+00
2.650000000000000e-01 2.355950887223172e-01 1.002477045351263e+00
2.700000000000000e-01 2.424548238569160e-01 1.002595703645426e+00
2.750000000000000e-01 2.494661011489995e-01 1.002717514771888e+00
2.800000000000000e-01 2.566333028751116e-01 1.002842362348086e+00
2.850000000000000e-01 2.639609087696434e-01 1.002970112076429e+00
2.900000000000000e-01 2.714534988248126e-01 1.003100642538094e+00
2.950000000000000e-01 2.791157561533084e-01 1.003233782485182e+00
3.000000000000000e-01 2.869524699153886e-01 1.003369315727057e+00
3.050000000000000e-01 2.949685383122613e-01 1.003507014467141e+00
3.100000000000000e-01 3.031689716476197e-01 1.003646638911929e+00
3.150000000000000e-01 3.115588954592450e-01 1.003787900130832e+00
3.200000000000000e-01 3.201435537226349e-01 1.003930477236631e+00
3.250000000000000e-01 3.289283121286580e-01 1.004074036336710e+00
3.300000000000000e-01 3.379186614372866e-01 1.004218202073944e+00
3.350000000000000e-01 3.471202209094989e-01 1.004362579333979e+00
3.400000000000000e-01 3.565387418195016e-01 1.004506749615228e+00
3.450000000000000e-01 3.661801110494620e-01 1.004650268661027e+00
3.500000000000000e-01 3.760503547690021e-01 1.004792687295900e+00
3.550000000000000e-01 3.861556422017504e-01 1.004933538238411e+00
3.600000000000000e-01 3.965022894813072e-01 1.005072357211920e+00
3.650000000000000e-01 4.070967635990345e-01 1.005208691881522e+00
3.700000000000000e-01 4.179456864461349e-01 1.005342100115136e+00
3.750000000000000e-01 4.290558389525505e-01 1.005472181569765e+00
3.800000000000000e-01 4.404341653252637e-01 1.005598579887927e+00
3.850000000000000e-01 4.520877773886537e-01 1.005721000861659e+00
3.900000000000000e-01 4.640239590296172e-01 1.005839243274867e+00
3.950000000000000e-01 4.762501707502353e-01 1.005953206078836e+00
4.000000000000000e-01 4.887740543308307e-01 1.006062920482500e+00
4.050000000000000e-01 5.016034376063282e-01 1.006168577608484e+00
4.100000000000000e-01 5.147463393589066e-01 1.006270546742513e+00
4.150000000000000e-01 5.282109743299990e-01 1.006369412215972e+00
4.200000000000000e-01 5.420057583547735e-01 1.006465999813506e+00
4.250000000000000e-01 5.561393136223041e-01 1.006561404291465e+00
4.300000000000000e-01 5.706204740647189e-01 1.006657019930139e+00
4.350000000000000e-01 5.854582908786964e-01 1.006754563268486e+00
4.400000000000000e-01 6.006620381827575e-01 1.006856101080575e+00
4.450000000000000e-01 6.162412188138907e-01 1.006964063991281e+00
4.500000000000000e-01 6.322055702671360e-01 1.007081258462780e+00
4.550000000000000e-01 6.485650707818353e-01 1.007210886460389e+00
4.600000000000000e-01 6.653299455783577e-01 1.007356530324452e+00
4.650000000000000e-01 6.825106732491932e-01 1.007522137034168e+00
4.700000000000000e-01 7.001179923084168e-01 1.007712021008952e+00
4.750000000000000e-01 7.181629079036070e-01 1.007930815258951e+00
4.800000000000000e-01 7.366566986944229e-01 1.008183409700131e+00
4.850000000000000e-01 7.556109239021327e-01 1.008474930091096e+00
4.900000000000000e-01 7.750374305345038e-01 1.008810665520335e+00
4.950000000000000e-01 7.949483607905672e-01 1.009195945504864e+00
5.000000000000000e-01 8.153561596498893e-01 1.009636077306408e+00
5.050000000000000e-01 8.362735826510871e-01 1.010136280775969e+00
5.100000000000000e-01 8.577137038644561e-01 1.010701530295504e+00
5.150000000000000e-01 8.796899240636907e-01 1.011336416137937e+00
5.200000000000000e-01 9.022159791018011e-01 1.012045087133811e+00
5.250000000000000e-01 9.253059484964714e-01 1.012831141498170e+00
5.300000000000000e-01 9.489742642302165e-01 1.013697437564601e+00
5.350000000000000e-01 9.732357197708378e-01 1.014645970504685e+00
5.400000000000000e-01 9.981054793178262e-01 1.015677835082261e+00
5.450000000000000e-01 1.023599087280478e+00 1.016793134202694e+00
5.500000000000000e-01 1.049732477993657e+00 1.017990811216132e+00
5.550000000000000e-01 1.076521985677273e+00 1.019268540112311e+00
5.600000000000001e-01 1.103984354645701e+00 1.020622722440988e+00
5.650000000000001e-01 1.132136749773522e+00 1.022048483489000e+00
5.700000000000001e-01 1.160996767224129e+00 1.023539591184879e+00
5.750000000000001e-01 1.190582445447902e+00 1.025088361537200e+00
5.800000000000000e-01 1.220912276456826e+00 1.026685642887395e+00
5.850000000000000e-01 1.252005217382601e+00 1.028320877095142e+00
5.900000000000000e-01 1.283880702325469e+00 1.029982169058354e+00
5.950000000000000e-01 1.316558654501151e+00 1.031656320318906e+00
6.000000000000000e-01 1.350059498693518e+00 1.033328843503645e+00
6.050000000000000e-01 1.384404174020732e+00 1.034984005716000e+00
6.100000000000000e-01 1.419614147022888e+00 1.036604929394487e+00
6.150000000000000e-01 1.455711425079295e+00 1.038173747811554e+00
6.200000000000000e-01 1.492718570163803e+00 1.039671804376318e+00
6.250000000000000e-01 1.530658712946775e+00 1.041079891210025e+00
6.300000000000000e-01 1.569555567252506e+00 1.042378536339046e+00
6.350000000000000e-01 1.609433444881138e+00 1.043548358355723e+00
6.400000000000000e-01 1.650317270804325e+00 1.044570507865162e+00
6.450000000000000e-01 1.692232598744148e+00 1.045427213099614e+00
6.500000000000000e-01 1.735205627145031e+00 1.046102440984493e+00
6.550000000000000e-01 1.779263215548615e+00 1.046582676731632e+00
6.600000000000000e-01 1.824432901381847e+00 1.046857812076735e+00
6.650000000000000e-01 1.870742917168772e+00 1.046922112939324e+00
6.700000000000000e-01 1.918222208176775e+00 1.046775210889195e+00
6.750000000000000e-01 1.966900450508319e+00 1.046423030292974e+00
6.800000000000000e-01 2.016808069649473e+00 1.045878528594846e+00
6.850000000000001e-01 2.067976259486829e+00 1.045162098318861e+00
6.900000000000001e-01 2.120437001804702e+00 1.044301466890173e+00
6.950000000000001e-01 2.174223086274785e+00 1.043330946264663e+00
7.000000000000001e-01 2.229368130950753e+00 1.042289938100698e+00
7.050000000000000e-01 2.285906603280654e+00 1.041220693764484e+00
7.100000000000000e-01 2.343873841650178e+00 1.040165452230215e+00
7.150000000000000e-01 2.403306077470301e+00 1.039163210975184e+00
7.200000000000000e-01 2.464240457823092e+00 1.038246495110737e+00
7.250000000000000e-01 2.526715068679855e+00 1.037438548222456e+00
7.300000000000000e-01 2.590768958706095e+00 1.036751354468067e+00
7.350000000000000e-01 2.656442163668210e+00 1.036184811625390e+00
7.400000000000000e-01 2.723775731457148e+00 1.035727222664622e+00
7.450000000000000e-01 2.792811747744667e+00 1.035357085470760e+00
7.500000000000000e-01 2.863593362288260e+00 1.035045968333193e+00
7.550000000000000e-01 2.936164815901156e+00 1.034762093421924e+00
7.600000000000000e-01 3.010571468104263e+00 1.034474137871318e+00
7.650000000000000e-01 3.086859825477351e+00 1.034154722807755e+00
7.700000000000000e-01 3.165077570727174e+00 1.033783107706822e+00
7.750000000000000e-01 3.245273592490716e+00 1.033346741796370e+00
7.800000000000000e-01 3.327498015892184e+00 1.032841528551204e+00
7.850000000000000e-01 3.411802233872832e+00 1.032270895157369e+00
7.900000000000000e-01 3.498238939313234e+00 1.031643972019846e+00
7.950000000000000e-01 3.586862157968046e+00 1.030973323670570e+00
8.000000000000000e-01 3.677727282233856e+00 1.030272697486837e+00
8.050000000000000e-01 3.770891105771243e+00 1.029555170754953e+00
8.100000000000001e-01 3.866411859002656e+00 1.028831915339546e+00
8.150000000000001e-01 3.964349245508326e+00 1.028111618600191e+00
8.200000000000001e-01 4.064764479342956e+00 1.027400453095658e+00
8.250000000000001e-01 4.167720323296481e+00 1.026702408342413e+00
8.300000000000001e-01 4.273281128122877e+00 1.026019788789638e+00
8.350000000000000e-01 4.381512872761445e+00 1.025353723454442e+00
8.400000000000000e-01 4.492483205575838e+00 1.024704595035978e+00
8.450000000000000e-01 4.606261486636447e+00 1.024072354398959e+00
8.500000000000000e-01 4.722918831072739e+00 1.023456726042589e+00
8.550000000000000e-01 4.842528153522501e+00 1.022857329193003e+00
8.600000000000000e-01 4.965164213705875e+00 1.022273742539557e+00
8.650000000000000e-01 5.090903663152626e+00 1.021705535664218e+00
8.700000000000000e-01 5.219825093111814e+00 1.021152282831715e+00
8.750000000000000e-01 5.352009083673925e+00 1.020613568352577e+00
8.800000000000000e-01 5.487538254136007e+00 1.020088988303468e+00
8.850000000000000e-01 5.626497314641444e+00 1.019578150824160e+00
8.900000000000000e-01 5.768973119126561e+00 1.019080675916296e+00
8.950000000000000e-01 5.915054719607133e+00 1.018596195091654e+00
9.000000000000000e-01 6.064833421838831e+00 1.018124350987711e+00
9.050000000000000e-01 6.218402842386253e+00 1.017664796986281e+00
9.100000000000000e-01 6.375858967136348e+00 1.017217196844643e+00
9.150000000000000e-01 6.537300211292723e+00 1.016781224340979e+00
9.200000000000000e-01 6.702827480888332e+00 1.016356562934005e+00
9.250000000000000e-01 6.872544235855034e+00 1.015942905436225e+00
9.300000000000000e-01 7.046556554689444e+00 1.015539953700172e+00
9.350000000000001e-01 7.224973200755413e+00 1.015147418317051e+00
9.400000000000001e-01 7.407905690264673e+00 1.014765018327178e+00
9.450000000000001e-01 7.595468361978146e+00 1.014392480941683e+00
9.500000000000001e-01 7.787778448671316e+00 1.014029541274959e+00
9.550000000000001e-01 7.984956150408610e+00 1.013675942087352e+00
9.600000000000000e-01 8.187124709672272e+00 1.013331433537643e+00
9.650000000000000e-01 8.394410488393007e+00 1.012995772944875e+00
9.700000000000000e-01 8.606943046930221e+00 1.012668724559102e+00
9.750000000000000e-01 8.824855225051540e+00 1.012350059340676e+00
9.800000000000000e-01 9.048283224961922e+00 1.012039554747691e+00
9.850000000000000e-01 9.277366696434507e+00 1.011736994531224e+00
9.900000000000000e-01 9.512248824096272e+00 1.011442168538040e+00
9.950000000000000e-01 9.753076416923058e+00 1.011154872520448e+00
1.000000000000000e+00 1.000000000000000e+01 1.010874907952980e+00
