0.000000000000000e+00 0.000000000000000e+00 1.000000000000000e+00
5.000000000000000e-03 3.369477419287315e-03 1.000000476098656e+00
1.000000000000000e-02 6.741060871647481e-03 1.000002384357434e+00
1.500000000000000e-02 1.011685770649257e-02 1.000005568275746e+00
2.000000000000000e-02 1.349897790673588e-02 1.000010032714701e+00
2.500000000000000e-02 1.688953540759990e-02 1.000015793186655e+00
3.000000000000000e-02 2.029064941789469e-02 1.000022859162722e+00
3.500000000000000e-02 2.370444574459234e-02 1.000031246301069e+00
4.000000000000000e-02 2.713305812152553e-02 1.000040971926600e+00
4.500000000000000e-02 3.057862954304063e-02 1.000052062263553e+00
5.000000000000000e-02 3.404331360343898e-02 1.000064533308469e+00
5.500000000000000e-02 3.752927584304335e-02 1.000078409070688e+00
6.000000000000000e-02 4.103869510173117e-02 1.000093720091497e+00
6.500000000000000e-02 4.457376488078044e-02 1.000110503871809e+00
7.000000000000001e-02 4.813669471387935e-02 1.000128794575099e+00
7.500000000000000e-02 5.172971154815675e-02 1.000148631412668e+00
8.000000000000000e-02 5.535506113609672e-02 1.000170050397780e+00
8.500000000000001e-02 5.901500943920686e-02 1.000193097926469e+00
9.000000000000000e-02 6.271184404431801e-02 1.000217822653680e+00
9.500000000000000e-02 6.644787559340060e-02 1.000244269444654e+00
1.000000000000000e-01 7.022543922779090e-02 1.000272492468903e+00
1.050000000000000e-01 7.404689604773053e-02 1.000302546428411e+00
1.100000000000000e-01 7.791463458813094e-02 1.000334493511722e+00
1.150000000000000e-01 8.183107231148547e-02 1.000368385627704e+00
1.200000000000000e-01 8.579865711886202e-02 1.000404298499558e+00
1.250000000000000e-01 8.981986887992111e-02 1.000442301982114e+00
1.300000000000000e-01 9.389722098291493e-02 1.000482461416320e+00
1.350000000000000e-01 9.803326190563690e-02 1.000524853861031e+00
1.400000000000000e-01 1.022305768083033e-01 1.000569551416212e+00
1.450000000000000e-01 1.064917891493625e-01 1.000616628313544e+00
1.500000000000000e-01 1.108195623252418e-01 1.000666163181388e+00
1.550000000000000e-01 1.152166013350572e-01 1.000718249401825e+00
1.600000000000000e-01 1.196856544713255e-01 1.000772967942948e+00
1.650000000000000e-01 1.242295150377370e-01 1.000830414296082e+00
1.700000000000000e-01 1.288510230950609e-01 1.000890678088866e+00
1.750000000000000e-01 1.335530672362758e-01 1.000953844557438e+00
1.800000000000000e-01 1.383385863920344e-01 1.001020003015958e+00
1.850000000000000e-01 1.432105716675912e-01 1.001089245128411e+00
1.900000000000000e-01 1.481720682123397e-01 1.001161676336348e+00
1.950000000000000e-01 1.532261771231311e-01 1.001237383888776e+00
2.000000000000000e-01 1.583760573825595e-01 1.001316469183023e+00
2.050000000000000e-01 1.636249278334301e-01 1.001399021313331e+00
2.100000000000000e-01 1.689760691906397e-01 1.001485132515768e+00
2.150000000000000e-01 1.744328260917313e-01 1.001574896682795e+00
2.200000000000000e-01 1.799986091874004e-01 1.001668387062694e+00
2.250000000000000e-01 1.856768972732633e-01 1.001765692592906e+00
2.300000000000000e-01 1.914712394642179e-01 1.001866887365683e+00
2.350000000000000e-01 1.973852574127551e-01 1.001972048466456e+00
2.400000000000000e-01 2.034226475726105e-01 1.002081241534681e+00
2.450000000000000e-01 2.095871835091678e-01 1.002194516107157e+00
2.500000000000000e-01 2.158827182580599e-01 1.002311918396177e+00
2.550000000000000e-01 2.223131867334419e-01 1.002433474436569e+00
2.600000000000000e-01 2.288826081874405e-01 1.002559213602531e+00
2.650000000000000e-01 2.355950887223172e-01 1.002689144898782e+00
2.700000000000000e-01 2.424548238569160e-01 1.002823250220552e+00
2.750000000000000e-01 2.494661011489995e-01 1.002961497420185e+00
2.800000000000000e-01 2.566333028751116e-01 1.003103828782050e+00
2.850000000000000e-01 2.639609087696434e-01 1.003250165006323e+00
2.900000000000000e-01 2.714534988248126e-01 1.003400422516128e+00
2.950000000000000e-01 2.791157561533084e-01 1.003554472390017e+00
3.000000000000000e-01 2.869524699153886e-01 1.003712122861375e+00
3.050000000000000e-01 2.949685383122613e-01 1.003873191976169e+00
3.100000000000000e-01 3.031689716476197e-01 1.004037460766248e+00
3.150000000000000e-01 3.115588954592450e-01 1.004204642443923e+00
3.200000000000000e-01 3.201435537226349e-01 1.004374430801458e+00
3.250000000000000e-01 3.289283121286580e-01 1.004546470862393e+00
3.300000000000000e-01 3.379186614372866e-01 1.004720363705484e+00
3.350000000000000e-01 3.471202209094989e-01 1.004895663977160e+00
3.400000000000000e-01 3.565387418195016e-01 1.005071875330854e+00
3.450000000000000e-01 3.661801110494620e-01 1.005248466110753e+00
3.500000000000000e-01 3.760503547690021e-01 1.005424844877591e+00
3.550000000000000e-01 3.861556422017504e-01 1.005600383606964e+00
3.600000000000000e-01 3.965022894813072e-01 1.005774416776547e+00
3.650000000000000e-01 4.070967635990345e-01 1.005946231386157e+00
3.700000000000000e-01 4.179456864461349e-01 1.006115099235287e+00
3.750000000000000e-01 4.290558389525505e-01 1.006280262723585e+00
3.800000000000000e-01 4.404341653252637e-01 1.006440953107742e+00
3.850000000000000e-01 4.520877773886537e-01 1.006596415901250e+00
3.900000000000000e-01 4.640239590296172e-01 1.006745902995561e+00
3.950000000000000e-01 4.762501707502353e-01 1.006888713333652e+00
4.000000000000000e-01 4.887740543308307e-01 1.007024210418742e+00
4.050000000000000e-01 5.016034376063282e-01 1.007151834962910e+00
4.100000000000000e-01 5.147463393589066e-01 1.007271155657465e+00
4.150000000000000e-01 5.282109743299990e-01 1.007381887188367e+00
4.200000000000000e-01 5.420057583547735e-01 1.007483923127333e+00
4.250000000000000e-01 5.561393136223041e-01 1.007577388799145e+00
4.300000000000000e-01 5.706204740647189e-01 1.007662666753944e+00
4.350000000000000e-01 5.854582908786964e-01 1.007740441971638e+00
4.400000000000000e-01 6.006620381827575e-01 1.007811750227491e+00
4.450000000000000e-01 6.162412188138907e-01 1.007878009071306e+00
4.500000000000000e-01 6.322055702671360e-01 1.007941059715819e+00
4.550000000000000e-01 6.485650707818353e-01 1.008003199698983e+00
4.600000000000000e-01 6.653299455783577e-01 1.008067208999427e+00
4.650000000000000e-01 6.825106732491932e-01 1.008136373793258e+00
4.700000000000000e-01 7.001179923084168e-01 1.008214486645962e+00
4.750000000000000e-01 7.181629079036070e-01 1.008305849371621e+00
4.800000000000000e-01 7.366566986944229e-01 1.008415264688783e+00
4.850000000000000e-01 7.556109239021327e-01 1.008547983891104e+00
4.900000000000000e-01 7.750374305345038e-01 1.008709664817929e+00
4.950000000000000e-01 7.949483607905672e-01 1.008906330898140e+00
5.000000000000000e-01 8.153561596498893e-01 1.009144262343654e+00
5.050000000000000e-01 8.362735826510871e-01 1.009429882044327e+00
5.100000000000000e-01 8.577137038644561e-01 1.009769682973606e+00
5.150000000000000e-01 8.796899240636907e-01 1.010170097600481e+00
5.200000000000000e-01 9.022159791018011e-01 1.010637310049604e+00
5.250000000000000e-01 9.253059484964714e-01 1.011177129480675e+00
5.300000000000000e-01 9.489742642302165e-01 1.011794888081296e+00
5.350000000000000e-01 9.732357197708378e-01 1.012495252858138e+00
5.400000000000000e-01 9.981054793178262e-01 1.013282022640526e+00
5.450000000000000e-01 1.023599087280478e+00 1.014158022768079e+00
5.500000000000000e-01 1.049732477993657e+00 1.015125024075564e+00
5.550000000000000e-01 1.076521985677273e+00 1.016183580332051e+00
5.600000000000001e-01 1.103984354645701e+00 1.017332853070289e+00
5.650000000000001e-01 1.132136749773522e+00 1.018570539427651e+00
5.700000000000001e-01 1.160996767224129e+00 1.019892868575324e+00
5.750000000000001e-01 1.190582445447902e+00 1.021294553444146e+00
5.800000000000000e-01 1.220912276456826e+00 1.022768687881354e+00
5.850000000000000e-01 1.252005217382601e+00 1.024306684160063e+00
5.900000000000000e-01 1.283880702325469e+00 1.025898305938311e+00
5.950000000000000e-01 1.316558654501151e+00 1.027531750458629e+00
6.000000000000000e-01 1.350059498693518e+00 1.029193712190653e+00
6.050000000000000e-01 1.384404174020732e+00 1.030869416281156e+00
6.100000000000000e-01 1.419614147022888e+00 1.032542658788966e+00
6.150000000000000e-01 1.455711425079295e+00 1.034195895336428e+00
6.200000000000000e-01 1.492718570163803e+00 1.035810392026317e+00
6.250000000000000e-01 1.530658712946775e+00 1.037366428234197e+00
6.300000000000000e-01 1.569555567252506e+00 1.038843543724880e+00
6.350000000000000e-01 1.609433444881138e+00 1.040220834676677e+00
6.400000000000000e-01 1.650317270804325e+00 1.041477315175282e+00
6.450000000000000e-01 1.692232598744148e+00 1.042592367171178e+00
6.500000000000000e-01 1.735205627145031e+00 1.043546299870032e+00
6.550000000000000e-01 1.779263215548615e+00 1.044321035328742e+00
6.600000000000000e-01 1.824432901381847e+00 1.044900928313334e+00
6.650000000000000e-01 1.870742917168772e+00 1.045273715223934e+00
6.700000000000000e-01 1.918222208176775e+00 1.045431566377959e+00
6.750000000000000e-01 1.966900450508319e+00 1.045372186643560e+00
6.800000000000000e-01 2.016808069649473e+00 1.045099872150885e+00
6.850000000000001e-01 2.067976259486829e+00 1.044626389465212e+00
6.900000000000001e-01 2.120437001804702e+00 1.043971506828513e+00
6.950000000000001e-01 2.174223086274785e+00 1.043162987680563e+00
7.000000000000001e-01 2.229368130950753e+00 1.042235869765386e+00
7.050000000000000e-01 2.285906603280654e+00 1.041230911229256e+00
7.100000000000000e-01 2.343873841650178e+00 1.040192191825699e+00
7.150000000000000e-01 2.403306077470301e+00 1.039164001814013e+00
7.200000000000000e-01 2.464240457823092e+00 1.038187306802198e+00
7.250000000000000e-01 2.526715068679855e+00 1.037296206518574e+00
7.300000000000000e-01 2.590768958706095e+00 1.036514872453920e+00
7.350000000000000e-01 2.656442163668210e+00 1.035855429290429e+00
7.400000000000000e-01 2.723775731457148e+00 1.035317134810476e+00
7.450000000000000e-01 2.792811747744667e+00 1.034887031004958e+00
7.500000000000000e-01 2.863593362288260e+00 1.034542018906716e+00
7.550000000000000e-01 2.936164815901156e+00 1.034252090163006e+00
7.600000000000000e-01 3.010571468104263e+00 1.033984265880981e+00
7.650000000000000e-01 3.086859825477351e+00 1.033706677816318e+00
7.700000000000000e-01 3.165077570727174e+00 1.033392200886270e+00
7.750000000000000e-01 3.245273592490716e+00 1.033021121534627e+00
7.800000000000000e-01 3.327498015892184e+00 1.032582499954747e+00
7.850000000000000e-01 3.411802233872832e+00 1.032074129070511e+00
7.900000000000000e-01 3.498238939313234e+00 1.031501258764536e+00
7.950000000000000e-01 3.586862157968046e+00 1.030874475168985e+00
8.000000000000000e-01 3.677727282233856e+00 1.030207243604545e+00
8.050000000000000e-01 3.770891105771243e+00 1.029513611514776e+00
8.100000000000001e-01 3.866411859002656e+00 1.028806438749546e+00
8.150000000000001e-01 3.964349245508326e+00 1.028096328136674e+00
8.200000000000001e-01 4.064764479342956e+00 1.027391235893625e+00
8.250000000000001e-01 4.167720323296481e+00 1.026696603769522e+00
8.300000000000001e-01 4.273281128122877e+00 1.026015797490823e+00
8.350000000000000e-01 4.381512872761445e+00 1.025350651241776e+00
8.400000000000000e-01 4.492483205575838e+00 1.024701976691261e+00
8.450000000000000e-01 4.606261486636447e+00 1.024069964523816e+00
8.500000000000000e-01 4.722918831072739e+00 1.023454462707791e+00
8.550000000000000e-01 4.842528153522501e+00 1.022855149069661e+00
8.600000000000000e-01 4.965164213705875e+00 1.022271627953230e+00
8.650000000000000e-01 5.090903663152626e+00 1.021703479308587e+00
8.700000000000000e-01 5.219825093111814e+00 1.021150281278941e+00
8.750000000000000e-01 5.352009083673925e+00 1.020611619530293e+00
8.800000000000000e-01 5.487538254136007e+00 1.020087090595955e+00
8.850000000000000e-01 5.626497314641444e+00 1.019576302778495e+00
8.900000000000000e-01 5.768973119126561e+00 1.019078876153696e+00
8.950000000000000e-01 5.915054719607133e+00 1.018594442282247e+00
9.000000000000000e-01 6.064833421838831e+00 1.018122643843200e+00
9.050000000000000e-01 6.218402842386253e+00 1.017663134257229e+00
9.100000000000000e-01 6.375858967136348e+00 1.017215577318879e+00
9.150000000000000e-01 6.537300211292723e+00 1.016779646842288e+00
9.200000000000000e-01 6.702827480888332e+00 1.016355026320908e+00
9.250000000000000e-01 6.872544235855034e+00 1.015941408600815e+00
9.300000000000000e-01 7.046556554689444e+00 1.015538495566998e+00
9.350000000000001e-01 7.224973200755413e+00 1.015145997842044e+00
9.400000000000001e-01 7.407905690264673e+00 1.014763634496620e+00
9.450000000000001e-01 7.595468361978146e+00 1.014391132771215e+00
9.500000000000001e-01 7.787778448671316e+00 1.014028227808628e+00
9.550000000000001e-01 7.984956150408610e+00 1.013674662396691e+00
9.600000000000000e-01 8.187124709672272e+00 1.013330186720790e+00
9.650000000000000e-01 8.394410488393007e+00 1.012994558125720e+00
9.700000000000000e-01 8.606943046930221e+00 1.012667540886469e+00
9.750000000000000e-01 8.824855225051540e+00 1.012348905987537e+00
9.800000000000000e-01 9.048283224961922e+00 1.012038430910401e+00
9.850000000000000e-01 9.277366696434507e+00 1.011735899428792e+00
9.900000000000000e-01 9.512248824096272e+00 1.011441101411423e+00
9.950000000000000e-01 9.753076416923058e+00 1.011153832631868e+00
1.000000000000000e+00 1.000000000000000e+01 1.010873894585270e+00
