0.000000000000000e+00 0.000000000000000e+00 1.000000000000000e+00
5.000000000000000e-03 3.369477419287315e-03 1.000001219419192e+00
1.000000000000000e-02 6.741060871647481e-03 1.000006115476766e+00
1.500000000000000e-02 1.011685770649257e-02 1.000014315434088e+00
2.000000000000000e-02 1.349897790673588e-02 1.000025810713989e+00
2.500000000000000e-02 1.688953540759990e-02 1.000040622393150e+00
3.000000000000000e-02 2.029064941789469e-02 1.000058801980065e+00
3.500000000000000e-02 2.370444574459234e-02 1.000080396254728e+00
4.000000000000000e-02 2.713305812152553e-02 1.000105446010829e+00
4.500000000000000e-02 3.057862954304063e-02 1.000134008361415e+00
5.000000000000000e-02 3.404331360343898e-02 1.000166158850634e+00
5.500000000000000e-02 3.752927584304335e-02 1.000201973569547e+00
6.000000000000000e-02 4.103869510173117e-02 1.000241529323316e+00
6.500000000000000e-02 4.457376488078044e-02 1.000284920158651e+00
7.000000000000001e-02 4.813669471387935e-02 1.000332254316001e+00
7.500000000000000e-02 5.172971154815675e-02 1.000383639596996e+00
8.000000000000000e-02 5.535506113609672e-02 1.000439190500470e+00
8.500000000000001e-02 5.901500943920686e-02 1.000499040708939e+00
9.000000000000000e-02 6.271184404431801e-02 1.000563333036292e+00
9.500000000000000e-02 6.644787559340060e-02 1.000632210662096e+00
1.000000000000000e-01 7.022543922779090e-02 1.000705830504992e+00
1.050000000000000e-01 7.404689604773053e-02 1.000784368769805e+00
1.100000000000000e-01 7.791463458813094e-02 1.000868006104839e+00
1.150000000000000e-01 8.183107231148547e-02 1.000956926145591e+00
1.200000000000000e-01 8.579865711886202e-02 1.001051332364629e+00
1.250000000000000e-01 8.981986887992111e-02 1.001151447101346e+00
1.300000000000000e-01 9.389722098291493e-02 1.001257494521627e+00
1.350000000000000e-01 9.803326190563690e-02 1.001369704304482e+00
1.400000000000000e-01 1.022305768083033e-01 1.001488329889169e+00
1.450000000000000e-01 1.064917891493625e-01 1.001613644507934e+00
1.500000000000000e-01 1.108195623252418e-01 1.001745923470975e+00
1.550000000000000e-01 1.152166013350572e-01 1.001885448326774e+00
1.600000000000000e-01 1.196856544713255e-01 1.002032525031998e+00
1.650000000000000e-01 1.242295150377370e-01 1.002187482641175e+00
1.700000000000000e-01 1.288510230950609e-01 1.002350657172956e+00
1.750000000000000e-01 1.335530672362758e-01 1.002522389497524e+00
1.800000000000000e-01 1.383385863920344e-01 1.002703038954145e+00
1.850000000000000e-01 1.432105716675912e-01 1.002892992101489e+00
1.900000000000000e-01 1.481720682123397e-01 1.003092655990057e+00
1.950000000000000e-01 1.532261771231311e-01 1.003302442953888e+00
2.000000000000000e-01 1.583760573825595e-01 1.003522768448833e+00
2.050000000000000e-01 1.636249278334301e-01 1.003754072418096e+00
2.100000000000000e-01 1.689760691906397e-01 1.003996832175236e+00
2.150000000000000e-01 1.744328260917313e-01 1.004251541322487e+00
2.200000000000000e-01 1.799986091874004e-01 1.004518692906801e+00
2.250000000000000e-01 1.856768972732633e-01 1.004798791072452e+00
2.300000000000000e-01 1.914712394642179e-01 1.005092358531786e+00
2.350000000000000e-01 1.973852574127551e-01 1.005399942549506e+00
2.400000000000000e-01 2.034226475726105e-01 1.005722125588146e+00
2.450000000000000e-01 2.095871835091678e-01 1.006059506044446e+00
2.500000000000000e-01 2.158827182580599e-01 1.006412686299871e+00
2.550000000000000e-01 2.223131867334419e-01 1.006782281912300e+00
2.600000000000000e-01 2.288826081874405e-01 1.007168909403695e+00
2.650000000000000e-01 2.355950887223172e-01 1.007573201729538e+00
2.700000000000000e-01 2.424548238569160e-01 1.007995808282499e+00
2.750000000000000e-01 2.494661011489995e-01 1.008437391229418e+00
2.800000000000000e-01 2.566333028751116e-01 1.008898630958234e+00
2.850000000000000e-01 2.639609087696434e-01 1.009380215085575e+00
2.900000000000000e-01 2.714534988248126e-01 1.009882842035353e+00
2.950000000000000e-01 2.791157561533084e-01 1.010407213507732e+00
3.000000000000000e-01 2.869524699153886e-01 1.010954034625644e+00
3.050000000000000e-01 2.949685383122613e-01 1.011524009591791e+00
3.100000000000000e-01 3.031689716476197e-01 1.012117839513157e+00
3.150000000000000e-01 3.115588954592450e-01 1.012736218749056e+00
3.200000000000000e-01 3.201435537226349e-01 1.013379831399428e+00
3.250000000000000e-01 3.289283121286580e-01 1.014049347165625e+00
3.300000000000000e-01 3.379186614372866e-01 1.014745416862610e+00
3.350000000000000e-01 3.471202209094989e-01 1.015468667452246e+00
3.400000000000000e-01 3.565387418195016e-01 1.016219696621920e+00
3.450000000000000e-01 3.661801110494620e-01 1.016999066879660e+00
3.500000000000000e-01 3.760503547690021e-01 1.017807299155902e+00
3.550000000000000e-01 3.861556422017504e-01 1.018644865899106e+00
3.600000000000000e-01 3.965022894813072e-01 1.019512183657459e+00
3.650000000000000e-01 4.070967635990345e-01 1.020409605143042e+00
3.700000000000000e-01 4.179456864461349e-01 1.021337410780511e+00
3.750000000000000e-01 4.290558389525505e-01 1.022295799749066e+00
3.800000000000000e-01 4.404341653252637e-01 1.023284880534382e+00
3.850000000000000e-01 4.520877773886537e-01 1.024304661016395e+00
3.900000000000000e-01 4.640239590296172e-01 1.025355038129413e+00
3.950000000000000e-01 4.762501707502353e-01 1.026435787143052e+00
4.000000000000000e-01 4.887740543308307e-01 1.027546550626024e+00
4.050000000000000e-01 5.016034376063282e-01 1.028686827169878e+00
4.100000000000000e-01 5.147463393589066e-01 1.029855959966426e+00
4.150000000000000e-01 5.282109743299990e-01 1.031053125350620e+00
4.200000000000000e-01 5.420057583547735e-01 1.032277321440154e+00
4.250000000000000e-01 5.561393136223041e-01 1.033527357023586e+00
4.300000000000000e-01 5.706204740647189e-01 1.034801840870225e+00
4.350000000000000e-01 5.854582908786964e-01 1.036099171656803e+00
4.400000000000000e-01 6.006620381827575e-01 1.037417528727514e+00
4.450000000000000e-01 6.162412188138907e-01 1.038754863924534e+00
4.500000000000000e-01 6.322055702671360e-01 1.040108894744665e+00
4.550000000000000e-01 6.485650707818353e-01 1.041477099092988e+00
4.600000000000000e-01 6.653299455783577e-01 1.042856711915005e+00
4.650000000000000e-01 6.825106732491932e-01 1.044244723992876e+00
4.700000000000000e-01 7.001179923084168e-01 1.045637883187257e+00
4.750000000000000e-01 7.181629079036070e-01 1.047032698391841e+00
4.800000000000000e-01 7.366566986944229e-01 1.048425446440942e+00
4.850000000000000e-01 7.556109239021327e-01 1.049812182169501e+00
4.900000000000000e-01 7.750374305345038e-01 1.051188751768098e+00
4.950000000000000e-01 7.949483607905672e-01 1.052550809502026e+00
5.000000000000000e-01 8.153561596498893e-01 1.053893837773176e+00
5.050000000000000e-01 8.362735826510871e-01 1.055213170397725e+00
5.100000000000000e-01 8.577137038644561e-01 1.056504018854392e+00
5.150000000000000e-01 8.796899240636907e-01 1.057761501132406e+00
5.200000000000000e-01 9.022159791018011e-01 1.058980672682673e+00
5.250000000000000e-01 9.253059484964714e-01 1.060156558859803e+00
5.300000000000000e-01 9.489742642302165e-01 1.061284188148847e+00
5.350000000000000e-01 9.732357197708378e-01 1.062358625412805e+00
5.400000000000000e-01 9.981054793178262e-01 1.063375004390297e+00
5.450000000000000e-01 1.023599087280478e+00 1.064328558731967e+00
5.500000000000000e-01 1.049732477993657e+00 1.065214651001672e+00
5.550000000000000e-01 1.076521985677273e+00 1.066028799292422e+00
5.600000000000001e-01 1.103984354645701e+00 1.066766701418364e+00
5.650000000000001e-01 1.132136749773522e+00 1.067424257033998e+00
5.700000000000001e-01 1.160996767224129e+00 1.067997588479407e+00
5.750000000000001e-01 1.190582445447902e+00 1.068483061620813e+00
5.800000000000000e-01 1.220912276456826e+00 1.068877308399893e+00
5.850000000000000e-01 1.252005217382601e+00 1.069177253161103e+00
5.900000000000000e-01 1.283880702325469e+00 1.069380145021806e+00
5.950000000000000e-01 1.316558654501151e+00 1.069483598510709e+00
6.000000000000000e-01 1.350059498693518e+00 1.069485644356751e+00
6.050000000000000e-01 1.384404174020732e+00 1.069384791611429e+00
6.100000000000000e-01 1.419614147022888e+00 1.069180101211012e+00
6.150000000000000e-01 1.455711425079295e+00 1.068871269653123e+00
6.200000000000000e-01 1.492718570163803e+00 1.068458719750961e+00
6.250000000000000e-01 1.530658712946775e+00 1.067943693575279e+00
6.300000000000000e-01 1.569555567252506e+00 1.067328340895362e+00
6.350000000000000e-01 1.609433444881138e+00 1.066615794929740e+00
6.400000000000000e-01 1.650317270804325e+00 1.065810226282760e+00
6.450000000000000e-01 1.692232598744148e+00 1.064916865830693e+00
6.500000000000000e-01 1.735205627145031e+00 1.063941988231211e+00
6.550000000000000e-01 1.779263215548615e+00 1.062892849761551e+00
6.600000000000000e-01 1.824432901381847e+00 1.061777577299440e+00
6.650000000000000e-01 1.870742917168772e+00 1.060605009235597e+00
6.700000000000000e-01 1.918222208176775e+00 1.059384493569899e+00
6.750000000000000e-01 1.966900450508319e+00 1.058125652882676e+00
6.800000000000000e-01 2.016808069649473e+00 1.056838129705208e+00
6.850000000000001e-01 2.067976259486829e+00 1.055531328473129e+00
6.900000000000001e-01 2.120437001804702e+00 1.054214171283082e+00
6.950000000000001e-01 2.174223086274785e+00 1.052894883841996e+00
7.000000000000001e-01 2.229368130950753e+00 1.051580825322256e+00
7.050000000000000e-01 2.285906603280654e+00 1.050278371619858e+00
7.100000000000000e-01 2.343873841650178e+00 1.048992856306742e+00
7.150000000000000e-01 2.403306077470301e+00 1.047728568081649e+00
7.200000000000000e-01 2.464240457823092e+00 1.046488798501169e+00
7.250000000000000e-01 2.526715068679855e+00 1.045275929865002e+00
7.300000000000000e-01 2.590768958706095e+00 1.044091550779689e+00
7.350000000000000e-01 2.656442163668210e+00 1.042936586298568e+00
7.400000000000000e-01 2.723775731457148e+00 1.041811430508539e+00
7.450000000000000e-01 2.792811747744667e+00 1.040716071640976e+00
7.500000000000000e-01 2.863593362288260e+00 1.039650202711188e+00
7.550000000000000e-01 2.936164815901156e+00 1.038613313790890e+00
7.600000000000000e-01 3.010571468104263e+00 1.037604764817583e+00
7.650000000000000e-01 3.086859825477351e+00 1.036623840019258e+00
7.700000000000000e-01 3.165077570727174e+00 1.035669786438520e+00
7.750000000000000e-01 3.245273592490716e+00 1.034741839699188e+00
7.800000000000000e-01 3.327498015892184e+00 1.033839240212243e+00
7.850000000000000e-01 3.411802233872832e+00 1.032961242666295e+00
7.900000000000000e-01 3.498238939313234e+00 1.032107121091267e+00
7.950000000000000e-01 3.586862157968046e+00 1.031276171185159e+00
8.000000000000000e-01 3.677727282233856e+00 1.030467711058083e+00
8.050000000000000e-01 3.770891105771243e+00 1.029681081125819e+00
8.100000000000001e-01 3.866411859002656e+00 1.028915643585082e+00
8.150000000000001e-01 3.964349245508326e+00 1.028170781707702e+00
8.200000000000001e-01 4.064764479342956e+00 1.027445899074513e+00
8.250000000000001e-01 4.167720323296481e+00 1.026740418805578e+00
8.300000000000001e-01 4.273281128122877e+00 1.026053782810810e+00
8.350000000000000e-01 4.381512872761445e+00 1.025385451069746e+00
8.400000000000000e-01 4.492483205575838e+00 1.024734900942684e+00
8.450000000000000e-01 4.606261486636447e+00 1.024101626512824e+00
8.500000000000000e-01 4.722918831072739e+00 1.023485137958156e+00
8.550000000000000e-01 4.842528153522501e+00 1.022884960951630e+00
8.600000000000000e-01 4.965164213705875e+00 1.022300636088141e+00
8.650000000000000e-01 5.090903663152626e+00 1.021731718336899e+00
8.700000000000000e-01 5.219825093111814e+00 1.021177776517860e+00
8.750000000000000e-01 5.352009083673925e+00 1.020638392800964e+00
8.800000000000000e-01 5.487538254136007e+00 1.020113162226998e+00
8.850000000000000e-01 5.626497314641444e+00 1.019601692248973e+00
8.900000000000000e-01 5.768973119126561e+00 1.019103602292978e+00
8.950000000000000e-01 5.915054719607133e+00 1.018618523337522e+00
9.000000000000000e-01 6.064833421838831e+00 1.018146097510446e+00
9.050000000000000e-01 6.218402842386253e+00 1.017685977702533e+00
9.100000000000000e-01 6.375858967136348e+00 1.017237827196984e+00
9.150000000000000e-01 6.537300211292723e+00 1.016801319314009e+00
9.200000000000000e-01 6.702827480888332e+00 1.016376137069775e+00
9.250000000000000e-01 6.872544235855034e+00 1.015961972849046e+00
9.300000000000000e-01 7.046556554689444e+00 1.015558528090845e+00
9.350000000000001e-01 7.224973200755413e+00 1.015165512986539e+00
9.400000000000001e-01 7.407905690264673e+00 1.014782646189749e+00
9.450000000000001e-01 7.595468361978146e+00 1.014409654537550e+00
9.500000000000001e-01 7.787778448671316e+00 1.014046272782437e+00
9.550000000000001e-01 7.984956150408610e+00 1.013692243334555e+00
9.600000000000000e-01 8.187124709672272e+00 1.013347316013739e+00
9.650000000000000e-01 8.394410488393007e+00 1.013011247810925e+00
9.700000000000000e-01 8.606943046930221e+00 1.012683802658495e+00
9.750000000000000e-01 8.824855225051540e+00 1.012364751209179e+00
9.800000000000000e-01 9.048283224961922e+00 1.012053870623131e+00
9.850000000000000e-01 9.277366696434507e+00 1.011750944362823e+00
9.900000000000000e-01 9.512248824096272e+00 1.011455761995407e+00
9.950000000000000e-01 9.753076416923058e+00 1.011168119002250e+00
1.000000000000000e+00 1.000000000000000e+01 1.010887816595309e+00
