0.000000000000000e+00 0.000000000000000e+00 1.000000000000000e+00
5.000000000000000e-03 3.369477419287315e-03 1.000000976568855e+00
1.000000000000000e-02 6.741060871647481e-03 1.000004873427475e+00
1.500000000000000e-02 1.011685770649257e-02 1.000011355622092e+00
2.000000000000000e-02 1.349897790673588e-02 1.000020462577877e+00
2.500000000000000e-02 1.688953540759990e-02 1.000032222098969e+00
3.000000000000000e-02 2.029064941789469e-02 1.000046649046666e+00
3.500000000000000e-02 2.370444574459234e-02 1.000063774085544e+00
4.000000000000000e-02 2.713305812152553e-02 1.000083646693710e+00
4.500000000000000e-02 3.057862954304063e-02 1.000106317585989e+00
5.000000000000000e-02 3.404331360343898e-02 1.000131834504120e+00
5.500000000000000e-02 3.752927584304335e-02 1.000160256510945e+00
6.000000000000000e-02 4.103869510173117e-02 1.000191658477694e+00
6.500000000000000e-02 4.457376488078044e-02 1.000226117183889e+00
7.000000000000001e-02 4.813669471387935e-02 1.000263708075737e+00
7.500000000000000e-02 5.172971154815675e-02 1.000304519963050e+00
8.000000000000000e-02 5.535506113609672e-02 1.000348657610732e+00
8.500000000000001e-02 5.901500943920686e-02 1.000396226747109e+00
9.000000000000000e-02 6.271184404431801e-02 1.000447332843574e+00
9.500000000000000e-02 6.644787559340060e-02 1.000502096914498e+00
1.000000000000000e-01 7.022543922779090e-02 1.000560656769847e+00
1.050000000000000e-01 7.404689604773053e-02 1.000623151221177e+00
1.100000000000000e-01 7.791463458813094e-02 1.000689719279425e+00
1.150000000000000e-01 8.183107231148547e-02 1.000760516942718e+00
1.200000000000000e-01 8.579865711886202e-02 1.000835719496985e+00
1.250000000000000e-01 8.981986887992111e-02 1.000915504608122e+00
1.300000000000000e-01 9.389722098291493e-02 1.001000048933008e+00
1.350000000000000e-01 9.803326190563690e-02 1.001089546326053e+00
1.400000000000000e-01 1.022305768083033e-01 1.001184214613398e+00
1.450000000000000e-01 1.064917891493625e-01 1.001284277719681e+00
1.500000000000000e-01 1.108195623252418e-01 1.001389956388758e+00
1.550000000000000e-01 1.152166013350572e-01 1.001501485941025e+00
1.600000000000000e-01 1.196856544713255e-01 1.001619129387210e+00
1.650000000000000e-01 1.242295150377370e-01 1.001743163560177e+00
1.700000000000000e-01 1.288510230950609e-01 1.001873865910083e+00
1.750000000000000e-01 1.335530672362758e-01 1.002011522617435e+00
1.800000000000000e-01 1.383385863920344e-01 1.002156439166630e+00
1.850000000000000e-01 1.432105716675912e-01 1.002308943049859e+00
1.900000000000000e-01 1.481720682123397e-01 1.002469383327355e+00
1.950000000000000e-01 1.532261771231311e-01 1.002638118235750e+00
2.000000000000000e-01 1.583760573825595e-01 1.002815505630205e+00
2.050000000000000e-01 1.636249278334301e-01 1.003001920716717e+00
2.100000000000000e-01 1.689760691906397e-01 1.003197768152086e+00
2.150000000000000e-01 1.744328260917313e-01 1.003403473641794e+00
2.200000000000000e-01 1.799986091874004e-01 1.003619487162578e+00
2.250000000000000e-01 1.856768972732633e-01 1.003846274268078e+00
2.300000000000000e-01 1.914712394642179e-01 1.004084304070941e+00
2.350000000000000e-01 1.973852574127551e-01 1.004334064960032e+00
2.400000000000000e-01 2.034226475726105e-01 1.004596057850341e+00
2.450000000000000e-01 2.095871835091678e-01 1.004870804948168e+00
2.500000000000000e-01 2.158827182580599e-01 1.005158853422398e+00
2.550000000000000e-01 2.223131867334419e-01 1.005460769340092e+00
2.600000000000000e-01 2.288826081874405e-01 1.005777144133270e+00
2.650000000000000e-01 2.355950887223172e-01 1.006108587015030e+00
2.700000000000000e-01 2.424548238569160e-01 1.006455729031041e+00
2.750000000000000e-01 2.494661011489995e-01 1.006819219432296e+00
2.800000000000000e-01 2.566333028751116e-01 1.007199727073183e+00
2.850000000000000e-01 2.639609087696434e-01 1.007597939107635e+00
2.900000000000000e-01 2.714534988248126e-01 1.008014560945629e+00
2.950000000000000e-01 2.791157561533084e-01 1.008450315422163e+00
3.000000000000000e-01 2.869524699153886e-01 1.008905942045002e+00
3.050000000000000e-01 2.949685383122613e-01 1.009382195924110e+00
3.100000000000000e-01 3.031689716476197e-01 1.009879846510038e+00
3.150000000000000e-01 3.115588954592450e-01 1.010399676066983e+00
3.200000000000000e-01 3.201435537226349e-01 1.010942477874658e+00
3.250000000000000e-01 3.289283121286580e-01 1.011509054126117e+00
3.300000000000000e-01 3.379186614372866e-01 1.012100213493269e+00
3.350000000000000e-01 3.471202209094989e-01 1.012716768326869e+00
3.400000000000000e-01 3.565387418195016e-01 1.013359531455706e+00
3.450000000000000e-01 3.661801110494620e-01 1.014029312546919e+00
3.500000000000000e-01 3.760503547690021e-01 1.014726913986832e+00
3.550000000000000e-01 3.861556422017504e-01 1.015453126239199e+00
3.600000000000000e-01 3.965022894813072e-01 1.016208722635315e+00
3.650000000000000e-01 4.070967635990345e-01 1.016994453548342e+00
3.700000000000000e-01 4.179456864461349e-01 1.017811039902253e+00
3.750000000000000e-01 4.290558389525505e-01 1.018659165964441e+00
3.800000000000000e-01 4.404341653252637e-01 1.019539471370192e+00
3.850000000000000e-01 4.520877773886537e-01 1.020452542327261e+00
3.900000000000000e-01 4.640239590296172e-01 1.021398901949891e+00
3.950000000000000e-01 4.762501707502353e-01 1.022378999674065e+00
4.000000000000000e-01 4.887740543308307e-01 1.023393199710014e+00
4.050000000000000e-01 5.016034376063282e-01 1.024441768494279e+00
4.100000000000000e-01 5.147463393589066e-01 1.025524861112570e+00
4.150000000000000e-01 5.282109743299990e-01 1.026642506676634e+00
4.200000000000000e-01 5.420057583547735e-01 1.027794592653950e+00
4.250000000000000e-01 5.561393136223041e-01 1.028980848168908e+00
4.300000000000000e-01 5.706204740647189e-01 1.030200826318653e+00
4.350000000000000e-01 5.854582908786964e-01 1.031453885576705e+00
4.400000000000000e-01 6.006620381827575e-01 1.032739170393036e+00
4.450000000000000e-01 6.162412188138907e-01 1.034055591141043e+00
4.500000000000000e-01 6.322055702671360e-01 1.035401803609819e+00
4.550000000000000e-01 6.485650707818353e-01 1.036776188294124e+00
4.600000000000000e-01 6.653299455783577e-01 1.038176829794110e+00
4.650000000000000e-01 6.825106732491932e-01 1.039601496701086e+00
4.700000000000000e-01 7.001179923084168e-01 1.041047622412920e+00
4.750000000000000e-01 7.181629079036070e-01 1.042512287391033e+00
4.800000000000000e-01 7.366566986944229e-01 1.043992203437329e+00
4.850000000000000e-01 7.556109239021327e-01 1.045483700630563e+00
4.900000000000000e-01 7.750374305345038e-01 1.046982717613200e+00
4.950000000000000e-01 7.949483607905672e-01 1.048484795957291e+00
5.000000000000000e-01 8.153561596498893e-01 1.049985079356170e+00
5.050000000000000e-01 8.362735826510871e-01 1.051478318383137e+00
5.100000000000000e-01 8.577137038644561e-01 1.052958881524104e+00
5.150000000000000e-01 8.796899240636907e-01 1.054420773125188e+00
5.200000000000000e-01 9.022159791018011e-01 1.055857658796501e+00
5.250000000000000e-01 9.253059484964714e-01 1.057262898680340e+00
5.300000000000000e-01 9.489742642302165e-01 1.058629588828679e+00
5.350000000000000e-01 9.732357197708378e-01 1.059950610747438e+00
5.400000000000000e-01 9.981054793178262e-01 1.061218688962651e+00
5.450000000000000e-01 1.023599087280478e+00 1.062426456258255e+00
5.500000000000000e-01 1.049732477993657e+00 1.063566526040440e+00
5.550000000000000e-01 1.076521985677273e+00 1.064631571113160e+00
5.600000000000001e-01 1.103984354645701e+00 1.065614408015813e+00
5.650000000000001e-01 1.132136749773522e+00 1.066508085985121e+00
5.700000000000001e-01 1.160996767224129e+00 1.067305979560212e+00
5.750000000000001e-01 1.190582445447902e+00 1.068001883845245e+00
5.800000000000000e-01 1.220912276456826e+00 1.068590111459422e+00
5.850000000000000e-01 1.252005217382601e+00 1.069065590211681e+00
5.900000000000000e-01 1.283880702325469e+00 1.069423960499653e+00
5.950000000000000e-01 1.316558654501151e+00 1.069661671308654e+00
6.000000000000000e-01 1.350059498693518e+00 1.069776073437929e+00
6.050000000000000e-01 1.384404174020732e+00 1.069765508181030e+00
6.100000000000000e-01 1.419614147022888e+00 1.069629389129262e+00
6.150000000000000e-01 1.455711425079295e+00 1.069368274077213e+00
6.200000000000000e-01 1.492718570163803e+00 1.068983923251166e+00
6.250000000000000e-01 1.530658712946775e+00 1.068479339359569e+00
6.300000000000000e-01 1.569555567252506e+00 1.067858784420818e+00
6.350000000000000e-01 1.609433444881138e+00 1.067127768121350e+00
6.400000000000000e-01 1.650317270804325e+00 1.066293002761405e+00
6.450000000000000e-01 1.692232598744148e+00 1.065362320792357e+00
6.500000000000000e-01 1.735205627145031e+00 1.064344552611805e+00
6.550000000000000e-01 1.779263215548615e+00 1.063249364640621e+00
6.600000000000000e-01 1.824432901381847e+00 1.062087060625285e+00
6.650000000000000e-01 1.870742917168772e+00 1.060868352335029e+00
6.700000000000000e-01 1.918222208176775e+00 1.059604109000187e+00
6.750000000000000e-01 1.966900450508319e+00 1.058305097548114e+00
6.800000000000000e-01 2.016808069649473e+00 1.056981727517667e+00
6.850000000000001e-01 2.067976259486829e+00 1.055643815125648e+00
6.900000000000001e-01 2.120437001804702e+00 1.054300380112664e+00
6.950000000000001e-01 2.174223086274785e+00 1.052959486699572e+00
7.000000000000001e-01 2.229368130950753e+00 1.051628136442718e+00
7.050000000000000e-01 2.285906603280654e+00 1.050312216389377e+00
7.100000000000000e-01 2.343873841650178e+00 1.049016501249525e+00
7.150000000000000e-01 2.403306077470301e+00 1.047744703916755e+00
7.200000000000000e-01 2.464240457823092e+00 1.046499565143320e+00
7.250000000000000e-01 2.526715068679855e+00 1.045282970912163e+00
7.300000000000000e-01 2.590768958706095e+00 1.044096085251472e+00
7.350000000000000e-01 2.656442163668210e+00 1.042939486865417e+00
7.400000000000000e-01 2.723775731457148e+00 1.041813299753168e+00
7.450000000000000e-01 2.792811747744667e+00 1.040717310549272e+00
7.500000000000000e-01 2.863593362288260e+00 1.039651068171429e+00
7.550000000000000e-01 2.936164815901156e+00 1.038613964066645e+00
7.600000000000000e-01 3.010571468104263e+00 1.037605293569494e+00
7.650000000000000e-01 3.086859825477351e+00 1.036624300441067e+00
7.700000000000000e-01 3.165077570727174e+00 1.035670207509973e+00
7.750000000000000e-01 3.245273592490716e+00 1.034742236576816e+00
7.800000000000000e-01 3.327498015892184e+00 1.033839620533981e+00
7.850000000000000e-01 3.411802233872832e+00 1.032961610179055e+00
7.900000000000000e-01 3.498238939313234e+00 1.032107477628070e+00
7.950000000000000e-01 3.586862157968046e+00 1.031276517684469e+00
8.000000000000000e-01 3.677727282233856e+00 1.030468048060161e+00
8.050000000000000e-01 3.770891105771243e+00 1.029681409000640e+00
8.100000000000001e-01 3.866411859002656e+00 1.028915962630888e+00
8.150000000000001e-01 3.964349245508326e+00 1.028171092191123e+00
8.200000000000001e-01 4.064764479342956e+00 1.027446201245986e+00
8.250000000000001e-01 4.167720323296481e+00 1.026740712905008e+00
8.300000000000001e-01 4.273281128122877e+00 1.026054069069639e+00
8.350000000000000e-01 4.381512872761445e+00 1.025385729711788e+00
8.400000000000000e-01 4.492483205575838e+00 1.024735172184558e+00
8.450000000000000e-01 4.606261486636447e+00 1.024101890564261e+00
8.500000000000000e-01 4.722918831072739e+00 1.023485395022262e+00
8.550000000000000e-01 4.842528153522501e+00 1.022885211225133e+00
8.600000000000000e-01 4.965164213705875e+00 1.022300879761625e+00
8.650000000000000e-01 5.090903663152626e+00 1.021731955595025e+00
8.700000000000000e-01 5.219825093111814e+00 1.021178007539580e+00
8.750000000000000e-01 5.352009083673925e+00 1.020638617759728e+00
8.800000000000000e-01 5.487538254136007e+00 1.020113381290944e+00
8.850000000000000e-01 5.626497314641444e+00 1.019601905581118e+00
8.900000000000000e-01 5.768973119126561e+00 1.019103810051396e+00
8.950000000000000e-01 5.915054719607133e+00 1.018618725675516e+00
9.000000000000000e-01 6.064833421838831e+00 1.018146294576714e+00
9.050000000000000e-01 6.218402842386253e+00 1.017686169641322e+00
9.100000000000000e-01 6.375858967136348e+00 1.017238014148248e+00
9.150000000000000e-01 6.537300211292723e+00 1.016801501413548e+00
9.200000000000000e-01 6.702827480888332e+00 1.016376314449380e+00
9.250000000000000e-01 6.872544235855034e+00 1.015962145636631e+00
9.300000000000000e-01 7.046556554689444e+00 1.015558696410575e+00
9.350000000000001e-01 7.224973200755413e+00 1.015165676958956e+00
9.400000000000001e-01 7.407905690264673e+00 1.014782805931890e+00
9.450000000000001e-01 7.595468361978146e+00 1.014409810163063e+00
9.500000000000001e-01 7.787778448671316e+00 1.014046424401688e+00
9.550000000000001e-01 7.984956150408610e+00 1.013692391054736e+00
9.600000000000000e-01 8.187124709672272e+00 1.013347459938972e+00
9.650000000000000e-01 8.394410488393007e+00 1.013011388042357e+00
9.700000000000000e-01 8.606943046930221e+00 1.012683939294393e+00
9.750000000000000e-01 8.824855225051540e+00 1.012364884345024e+00
9.800000000000000e-01 9.048283224961922e+00 1.012054000351703e+00
9.850000000000000e-01 9.277366696434507e+00 1.011751070774284e+00
9.900000000000000e-01 9.512248824096272e+00 1.011455885177389e+00
9.950000000000000e-01 9.753076416923058e+00 1.011168239039927e+00
1.000000000000000e+00 1.000000000000000e+01 1.010887933571476e+00
