0.000000000000000e+00 0.000000000000000e+00 1.000000000000000e+00
5.000000000000000e-03 3.369477419287315e-03 1.000001742468102e+00
1.000000000000000e-02 6.741060871647481e-03 1.000008715780514e+00
1.500000000000000e-02 1.011685770649257e-02 1.000020350856760e+00
2.000000000000000e-02 1.349897790673588e-02 1.000036676032995e+00
2.500000000000000e-02 1.688953540759990e-02 1.000057734415019e+00
3.000000000000000e-02 2.029064941789469e-02 1.000083576779497e+00
3.500000000000000e-02 2.370444574459234e-02 1.000114256586176e+00
4.000000000000000e-02 2.713305812152553e-02 1.000149842677450e+00
4.500000000000000e-02 3.057862954304063e-02 1.000190425296213e+00
5.000000000000000e-02 3.404331360343898e-02 1.000236098179074e+00
5.500000000000000e-02 3.752927584304335e-02 1.000286957969893e+00
6.000000000000000e-02 4.103869510173117e-02 1.000343125899871e+00
6.500000000000000e-02 4.457376488078044e-02 1.000404739163305e+00
7.000000000000001e-02 4.813669471387935e-02 1.000471930676019e+00
7.500000000000000e-02 5.172971154815675e-02 1.000544848366164e+00
8.000000000000000e-02 5.535506113609672e-02 1.000623669255322e+00
8.500000000000001e-02 5.901500943920686e-02 1.000708573895025e+00
9.000000000000000e-02 6.271184404431801e-02 1.000799743945268e+00
9.500000000000000e-02 6.644787559340060e-02 1.000897388451621e+00
1.000000000000000e-01 7.022543922779090e-02 1.001001734247930e+00
1.050000000000000e-01 7.404689604773053e-02 1.001113007269812e+00
1.100000000000000e-01 7.791463458813094e-02 1.001231453222098e+00
1.150000000000000e-01 8.183107231148547e-02 1.001357344649774e+00
1.200000000000000e-01 8.579865711886202e-02 1.001490955403007e+00
1.250000000000000e-01 8.981986887992111e-02 1.001632568247999e+00
1.300000000000000e-01 9.389722098291493e-02 1.001782500785988e+00
1.350000000000000e-01 9.803326190563690e-02 1.001941086215659e+00
1.400000000000000e-01 1.022305768083033e-01 1.002108653332736e+00
1.450000000000000e-01 1.064917891493625e-01 1.002285554725156e+00
1.500000000000000e-01 1.108195623252418e-01 1.002472179296972e+00
1.550000000000000e-01 1.152166013350572e-01 1.002668921053883e+00
1.600000000000000e-01 1.196856544713255e-01 1.002876176028940e+00
1.650000000000000e-01 1.242295150377370e-01 1.003094373887315e+00
1.700000000000000e-01 1.288510230950609e-01 1.003323973703415e+00
1.750000000000000e-01 1.335530672362758e-01 1.003565435271393e+00
1.800000000000000e-01 1.383385863920344e-01 1.003819229555678e+00
1.850000000000000e-01 1.432105716675912e-01 1.004085864656617e+00
1.900000000000000e-01 1.481720682123397e-01 1.004365872080164e+00
1.950000000000000e-01 1.532261771231311e-01 1.004659783072680e+00
2.000000000000000e-01 1.583760573825595e-01 1.004968143302590e+00
2.050000000000000e-01 1.636249278334301e-01 1.005291535861652e+00
2.100000000000000e-01 1.689760691906397e-01 1.005630567888610e+00
2.150000000000000e-01 1.744328260917313e-01 1.005985845323204e+00
2.200000000000000e-01 1.799986091874004e-01 1.006357980540065e+00
2.250000000000000e-01 1.856768972732633e-01 1.006747619932658e+00
2.300000000000000e-01 1.914712394642179e-01 1.007155443552982e+00
2.350000000000000e-01 1.973852574127551e-01 1.007582132289574e+00
2.400000000000000e-01 2.034226475726105e-01 1.008028354348881e+00
2.450000000000000e-01 2.095871835091678e-01 1.008494796097334e+00
2.500000000000000e-01 2.158827182580599e-01 1.008982183884922e+00
2.550000000000000e-01 2.223131867334419e-01 1.009491257120140e+00
2.600000000000000e-01 2.288826081874405e-01 1.010022740408600e+00
2.650000000000000e-01 2.355950887223172e-01 1.010577348345959e+00
2.700000000000000e-01 2.424548238569160e-01 1.011155792856680e+00
2.750000000000000e-01 2.494661011489995e-01 1.011758795341956e+00
2.800000000000000e-01 2.566333028751116e-01 1.012387097984645e+00
2.850000000000000e-01 2.639609087696434e-01 1.013041434086711e+00
2.900000000000000e-01 2.714534988248126e-01 1.013722507312670e+00
2.950000000000000e-01 2.791157561533084e-01 1.014430994981076e+00
3.000000000000000e-01 2.869524699153886e-01 1.015167529534620e+00
3.050000000000000e-01 2.949685383122613e-01 1.015932713830635e+00
3.100000000000000e-01 3.031689716476197e-01 1.016727116736765e+00
3.150000000000000e-01 3.115588954592450e-01 1.017551264196197e+00
3.200000000000000e-01 3.201435537226349e-01 1.018405638972569e+00
3.250000000000000e-01 3.289283121286580e-01 1.019290661034326e+00
3.300000000000000e-01 3.379186614372866e-01 1.020206684219690e+00
3.350000000000000e-01 3.471202209094989e-01 1.021153980034545e+00
3.400000000000000e-01 3.565387418195016e-01 1.022132730065346e+00
3.450000000000000e-01 3.661801110494620e-01 1.023143013138686e+00
3.500000000000000e-01 3.760503547690021e-01 1.024184794778527e+00
3.550000000000000e-01 3.861556422017504e-01 1.025257914890819e+00
3.600000000000000e-01 3.965022894813072e-01 1.026362075565659e+00
3.650000000000000e-01 4.070967635990345e-01 1.027496828249303e+00
3.700000000000000e-01 4.179456864461349e-01 1.028661560729467e+00
3.750000000000000e-01 4.290558389525505e-01 1.029855483950449e+00
3.800000000000000e-01 4.404341653252637e-01 1.031077618870796e+00
3.850000000000000e-01 4.520877773886537e-01 1.032326783546281e+00
3.900000000000000e-01 4.640239590296172e-01 1.033601580671277e+00
3.950000000000000e-01 4.762501707502353e-01 1.034900385839313e+00
4.000000000000000e-01 4.887740543308307e-01 1.036221336820435e+00
4.050000000000000e-01 5.016034376063282e-01 1.037562324188243e+00
4.100000000000000e-01 5.147463393589066e-01 1.038920983664781e+00
4.150000000000000e-01 5.282109743299990e-01 1.040294690584442e+00
4.200000000000000e-01 5.420057583547735e-01 1.041680556907422e+00
4.250000000000000e-01 5.561393136223041e-01 1.043075431236572e+00
4.300000000000000e-01 5.706204740647189e-01 1.044475902306679e+00
4.350000000000000e-01 5.854582908786964e-01 1.045878306419198e+00
4.400000000000000e-01 6.006620381827575e-01 1.047278739285380e+00
4.450000000000000e-01 6.162412188138907e-01 1.048673072713147e+00
4.500000000000000e-01 6.322055702671360e-01 1.050056976524549e+00
4.550000000000000e-01 6.485650707818353e-01 1.051425946017712e+00
4.600000000000000e-01 6.653299455783577e-01 1.052775335186539e+00
4.650000000000000e-01 6.825106732491932e-01 1.054100395780369e+00
4.700000000000000e-01 7.001179923084168e-01 1.055396322122208e+00
4.750000000000000e-01 7.181629079036070e-01 1.056658301407335e+00
4.800000000000000e-01 7.366566986944229e-01 1.057881568974706e+00
4.850000000000000e-01 7.556109239021327e-01 1.059061467784593e+00
4.900000000000000e-01 7.750374305345038e-01 1.060193511052593e+00
4.950000000000000e-01 7.949483607905672e-01 1.061273446690916e+00
5.000000000000000e-01 8.153561596498893e-01 1.062297321904256e+00
5.050000000000000e-01 8.362735826510871e-01 1.063261545994698e+00
5.100000000000000e-01 8.577137038644561e-01 1.064162949166550e+00
5.150000000000000e-01 8.796899240636907e-01 1.064998834909356e+00
5.200000000000000e-01 9.022159791018011e-01 1.065767023399855e+00
5.250000000000000e-01 9.253059484964714e-01 1.066465883326889e+00
5.300000000000000e-01 9.489742642302165e-01 1.067094349632815e+00
5.350000000000000e-01 9.732357197708378e-01 1.067651924904440e+00
5.400000000000000e-01 9.981054793178262e-01 1.068138662555323e+00
5.450000000000000e-01 1.023599087280478e+00 1.068555130532161e+00
5.500000000000000e-01 1.049732477993657e+00 1.068902355054022e+00
5.550000000000000e-01 1.076521985677273e+00 1.069181744845618e+00
5.600000000000001e-01 1.103984354645701e+00 1.069394997431133e+00
5.650000000000001e-01 1.132136749773522e+00 1.069543990273634e+00
5.700000000000001e-01 1.160996767224129e+00 1.069630660819462e+00
5.750000000000001e-01 1.190582445447902e+00 1.069656880762454e+00
5.800000000000000e-01 1.220912276456826e+00 1.069624330988242e+00
5.850000000000000e-01 1.252005217382601e+00 1.069534384589600e+00
5.900000000000000e-01 1.283880702325469e+00 1.069388005946690e+00
5.950000000000000e-01 1.316558654501151e+00 1.069185674026120e+00
6.000000000000000e-01 1.350059498693518e+00 1.068927337662593e+00
6.050000000000000e-01 1.384404174020732e+00 1.068612409558848e+00
6.100000000000000e-01 1.419614147022888e+00 1.068239804019358e+00
6.150000000000000e-01 1.455711425079295e+00 1.067808021016145e+00
6.200000000000000e-01 1.492718570163803e+00 1.067315276131746e+00
6.250000000000000e-01 1.530658712946775e+00 1.066759672374835e+00
6.300000000000000e-01 1.569555567252506e+00 1.066139406046347e+00
6.350000000000000e-01 1.609433444881138e+00 1.065452995063384e+00
6.400000000000000e-01 1.650317270804325e+00 1.064699514813638e+00
6.450000000000000e-01 1.692232598744148e+00 1.063878824146048e+00
6.500000000000000e-01 1.735205627145031e+00 1.062991762930452e+00
6.550000000000000e-01 1.779263215548615e+00 1.062040303097759e+00
6.600000000000000e-01 1.824432901381847e+00 1.061027637420988e+00
6.650000000000000e-01 1.870742917168772e+00 1.059958194527272e+00
6.700000000000000e-01 1.918222208176775e+00 1.058837574497754e+00
6.750000000000000e-01 1.966900450508319e+00 1.057672406403546e+00
6.800000000000000e-01 2.016808069649473e+00 1.056470136494602e+00
6.850000000000001e-01 2.067976259486829e+00 1.055238762607499e+00
6.900000000000001e-01 2.120437001804702e+00 1.053986535769871e+00
6.950000000000001e-01 2.174223086274785e+00 1.052721653167718e+00
7.000000000000001e-01 2.229368130950753e+00 1.051451967101217e+00
7.050000000000000e-01 2.285906603280654e+00 1.050184732170046e+00
7.100000000000000e-01 2.343873841650178e+00 1.048926408019859e+00
7.150000000000000e-01 2.403306077470301e+00 1.047682528263508e+00
7.200000000000000e-01 2.464240457823092e+00 1.046457638657085e+00
7.250000000000000e-01 2.526715068679855e+00 1.045255300355687e+00
7.300000000000000e-01 2.590768958706095e+00 1.044078148091693e+00
7.350000000000000e-01 2.656442163668210e+00 1.042927989128449e+00
7.400000000000000e-01 2.723775731457148e+00 1.041805927173215e+00
7.450000000000000e-01 2.792811747744667e+00 1.040712495994249e+00
7.500000000000000e-01 2.863593362288260e+00 1.039647789829366e+00
7.550000000000000e-01 2.936164815901156e+00 1.038611581120262e+00
7.600000000000000e-01 3.010571468104263e+00 1.037603419917321e+00
7.650000000000000e-01 3.086859825477351e+00 1.036622712822022e+00
7.700000000000000e-01 3.165077570727174e+00 1.035668782115896e+00
7.750000000000000e-01 3.245273592490716e+00 1.034740907557149e+00
7.800000000000000e-01 3.327498015892184e+00 1.033838354224098e+00
7.850000000000000e-01 3.411802233872832e+00 1.032960389923698e+00
7.900000000000000e-01 3.498238939313234e+00 1.032106295315509e+00
7.950000000000000e-01 3.586862157968046e+00 1.031275369278781e+00
8.000000000000000e-01 3.677727282233856e+00 1.030466931373888e+00
8.050000000000000e-01 3.770891105771243e+00 1.029680322647443e+00
8.100000000000001e-01 3.866411859002656e+00 1.028914905561711e+00
8.150000000000001e-01 3.964349245508326e+00 1.028170063500905e+00
8.200000000000001e-01 4.064764479342956e+00 1.027445200097785e+00
8.250000000000001e-01 4.167720323296481e+00 1.026739738501747e+00
8.300000000000001e-01 4.273281128122877e+00 1.026053120643865e+00
8.350000000000000e-01 4.381512872761445e+00 1.025384806521794e+00
8.400000000000000e-01 4.492483205575838e+00 1.024734273512609e+00
8.450000000000000e-01 4.606261486636447e+00 1.024101015715475e+00
8.500000000000000e-01 4.722918831072739e+00 1.023484543323712e+00
8.550000000000000e-01 4.842528153522501e+00 1.022884382025025e+00
8.600000000000000e-01 4.965164213705875e+00 1.022300072428524e+00
8.650000000000000e-01 5.090903663152626e+00 1.021731169517117e+00
8.700000000000000e-01 5.219825093111814e+00 1.021177242123963e+00
8.750000000000000e-01 5.352009083673925e+00 1.020637872431738e+00
8.800000000000000e-01 5.487538254136007e+00 1.020112655493509e+00
8.850000000000000e-01 5.626497314641444e+00 1.019601198774136e+00
8.900000000000000e-01 5.768973119126561e+00 1.019103121711140e+00
8.950000000000000e-01 5.915054719607133e+00 1.018618055294068e+00
9.000000000000000e-01 6.064833421838831e+00 1.018145641661415e+00
9.050000000000000e-01 6.218402842386253e+00 1.017685533714252e+00
9.100000000000000e-01 6.375858967136348e+00 1.017237394745720e+00
9.150000000000000e-01 6.537300211292723e+00 1.016800898085630e+00
9.200000000000000e-01 6.702827480888332e+00 1.016375726759427e+00
9.250000000000000e-01 6.872544235855034e+00 1.015961573160843e+00
9.300000000000000e-01 7.046556554689444e+00 1.015558138737571e+00
9.350000000000001e-01 7.224973200755413e+00 1.015165133689359e+00
9.400000000000001e-01 7.407905690264673e+00 1.014782276677937e+00
9.450000000000001e-01 7.595468361978146e+00 1.014409294548222e+00
9.500000000000001e-01 7.787778448671316e+00 1.014045922060295e+00
9.550000000000001e-01 7.984956150408610e+00 1.013691901631642e+00
9.600000000000000e-01 8.187124709672272e+00 1.013346983089208e+00
9.650000000000000e-01 8.394410488393007e+00 1.013010923430804e+00
9.700000000000000e-01 8.606943046930221e+00 1.012683486595473e+00
9.750000000000000e-01 8.824855225051540e+00 1.012364443242394e+00
9.800000000000000e-01 9.048283224961922e+00 1.012053570537969e+00
9.850000000000000e-01 9.277366696434507e+00 1.011750651950716e+00
9.900000000000000e-01 9.512248824096272e+00 1.011455477053654e+00
9.950000000000000e-01 9.753076416923058e+00 1.011167841333827e+00
1.000000000000000e+00 1.000000000000000e+01 1.010887546008699e+00
