0.000000000000000e+00 0.000000000000000e+00 1.000000000000000e+00
5.000000000000000e-03 3.369477419287315e-03 1.000000000011117e+00
1.000000000000000e-02 6.741060871647481e-03 1.000000000016592e+00
1.500000000000000e-02 1.011685770649257e-02 1.000000000011740e+00
2.000000000000000e-02 1.349897790673588e-02 1.000000000009772e+00
2.500000000000000e-02 1.688953540759990e-02 1.000000000011751e+00
3.000000000000000e-02 2.029064941789469e-02 1.000000000014125e+00
3.500000000000000e-02 2.370444574459234e-02 1.000000000014425e+00
4.000000000000000e-02 2.713305812152553e-02 1.000000000014313e+00
4.500000000000000e-02 3.057862954304063e-02 1.000000000015707e+00
5.000000000000000e-02 3.404331360343898e-02 1.000000000017308e+00
5.500000000000000e-02 3.752927584304335e-02 1.000000000017465e+00
6.000000000000000e-02 4.103869510173117e-02 1.000000000017890e+00
6.500000000000000e-02 4.457376488078044e-02 1.000000000020611e+00
7.000000000000001e-02 4.813669471387935e-02 1.000000000021959e+00
7.500000000000000e-02 5.172971154815675e-02 1.000000000021888e+00
8.000000000000000e-02 5.535506113609672e-02 1.000000000023033e+00
8.500000000000001e-02 5.901500943920686e-02 1.000000000025353e+00
9.000000000000000e-02 6.271184404431801e-02 1.000000000027973e+00
9.500000000000000e-02 6.644787559340060e-02 1.000000000029639e+00
1.000000000000000e-01 7.022543922779090e-02 1.000000000030423e+00
1.050000000000000e-01 7.404689604773053e-02 1.000000000030706e+00
1.100000000000000e-01 7.791463458813094e-02 1.000000000031569e+00
1.150000000000000e-01 8.183107231148547e-02 1.000000000033731e+00
1.200000000000000e-01 8.579865711886202e-02 1.000000000035375e+00
1.250000000000000e-01 8.981986887992111e-02 1.000000000037313e+00
1.300000000000000e-01 9.389722098291493e-02 1.000000000038740e+00
1.350000000000000e-01 9.803326190563690e-02 1.000000000041509e+00
1.400000000000000e-01 1.022305768083033e-01 1.000000000045943e+00
1.450000000000000e-01 1.064917891493625e-01 1.000000000049376e+00
1.500000000000000e-01 1.108195623252418e-01 1.000000000053735e+00
1.550000000000000e-01 1.152166013350572e-01 1.000000000059957e+00
1.600000000000000e-01 1.196856544713255e-01 1.000000000066579e+00
1.650000000000000e-01 1.242295150377370e-01 1.000000000072766e+00
1.700000000000000e-01 1.288510230950609e-01 1.000000000079849e+00
1.750000000000000e-01 1.335530672362758e-01 1.000000000089769e+00
1.800000000000000e-01 1.383385863920344e-01 1.000000000097630e+00
1.850000000000000e-01 1.432105716675912e-01 1.000000000103400e+00
1.900000000000000e-01 1.481720682123397e-01 1.000000000109696e+00
1.950000000000000e-01 1.532261771231311e-01 1.000000000116324e+00
2.000000000000000e-01 1.583760573825595e-01 1.000000000125257e+00
2.050000000000000e-01 1.636249278334301e-01 1.000000000133020e+00
2.100000000000000e-01 1.689760691906397e-01 1.000000000138242e+00
2.150000000000000e-01 1.744328260917313e-01 1.000000000145050e+00
2.200000000000000e-01 1.799986091874004e-01 1.000000000152689e+00
2.250000000000000e-01 1.856768972732633e-01 1.000000000160536e+00
2.300000000000000e-01 1.914712394642179e-01 1.000000000170131e+00
2.350000000000000e-01 1.973852574127551e-01 1.000000000182225e+00
2.400000000000000e-01 2.034226475726105e-01 1.000000000193262e+00
2.450000000000000e-01 2.095871835091678e-01 1.000000000201262e+00
2.500000000000000e-01 2.158827182580599e-01 1.000000000212640e+00
2.550000000000000e-01 2.223131867334419e-01 1.000000000226378e+00
2.600000000000000e-01 2.288826081874405e-01 1.000000000241538e+00
2.650000000000000e-01 2.355950887223172e-01 1.000000000257495e+00
2.700000000000000e-01 2.424548238569160e-01 1.000000000274153e+00
2.750000000000000e-01 2.494661011489995e-01 1.000000000292848e+00
2.800000000000000e-01 2.566333028751116e-01 1.000000000310074e+00
2.850000000000000e-01 2.639609087696434e-01 1.000000000325793e+00
2.900000000000000e-01 2.714534988248126e-01 1.000000000342638e+00
2.950000000000000e-01 2.791157561533084e-01 1.000000000360292e+00
3.000000000000000e-01 2.869524699153886e-01 1.000000000380079e+00
3.050000000000000e-01 2.949685383122613e-01 1.000000000400049e+00
3.100000000000000e-01 3.031689716476197e-01 1.000000000419688e+00
3.150000000000000e-01 3.115588954592450e-01 1.000000000443287e+00
3.200000000000000e-01 3.201435537226349e-01 1.000000000467872e+00
3.250000000000000e-01 3.289283121286580e-01 1.000000000496029e+00
3.300000000000000e-01 3.379186614372866e-01 1.000000000525957e+00
3.350000000000000e-01 3.471202209094989e-01 1.000000000554314e+00
3.400000000000000e-01 3.565387418195016e-01 1.000000000584152e+00
3.450000000000000e-01 3.661801110494620e-01 1.000000000617882e+00
3.500000000000000e-01 3.760503547690021e-01 1.000000000650342e+00
3.550000000000000e-01 3.861556422017504e-01 1.000000000684270e+00
3.600000000000000e-01 3.965022894813072e-01 1.000000000721134e+00
3.650000000000000e-01 4.070967635990345e-01 1.000000000759610e+00
3.700000000000000e-01 4.179456864461349e-01 1.000000000802566e+00
3.750000000000000e-01 4.290558389525505e-01 1.000000000842846e+00
3.800000000000000e-01 4.404341653252637e-01 1.000000000885117e+00
3.850000000000000e-01 4.520877773886537e-01 1.000000000930597e+00
3.900000000000000e-01 4.640239590296172e-01 1.000000000979865e+00
3.950000000000000e-01 4.762501707502353e-01 1.000000001032483e+00
4.000000000000000e-01 4.887740543308307e-01 1.000000001091897e+00
4.050000000000000e-01 5.016034376063282e-01 1.000000001152956e+00
4.100000000000000e-01 5.147463393589066e-01 1.000000001208431e+00
4.150000000000000e-01 5.282109743299990e-01 1.000000001267433e+00
4.200000000000000e-01 5.420057583547735e-01 1.000000001331528e+00
4.250000000000000e-01 5.561393136223041e-01 1.000000001404751e+00
4.300000000000000e-01 5.706204740647189e-01 1.000000001479424e+00
4.350000000000000e-01 5.854582908786964e-01 1.000000001558486e+00
4.400000000000000e-01 6.006620381827575e-01 1.000000001641175e+00
4.450000000000000e-01 6.162412188138907e-01 1.000000001723868e+00
4.500000000000000e-01 6.322055702671360e-01 1.000000001812388e+00
4.550000000000000e-01 6.485650707818353e-01 1.000000001901092e+00
4.600000000000000e-01 6.653299455783577e-01 1.000000002000215e+00
4.650000000000000e-01 6.825106732491932e-01 1.000000002106319e+00
4.700000000000000e-01 7.001179923084168e-01 1.000000002217201e+00
4.750000000000000e-01 7.181629079036070e-01 1.000000002334260e+00
4.800000000000000e-01 7.366566986944229e-01 1.000000002450592e+00
4.850000000000000e-01 7.556109239021327e-01 1.000000002575113e+00
4.900000000000000e-01 7.750374305345038e-01 1.000000002708775e+00
4.950000000000000e-01 7.949483607905672e-01 1.000000002852045e+00
5.000000000000000e-01 8.153561596498893e-01 1.000000003002997e+00
5.050000000000000e-01 8.362735826510871e-01 1.000000003156873e+00
5.100000000000000e-01 8.577137038644561e-01 1.000000003318192e+00
5.150000000000000e-01 8.796899240636907e-01 1.000000003498477e+00
5.200000000000000e-01 9.022159791018011e-01 1.000000003691348e+00
5.250000000000000e-01 9.253059484964714e-01 1.000000003882868e+00
5.300000000000000e-01 9.489742642302165e-01 1.000000004094567e+00
5.350000000000000e-01 9.732357197708378e-01 1.000000004327538e+00
5.400000000000000e-01 9.981054793178262e-01 1.000000004572582e+00
5.450000000000000e-01 1.023599087280478e+00 1.000000004841611e+00
5.500000000000000e-01 1.049732477993657e+00 1.000000005133431e+00
5.550000000000000e-01 1.076521985677273e+00 1.000000005459375e+00
5.600000000000001e-01 1.103984354645701e+00 1.000000005823108e+00
5.650000000000001e-01 1.132136749773522e+00 1.000000006230853e+00
5.700000000000001e-01 1.160996767224129e+00 1.000000006706701e+00
5.750000000000001e-01 1.190582445447902e+00 1.000000007256153e+00
5.800000000000000e-01 1.220912276456826e+00 1.000000007914434e+00
5.850000000000000e-01 1.252005217382601e+00 1.000000008721025e+00
5.900000000000000e-01 1.283880702325469e+00 1.000000009716534e+00
5.950000000000000e-01 1.316558654501151e+00 1.000000011002970e+00
6.000000000000000e-01 1.350059498693518e+00 1.000000012683907e+00
6.050000000000000e-01 1.384404174020732e+00 1.000000014939020e+00
6.100000000000000e-01 1.419614147022888e+00 1.000000018074026e+00
6.150000000000000e-01 1.455711425079295e+00 1.000000022478759e+00
6.200000000000000e-01 1.492718570163803e+00 1.000000028855022e+00
6.250000000000000e-01 1.530658712946775e+00 1.000000038289745e+00
6.300000000000000e-01 1.569555567252506e+00 1.000000052404138e+00
6.350000000000000e-01 1.609433444881138e+00 1.000000073999498e+00
6.400000000000000e-01 1.650317270804325e+00 1.000000107448662e+00
6.450000000000000e-01 1.692232598744148e+00 1.000000159700608e+00
6.500000000000000e-01 1.735205627145031e+00 1.000000242446361e+00
6.550000000000000e-01 1.779263215548615e+00 1.000000374325678e+00
6.600000000000000e-01 1.824432901381847e+00 1.000000585488042e+00
6.650000000000000e-01 1.870742917168772e+00 1.000000925874977e+00
6.700000000000000e-01 1.918222208176775e+00 1.000001475960988e+00
6.750000000000000e-01 1.966900450508319e+00 1.000002365663518e+00
6.800000000000000e-01 2.016808069649473e+00 1.000003806664809e+00
6.850000000000001e-01 2.067976259486829e+00 1.000006138685648e+00
6.900000000000001e-01 2.120437001804702e+00 1.000009902653502e+00
6.950000000000001e-01 2.174223086274785e+00 1.000015957411409e+00
7.000000000000001e-01 2.229368130950753e+00 1.000025649610200e+00
7.050000000000000e-01 2.285906603280654e+00 1.000041062473781e+00
7.100000000000000e-01 2.343873841650178e+00 1.000065369565560e+00
7.150000000000000e-01 2.403306077470301e+00 1.000103296569615e+00
7.200000000000000e-01 2.464240457823092e+00 1.000161713192649e+00
7.250000000000000e-01 2.526715068679855e+00 1.000250337713121e+00
7.300000000000000e-01 2.590768958706095e+00 1.000382322864443e+00
7.350000000000000e-01 2.656442163668210e+00 1.000574346839374e+00
7.400000000000000e-01 2.723775731457148e+00 1.000845927669349e+00
7.450000000000000e-01 2.792811747744667e+00 1.001217571895536e+00
7.500000000000000e-01 2.863593362288260e+00 1.001706725000466e+00
7.550000000000000e-01 2.936164815901156e+00 1.002320112349118e+00
7.600000000000000e-01 3.010571468104263e+00 1.003042507465122e+00
7.650000000000000e-01 3.086859825477351e+00 1.003825925107575e+00
7.700000000000000e-01 3.165077570727174e+00 1.004587665212542e+00
7.750000000000000e-01 3.245273592490716e+00 1.005225624656981e+00
7.800000000000000e-01 3.327498015892184e+00 1.005651247637760e+00
7.850000000000000e-01 3.411802233872832e+00 1.005827908867960e+00
7.900000000000000e-01 3.498238939313234e+00 1.005795334902097e+00
7.950000000000000e-01 3.586862157968046e+00 1.005666176158147e+00
8.000000000000000e-01 3.677727282233856e+00 1.005595803924193e+00
8.050000000000000e-01 3.770891105771243e+00 1.005739572694189e+00
8.100000000000001e-01 3.866411859002656e+00 1.006214656021053e+00
8.150000000000001e-01 3.964349245508326e+00 1.007077348644543e+00
8.200000000000001e-01 4.064764479342956e+00 1.008318200940170e+00
8.250000000000001e-01 4.167720323296481e+00 1.009870897682753e+00
8.300000000000001e-01 4.273281128122877e+00 1.011627258167245e+00
8.350000000000000e-01 4.381512872761445e+00 1.013451088722674e+00
8.400000000000000e-01 4.492483205575838e+00 1.015188834348332e+00
8.450000000000000e-01 4.606261486636447e+00 1.016682293383847e+00
8.500000000000000e-01 4.722918831072739e+00 1.017791439288753e+00
8.550000000000000e-01 4.842528153522501e+00 1.018428647775327e+00
8.600000000000000e-01 4.965164213705875e+00 1.018592277458215e+00
8.650000000000000e-01 5.090903663152626e+00 1.018378637897462e+00
8.700000000000000e-01 5.219825093111814e+00 1.017957310529739e+00
8.750000000000000e-01 5.352009083673925e+00 1.017514545282455e+00
8.800000000000000e-01 5.487538254136007e+00 1.017189634835596e+00
8.850000000000000e-01 5.626497314641444e+00 1.017034852032679e+00
8.900000000000000e-01 5.768973119126561e+00 1.017016288805603e+00
8.950000000000000e-01 5.915054719607133e+00 1.017049772906744e+00
9.000000000000000e-01 6.064833421838831e+00 1.017048428940108e+00
9.050000000000000e-01 6.218402842386253e+00 1.016957047955896e+00
9.100000000000000e-01 6.375858967136348e+00 1.016761614676864e+00
9.150000000000000e-01 6.537300211292723e+00 1.016478636728419e+00
9.200000000000000e-01 6.702827480888332e+00 1.016137259194795e+00
9.250000000000000e-01 6.872544235855034e+00 1.015765127974060e+00
9.300000000000000e-01 7.046556554689444e+00 1.015381974265621e+00
9.350000000000001e-01 7.224973200755413e+00 1.014999286376588e+00
9.400000000000001e-01 7.407905690264673e+00 1.014622669758992e+00
9.450000000000001e-01 7.595468361978146e+00 1.014254399850462e+00
9.500000000000001e-01 7.787778448671316e+00 1.013895178983470e+00
9.550000000000001e-01 7.984956150408610e+00 1.013545075166740e+00
9.600000000000000e-01 8.187124709672272e+00 1.013203936960697e+00
9.650000000000000e-01 8.394410488393007e+00 1.012871549621846e+00
9.700000000000000e-01 8.606943046930221e+00 1.012547685933037e+00
9.750000000000000e-01 8.824855225051540e+00 1.012232120593059e+00
9.800000000000000e-01 9.048283224961922e+00 1.011924633713203e+00
9.850000000000000e-01 9.277366696434507e+00 1.011625011615198e+00
9.900000000000000e-01 9.512248824096272e+00 1.011333048485245e+00
9.950000000000000e-01 9.753076416923058e+00 1.011048564095625e+00
1.000000000000000e+00 1.000000000000000e+01 1.010771592473177e+00
