0.000000000000000e+00 0.000000000000000e+00 1.000000000000000e+00
5.000000000000000e-03 3.369477419287315e-03 1.000000076601564e+00
1.000000000000000e-02 6.741060871647481e-03 1.000000380209941e+00
1.500000000000000e-02 1.011685770649257e-02 1.000000881098769e+00
2.000000000000000e-02 1.349897790673588e-02 1.000001585482156e+00
2.500000000000000e-02 1.688953540759990e-02 1.000002496285239e+00
3.000000000000000e-02 2.029064941789469e-02 1.000003615204033e+00
3.500000000000000e-02 2.370444574459234e-02 1.000004943080083e+00
4.000000000000000e-02 2.713305812152553e-02 1.000006486047586e+00
4.500000000000000e-02 3.057862954304063e-02 1.000008249123805e+00
5.000000000000000e-02 3.404331360343898e-02 1.000010235669743e+00
5.500000000000000e-02 3.752927584304335e-02 1.000012452528110e+00
6.000000000000000e-02 4.103869510173117e-02 1.000014902208546e+00
6.500000000000000e-02 4.457376488078044e-02 1.000017594087012e+00
7.000000000000001e-02 4.813669471387935e-02 1.000020535763089e+00
7.500000000000000e-02 5.172971154815675e-02 1.000023735455240e+00
8.000000000000000e-02 5.535506113609672e-02 1.000027202524743e+00
8.500000000000001e-02 5.901500943920686e-02 1.000030945894621e+00
9.000000000000000e-02 6.271184404431801e-02 1.000034974740055e+00
9.500000000000000e-02 6.644787559340060e-02 1.000039305649882e+00
1.000000000000000e-01 7.022543922779090e-02 1.000043947974377e+00
1.050000000000000e-01 7.404689604773053e-02 1.000048912569863e+00
1.100000000000000e-01 7.791463458813094e-02 1.000054216090410e+00
1.150000000000000e-01 8.183107231148547e-02 1.000059874100368e+00
1.200000000000000e-01 8.579865711886202e-02 1.000065904194779e+00
1.250000000000000e-01 8.981986887992111e-02 1.000072320585731e+00
1.300000000000000e-01 9.389722098291493e-02 1.000079144660682e+00
1.350000000000000e-01 9.803326190563690e-02 1.000086398146725e+00
1.400000000000000e-01 1.022305768083033e-01 1.000094100885419e+00
1.450000000000000e-01 1.064917891493625e-01 1.000102276432824e+00
1.500000000000000e-01 1.108195623252418e-01 1.000110949693669e+00
1.550000000000000e-01 1.152166013350572e-01 1.000120143505085e+00
1.600000000000000e-01 1.196856544713255e-01 1.000129892141457e+00
1.650000000000000e-01 1.242295150377370e-01 1.000140223978862e+00
1.700000000000000e-01 1.288510230950609e-01 1.000151166019563e+00
1.750000000000000e-01 1.335530672362758e-01 1.000162754887912e+00
1.800000000000000e-01 1.383385863920344e-01 1.000175030419122e+00
1.850000000000000e-01 1.432105716675912e-01 1.000188033636915e+00
1.900000000000000e-01 1.481720682123397e-01 1.000201802312778e+00
1.950000000000000e-01 1.532261771231311e-01 1.000216381772882e+00
2.000000000000000e-01 1.583760573825595e-01 1.000231818904476e+00
2.050000000000000e-01 1.636249278334301e-01 1.000248166611177e+00
2.100000000000000e-01 1.689760691906397e-01 1.000265475497595e+00
2.150000000000000e-01 1.744328260917313e-01 1.000283803807943e+00
2.200000000000000e-01 1.799986091874004e-01 1.000303217762330e+00
2.250000000000000e-01 1.856768972732633e-01 1.000323782669597e+00
2.300000000000000e-01 1.914712394642179e-01 1.000345571542644e+00
2.350000000000000e-01 1.973852574127551e-01 1.000368662744361e+00
2.400000000000000e-01 2.034226475726105e-01 1.000393135368212e+00
2.450000000000000e-01 2.095871835091678e-01 1.000419068865621e+00
2.500000000000000e-01 2.158827182580599e-01 1.000446561180820e+00
2.550000000000000e-01 2.223131867334419e-01 1.000475718001911e+00
2.600000000000000e-01 2.288826081874405e-01 1.000506645513682e+00
2.650000000000000e-01 2.355950887223172e-01 1.000539454052445e+00
2.700000000000000e-01 2.424548238569160e-01 1.000574267531938e+00
2.750000000000000e-01 2.494661011489995e-01 1.000611221327258e+00
2.800000000000000e-01 2.566333028751116e-01 1.000650453123456e+00
2.850000000000000e-01 2.639609087696434e-01 1.000692113251804e+00
2.900000000000000e-01 2.714534988248126e-01 1.000736363728522e+00
2.950000000000000e-01 2.791157561533084e-01 1.000783379045193e+00
3.000000000000000e-01 2.869524699153886e-01 1.000833346401759e+00
3.050000000000000e-01 2.949685383122613e-01 1.000886466188505e+00
3.100000000000000e-01 3.031689716476197e-01 1.000942945955218e+00
3.150000000000000e-01 3.115588954592450e-01 1.001003013339523e+00
3.200000000000000e-01 3.201435537226349e-01 1.001066909902771e+00
3.250000000000000e-01 3.289283121286580e-01 1.001134891743967e+00
3.300000000000000e-01 3.379186614372866e-01 1.001207243429267e+00
3.350000000000000e-01 3.471202209094989e-01 1.001284252961805e+00
3.400000000000000e-01 3.565387418195016e-01 1.001366234029687e+00
3.450000000000000e-01 3.661801110494620e-01 1.001453517404008e+00
3.500000000000000e-01 3.760503547690021e-01 1.001546453373219e+00
3.550000000000000e-01 3.861556422017504e-01 1.001645425358647e+00
3.600000000000000e-01 3.965022894813072e-01 1.001750812514903e+00
3.650000000000000e-01 4.070967635990345e-01 1.001863027975392e+00
3.700000000000000e-01 4.179456864461349e-01 1.001982514803460e+00
3.750000000000000e-01 4.290558389525505e-01 1.002109723472872e+00
3.800000000000000e-01 4.404341653252637e-01 1.002245123820103e+00
3.850000000000000e-01 4.520877773886537e-01 1.002389196721162e+00
3.900000000000000e-01 4.640239590296172e-01 1.002542451857652e+00
3.950000000000000e-01 4.762501707502353e-01 1.002705397516817e+00
4.000000000000000e-01 4.887740543308307e-01 1.002878544862973e+00
4.050000000000000e-01 5.016034376063282e-01 1.003062417820894e+00
4.100000000000000e-01 5.147463393589066e-01 1.003257514446734e+00
4.150000000000000e-01 5.282109743299990e-01 1.003464330181116e+00
4.200000000000000e-01 5.420057583547735e-01 1.003683327473237e+00
4.250000000000000e-01 5.561393136223041e-01 1.003914917452720e+00
4.300000000000000e-01 5.706204740647189e-01 1.004159472836269e+00
4.350000000000000e-01 5.854582908786964e-01 1.004417269015617e+00
4.400000000000000e-01 6.006620381827575e-01 1.004688491063665e+00
4.450000000000000e-01 6.162412188138907e-01 1.004973208113989e+00
4.500000000000000e-01 6.322055702671360e-01 1.005271312078814e+00
4.550000000000000e-01 6.485650707818353e-01 1.005582531500967e+00
4.600000000000000e-01 6.653299455783577e-01 1.005906363945239e+00
4.650000000000000e-01 6.825106732491932e-01 1.006242029562163e+00
4.700000000000000e-01 7.001179923084168e-01 1.006588472702634e+00
4.750000000000000e-01 7.181629079036070e-01 1.006944267883237e+00
4.800000000000000e-01 7.366566986944229e-01 1.007307595137505e+00
4.850000000000000e-01 7.556109239021327e-01 1.007676228913603e+00
4.900000000000000e-01 7.750374305345038e-01 1.008047445065304e+00
4.950000000000000e-01 7.949483607905672e-01 1.008418030321878e+00
5.000000000000000e-01 8.153561596498893e-01 1.008784287206375e+00
5.050000000000000e-01 8.362735826510871e-01 1.009141982861302e+00
5.100000000000000e-01 8.577137038644561e-01 1.009486424873366e+00
5.150000000000000e-01 8.796899240636907e-01 1.009812540908337e+00
5.200000000000000e-01 9.022159791018011e-01 1.010114927539891e+00
5.250000000000000e-01 9.253059484964714e-01 1.010388045186651e+00
5.300000000000000e-01 9.489742642302165e-01 1.010626445935360e+00
5.350000000000000e-01 9.732357197708378e-01 1.010824981362318e+00
5.400000000000000e-01 9.981054793178262e-01 1.010979147096140e+00
5.450000000000000e-01 1.023599087280478e+00 1.011085482499244e+00
5.500000000000000e-01 1.049732477993657e+00 1.011141926538911e+00
5.550000000000000e-01 1.076521985677273e+00 1.011148235535858e+00
5.600000000000001e-01 1.103984354645701e+00 1.011106420379017e+00
5.650000000000001e-01 1.132136749773522e+00 1.011021071407350e+00
5.700000000000001e-01 1.160996767224129e+00 1.010899598566032e+00
5.750000000000001e-01 1.190582445447902e+00 1.010752383217749e+00
5.800000000000000e-01 1.220912276456826e+00 1.010592739394819e+00
5.850000000000000e-01 1.252005217382601e+00 1.010436675101352e+00
5.900000000000000e-01 1.283880702325469e+00 1.010302482787454e+00
5.950000000000000e-01 1.316558654501151e+00 1.010210129838530e+00
6.000000000000000e-01 1.350059498693518e+00 1.010180476542001e+00
6.050000000000000e-01 1.384404174020732e+00 1.010234410374425e+00
6.100000000000000e-01 1.419614147022888e+00 1.010391923082026e+00
6.150000000000000e-01 1.455711425079295e+00 1.010671143491216e+00
6.200000000000000e-01 1.492718570163803e+00 1.011087430763814e+00
6.250000000000000e-01 1.530658712946775e+00 1.011652634644699e+00
6.300000000000000e-01 1.569555567252506e+00 1.012374517284736e+00
6.350000000000000e-01 1.609433444881138e+00 1.013256291120161e+00
6.400000000000000e-01 1.650317270804325e+00 1.014296301609120e+00
6.450000000000000e-01 1.692232598744148e+00 1.015487922854968e+00
6.500000000000000e-01 1.735205627145031e+00 1.016819666164787e+00
6.550000000000000e-01 1.779263215548615e+00 1.018275421499836e+00
6.600000000000000e-01 1.824432901381847e+00 1.019834757267431e+00
6.650000000000000e-01 1.870742917168772e+00 1.021473264377544e+00
6.700000000000000e-01 1.918222208176775e+00 1.023162965186924e+00
6.750000000000000e-01 1.966900450508319e+00 1.024872802336515e+00
6.800000000000000e-01 2.016808069649473e+00 1.026569206217520e+00
6.850000000000001e-01 2.067976259486829e+00 1.028216738236091e+00
6.900000000000001e-01 2.120437001804702e+00 1.029778829675312e+00
6.950000000000001e-01 2.174223086274785e+00 1.031218663054800e+00
7.000000000000001e-01 2.229368130950753e+00 1.032500262198361e+00
7.050000000000000e-01 2.285906603280654e+00 1.033589864113848e+00
7.100000000000000e-01 2.343873841650178e+00 1.034457633103615e+00
7.150000000000000e-01 2.403306077470301e+00 1.035079739462885e+00
7.200000000000000e-01 2.464240457823092e+00 1.035440747999622e+00
7.250000000000000e-01 2.526715068679855e+00 1.035536136175466e+00
7.300000000000000e-01 2.590768958706095e+00 1.035374593984276e+00
7.350000000000000e-01 2.656442163668210e+00 1.034979584614456e+00
7.400000000000000e-01 2.723775731457148e+00 1.034389539711075e+00
7.450000000000000e-01 2.792811747744667e+00 1.033656116633522e+00
7.500000000000000e-01 2.863593362288260e+00 1.032840222044481e+00
7.550000000000000e-01 2.936164815901156e+00 1.032005991626026e+00
7.600000000000000e-01 3.010571468104263e+00 1.031213490639113e+00
7.650000000000000e-01 3.086859825477351e+00 1.030511372571724e+00
7.700000000000000e-01 3.165077570727174e+00 1.029930919966039e+00
7.750000000000000e-01 3.245273592490716e+00 1.029482703720387e+00
7.800000000000000e-01 3.327498015892184e+00 1.029156577883265e+00
7.850000000000000e-01 3.411802233872832e+00 1.028925022973596e+00
7.900000000000000e-01 3.498238939313234e+00 1.028749146072596e+00
7.950000000000000e-01 3.586862157968046e+00 1.028586103163515e+00
8.000000000000000e-01 3.677727282233856e+00 1.028396444146174e+00
8.050000000000000e-01 3.770891105771243e+00 1.028149955747625e+00
8.100000000000001e-01 3.866411859002656e+00 1.027828988526809e+00
8.150000000000001e-01 3.964349245508326e+00 1.027428910579254e+00
8.200000000000001e-01 4.064764479342956e+00 1.026956052006022e+00
8.250000000000001e-01 4.167720323296481e+00 1.026424067572227e+00
8.300000000000001e-01 4.273281128122877e+00 1.025849874917052e+00
8.350000000000000e-01 4.381512872761445e+00 1.025250178820249e+00
8.400000000000000e-01 4.492483205575838e+00 1.024639176565546e+00
8.450000000000000e-01 4.606261486636447e+00 1.024027553426550e+00
8.500000000000000e-01 4.722918831072739e+00 1.023422505711817e+00
8.550000000000000e-01 4.842528153522501e+00 1.022828363910870e+00
8.600000000000000e-01 4.965164213705875e+00 1.022247414103087e+00
8.650000000000000e-01 5.090903663152626e+00 1.021680648680069e+00
8.700000000000000e-01 5.219825093111814e+00 1.021128327031248e+00
8.750000000000000e-01 5.352009083673925e+00 1.020590336124203e+00
8.800000000000000e-01 5.487538254136007e+00 1.020066394847377e+00
8.850000000000000e-01 5.626497314641444e+00 1.019556157246682e+00
8.900000000000000e-01 5.768973119126561e+00 1.019059259272456e+00
8.950000000000000e-01 5.915054719607133e+00 1.018575337741203e+00
9.000000000000000e-01 6.064833421838831e+00 1.018104037138996e+00
9.050000000000000e-01 6.218402842386253e+00 1.017645011664881e+00
9.100000000000000e-01 6.375858967136348e+00 1.017197925604542e+00
9.150000000000000e-01 6.537300211292723e+00 1.016762453182534e+00
9.200000000000000e-01 6.702827480888332e+00 1.016338278274560e+00
9.250000000000000e-01 6.872544235855034e+00 1.015925094093226e+00
9.300000000000000e-01 7.046556554689444e+00 1.015522602877321e+00
9.350000000000001e-01 7.224973200755413e+00 1.015130515591445e+00
9.400000000000001e-01 7.407905690264673e+00 1.014748551637021e+00
9.450000000000001e-01 7.595468361978146e+00 1.014376438574488e+00
9.500000000000001e-01 7.787778448671316e+00 1.014013911856194e+00
9.550000000000001e-01 7.984956150408610e+00 1.013660714569523e+00
9.600000000000000e-01 8.187124709672272e+00 1.013316597189782e+00
9.650000000000000e-01 8.394410488393007e+00 1.012981317342422e+00
9.700000000000000e-01 8.606943046930221e+00 1.012654639574163e+00
9.750000000000000e-01 8.824855225051540e+00 1.012336335132642e+00
9.800000000000000e-01 9.048283224961922e+00 1.012026181754192e+00
9.850000000000000e-01 9.277366696434507e+00 1.011723963459417e+00
9.900000000000000e-01 9.512248824096272e+00 1.011429470356216e+00
9.950000000000000e-01 9.753076416923058e+00 1.011142498449928e+00
1.000000000000000e+00 1.000000000000000e+01 1.010862849460310e+00
