0.000000000000000e+00 0.000000000000000e+00 1.000000000000000e+00
5.000000000000000e-03 3.369477419287315e-03 1.000000000007206e+00
1.000000000000000e-02 6.741060871647481e-03 1.000000000019338e+00
1.500000000000000e-02 1.011685770649257e-02 1.000000000021099e+00
2.000000000000000e-02 1.349897790673588e-02 1.000000000034990e+00
2.500000000000000e-02 1.688953540759990e-02 1.000000000067223e+00
3.000000000000000e-02 2.029064941789469e-02 1.000000000092410e+00
3.500000000000000e-02 2.370444574459234e-02 1.000000000107006e+00
4.000000000000000e-02 2.713305812152553e-02 1.000000000137220e+00
4.500000000000000e-02 3.057862954304063e-02 1.000000000185989e+00
5.000000000000000e-02 3.404331360343898e-02 1.000000000242337e+00
5.500000000000000e-02 3.752927584304335e-02 1.000000000313008e+00
6.000000000000000e-02 4.103869510173117e-02 1.000000000385488e+00
6.500000000000000e-02 4.457376488078044e-02 1.000000000465532e+00
7.000000000000001e-02 4.813669471387935e-02 1.000000000559864e+00
7.500000000000000e-02 5.172971154815675e-02 1.000000000649654e+00
8.000000000000000e-02 5.535506113609672e-02 1.000000000745940e+00
8.500000000000001e-02 5.901500943920686e-02 1.000000000844579e+00
9.000000000000000e-02 6.271184404431801e-02 1.000000000964043e+00
9.500000000000000e-02 6.644787559340060e-02 1.000000001099065e+00
1.000000000000000e-01 7.022543922779090e-02 1.000000001235656e+00
1.050000000000000e-01 7.404689604773053e-02 1.000000001371291e+00
1.100000000000000e-01 7.791463458813094e-02 1.000000001516897e+00
1.150000000000000e-01 8.183107231148547e-02 1.000000001677888e+00
1.200000000000000e-01 8.579865711886202e-02 1.000000001850169e+00
1.250000000000000e-01 8.981986887992111e-02 1.000000002039330e+00
1.300000000000000e-01 9.389722098291493e-02 1.000000002240701e+00
1.350000000000000e-01 9.803326190563690e-02 1.000000002440637e+00
1.400000000000000e-01 1.022305768083033e-01 1.000000002664736e+00
1.450000000000000e-01 1.064917891493625e-01 1.000000002896829e+00
1.500000000000000e-01 1.108195623252418e-01 1.000000003156569e+00
1.550000000000000e-01 1.152166013350572e-01 1.000000003462552e+00
1.600000000000000e-01 1.196856544713255e-01 1.000000003790157e+00
1.650000000000000e-01 1.242295150377370e-01 1.000000004147557e+00
1.700000000000000e-01 1.288510230950609e-01 1.000000004529572e+00
1.750000000000000e-01 1.335530672362758e-01 1.000000004939171e+00
1.800000000000000e-01 1.383385863920344e-01 1.000000005371620e+00
1.850000000000000e-01 1.432105716675912e-01 1.000000005835442e+00
1.900000000000000e-01 1.481720682123397e-01 1.000000006331678e+00
1.950000000000000e-01 1.532261771231311e-01 1.000000006871601e+00
2.000000000000000e-01 1.583760573825595e-01 1.000000007457112e+00
2.050000000000000e-01 1.636249278334301e-01 1.000000008073799e+00
2.100000000000000e-01 1.689760691906397e-01 1.000000008722729e+00
2.150000000000000e-01 1.744328260917313e-01 1.000000009454926e+00
2.200000000000000e-01 1.799986091874004e-01 1.000000010260998e+00
2.250000000000000e-01 1.856768972732633e-01 1.000000011141800e+00
2.300000000000000e-01 1.914712394642179e-01 1.000000012094835e+00
2.350000000000000e-01 1.973852574127551e-01 1.000000013133450e+00
2.400000000000000e-01 2.034226475726105e-01 1.000000014289771e+00
2.450000000000000e-01 2.095871835091678e-01 1.000000015536634e+00
2.500000000000000e-01 2.158827182580599e-01 1.000000016901620e+00
2.550000000000000e-01 2.223131867334419e-01 1.000000018400218e+00
2.600000000000000e-01 2.288826081874405e-01 1.000000020007821e+00
2.650000000000000e-01 2.355950887223172e-01 1.000000021748792e+00
2.700000000000000e-01 2.424548238569160e-01 1.000000023710331e+00
2.750000000000000e-01 2.494661011489995e-01 1.000000025881764e+00
2.800000000000000e-01 2.566333028751116e-01 1.000000028291515e+00
2.850000000000000e-01 2.639609087696434e-01 1.000000030943367e+00
2.900000000000000e-01 2.714534988248126e-01 1.000000033887997e+00
2.950000000000000e-01 2.791157561533084e-01 1.000000037178767e+00
3.000000000000000e-01 2.869524699153886e-01 1.000000040803074e+00
3.050000000000000e-01 2.949685383122613e-01 1.000000044824217e+00
3.100000000000000e-01 3.031689716476197e-01 1.000000049318606e+00
3.150000000000000e-01 3.115588954592450e-01 1.000000054370133e+00
3.200000000000000e-01 3.201435537226349e-01 1.000000060006983e+00
3.250000000000000e-01 3.289283121286580e-01 1.000000066378967e+00
3.300000000000000e-01 3.379186614372866e-01 1.000000073523877e+00
3.350000000000000e-01 3.471202209094989e-01 1.000000081491854e+00
3.400000000000000e-01 3.565387418195016e-01 1.000000090490605e+00
3.450000000000000e-01 3.661801110494620e-01 1.000000100767172e+00
3.500000000000000e-01 3.760503547690021e-01 1.000000112456239e+00
3.550000000000000e-01 3.861556422017504e-01 1.000000125650378e+00
3.600000000000000e-01 3.965022894813072e-01 1.000000140669565e+00
3.650000000000000e-01 4.070967635990345e-01 1.000000157808196e+00
3.700000000000000e-01 4.179456864461349e-01 1.000000177469324e+00
3.750000000000000e-01 4.290558389525505e-01 1.000000200001552e+00
3.800000000000000e-01 4.404341653252637e-01 1.000000225894816e+00
3.850000000000000e-01 4.520877773886537e-01 1.000000255750010e+00
3.900000000000000e-01 4.640239590296172e-01 1.000000290176760e+00
3.950000000000000e-01 4.762501707502353e-01 1.000000330026191e+00
4.000000000000000e-01 4.887740543308307e-01 1.000000376234072e+00
4.050000000000000e-01 5.016034376063282e-01 1.000000430020672e+00
4.100000000000000e-01 5.147463393589066e-01 1.000000492739718e+00
4.150000000000000e-01 5.282109743299990e-01 1.000000566133929e+00
4.200000000000000e-01 5.420057583547735e-01 1.000000652111693e+00
4.250000000000000e-01 5.561393136223041e-01 1.000000753064470e+00
4.300000000000000e-01 5.706204740647189e-01 1.000000872057921e+00
4.350000000000000e-01 5.854582908786964e-01 1.000001012477800e+00
4.400000000000000e-01 6.006620381827575e-01 1.000001178820698e+00
4.450000000000000e-01 6.162412188138907e-01 1.000001376163369e+00
4.500000000000000e-01 6.322055702671360e-01 1.000001611043935e+00
4.550000000000000e-01 6.485650707818353e-01 1.000001891456465e+00
4.600000000000000e-01 6.653299455783577e-01 1.000002226594471e+00
4.650000000000000e-01 6.825106732491932e-01 1.000002628569469e+00
4.700000000000000e-01 7.001179923084168e-01 1.000003111721874e+00
4.750000000000000e-01 7.181629079036070e-01 1.000003694045311e+00
4.800000000000000e-01 7.366566986944229e-01 1.000004397646299e+00
4.850000000000000e-01 7.556109239021327e-01 1.000005249385658e+00
4.900000000000000e-01 7.750374305345038e-01 1.000006283640459e+00
4.950000000000000e-01 7.949483607905672e-01 1.000007541781296e+00
5.000000000000000e-01 8.153561596498893e-01 1.000009075974400e+00
5.050000000000000e-01 8.362735826510871e-01 1.000010951292872e+00
5.100000000000000e-01 8.577137038644561e-01 1.000013247400463e+00
5.150000000000000e-01 8.796899240636907e-01 1.000016065620126e+00
5.200000000000000e-01 9.022159791018011e-01 1.000019530532974e+00
5.250000000000000e-01 9.253059484964714e-01 1.000023797842798e+00
5.300000000000000e-01 9.489742642302165e-01 1.000029063645638e+00
5.350000000000000e-01 9.732357197708378e-01 1.000035569335571e+00
5.400000000000000e-01 9.981054793178262e-01 1.000043618918811e+00
5.450000000000000e-01 1.023599087280478e+00 1.000053591001816e+00
5.500000000000000e-01 1.049732477993657e+00 1.000065953616305e+00
5.550000000000000e-01 1.076521985677273e+00 1.000081293822979e+00
5.600000000000001e-01 1.103984354645701e+00 1.000100336063338e+00
5.650000000000001e-01 1.132136749773522e+00 1.000123974455576e+00
5.700000000000001e-01 1.160996767224129e+00 1.000153317845736e+00
5.750000000000001e-01 1.190582445447902e+00 1.000189719102414e+00
5.800000000000000e-01 1.220912276456826e+00 1.000234829458678e+00
5.850000000000000e-01 1.252005217382601e+00 1.000290658673925e+00
5.900000000000000e-01 1.283880702325469e+00 1.000359611016533e+00
5.950000000000000e-01 1.316558654501151e+00 1.000444550537109e+00
6.000000000000000e-01 1.350059498693518e+00 1.000548855654354e+00
6.050000000000000e-01 1.384404174020732e+00 1.000676422290407e+00
6.100000000000000e-01 1.419614147022888e+00 1.000831678886402e+00
6.150000000000000e-01 1.455711425079295e+00 1.001019552897062e+00
6.200000000000000e-01 1.492718570163803e+00 1.001245315961723e+00
6.250000000000000e-01 1.530658712946775e+00 1.001514377995455e+00
6.300000000000000e-01 1.569555567252506e+00 1.001831968354171e+00
6.350000000000000e-01 1.609433444881138e+00 1.002202581556478e+00
6.400000000000000e-01 1.650317270804325e+00 1.002629268515195e+00
6.450000000000000e-01 1.692232598744148e+00 1.003112789864748e+00
6.500000000000000e-01 1.735205627145031e+00 1.003650520759643e+00
6.550000000000000e-01 1.779263215548615e+00 1.004235244643396e+00
6.600000000000000e-01 1.824432901381847e+00 1.004854106789830e+00
6.650000000000000e-01 1.870742917168772e+00 1.005487863794978e+00
6.700000000000000e-01 1.918222208176775e+00 1.006110742846365e+00
6.750000000000000e-01 1.966900450508319e+00 1.006691533543587e+00
6.800000000000000e-01 2.016808069649473e+00 1.007196370117405e+00
6.850000000000001e-01 2.067976259486829e+00 1.007593239677996e+00
6.900000000000001e-01 2.120437001804702e+00 1.007857889284901e+00
6.950000000000001e-01 2.174223086274785e+00 1.007980231384227e+00
7.000000000000001e-01 2.229368130950753e+00 1.007969643276823e+00
7.050000000000000e-01 2.285906603280654e+00 1.007857416518283e+00
7.100000000000000e-01 2.343873841650178e+00 1.007695281283691e+00
7.150000000000000e-01 2.403306077470301e+00 1.007549974756033e+00
7.200000000000000e-01 2.464240457823092e+00 1.007494832013005e+00
7.250000000000000e-01 2.526715068679855e+00 1.007600137063716e+00
7.300000000000000e-01 2.590768958706095e+00 1.007924207421936e+00
7.350000000000000e-01 2.656442163668210e+00 1.008506755681759e+00
7.400000000000000e-01 2.723775731457148e+00 1.009365234868554e+00
7.450000000000000e-01 2.792811747744667e+00 1.010494068834495e+00
7.500000000000000e-01 2.863593362288260e+00 1.011866156544427e+00
7.550000000000000e-01 2.936164815901156e+00 1.013435847064367e+00
7.600000000000000e-01 3.010571468104263e+00 1.015142636032370e+00
7.650000000000000e-01 3.086859825477351e+00 1.016915044723439e+00
7.700000000000000e-01 3.165077570727174e+00 1.018674419499541e+00
7.750000000000000e-01 3.245273592490716e+00 1.020338682547421e+00
7.800000000000000e-01 3.327498015892184e+00 1.021826405601959e+00
7.850000000000000e-01 3.411802233872832e+00 1.023061942613008e+00
7.900000000000000e-01 3.498238939313234e+00 1.023982477210210e+00
7.950000000000000e-01 3.586862157968046e+00 1.024547244230922e+00
8.000000000000000e-01 3.677727282233856e+00 1.024747617768937e+00
8.050000000000000e-01 3.770891105771243e+00 1.024614744860008e+00
8.100000000000001e-01 3.866411859002656e+00 1.024220306282360e+00
8.150000000000001e-01 3.964349245508326e+00 1.023667173384238e+00
8.200000000000001e-01 4.064764479342956e+00 1.023070319739332e+00
8.250000000000001e-01 4.167720323296481e+00 1.022532713030594e+00
8.300000000000001e-01 4.273281128122877e+00 1.022123650780465e+00
8.350000000000000e-01 4.381512872761445e+00 1.021866575698982e+00
8.400000000000000e-01 4.492483205575838e+00 1.021740031377453e+00
8.450000000000000e-01 4.606261486636447e+00 1.021690684091765e+00
8.500000000000000e-01 4.722918831072739e+00 1.021653220538828e+00
8.550000000000000e-01 4.842528153522501e+00 1.021570009404496e+00
8.600000000000000e-01 4.965164213705875e+00 1.021404356826545e+00
8.650000000000000e-01 5.090903663152626e+00 1.021144451455007e+00
8.700000000000000e-01 5.219825093111814e+00 1.020799058998742e+00
8.750000000000000e-01 5.352009083673925e+00 1.020388787993315e+00
8.800000000000000e-01 5.487538254136007e+00 1.019937242357291e+00
8.850000000000000e-01 5.626497314641444e+00 1.019464927043868e+00
8.900000000000000e-01 5.768973119126561e+00 1.018986650280881e+00
8.950000000000000e-01 5.915054719607133e+00 1.018511593483189e+00
9.000000000000000e-01 6.064833421838831e+00 1.018044685491332e+00
9.050000000000000e-01 6.218402842386253e+00 1.017588181430025e+00
9.100000000000000e-01 6.375858967136348e+00 1.017142890910682e+00
9.150000000000000e-01 6.537300211292723e+00 1.016708941499556e+00
9.200000000000000e-01 6.702827480888332e+00 1.016286179144624e+00
9.250000000000000e-01 6.872544235855034e+00 1.015874349859747e+00
9.300000000000000e-01 7.046556554689444e+00 1.015473171974739e+00
9.350000000000001e-01 7.224973200755413e+00 1.015082361453113e+00
9.400000000000001e-01 7.407905690264673e+00 1.014701639660214e+00
9.450000000000001e-01 7.595468361978146e+00 1.014330735352690e+00
9.500000000000001e-01 7.787778448671316e+00 1.013969384984561e+00
9.550000000000001e-01 7.984956150408610e+00 1.013617332581381e+00
9.600000000000000e-01 8.187124709672272e+00 1.013274329520854e+00
9.650000000000000e-01 8.394410488393007e+00 1.012940134301068e+00
9.700000000000000e-01 8.606943046930221e+00 1.012614512313513e+00
9.750000000000000e-01 8.824855225051540e+00 1.012297235623859e+00
9.800000000000000e-01 9.048283224961922e+00 1.011988082760742e+00
9.850000000000000e-01 9.277366696434507e+00 1.011686838512271e+00
9.900000000000000e-01 9.512248824096272e+00 1.011393293729940e+00
9.950000000000000e-01 9.753076416923058e+00 1.011107245139640e+00
1.000000000000000e+00 1.000000000000000e+01 1.010828495159500e+00
