0.000000000000000e+00 0.000000000000000e+00 1.000000000000000e+00
5.000000000000000e-03 3.369477419287315e-03 1.000000000006794e+00
1.000000000000000e-02 6.741060871647481e-03 1.000000000045906e+00
1.500000000000000e-02 1.011685770649257e-02 1.000000000039460e+00
2.000000000000000e-02 1.349897790673588e-02 1.000000000040429e+00
2.500000000000000e-02 1.688953540759990e-02 1.000000000036228e+00
3.000000000000000e-02 2.029064941789469e-02 1.000000000034832e+00
3.500000000000000e-02 2.370444574459234e-02 1.000000000034492e+00
4.000000000000000e-02 2.713305812152553e-02 1.000000000034197e+00
4.500000000000000e-02 3.057862954304063e-02 1.000000000034670e+00
5.000000000000000e-02 3.404331360343898e-02 1.000000000033916e+00
5.500000000000000e-02 3.752927584304335e-02 1.000000000033486e+00
6.000000000000000e-02 4.103869510173117e-02 1.000000000034172e+00
6.500000000000000e-02 4.457376488078044e-02 1.000000000035810e+00
7.000000000000001e-02 4.813669471387935e-02 1.000000000037623e+00
7.500000000000000e-02 5.172971154815675e-02 1.000000000039638e+00
8.000000000000000e-02 5.535506113609672e-02 1.000000000043413e+00
8.500000000000001e-02 5.901500943920686e-02 1.000000000046390e+00
9.000000000000000e-02 6.271184404431801e-02 1.000000000048357e+00
9.500000000000000e-02 6.644787559340060e-02 1.000000000050989e+00
1.000000000000000e-01 7.022543922779090e-02 1.000000000055036e+00
1.050000000000000e-01 7.404689604773053e-02 1.000000000059182e+00
1.100000000000000e-01 7.791463458813094e-02 1.000000000063314e+00
1.150000000000000e-01 8.183107231148547e-02 1.000000000068538e+00
1.200000000000000e-01 8.579865711886202e-02 1.000000000075921e+00
1.250000000000000e-01 8.981986887992111e-02 1.000000000083872e+00
1.300000000000000e-01 9.389722098291493e-02 1.000000000092717e+00
1.350000000000000e-01 9.803326190563690e-02 1.000000000103113e+00
1.400000000000000e-01 1.022305768083033e-01 1.000000000114551e+00
1.450000000000000e-01 1.064917891493625e-01 1.000000000126283e+00
1.500000000000000e-01 1.108195623252418e-01 1.000000000135098e+00
1.550000000000000e-01 1.152166013350572e-01 1.000000000144553e+00
1.600000000000000e-01 1.196856544713255e-01 1.000000000157939e+00
1.650000000000000e-01 1.242295150377370e-01 1.000000000170792e+00
1.700000000000000e-01 1.288510230950609e-01 1.000000000184269e+00
1.750000000000000e-01 1.335530672362758e-01 1.000000000199871e+00
1.800000000000000e-01 1.383385863920344e-01 1.000000000212855e+00
1.850000000000000e-01 1.432105716675912e-01 1.000000000223501e+00
1.900000000000000e-01 1.481720682123397e-01 1.000000000236474e+00
1.950000000000000e-01 1.532261771231311e-01 1.000000000252373e+00
2.000000000000000e-01 1.583760573825595e-01 1.000000000267982e+00
2.050000000000000e-01 1.636249278334301e-01 1.000000000284627e+00
2.100000000000000e-01 1.689760691906397e-01 1.000000000306242e+00
2.150000000000000e-01 1.744328260917313e-01 1.000000000333840e+00
2.200000000000000e-01 1.799986091874004e-01 1.000000000363121e+00
2.250000000000000e-01 1.856768972732633e-01 1.000000000392632e+00
2.300000000000000e-01 1.914712394642179e-01 1.000000000422355e+00
2.350000000000000e-01 1.973852574127551e-01 1.000000000453483e+00
2.400000000000000e-01 2.034226475726105e-01 1.000000000487812e+00
2.450000000000000e-01 2.095871835091678e-01 1.000000000520828e+00
2.500000000000000e-01 2.158827182580599e-01 1.000000000554928e+00
2.550000000000000e-01 2.223131867334419e-01 1.000000000596953e+00
2.600000000000000e-01 2.288826081874405e-01 1.000000000639650e+00
2.650000000000000e-01 2.355950887223172e-01 1.000000000682771e+00
2.700000000000000e-01 2.424548238569160e-01 1.000000000732306e+00
2.750000000000000e-01 2.494661011489995e-01 1.000000000783865e+00
2.800000000000000e-01 2.566333028751116e-01 1.000000000845295e+00
2.850000000000000e-01 2.639609087696434e-01 1.000000000915337e+00
2.900000000000000e-01 2.714534988248126e-01 1.000000000986143e+00
2.950000000000000e-01 2.791157561533084e-01 1.000000001061319e+00
3.000000000000000e-01 2.869524699153886e-01 1.000000001143779e+00
3.050000000000000e-01 2.949685383122613e-01 1.000000001232392e+00
3.100000000000000e-01 3.031689716476197e-01 1.000000001330510e+00
3.150000000000000e-01 3.115588954592450e-01 1.000000001438398e+00
3.200000000000000e-01 3.201435537226349e-01 1.000000001556375e+00
3.250000000000000e-01 3.289283121286580e-01 1.000000001692643e+00
3.300000000000000e-01 3.379186614372866e-01 1.000000001840417e+00
3.350000000000000e-01 3.471202209094989e-01 1.000000002001121e+00
3.400000000000000e-01 3.565387418195016e-01 1.000000002180143e+00
3.450000000000000e-01 3.661801110494620e-01 1.000000002379621e+00
3.500000000000000e-01 3.760503547690021e-01 1.000000002600141e+00
3.550000000000000e-01 3.861556422017504e-01 1.000000002860835e+00
3.600000000000000e-01 3.965022894813072e-01 1.000000003158932e+00
3.650000000000000e-01 4.070967635990345e-01 1.000000003472599e+00
3.700000000000000e-01 4.179456864461349e-01 1.000000003822266e+00
3.750000000000000e-01 4.290558389525505e-01 1.000000004225809e+00
3.800000000000000e-01 4.404341653252637e-01 1.000000004702114e+00
3.850000000000000e-01 4.520877773886537e-01 1.000000005241295e+00
3.900000000000000e-01 4.640239590296172e-01 1.000000005857623e+00
3.950000000000000e-01 4.762501707502353e-01 1.000000006572122e+00
4.000000000000000e-01 4.887740543308307e-01 1.000000007394013e+00
4.050000000000000e-01 5.016034376063282e-01 1.000000008354754e+00
4.100000000000000e-01 5.147463393589066e-01 1.000000009467664e+00
4.150000000000000e-01 5.282109743299990e-01 1.000000010785726e+00
4.200000000000000e-01 5.420057583547735e-01 1.000000012332338e+00
4.250000000000000e-01 5.561393136223041e-01 1.000000014163383e+00
4.300000000000000e-01 5.706204740647189e-01 1.000000016337057e+00
4.350000000000000e-01 5.854582908786964e-01 1.000000018908055e+00
4.400000000000000e-01 6.006620381827575e-01 1.000000022013409e+00
4.450000000000000e-01 6.162412188138907e-01 1.000000025744778e+00
4.500000000000000e-01 6.322055702671360e-01 1.000000030268141e+00
4.550000000000000e-01 6.485650707818353e-01 1.000000035761550e+00
4.600000000000000e-01 6.653299455783577e-01 1.000000042440607e+00
4.650000000000000e-01 6.825106732491932e-01 1.000000050620638e+00
4.700000000000000e-01 7.001179923084168e-01 1.000000060682554e+00
4.750000000000000e-01 7.181629079036070e-01 1.000000073158410e+00
4.800000000000000e-01 7.366566986944229e-01 1.000000088604647e+00
4.850000000000000e-01 7.556109239021327e-01 1.000000107871432e+00
4.900000000000000e-01 7.750374305345038e-01 1.000000132002900e+00
4.950000000000000e-01 7.949483607905672e-01 1.000000162283412e+00
5.000000000000000e-01 8.153561596498893e-01 1.000000200573342e+00
5.050000000000000e-01 8.362735826510871e-01 1.000000249043058e+00
5.100000000000000e-01 8.577137038644561e-01 1.000000310730972e+00
5.150000000000000e-01 8.796899240636907e-01 1.000000389554621e+00
5.200000000000000e-01 9.022159791018011e-01 1.000000490514221e+00
5.250000000000000e-01 9.253059484964714e-01 1.000000620559982e+00
5.300000000000000e-01 9.489742642302165e-01 1.000000788400370e+00
5.350000000000000e-01 9.732357197708378e-01 1.000001005886482e+00
5.400000000000000e-01 9.981054793178262e-01 1.000001288797131e+00
5.450000000000000e-01 1.023599087280478e+00 1.000001657544688e+00
5.500000000000000e-01 1.049732477993657e+00 1.000002140162931e+00
5.550000000000000e-01 1.076521985677273e+00 1.000002773334338e+00
5.600000000000001e-01 1.103984354645701e+00 1.000003605995278e+00
5.650000000000001e-01 1.132136749773522e+00 1.000004704553775e+00
5.700000000000001e-01 1.160996767224129e+00 1.000006156249684e+00
5.750000000000001e-01 1.190582445447902e+00 1.000008078874925e+00
5.800000000000000e-01 1.220912276456826e+00 1.000010630545085e+00
5.850000000000000e-01 1.252005217382601e+00 1.000014020443250e+00
5.900000000000000e-01 1.283880702325469e+00 1.000018530673090e+00
5.950000000000000e-01 1.316558654501151e+00 1.000024536979006e+00
6.000000000000000e-01 1.350059498693518e+00 1.000032536774478e+00
6.050000000000000e-01 1.384404174020732e+00 1.000043194885603e+00
6.100000000000000e-01 1.419614147022888e+00 1.000057388264714e+00
6.150000000000000e-01 1.455711425079295e+00 1.000076267408782e+00
6.200000000000000e-01 1.492718570163803e+00 1.000101344654398e+00
6.250000000000000e-01 1.530658712946775e+00 1.000134580065610e+00
6.300000000000000e-01 1.569555567252506e+00 1.000178489641628e+00
6.350000000000000e-01 1.609433444881138e+00 1.000236285441282e+00
6.400000000000000e-01 1.650317270804325e+00 1.000311994307806e+00
6.450000000000000e-01 1.692232598744148e+00 1.000410570902174e+00
6.500000000000000e-01 1.735205627145031e+00 1.000538009599907e+00
6.550000000000000e-01 1.779263215548615e+00 1.000701350091323e+00
6.600000000000000e-01 1.824432901381847e+00 1.000908540107965e+00
6.650000000000000e-01 1.870742917168772e+00 1.001168148597120e+00
6.700000000000000e-01 1.918222208176775e+00 1.001488761983554e+00
6.750000000000000e-01 1.966900450508319e+00 1.001877932925853e+00
6.800000000000000e-01 2.016808069649473e+00 1.002340723794575e+00
6.850000000000001e-01 2.067976259486829e+00 1.002877816926948e+00
6.900000000000001e-01 2.120437001804702e+00 1.003483160032683e+00
6.950000000000001e-01 2.174223086274785e+00 1.004141483642754e+00
7.000000000000001e-01 2.229368130950753e+00 1.004826396820506e+00
7.050000000000000e-01 2.285906603280654e+00 1.005500011948032e+00
7.100000000000000e-01 2.343873841650178e+00 1.006115374304189e+00
7.150000000000000e-01 2.403306077470301e+00 1.006622866926565e+00
7.200000000000000e-01 2.464240457823092e+00 1.006980489945193e+00
7.250000000000000e-01 2.526715068679855e+00 1.007165887906225e+00
7.300000000000000e-01 2.590768958706095e+00 1.007186478761410e+00
7.350000000000000e-01 2.656442163668210e+00 1.007083921048760e+00
7.400000000000000e-01 2.723775731457148e+00 1.006930636687490e+00
7.450000000000000e-01 2.792811747744667e+00 1.006818751313068e+00
7.500000000000000e-01 2.863593362288260e+00 1.006844450992267e+00
7.550000000000000e-01 2.936164815901156e+00 1.007092037065630e+00
7.600000000000000e-01 3.010571468104263e+00 1.007621410620834e+00
7.650000000000000e-01 3.086859825477351e+00 1.008460965637263e+00
7.700000000000000e-01 3.165077570727174e+00 1.009605961621521e+00
7.750000000000000e-01 3.245273592490716e+00 1.011021145716328e+00
7.800000000000000e-01 3.327498015892184e+00 1.012645938073773e+00
7.850000000000000e-01 3.411802233872832e+00 1.014400669617599e+00
7.900000000000000e-01 3.498238939313234e+00 1.016192803365577e+00
7.950000000000000e-01 3.586862157968046e+00 1.017922651478579e+00
8.000000000000000e-01 3.677727282233856e+00 1.019488976085726e+00
8.050000000000000e-01 3.770891105771243e+00 1.020795936112017e+00
8.100000000000001e-01 3.866411859002656e+00 1.021763285844142e+00
8.150000000000001e-01 3.964349245508326e+00 1.022340374152994e+00
8.200000000000001e-01 4.064764479342956e+00 1.022521112752351e+00
8.250000000000001e-01 4.167720323296481e+00 1.022353455889675e+00
8.300000000000001e-01 4.273281128122877e+00 1.021936165858309e+00
8.350000000000000e-01 4.381512872761445e+00 1.021399640332265e+00
8.400000000000000e-01 4.492483205575838e+00 1.020874872327302e+00
8.450000000000000e-01 4.606261486636447e+00 1.020460961827056e+00
8.500000000000000e-01 4.722918831072739e+00 1.020203115747042e+00
8.550000000000000e-01 4.842528153522501e+00 1.020088879629144e+00
8.600000000000000e-01 4.965164213705875e+00 1.020062709196944e+00
8.650000000000000e-01 5.090903663152626e+00 1.020051669359494e+00
8.700000000000000e-01 5.219825093111814e+00 1.019991396374508e+00
8.750000000000000e-01 5.352009083673925e+00 1.019842958577654e+00
8.800000000000000e-01 5.487538254136007e+00 1.019596737133399e+00
8.850000000000000e-01 5.626497314641444e+00 1.019265671196301e+00
8.900000000000000e-01 5.768973119126561e+00 1.018873861644003e+00
8.950000000000000e-01 5.915054719607133e+00 1.018446350581599e+00
9.000000000000000e-01 6.064833421838831e+00 1.018003139074222e+00
9.050000000000000e-01 6.218402842386253e+00 1.017557494434050e+00
9.100000000000000e-01 6.375858967136348e+00 1.017116928125899e+00
9.150000000000000e-01 6.537300211292723e+00 1.016685079131916e+00
9.200000000000000e-01 6.702827480888332e+00 1.016263404653108e+00
9.250000000000000e-01 6.872544235855034e+00 1.015852304866734e+00
9.300000000000000e-01 7.046556554689444e+00 1.015451734758417e+00
9.350000000000001e-01 7.224973200755413e+00 1.015061487070996e+00
9.400000000000001e-01 7.407905690264673e+00 1.014681305743747e+00
9.450000000000001e-01 7.595468361978146e+00 1.014310925735702e+00
9.500000000000001e-01 7.787778448671316e+00 1.013950085274500e+00
9.550000000000001e-01 7.984956150408610e+00 1.013598529077016e+00
9.600000000000000e-01 8.187124709672272e+00 1.013256008966618e+00
9.650000000000000e-01 8.394410488393007e+00 1.012922283828942e+00
9.700000000000000e-01 8.606943046930221e+00 1.012597119422929e+00
9.750000000000000e-01 8.824855225051540e+00 1.012280288168850e+00
9.800000000000000e-01 9.048283224961922e+00 1.011971568938607e+00
9.850000000000000e-01 9.277366696434507e+00 1.011670746852814e+00
9.900000000000000e-01 9.512248824096272e+00 1.011377613085158e+00
9.950000000000000e-01 9.753076416923058e+00 1.011091964674152e+00
1.000000000000000e+00 1.000000000000000e+01 1.010813604345271e+00
