0.000000000000000e+00 0.000000000000000e+00 1.000000000000000e+00
5.000000000000000e-03 3.369477419287315e-03 1.000000000001978e+00
1.000000000000000e-02 6.741060871647481e-03 1.000000000017001e+00
1.500000000000000e-02 1.011685770649257e-02 1.000000000057677e+00
2.000000000000000e-02 1.349897790673588e-02 1.000000000104260e+00
2.500000000000000e-02 1.688953540759990e-02 1.000000000148224e+00
3.000000000000000e-02 2.029064941789469e-02 1.000000000208093e+00
3.500000000000000e-02 2.370444574459234e-02 1.000000000293202e+00
4.000000000000000e-02 2.713305812152553e-02 1.000000000408986e+00
4.500000000000000e-02 3.057862954304063e-02 1.000000000511963e+00
5.000000000000000e-02 3.404331360343898e-02 1.000000000622894e+00
5.500000000000000e-02 3.752927584304335e-02 1.000000000767546e+00
6.000000000000000e-02 4.103869510173117e-02 1.000000000933506e+00
6.500000000000000e-02 4.457376488078044e-02 1.000000001142965e+00
7.000000000000001e-02 4.813669471387935e-02 1.000000001367765e+00
7.500000000000000e-02 5.172971154815675e-02 1.000000001607352e+00
8.000000000000000e-02 5.535506113609672e-02 1.000000001869550e+00
8.500000000000001e-02 5.901500943920686e-02 1.000000002153699e+00
9.000000000000000e-02 6.271184404431801e-02 1.000000002439339e+00
9.500000000000000e-02 6.644787559340060e-02 1.000000002744918e+00
1.000000000000000e-01 7.022543922779090e-02 1.000000003078322e+00
1.050000000000000e-01 7.404689604773053e-02 1.000000003431093e+00
1.100000000000000e-01 7.791463458813094e-02 1.000000003809914e+00
1.150000000000000e-01 8.183107231148547e-02 1.000000004232992e+00
1.200000000000000e-01 8.579865711886202e-02 1.000000004676210e+00
1.250000000000000e-01 8.981986887992111e-02 1.000000005131199e+00
1.300000000000000e-01 9.389722098291493e-02 1.000000005618062e+00
1.350000000000000e-01 9.803326190563690e-02 1.000000006153348e+00
1.400000000000000e-01 1.022305768083033e-01 1.000000006737297e+00
1.450000000000000e-01 1.064917891493625e-01 1.000000007398612e+00
1.500000000000000e-01 1.108195623252418e-01 1.000000008095310e+00
1.550000000000000e-01 1.152166013350572e-01 1.000000008828962e+00
1.600000000000000e-01 1.196856544713255e-01 1.000000009646848e+00
1.650000000000000e-01 1.242295150377370e-01 1.000000010529789e+00
1.700000000000000e-01 1.288510230950609e-01 1.000000011470692e+00
1.750000000000000e-01 1.335530672362758e-01 1.000000012454753e+00
1.800000000000000e-01 1.383385863920344e-01 1.000000013534860e+00
1.850000000000000e-01 1.432105716675912e-01 1.000000014709294e+00
1.900000000000000e-01 1.481720682123397e-01 1.000000015959108e+00
1.950000000000000e-01 1.532261771231311e-01 1.000000017313122e+00
2.000000000000000e-01 1.583760573825595e-01 1.000000018758125e+00
2.050000000000000e-01 1.636249278334301e-01 1.000000020280611e+00
2.100000000000000e-01 1.689760691906397e-01 1.000000021960182e+00
2.150000000000000e-01 1.744328260917313e-01 1.000000023788113e+00
2.200000000000000e-01 1.799986091874004e-01 1.000000025811581e+00
2.250000000000000e-01 1.856768972732633e-01 1.000000028029356e+00
2.300000000000000e-01 1.914712394642179e-01 1.000000030419282e+00
2.350000000000000e-01 1.973852574127551e-01 1.000000033036593e+00
2.400000000000000e-01 2.034226475726105e-01 1.000000035873953e+00
2.450000000000000e-01 2.095871835091678e-01 1.000000038956422e+00
2.500000000000000e-01 2.158827182580599e-01 1.000000042327204e+00
2.550000000000000e-01 2.223131867334419e-01 1.000000046034269e+00
2.600000000000000e-01 2.288826081874405e-01 1.000000050064838e+00
2.650000000000000e-01 2.355950887223172e-01 1.000000054472779e+00
2.700000000000000e-01 2.424548238569160e-01 1.000000059314123e+00
2.750000000000000e-01 2.494661011489995e-01 1.000000064712632e+00
2.800000000000000e-01 2.566333028751116e-01 1.000000070666009e+00
2.850000000000000e-01 2.639609087696434e-01 1.000000077215190e+00
2.900000000000000e-01 2.714534988248126e-01 1.000000084472987e+00
2.950000000000000e-01 2.791157561533084e-01 1.000000092464929e+00
3.000000000000000e-01 2.869524699153886e-01 1.000000101310008e+00
3.050000000000000e-01 2.949685383122613e-01 1.000000111174430e+00
3.100000000000000e-01 3.031689716476197e-01 1.000000122189898e+00
3.150000000000000e-01 3.115588954592450e-01 1.000000134454563e+00
3.200000000000000e-01 3.201435537226349e-01 1.000000148243218e+00
3.250000000000000e-01 3.289283121286580e-01 1.000000163607212e+00
3.300000000000000e-01 3.379186614372866e-01 1.000000180744000e+00
3.350000000000000e-01 3.471202209094989e-01 1.000000200051830e+00
3.400000000000000e-01 3.565387418195016e-01 1.000000221911517e+00
3.450000000000000e-01 3.661801110494620e-01 1.000000246613079e+00
3.500000000000000e-01 3.760503547690021e-01 1.000000274396471e+00
3.550000000000000e-01 3.861556422017504e-01 1.000000305861056e+00
3.600000000000000e-01 3.965022894813072e-01 1.000000341571027e+00
3.650000000000000e-01 4.070967635990345e-01 1.000000382220390e+00
3.700000000000000e-01 4.179456864461349e-01 1.000000428547551e+00
3.750000000000000e-01 4.290558389525505e-01 1.000000481488582e+00
3.800000000000000e-01 4.404341653252637e-01 1.000000542114755e+00
3.850000000000000e-01 4.520877773886537e-01 1.000000611663513e+00
3.900000000000000e-01 4.640239590296172e-01 1.000000691661806e+00
3.950000000000000e-01 4.762501707502353e-01 1.000000783776782e+00
4.000000000000000e-01 4.887740543308307e-01 1.000000890261010e+00
4.050000000000000e-01 5.016034376063282e-01 1.000001013512431e+00
4.100000000000000e-01 5.147463393589066e-01 1.000001156537936e+00
4.150000000000000e-01 5.282109743299990e-01 1.000001322847891e+00
4.200000000000000e-01 5.420057583547735e-01 1.000001516681444e+00
4.250000000000000e-01 5.561393136223041e-01 1.000001743238995e+00
4.300000000000000e-01 5.706204740647189e-01 1.000002008551789e+00
4.350000000000000e-01 5.854582908786964e-01 1.000002320337934e+00
4.400000000000000e-01 6.006620381827575e-01 1.000002686967996e+00
4.450000000000000e-01 6.162412188138907e-01 1.000003119214333e+00
4.500000000000000e-01 6.322055702671360e-01 1.000003630547243e+00
4.550000000000000e-01 6.485650707818353e-01 1.000004236388269e+00
4.600000000000000e-01 6.653299455783577e-01 1.000004956189691e+00
4.650000000000000e-01 6.825106732491932e-01 1.000005812897625e+00
4.700000000000000e-01 7.001179923084168e-01 1.000006835188291e+00
4.750000000000000e-01 7.181629079036070e-01 1.000008057928870e+00
4.800000000000000e-01 7.366566986944229e-01 1.000009523047895e+00
4.850000000000000e-01 7.556109239021327e-01 1.000011283281529e+00
4.900000000000000e-01 7.750374305345038e-01 1.000013401638651e+00
4.950000000000000e-01 7.949483607905672e-01 1.000015956525741e+00
5.000000000000000e-01 8.153561596498893e-01 1.000019044454828e+00
5.050000000000000e-01 8.362735826510871e-01 1.000022782373338e+00
5.100000000000000e-01 8.577137038644561e-01 1.000027316765695e+00
5.150000000000000e-01 8.796899240636907e-01 1.000032825613763e+00
5.200000000000000e-01 9.022159791018011e-01 1.000039528403709e+00
5.250000000000000e-01 9.253059484964714e-01 1.000047697427686e+00
5.300000000000000e-01 9.489742642302165e-01 1.000057663534536e+00
5.350000000000000e-01 9.732357197708378e-01 1.000069837028538e+00
5.400000000000000e-01 9.981054793178262e-01 1.000084721149969e+00
5.450000000000000e-01 1.023599087280478e+00 1.000102928724286e+00
5.500000000000000e-01 1.049732477993657e+00 1.000125215721908e+00
5.550000000000000e-01 1.076521985677273e+00 1.000152499670069e+00
5.600000000000001e-01 1.103984354645701e+00 1.000185893686507e+00
5.650000000000001e-01 1.132136749773522e+00 1.000226753092457e+00
5.700000000000001e-01 1.160996767224129e+00 1.000276700479578e+00
5.750000000000001e-01 1.190582445447902e+00 1.000337677281818e+00
5.800000000000000e-01 1.220912276456826e+00 1.000411997060613e+00
5.850000000000000e-01 1.252005217382601e+00 1.000502365491332e+00
5.900000000000000e-01 1.283880702325469e+00 1.000611928479529e+00
5.950000000000000e-01 1.316558654501151e+00 1.000744300066144e+00
6.000000000000000e-01 1.350059498693518e+00 1.000903524814430e+00
6.050000000000000e-01 1.384404174020732e+00 1.001094047190128e+00
6.100000000000000e-01 1.419614147022888e+00 1.001320619965671e+00
6.150000000000000e-01 1.455711425079295e+00 1.001588075764100e+00
6.200000000000000e-01 1.492718570163803e+00 1.001901046727285e+00
6.250000000000000e-01 1.530658712946775e+00 1.002263571706554e+00
6.300000000000000e-01 1.569555567252506e+00 1.002678473878710e+00
6.350000000000000e-01 1.609433444881138e+00 1.003146617426284e+00
6.400000000000000e-01 1.650317270804325e+00 1.003666082296827e+00
6.450000000000000e-01 1.692232598744148e+00 1.004231165937028e+00
6.500000000000000e-01 1.735205627145031e+00 1.004831386281680e+00
6.550000000000000e-01 1.779263215548615e+00 1.005450787359986e+00
6.600000000000000e-01 1.824432901381847e+00 1.006067691651304e+00
6.650000000000000e-01 1.870742917168772e+00 1.006655189456739e+00
6.700000000000000e-01 1.918222208176775e+00 1.007182892832401e+00
6.750000000000000e-01 1.966900450508319e+00 1.007620222081820e+00
6.800000000000000e-01 2.016808069649473e+00 1.007941020085979e+00
6.850000000000001e-01 2.067976259486829e+00 1.008128968094256e+00
6.900000000000001e-01 2.120437001804702e+00 1.008182853770586e+00
6.950000000000001e-01 2.174223086274785e+00 1.008120285726192e+00
7.000000000000001e-01 2.229368130950753e+00 1.007978530438880e+00
7.050000000000000e-01 2.285906603280654e+00 1.007811875764846e+00
7.100000000000000e-01 2.343873841650178e+00 1.007685827162429e+00
7.150000000000000e-01 2.403306077470301e+00 1.007669185433184e+00
7.200000000000000e-01 2.464240457823092e+00 1.007825538989368e+00
7.250000000000000e-01 2.526715068679855e+00 1.008205768496645e+00
7.300000000000000e-01 2.590768958706095e+00 1.008842721753232e+00
7.350000000000000e-01 2.656442163668210e+00 1.009748497983473e+00
7.400000000000000e-01 2.723775731457148e+00 1.010914147902078e+00
7.450000000000000e-01 2.792811747744667e+00 1.012311232372602e+00
7.500000000000000e-01 2.863593362288260e+00 1.013894566218398e+00
7.550000000000000e-01 2.936164815901156e+00 1.015605536281239e+00
7.600000000000000e-01 3.010571468104263e+00 1.017375563806928e+00
7.650000000000000e-01 3.086859825477351e+00 1.019129514472875e+00
7.700000000000000e-01 3.165077570727174e+00 1.020789108797399e+00
7.750000000000000e-01 3.245273592490716e+00 1.022276659212308e+00
7.800000000000000e-01 3.327498015892184e+00 1.023519744901346e+00
7.850000000000000e-01 3.411802233872832e+00 1.024457545125273e+00
7.900000000000000e-01 3.498238939313234e+00 1.025049111743040e+00
7.950000000000000e-01 3.586862157968046e+00 1.025282613871446e+00
8.000000000000000e-01 3.677727282233856e+00 1.025182850369664e+00
8.050000000000000e-01 3.770891105771243e+00 1.024813156183372e+00
8.100000000000001e-01 3.866411859002656e+00 1.024268467642305e+00
8.150000000000001e-01 3.964349245508326e+00 1.023659135726646e+00
8.200000000000001e-01 4.064764479342956e+00 1.023088970567091e+00
8.250000000000001e-01 4.167720323296481e+00 1.022633914314489e+00
8.300000000000001e-01 4.273281128122877e+00 1.022328059599838e+00
8.350000000000000e-01 4.381512872761445e+00 1.022161276747762e+00
8.400000000000000e-01 4.492483205575838e+00 1.022088643005174e+00
8.450000000000000e-01 4.606261486636447e+00 1.022047883528813e+00
8.500000000000000e-01 4.722918831072739e+00 1.021978636193006e+00
8.550000000000000e-01 4.842528153522501e+00 1.021837383114478e+00
8.600000000000000e-01 4.965164213705875e+00 1.021604240936619e+00
8.650000000000000e-01 5.090903663152626e+00 1.021281343991684e+00
8.700000000000000e-01 5.219825093111814e+00 1.020885611147519e+00
8.750000000000000e-01 5.352009083673925e+00 1.020439947719763e+00
8.800000000000000e-01 5.487538254136007e+00 1.019966202178361e+00
8.850000000000000e-01 5.626497314641444e+00 1.019481353704121e+00
8.900000000000000e-01 5.768973119126561e+00 1.018996659530619e+00
8.950000000000000e-01 5.915054719607133e+00 1.018518589844413e+00
9.000000000000000e-01 6.064833421838831e+00 1.018050354664052e+00
9.050000000000000e-01 6.218402842386253e+00 1.017593271231132e+00
9.100000000000000e-01 6.375858967136348e+00 1.017147700641246e+00
9.150000000000000e-01 6.537300211292723e+00 1.016713580485379e+00
9.200000000000000e-01 6.702827480888332e+00 1.016290684943579e+00
9.250000000000000e-01 6.872544235855034e+00 1.015878735710830e+00
9.300000000000000e-01 7.046556554689444e+00 1.015477443669238e+00
9.350000000000001e-01 7.224973200755413e+00 1.015086522680789e+00
9.400000000000001e-01 7.407905690264673e+00 1.014705693526539e+00
9.450000000000001e-01 7.595468361978146e+00 1.014334684766881e+00
9.500000000000001e-01 7.787778448671316e+00 1.013973232750488e+00
9.550000000000001e-01 7.984956150408610e+00 1.013621081418423e+00
9.600000000000000e-01 8.187124709672272e+00 1.013277982069867e+00
9.650000000000000e-01 8.394410488393007e+00 1.012943693127441e+00
9.700000000000000e-01 8.606943046930221e+00 1.012617979909646e+00
9.750000000000000e-01 8.824855225051540e+00 1.012300614411486e+00
9.800000000000000e-01 9.048283224961922e+00 1.011991375093154e+00
9.850000000000000e-01 9.277366696434507e+00 1.011690046676453e+00
9.900000000000000e-01 9.512248824096272e+00 1.011396419948642e+00
9.950000000000000e-01 9.753076416923058e+00 1.011110291573361e+00
1.000000000000000e+00 1.000000000000000e+01 1.010831463908381e+00
