0.000000000000000e+00 0.000000000000000e+00 6.801613052472723e-01
5.000000000000000e-03 3.369477419287315e-03 6.801680065190941e-01
1.000000000000000e-02 6.741060871647481e-03 6.801859160271202e-01
1.500000000000000e-02 1.011685770649257e-02 6.802158623863369e-01
2.000000000000000e-02 1.349897790673588e-02 6.802578882979360e-01
2.500000000000000e-02 1.688953540759990e-02 6.803120727171101e-01
3.000000000000000e-02 2.029064941789469e-02 6.803785676029690e-01
3.500000000000000e-02 2.370444574459234e-02 6.804575282233695e-01
4.000000000000000e-02 2.713305812152553e-02 6.805491337130153e-01
4.500000000000000e-02 3.057862954304063e-02 6.806536057599171e-01
5.000000000000000e-02 3.404331360343898e-02 6.807711859589844e-01
5.500000000000000e-02 3.752927584304335e-02 6.809021520915454e-01
6.000000000000000e-02 4.103869510173117e-02 6.810468110780762e-01
6.500000000000000e-02 4.457376488078044e-02 6.812055029993076e-01
7.000000000000001e-02 4.813669471387935e-02 6.813786072358933e-01
7.500000000000000e-02 5.172971154815675e-02 6.815665253507284e-01
8.000000000000000e-02 5.535506113609672e-02 6.817696844105435e-01
8.500000000000001e-02 5.901500943920686e-02 6.819885588827463e-01
9.000000000000000e-02 6.271184404431801e-02 6.822236706798099e-01
9.500000000000000e-02 6.644787559340060e-02 6.824755539924189e-01
1.000000000000000e-01 7.022543922779090e-02 6.827447852734175e-01
1.050000000000000e-01 7.404689604773053e-02 6.830320025314608e-01
1.100000000000000e-01 7.791463458813094e-02 6.833378488068907e-01
1.150000000000000e-01 8.183107231148547e-02 6.836630143871719e-01
1.200000000000000e-01 8.579865711886202e-02 6.840082575385360e-01
1.250000000000000e-01 8.981986887992111e-02 6.843743517881803e-01
1.300000000000000e-01 9.389722098291493e-02 6.847621219480000e-01
1.350000000000000e-01 9.803326190563690e-02 6.851724432888623e-01
1.400000000000000e-01 1.022305768083033e-01 6.856062247543669e-01
1.450000000000000e-01 1.064917891493625e-01 6.860644382525982e-01
1.500000000000000e-01 1.108195623252418e-01 6.865480911903710e-01
1.550000000000000e-01 1.152166013350572e-01 6.870582406861259e-01
1.600000000000000e-01 1.196856544713255e-01 6.875960092812727e-01
1.650000000000000e-01 1.242295150377370e-01 6.881625521235692e-01
1.700000000000000e-01 1.288510230950609e-01 6.887590902016304e-01
1.750000000000000e-01 1.335530672362758e-01 6.893869033554189e-01
1.800000000000000e-01 1.383385863920344e-01 6.900473073006074e-01
1.850000000000000e-01 1.432105716675912e-01 6.907416945722896e-01
1.900000000000000e-01 1.481720682123397e-01 6.914715083982954e-01
1.950000000000000e-01 1.532261771231311e-01 6.922382375489279e-01
2.000000000000000e-01 1.583760573825595e-01 6.930434544895629e-01
2.050000000000000e-01 1.636249278334301e-01 6.938887755753983e-01
2.100000000000000e-01 1.689760691906397e-01 6.947758712668571e-01
2.150000000000000e-01 1.744328260917313e-01 6.957064957031882e-01
2.200000000000000e-01 1.799986091874004e-01 6.966824401062368e-01
2.250000000000000e-01 1.856768972732633e-01 6.977055561501789e-01
2.300000000000000e-01 1.914712394642179e-01 6.987777789504439e-01
2.350000000000000e-01 1.973852574127551e-01 6.999010760984127e-01
2.400000000000000e-01 2.034226475726105e-01 7.010774757682960e-01
2.450000000000000e-01 2.095871835091678e-01 7.023090849796033e-01
2.500000000000000e-01 2.158827182580599e-01 7.035980338792366e-01
2.550000000000000e-01 2.223131867334419e-01 7.049465050354889e-01
2.600000000000000e-01 2.288826081874405e-01 7.063567571619879e-01
2.650000000000000e-01 2.355950887223172e-01 7.078310638129772e-01
2.700000000000000e-01 2.424548238569160e-01 7.093717307668376e-01
2.750000000000000e-01 2.494661011489995e-01 7.109811293224622e-01
2.800000000000000e-01 2.566333028751116e-01 7.126616331962130e-01
2.850000000000000e-01 2.639609087696434e-01 7.144156152803810e-01
2.900000000000000e-01 2.714534988248126e-01 7.162454975476886e-01
2.950000000000000e-01 2.791157561533084e-01 7.181536975487395e-01
3.000000000000000e-01 2.869524699153886e-01 7.201425831131637e-01
3.050000000000000e-01 2.949685383122613e-01 7.222145244272578e-01
3.100000000000000e-01 3.031689716476197e-01 7.243718820482737e-01
3.150000000000000e-01 3.115588954592450e-01 7.266169277188795e-01
3.200000000000000e-01 3.201435537226349e-01 7.289518552593911e-01
3.250000000000000e-01 3.289283121286580e-01 7.313788156590179e-01
3.300000000000000e-01 3.379186614372866e-01 7.338998511744238e-01
3.350000000000000e-01 3.471202209094989e-01 7.365168349301333e-01
3.400000000000000e-01 3.565387418195016e-01 7.392315040724003e-01
3.450000000000000e-01 3.661801110494620e-01 7.420454646074108e-01
3.500000000000000e-01 3.760503547690021e-01 7.449601060497759e-01
3.550000000000000e-01 3.861556422017504e-01 7.479765468509311e-01
3.600000000000000e-01 3.965022894813072e-01 7.510956612021832e-01
3.650000000000000e-01 4.070967635990345e-01 7.543180798760717e-01
3.700000000000000e-01 4.179456864461349e-01 7.576441109832999e-01
3.750000000000000e-01 4.290558389525505e-01 7.610736636456081e-01
3.800000000000000e-01 4.404341653252637e-01 7.646062410898445e-01
3.850000000000000e-01 4.520877773886537e-01 7.682409605387356e-01
3.900000000000000e-01 4.640239590296172e-01 7.719765213914320e-01
3.950000000000000e-01 4.762501707502353e-01 7.758111149802479e-01
4.000000000000000e-01 4.887740543308307e-01 7.797423544945703e-01
4.050000000000000e-01 5.016034376063282e-01 7.837672757246679e-01
4.100000000000000e-01 5.147463393589066e-01 7.878823514642723e-01
4.150000000000000e-01 5.282109743299990e-01 7.920834708140240e-01
4.200000000000000e-01 5.420057583547735e-01 7.963659013199225e-01
4.250000000000000e-01 5.561393136223041e-01 8.007242349807085e-01
4.300000000000000e-01 5.706204740647189e-01 8.051523478672201e-01
4.350000000000000e-01 5.854582908786964e-01 8.096434048289322e-01
4.400000000000000e-01 6.006620381827575e-01 8.141898623347938e-01
4.450000000000000e-01 6.162412188138907e-01 8.187834900801999e-01
4.500000000000000e-01 6.322055702671360e-01 8.234153919396794e-01
4.550000000000000e-01 6.485650707818353e-01 8.280760246088095e-01
4.600000000000000e-01 6.653299455783577e-01 8.327552327178351e-01
4.650000000000000e-01 6.825106732491932e-01 8.374422862966659e-01
4.700000000000000e-01 7.001179923084168e-01 8.421259386326113e-01
4.750000000000000e-01 7.181629079036070e-01 8.467944937858449e-01
4.800000000000000e-01 7.366566986944229e-01 8.514358913960417e-01
4.850000000000000e-01 7.556109239021327e-01 8.560378046818419e-01
4.900000000000000e-01 7.750374305345038e-01 8.605877538210710e-01
4.950000000000000e-01 7.949483607905672e-01 8.650732336641753e-01
5.000000000000000e-01 8.153561596498893e-01 8.694818559888647e-01
5.050000000000000e-01 8.362735826510871e-01 8.738015055871801e-01
5.100000000000000e-01 8.577137038644561e-01 8.780205093146831e-01
5.150000000000000e-01 8.796899240636907e-01 8.821278166412518e-01
5.200000000000000e-01 9.022159791018011e-01 8.861131896765568e-01
5.250000000000000e-01 9.253059484964714e-01 8.899673999361940e-01
5.300000000000000e-01 9.489742642302165e-01 8.936824283223717e-01
5.350000000000000e-01 9.732357197708378e-01 8.972516639082665e-01
5.400000000000000e-01 9.981054793178262e-01 9.006700961647047e-01
5.450000000000000e-01 1.023599087280478e+00 9.039344942877885e-01
5.500000000000000e-01 1.049732477993657e+00 9.070435663330273e-01
5.550000000000000e-01 1.076521985677273e+00 9.099980900115191e-01
5.600000000000001e-01 1.103984354645701e+00 9.128010063528588e-01
5.650000000000001e-01 1.132136749773522e+00 9.154574671006162e-01
5.700000000000001e-01 1.160996767224129e+00 9.179748268029960e-01
5.750000000000001e-01 1.190582445447902e+00 9.203625712179544e-01
5.800000000000000e-01 1.220912276456826e+00 9.226321749801566e-01
5.850000000000000e-01 1.252005217382601e+00 9.247968835591402e-01
5.900000000000000e-01 1.283880702325469e+00 9.268714174097117e-01
5.950000000000000e-01 1.316558654501151e+00 9.288715998493062e-01
6.000000000000000e-01 1.350059498693518e+00 9.308139144887541e-01
6.050000000000000e-01 1.384404174020732e+00 9.327150028053613e-01
6.100000000000000e-01 1.419614147022888e+00 9.345911174118068e-01
6.150000000000000e-01 1.455711425079295e+00 9.364575514023333e-01
6.200000000000000e-01 1.492718570163803e+00 9.383280684606329e-01
6.250000000000000e-01 1.530658712946775e+00 9.402143617807307e-01
6.300000000000000e-01 1.569555567252506e+00 9.421255718804689e-01
6.350000000000000e-01 1.609433444881138e+00 9.440678937134738e-01
6.400000000000000e-01 1.650317270804325e+00 9.460443018137611e-01
6.450000000000000e-01 1.692232598744148e+00 9.480544183337837e-01
6.500000000000000e-01 1.735205627145031e+00 9.500945426741754e-01
6.550000000000000e-01 1.779263215548615e+00 9.521578530066788e-01
6.600000000000000e-01 1.824432901381847e+00 9.542347795916661e-01
6.650000000000000e-01 1.870742917168772e+00 9.563135378369826e-01
6.700000000000000e-01 1.918222208176775e+00 9.583807962466580e-01
6.750000000000000e-01 1.966900450508319e+00 9.604224417723485e-01
6.800000000000000e-01 2.016808069649473e+00 9.624243939031880e-01
6.850000000000001e-01 2.067976259486829e+00 9.643734106239651e-01
6.900000000000001e-01 2.120437001804702e+00 9.662578256996289e-01
6.950000000000001e-01 2.174223086274785e+00 9.680681589495730e-01
7.000000000000001e-01 2.229368130950753e+00 9.697975500411413e-01
7.050000000000000e-01 2.285906603280654e+00 9.714419817376245e-01
7.100000000000000e-01 2.343873841650178e+00 9.730002792174641e-01
7.150000000000000e-01 2.403306077470301e+00 9.744738956089658e-01
7.200000000000000e-01 2.464240457823092e+00 9.758665169391426e-01
7.250000000000000e-01 2.526715068679855e+00 9.771835386391448e-01
7.300000000000000e-01 2.590768958706095e+00 9.784314773922090e-01
7.350000000000000e-01 2.656442163668210e+00 9.796173844751160e-01
7.400000000000000e-01 2.723775731457148e+00 9.807483195989489e-01
7.450000000000000e-01 2.792811747744667e+00 9.818309292340700e-01
7.500000000000000e-01 2.863593362288260e+00 9.828711536478125e-01
7.550000000000000e-01 2.936164815901156e+00 9.838740662821377e-01
7.600000000000000e-01 3.010571468104263e+00 9.848438313602305e-01
7.650000000000000e-01 3.086859825477351e+00 9.857837534231838e-01
7.700000000000000e-01 3.165077570727174e+00 9.866963870219821e-01
7.750000000000000e-01 3.245273592490716e+00 9.875836756068548e-01
7.800000000000000e-01 3.327498015892184e+00 9.884470941302584e-01
7.850000000000000e-01 3.411802233872832e+00 9.892877777817437e-01
7.900000000000000e-01 3.498238939313234e+00 9.901066274381300e-01
7.950000000000000e-01 3.586862157968046e+00 9.909043892382429e-01
8.000000000000000e-01 3.677727282233856e+00 9.916817103623219e-01
8.050000000000000e-01 3.770891105771243e+00 9.924391755359752e-01
8.100000000000001e-01 3.866411859002656e+00 9.931773294191893e-01
8.150000000000001e-01 3.964349245508326e+00 9.938966895313951e-01
8.200000000000001e-01 4.064764479342956e+00 9.945977533260512e-01
8.250000000000001e-01 4.167720323296481e+00 9.952810019171948e-01
8.300000000000001e-01 4.273281128122877e+00 9.959469020273735e-01
8.350000000000000e-01 4.381512872761445e+00 9.965959070557278e-01
8.400000000000000e-01 4.492483205575838e+00 9.972284577383577e-01
8.450000000000000e-01 4.606261486636447e+00 9.978449826290872e-01
8.500000000000000e-01 4.722918831072739e+00 9.984458985021947e-01
8.550000000000000e-01 4.842528153522501e+00 9.990316107189142e-01
8.600000000000000e-01 4.965164213705875e+00 9.996025135737352e-01
8.650000000000000e-01 5.090903663152626e+00 1.000158990626368e+00
8.700000000000000e-01 5.219825093111814e+00 1.000701415021571e+00
8.750000000000000e-01 5.352009083673925e+00 1.001230149797804e+00
8.800000000000000e-01 5.487538254136007e+00 1.001745548185309e+00
8.850000000000000e-01 5.626497314641444e+00 1.002247953894063e+00
8.900000000000000e-01 5.768973119126561e+00 1.002737701392046e+00
8.950000000000000e-01 5.915054719607133e+00 1.003215116174201e+00
9.000000000000000e-01 6.064833421838831e+00 1.003680515022467e+00
9.050000000000000e-01 6.218402842386253e+00 1.004134206257241e+00
9.100000000000000e-01 6.375858967136348e+00 1.004576489980606e+00
9.150000000000000e-01 6.537300211292723e+00 1.005007658311639e+00
9.200000000000000e-01 6.702827480888332e+00 1.005427995614122e+00
9.250000000000000e-01 6.872544235855034e+00 1.005837778716930e+00
9.300000000000000e-01 7.046556554689444e+00 1.006237277127386e+00
9.350000000000001e-01 7.224973200755413e+00 1.006626753237851e+00
9.400000000000001e-01 7.407905690264673e+00 1.007006462525786e+00
9.450000000000001e-01 7.595468361978146e+00 1.007376653747547e+00
9.500000000000001e-01 7.787778448671316e+00 1.007737569126136e+00
9.550000000000001e-01 7.984956150408610e+00 1.008089444533125e+00
9.600000000000000e-01 8.187124709672272e+00 1.008432509664969e+00
9.650000000000000e-01 8.394410488393007e+00 1.008766988213916e+00
9.700000000000000e-01 8.606943046930221e+00 1.009093098033687e+00
9.750000000000000e-01 8.824855225051540e+00 1.009411051300139e+00
9.800000000000000e-01 9.048283224961922e+00 1.009721054667061e+00
9.850000000000000e-01 9.277366696434507e+00 1.010023309417289e+00
9.900000000000000e-01 9.512248824096272e+00 1.010318011609301e+00
9.950000000000000e-01 9.753076416923058e+00 1.010605352219442e+00
1.000000000000000e+00 1.000000000000000e+01 1.010885517279929e+00
