0.000000000000000e+00 0.000000000000000e+00 9.642856407613113e-01
5.000000000000000e-03 3.369477419287315e-03 9.642856407799131e-01
1.000000000000000e-02 6.741060871647481e-03 9.642856408240451e-01
1.500000000000000e-02 1.011685770649257e-02 9.642856408405418e-01
2.000000000000000e-02 1.349897790673588e-02 9.642856408473189e-01
2.500000000000000e-02 1.688953540759990e-02 9.642856408515827e-01
3.000000000000000e-02 2.029064941789469e-02 9.642856408560259e-01
3.500000000000000e-02 2.370444574459234e-02 9.642856408592100e-01
4.000000000000000e-02 2.713305812152553e-02 9.642856408643569e-01
4.500000000000000e-02 3.057862954304063e-02 9.642856408693488e-01
5.000000000000000e-02 3.404331360343898e-02 9.642856408760911e-01
5.500000000000000e-02 3.752927584304335e-02 9.642856408813242e-01
6.000000000000000e-02 4.103869510173117e-02 9.642856408847444e-01
6.500000000000000e-02 4.457376488078044e-02 9.642856408881859e-01
7.000000000000001e-02 4.813669471387935e-02 9.642856408923268e-01
7.500000000000000e-02 5.172971154815675e-02 9.642856408964571e-01
8.000000000000000e-02 5.535506113609672e-02 9.642856409000590e-01
8.500000000000001e-02 5.901500943920686e-02 9.642856409037788e-01
9.000000000000000e-02 6.271184404431801e-02 9.642856409090192e-01
9.500000000000000e-02 6.644787559340060e-02 9.642856409151347e-01
1.000000000000000e-01 7.022543922779090e-02 9.642856409215336e-01
1.050000000000000e-01 7.404689604773053e-02 9.642856409264100e-01
1.100000000000000e-01 7.791463458813094e-02 9.642856409322182e-01
1.150000000000000e-01 8.183107231148547e-02 9.642856409411314e-01
1.200000000000000e-01 8.579865711886202e-02 9.642856409498737e-01
1.250000000000000e-01 8.981986887992111e-02 9.642856409572281e-01
1.300000000000000e-01 9.389722098291493e-02 9.642856409656578e-01
1.350000000000000e-01 9.803326190563690e-02 9.642856409738978e-01
1.400000000000000e-01 1.022305768083033e-01 9.642856409825018e-01
1.450000000000000e-01 1.064917891493625e-01 9.642856409921119e-01
1.500000000000000e-01 1.108195623252418e-01 9.642856410031685e-01
1.550000000000000e-01 1.152166013350572e-01 9.642856410143179e-01
1.600000000000000e-01 1.196856544713255e-01 9.642856410249611e-01
1.650000000000000e-01 1.242295150377370e-01 9.642856410359897e-01
1.700000000000000e-01 1.288510230950609e-01 9.642856410488447e-01
1.750000000000000e-01 1.335530672362758e-01 9.642856410639377e-01
1.800000000000000e-01 1.383385863920344e-01 9.642856410798312e-01
1.850000000000000e-01 1.432105716675912e-01 9.642856410966630e-01
1.900000000000000e-01 1.481720682123397e-01 9.642856411127760e-01
1.950000000000000e-01 1.532261771231311e-01 9.642856411284546e-01
2.000000000000000e-01 1.583760573825595e-01 9.642856411442224e-01
2.050000000000000e-01 1.636249278334301e-01 9.642856411592622e-01
2.100000000000000e-01 1.689760691906397e-01 9.642856411779538e-01
2.150000000000000e-01 1.744328260917313e-01 9.642856411994722e-01
2.200000000000000e-01 1.799986091874004e-01 9.642856412203326e-01
2.250000000000000e-01 1.856768972732633e-01 9.642856412409544e-01
2.300000000000000e-01 1.914712394642179e-01 9.642856412625450e-01
2.350000000000000e-01 1.973852574127551e-01 9.642856412900201e-01
2.400000000000000e-01 2.034226475726105e-01 9.642856413166886e-01
2.450000000000000e-01 2.095871835091678e-01 9.642856413441068e-01
2.500000000000000e-01 2.158827182580599e-01 9.642856413752408e-01
2.550000000000000e-01 2.223131867334419e-01 9.642856414052191e-01
2.600000000000000e-01 2.288826081874405e-01 9.642856414361560e-01
2.650000000000000e-01 2.355950887223172e-01 9.642856414709342e-01
2.700000000000000e-01 2.424548238569160e-01 9.642856415081517e-01
2.750000000000000e-01 2.494661011489995e-01 9.642856415443157e-01
2.800000000000000e-01 2.566333028751116e-01 9.642856415789094e-01
2.850000000000000e-01 2.639609087696434e-01 9.642856416168498e-01
2.900000000000000e-01 2.714534988248126e-01 9.642856416586491e-01
2.950000000000000e-01 2.791157561533084e-01 9.642856417021566e-01
3.000000000000000e-01 2.869524699153886e-01 9.642856417498189e-01
3.050000000000000e-01 2.949685383122613e-01 9.642856417994313e-01
3.100000000000000e-01 3.031689716476197e-01 9.642856418531340e-01
3.150000000000000e-01 3.115588954592450e-01 9.642856419124639e-01
3.200000000000000e-01 3.201435537226349e-01 9.642856419729853e-01
3.250000000000000e-01 3.289283121286580e-01 9.642856420336831e-01
3.300000000000000e-01 3.379186614372866e-01 9.642856420969080e-01
3.350000000000000e-01 3.471202209094989e-01 9.642856421624333e-01
3.400000000000000e-01 3.565387418195016e-01 9.642856422308351e-01
3.450000000000000e-01 3.661801110494620e-01 9.642856423018256e-01
3.500000000000000e-01 3.760503547690021e-01 9.642856423778350e-01
3.550000000000000e-01 3.861556422017504e-01 9.642856424633308e-01
3.600000000000000e-01 3.965022894813072e-01 9.642856425544286e-01
3.650000000000000e-01 4.070967635990345e-01 9.642856426483362e-01
3.700000000000000e-01 4.179456864461349e-01 9.642856427468673e-01
3.750000000000000e-01 4.290558389525505e-01 9.642856428460257e-01
3.800000000000000e-01 4.404341653252637e-01 9.642856429466539e-01
3.850000000000000e-01 4.520877773886537e-01 9.642856430572568e-01
3.900000000000000e-01 4.640239590296172e-01 9.642856431792201e-01
3.950000000000000e-01 4.762501707502353e-01 9.642856433050119e-01
4.000000000000000e-01 4.887740543308307e-01 9.642856434343559e-01
4.050000000000000e-01 5.016034376063282e-01 9.642856435764211e-01
4.100000000000000e-01 5.147463393589066e-01 9.642856437275028e-01
4.150000000000000e-01 5.282109743299990e-01 9.642856438857923e-01
4.200000000000000e-01 5.420057583547735e-01 9.642856440497443e-01
4.250000000000000e-01 5.561393136223041e-01 9.642856442212143e-01
4.300000000000000e-01 5.706204740647189e-01 9.642856444071320e-01
4.350000000000000e-01 5.854582908786964e-01 9.642856446041901e-01
4.400000000000000e-01 6.006620381827575e-01 9.642856448187066e-01
4.450000000000000e-01 6.162412188138907e-01 9.642856450446463e-01
4.500000000000000e-01 6.322055702671360e-01 9.642856452839293e-01
4.550000000000000e-01 6.485650707818353e-01 9.642856455400538e-01
4.600000000000000e-01 6.653299455783577e-01 9.642856458124618e-01
4.650000000000000e-01 6.825106732491932e-01 9.642856461164871e-01
4.700000000000000e-01 7.001179923084168e-01 9.642856464422352e-01
4.750000000000000e-01 7.181629079036070e-01 9.642856467955866e-01
4.800000000000000e-01 7.366566986944229e-01 9.642856471802742e-01
4.850000000000000e-01 7.556109239021327e-01 9.642856475945363e-01
4.900000000000000e-01 7.750374305345038e-01 9.642856480662304e-01
4.950000000000000e-01 7.949483607905672e-01 9.642856485957788e-01
5.000000000000000e-01 8.153561596498893e-01 9.642856491824887e-01
5.050000000000000e-01 8.362735826510871e-01 9.642856498439152e-01
5.100000000000000e-01 8.577137038644561e-01 9.642856506100457e-01
5.150000000000000e-01 8.796899240636907e-01 9.642856515024076e-01
5.200000000000000e-01 9.022159791018011e-01 9.642856525395073e-01
5.250000000000000e-01 9.253059484964714e-01 9.642856537842195e-01
5.300000000000000e-01 9.489742642302165e-01 9.642856552822044e-01
5.350000000000000e-01 9.732357197708378e-01 9.642856571130507e-01
5.400000000000000e-01 9.981054793178262e-01 9.642856593989029e-01
5.450000000000000e-01 1.023599087280478e+00 9.642856622673319e-01
5.500000000000000e-01 1.049732477993657e+00 9.642856659555111e-01
5.550000000000000e-01 1.076521985677273e+00 9.642856707420915e-01
5.600000000000001e-01 1.103984354645701e+00 9.642856770378622e-01
5.650000000000001e-01 1.132136749773522e+00 9.642856854757911e-01
5.700000000000001e-01 1.160996767224129e+00 9.642856968526040e-01
5.750000000000001e-01 1.190582445447902e+00 9.642857124398287e-01
5.800000000000000e-01 1.220912276456826e+00 9.642857340223242e-01
5.850000000000000e-01 1.252005217382601e+00 9.642857641130571e-01
5.900000000000000e-01 1.283880702325469e+00 9.642858066094554e-01
5.950000000000000e-01 1.316558654501151e+00 9.642858669764387e-01
6.000000000000000e-01 1.350059498693518e+00 9.642859533347916e-01
6.050000000000000e-01 1.384404174020732e+00 9.642860779217336e-01
6.100000000000000e-01 1.419614147022888e+00 9.642862583253556e-01
6.150000000000000e-01 1.455711425079295e+00 9.642865210310648e-01
6.200000000000000e-01 1.492718570163803e+00 9.642869054938674e-01
6.250000000000000e-01 1.530658712946775e+00 9.642874694526177e-01
6.300000000000000e-01 1.569555567252506e+00 9.642882996708517e-01
6.350000000000000e-01 1.609433444881138e+00 9.642895248418568e-01
6.400000000000000e-01 1.650317270804325e+00 9.642913343240416e-01
6.450000000000000e-01 1.692232598744148e+00 9.642940102310096e-01
6.500000000000000e-01 1.735205627145031e+00 9.642979682055786e-01
6.550000000000000e-01 1.779263215548615e+00 9.643038158601729e-01
6.600000000000000e-01 1.824432901381847e+00 9.643124443067506e-01
6.650000000000000e-01 1.870742917168772e+00 9.643251462894818e-01
6.700000000000000e-01 1.918222208176775e+00 9.643437745735586e-01
6.750000000000000e-01 1.966900450508319e+00 9.643709701490112e-01
6.800000000000000e-01 2.016808069649473e+00 9.644104463274135e-01
6.850000000000001e-01 2.067976259486829e+00 9.644673210240657e-01
6.900000000000001e-01 2.120437001804702e+00 9.645485189474537e-01
6.950000000000001e-01 2.174223086274785e+00 9.646631899099006e-01
7.000000000000001e-01 2.229368130950753e+00 9.648230202315172e-01
7.050000000000000e-01 2.285906603280654e+00 9.650423056608564e-01
7.100000000000000e-01 2.343873841650178e+00 9.653375463263550e-01
7.150000000000000e-01 2.403306077470301e+00 9.657262214178129e-01
7.200000000000000e-01 2.464240457823092e+00 9.662244795004395e-01
7.250000000000000e-01 2.526715068679855e+00 9.668434858123235e-01
7.300000000000000e-01 2.590768958706095e+00 9.675841082021573e-01
7.350000000000000e-01 2.656442163668210e+00 9.684303037258091e-01
7.400000000000000e-01 2.723775731457148e+00 9.693434049917559e-01
7.450000000000000e-01 2.792811747744667e+00 9.702614091689209e-01
7.500000000000000e-01 2.863593362288260e+00 9.711074116579708e-01
7.550000000000000e-01 2.936164815901156e+00 9.718082193709264e-01
7.600000000000000e-01 3.010571468104263e+00 9.723186281869142e-01
7.650000000000000e-01 3.086859825477351e+00 9.726420548329067e-01
7.700000000000000e-01 3.165077570727174e+00 9.728380382595960e-01
7.750000000000000e-01 3.245273592490716e+00 9.730125400395834e-01
7.800000000000000e-01 3.327498015892184e+00 9.732946859066294e-01
7.850000000000000e-01 3.411802233872832e+00 9.738087767129883e-01
7.900000000000000e-01 3.498238939313234e+00 9.746505252949603e-01
7.950000000000000e-01 3.586862157968046e+00 9.758727026237061e-01
8.000000000000000e-01 3.677727282233856e+00 9.774808694263701e-01
8.050000000000000e-01 3.770891105771243e+00 9.794369370778929e-01
8.100000000000001e-01 3.866411859002656e+00 9.816671264035450e-01
8.150000000000001e-01 3.964349245508326e+00 9.840708597534477e-01
8.200000000000001e-01 4.064764479342956e+00 9.865284220585521e-01
8.250000000000001e-01 4.167720323296481e+00 9.889082019702343e-01
8.300000000000001e-01 4.273281128122877e+00 9.910775658725289e-01
8.350000000000000e-01 4.381512872761445e+00 9.929216759828964e-01
8.400000000000000e-01 4.492483205575838e+00 9.943695468054808e-01
8.450000000000000e-01 4.606261486636447e+00 9.954183797678916e-01
8.500000000000000e-01 4.722918831072739e+00 9.961421579606823e-01
8.550000000000000e-01 4.842528153522501e+00 9.966745180543044e-01
8.600000000000000e-01 4.965164213705875e+00 9.971683782964424e-01
8.650000000000000e-01 5.090903663152626e+00 9.977479369167017e-01
8.700000000000000e-01 5.219825093111814e+00 9.984736578925962e-01
8.750000000000000e-01 5.352009083673925e+00 9.993344638096272e-01
8.800000000000000e-01 5.487538254136007e+00 1.000267554971772e+00
8.850000000000000e-01 5.626497314641444e+00 1.001193231781721e+00
8.900000000000000e-01 5.768973119126561e+00 1.002047062202617e+00
8.950000000000000e-01 5.915054719607133e+00 1.002796673214667e+00
9.000000000000000e-01 6.064833421838831e+00 1.003440963409975e+00
9.050000000000000e-01 6.218402842386253e+00 1.003998376144414e+00
9.100000000000000e-01 6.375858967136348e+00 1.004493413089272e+00
9.150000000000000e-01 6.537300211292723e+00 1.004947483438839e+00
9.200000000000000e-01 6.702827480888332e+00 1.005375419435520e+00
9.250000000000000e-01 6.872544235855034e+00 1.005785892699691e+00
9.300000000000000e-01 7.046556554689444e+00 1.006183340883884e+00
9.350000000000001e-01 7.224973200755413e+00 1.006569833382168e+00
9.400000000000001e-01 7.407905690264673e+00 1.006946315474588e+00
9.450000000000001e-01 7.595468361978146e+00 1.007313268563561e+00
9.500000000000001e-01 7.787778448671316e+00 1.007671003728108e+00
9.550000000000001e-01 7.984956150408610e+00 1.008019773911289e+00
9.600000000000000e-01 8.187124709672272e+00 1.008359811371251e+00
9.650000000000000e-01 8.394410488393007e+00 1.008691338767747e+00
9.700000000000000e-01 8.606943046930221e+00 1.009014572158771e+00
9.750000000000000e-01 8.824855225051540e+00 1.009329721813944e+00
9.800000000000000e-01 9.048283224961922e+00 1.009636992503969e+00
9.850000000000000e-01 9.277366696434507e+00 1.009936583676735e+00
9.900000000000000e-01 9.512248824096272e+00 1.010228689621581e+00
9.950000000000000e-01 9.753076416923058e+00 1.010513499770287e+00
1.000000000000000e+00 1.000000000000000e+01 1.010791200520287e+00
