0.000000000000000e+00 0.000000000000000e+00 8.593511313853821e-01
5.000000000000000e-03 3.369477419287315e-03 8.593523519045091e-01
1.000000000000000e-02 6.741060871647481e-03 8.593556135965064e-01
1.500000000000000e-02 1.011685770649257e-02 8.593610672491793e-01
2.000000000000000e-02 1.349897790673588e-02 8.593687262841485e-01
2.500000000000000e-02 1.688953540759990e-02 8.593786012189618e-01
3.000000000000000e-02 2.029064941789469e-02 8.593907182055915e-01
3.500000000000000e-02 2.370444574459234e-02 8.594051095447213e-01
4.000000000000000e-02 2.713305812152553e-02 8.594217995600615e-01
4.500000000000000e-02 3.057862954304063e-02 8.594408263691435e-01
5.000000000000000e-02 3.404331360343898e-02 8.594622291642793e-01
5.500000000000000e-02 3.752927584304335e-02 8.594860591036613e-01
6.000000000000000e-02 4.103869510173117e-02 8.595123660663735e-01
6.500000000000000e-02 4.457376488078044e-02 8.595412073175540e-01
7.000000000000001e-02 4.813669471387935e-02 8.595726433030324e-01
7.500000000000000e-02 5.172971154815675e-02 8.596067494519777e-01
8.000000000000000e-02 5.535506113609672e-02 8.596435986734802e-01
8.500000000000001e-02 5.901500943920686e-02 8.596832676246455e-01
9.000000000000000e-02 6.271184404431801e-02 8.597258449263897e-01
9.500000000000000e-02 6.644787559340060e-02 8.597714177327150e-01
1.000000000000000e-01 7.022543922779090e-02 8.598200816966917e-01
1.050000000000000e-01 7.404689604773053e-02 8.598719340564919e-01
1.100000000000000e-01 7.791463458813094e-02 8.599270880547789e-01
1.150000000000000e-01 8.183107231148547e-02 8.599856599703848e-01
1.200000000000000e-01 8.579865711886202e-02 8.600477699696477e-01
1.250000000000000e-01 8.981986887992111e-02 8.601135389685766e-01
1.300000000000000e-01 9.389722098291493e-02 8.601831049281045e-01
1.350000000000000e-01 9.803326190563690e-02 8.602566056034825e-01
1.400000000000000e-01 1.022305768083033e-01 8.603341795844773e-01
1.450000000000000e-01 1.064917891493625e-01 8.604159834772450e-01
1.500000000000000e-01 1.108195623252418e-01 8.605021690260002e-01
1.550000000000000e-01 1.152166013350572e-01 8.605929008888837e-01
1.600000000000000e-01 1.196856544713255e-01 8.606883448776855e-01
1.650000000000000e-01 1.242295150377370e-01 8.607886796015928e-01
1.700000000000000e-01 1.288510230950609e-01 8.608940839559893e-01
1.750000000000000e-01 1.335530672362758e-01 8.610047377114153e-01
1.800000000000000e-01 1.383385863920344e-01 8.611208392203469e-01
1.850000000000000e-01 1.432105716675912e-01 8.612425883294497e-01
1.900000000000000e-01 1.481720682123397e-01 8.613701817455676e-01
1.950000000000000e-01 1.532261771231311e-01 8.615038136916948e-01
2.000000000000000e-01 1.583760573825595e-01 8.616436980833886e-01
2.050000000000000e-01 1.636249278334301e-01 8.617900506597844e-01
2.100000000000000e-01 1.689760691906397e-01 8.619430862674017e-01
2.150000000000000e-01 1.744328260917313e-01 8.621030216623360e-01
2.200000000000000e-01 1.799986091874004e-01 8.622700687388247e-01
2.250000000000000e-01 1.856768972732633e-01 8.624444455056735e-01
2.300000000000000e-01 1.914712394642179e-01 8.626263644327336e-01
2.350000000000000e-01 1.973852574127551e-01 8.628160375119577e-01
2.400000000000000e-01 2.034226475726105e-01 8.630136820570605e-01
2.450000000000000e-01 2.095871835091678e-01 8.632195034449952e-01
2.500000000000000e-01 2.158827182580599e-01 8.634336962839815e-01
2.550000000000000e-01 2.223131867334419e-01 8.636564508894007e-01
2.600000000000000e-01 2.288826081874405e-01 8.638879358283212e-01
2.650000000000000e-01 2.355950887223172e-01 8.641283200831358e-01
2.700000000000000e-01 2.424548238569160e-01 8.643777619551695e-01
2.750000000000000e-01 2.494661011489995e-01 8.646363875630360e-01
2.800000000000000e-01 2.566333028751116e-01 8.649043127202852e-01
2.850000000000000e-01 2.639609087696434e-01 8.651816134786802e-01
2.900000000000000e-01 2.714534988248126e-01 8.654683578800261e-01
2.950000000000000e-01 2.791157561533084e-01 8.657645957295433e-01
3.000000000000000e-01 2.869524699153886e-01 8.660703025892321e-01
3.050000000000000e-01 2.949685383122613e-01 8.663854386856332e-01
3.100000000000000e-01 3.031689716476197e-01 8.667099403880310e-01
3.150000000000000e-01 3.115588954592450e-01 8.670436847050713e-01
3.200000000000000e-01 3.201435537226349e-01 8.673864976027335e-01
3.250000000000000e-01 3.289283121286580e-01 8.677381572729517e-01
3.300000000000000e-01 3.379186614372866e-01 8.680984002950823e-01
3.350000000000000e-01 3.471202209094989e-01 8.684668948389438e-01
3.400000000000000e-01 3.565387418195016e-01 8.688432535286120e-01
3.450000000000000e-01 3.661801110494620e-01 8.692270370831168e-01
3.500000000000000e-01 3.760503547690021e-01 8.696177345158701e-01
3.550000000000000e-01 3.861556422017504e-01 8.700147862188486e-01
3.600000000000000e-01 3.965022894813072e-01 8.704175703221355e-01
3.650000000000000e-01 4.070967635990345e-01 8.708254078368624e-01
3.700000000000000e-01 4.179456864461349e-01 8.712375813687012e-01
3.750000000000000e-01 4.290558389525505e-01 8.716533215726163e-01
3.800000000000000e-01 4.404341653252637e-01 8.720718344306692e-01
3.850000000000000e-01 4.520877773886537e-01 8.724923105923754e-01
3.900000000000000e-01 4.640239590296172e-01 8.729139291295216e-01
3.950000000000000e-01 4.762501707502353e-01 8.733358966681454e-01
4.000000000000000e-01 4.887740543308307e-01 8.737574560680634e-01
4.050000000000000e-01 5.016034376063282e-01 8.741779137106269e-01
4.100000000000000e-01 5.147463393589066e-01 8.745966833959657e-01
4.150000000000000e-01 5.282109743299990e-01 8.750133054129412e-01
4.200000000000000e-01 5.420057583547735e-01 8.754274921270512e-01
4.250000000000000e-01 5.561393136223041e-01 8.758391750489941e-01
4.300000000000000e-01 5.706204740647189e-01 8.762485387477067e-01
4.350000000000000e-01 5.854582908786964e-01 8.766560762787383e-01
4.400000000000000e-01 6.006620381827575e-01 8.770626380093387e-01
4.450000000000000e-01 6.162412188138907e-01 8.774694764352619e-01
4.500000000000000e-01 6.322055702671360e-01 8.778782979013479e-01
4.550000000000000e-01 6.485650707818353e-01 8.782913038217766e-01
4.600000000000000e-01 6.653299455783577e-01 8.787112345309782e-01
4.650000000000000e-01 6.825106732491932e-01 8.791414030396125e-01
4.700000000000000e-01 7.001179923084168e-01 8.795857122518018e-01
4.750000000000000e-01 7.181629079036070e-01 8.800486816850756e-01
4.800000000000000e-01 7.366566986944229e-01 8.805354490965911e-01
4.850000000000000e-01 7.556109239021327e-01 8.810517393233106e-01
4.900000000000000e-01 7.750374305345038e-01 8.816038539621432e-01
4.950000000000000e-01 7.949483607905672e-01 8.821986401887736e-01
5.000000000000000e-01 8.153561596498893e-01 8.828433982874783e-01
5.050000000000000e-01 8.362735826510871e-01 8.835458065600118e-01
5.100000000000000e-01 8.577137038644561e-01 8.843138634935946e-01
5.150000000000000e-01 8.796899240636907e-01 8.851557557098821e-01
5.200000000000000e-01 9.022159791018011e-01 8.860796993289702e-01
5.250000000000000e-01 9.253059484964714e-01 8.870938416630956e-01
5.300000000000000e-01 9.489742642302165e-01 8.882061462169786e-01
5.350000000000000e-01 9.732357197708378e-01 8.894241931973409e-01
5.400000000000000e-01 9.981054793178262e-01 8.907549962066447e-01
5.450000000000000e-01 1.023599087280478e+00 8.922048985406091e-01
5.500000000000000e-01 1.049732477993657e+00 8.937794501354892e-01
5.550000000000000e-01 1.076521985677273e+00 8.954832050512344e-01
5.600000000000001e-01 1.103984354645701e+00 8.973195331319127e-01
5.650000000000001e-01 1.132136749773522e+00 8.992905222401498e-01
5.700000000000001e-01 1.160996767224129e+00 9.013969073971720e-01
5.750000000000001e-01 1.190582445447902e+00 9.036379396995246e-01
5.800000000000000e-01 1.220912276456826e+00 9.060112171680297e-01
5.850000000000000e-01 1.252005217382601e+00 9.085125638036421e-01
5.900000000000000e-01 1.283880702325469e+00 9.111359848282857e-01
5.950000000000000e-01 1.316558654501151e+00 9.138736454024572e-01
6.000000000000000e-01 1.350059498693518e+00 9.167158209834313e-01
6.050000000000000e-01 1.384404174020732e+00 9.196508237674186e-01
6.100000000000000e-01 1.419614147022888e+00 9.226649435965723e-01
6.150000000000000e-01 1.455711425079295e+00 9.257424366142835e-01
6.200000000000000e-01 1.492718570163803e+00 9.288655711748851e-01
6.250000000000000e-01 1.530658712946775e+00 9.320147240960361e-01
6.300000000000000e-01 1.569555567252506e+00 9.351685268187775e-01
6.350000000000000e-01 1.609433444881138e+00 9.383040734665722e-01
6.400000000000000e-01 1.650317270804325e+00 9.413972128329748e-01
6.450000000000000e-01 1.692232598744148e+00 9.444229519373721e-01
6.500000000000000e-01 1.735205627145031e+00 9.473559974788555e-01
6.550000000000000e-01 1.779263215548615e+00 9.501714581669347e-01
6.600000000000000e-01 1.824432901381847e+00 9.528457229248011e-01
6.650000000000000e-01 1.870742917168772e+00 9.553575163870686e-01
6.700000000000000e-01 1.918222208176775e+00 9.576891112400473e-01
6.750000000000000e-01 1.966900450508319e+00 9.598276451237214e-01
6.800000000000000e-01 2.016808069649473e+00 9.617664488676519e-01
6.850000000000001e-01 2.067976259486829e+00 9.635062468524090e-01
6.900000000000001e-01 2.120437001804702e+00 9.650560482441114e-01
6.950000000000001e-01 2.174223086274785e+00 9.664335230676472e-01
7.000000000000001e-01 2.229368130950753e+00 9.676646651856649e-01
7.050000000000000e-01 2.285906603280654e+00 9.687825982035312e-01
7.100000000000000e-01 2.343873841650178e+00 9.698254841068075e-01
7.150000000000000e-01 2.403306077470301e+00 9.708336376770750e-01
7.200000000000000e-01 2.464240457823092e+00 9.718461066064054e-01
7.250000000000000e-01 2.526715068679855e+00 9.728971116799799e-01
7.300000000000000e-01 2.590768958706095e+00 9.740128176196359e-01
7.350000000000000e-01 2.656442163668210e+00 9.752088993326375e-01
7.400000000000000e-01 2.723775731457148e+00 9.764892761692081e-01
7.450000000000000e-01 2.792811747744667e+00 9.778462241645485e-01
7.500000000000000e-01 2.863593362288260e+00 9.792618727995855e-01
7.550000000000000e-01 2.936164815901156e+00 9.807108834232684e-01
7.600000000000000e-01 3.010571468104263e+00 9.821639244818198e-01
7.650000000000000e-01 3.086859825477351e+00 9.835914330273090e-01
7.700000000000000e-01 3.165077570727174e+00 9.849671061969139e-01
7.750000000000000e-01 3.245273592490716e+00 9.862706159187595e-01
7.800000000000000e-01 3.327498015892184e+00 9.874891858319421e-01
7.850000000000000e-01 3.411802233872832e+00 9.886178898352893e-01
7.900000000000000e-01 3.498238939313234e+00 9.896587807622589e-01
7.950000000000000e-01 3.586862157968046e+00 9.906191738033450e-01
8.000000000000000e-01 3.677727282233856e+00 9.915095352260178e-01
8.050000000000000e-01 3.770891105771243e+00 9.923414323836214e-01
8.100000000000001e-01 3.866411859002656e+00 9.931258956660173e-01
8.150000000000001e-01 3.964349245508326e+00 9.938723722052316e-01
8.200000000000001e-01 4.064764479342956e+00 9.945882756036246e-01
8.250000000000001e-01 4.167720323296481e+00 9.952790069841044e-01
8.300000000000001e-01 4.273281128122877e+00 9.959482646413218e-01
8.350000000000000e-01 4.381512872761445e+00 9.965984671629124e-01
8.400000000000000e-01 4.492483205575838e+00 9.972311631538239e-01
8.450000000000000e-01 4.606261486636447e+00 9.978473603217030e-01
8.500000000000000e-01 4.722918831072739e+00 9.984477560627696e-01
8.550000000000000e-01 4.842528153522501e+00 9.990328816072135e-01
8.600000000000000e-01 4.965164213705875e+00 9.996031833696269e-01
8.650000000000000e-01 5.090903663152626e+00 1.000159064705119e+00
8.700000000000000e-01 5.219825093111814e+00 1.000700905526142e+00
8.750000000000000e-01 5.352009083673925e+00 1.001229070816132e+00
8.800000000000000e-01 5.487538254136007e+00 1.001743914115047e+00
8.850000000000000e-01 5.626497314641444e+00 1.002245778938976e+00
8.900000000000000e-01 5.768973119126561e+00 1.002734999425462e+00
8.950000000000000e-01 5.915054719607133e+00 1.003211900711075e+00
9.000000000000000e-01 6.064833421838831e+00 1.003676799220606e+00
9.050000000000000e-01 6.218402842386253e+00 1.004130002925487e+00
9.100000000000000e-01 6.375858967136348e+00 1.004571811588337e+00
9.150000000000000e-01 6.537300211292723e+00 1.005002516998296e+00
9.200000000000000e-01 6.702827480888332e+00 1.005422403198495e+00
9.250000000000000e-01 6.872544235855034e+00 1.005831746706165e+00
9.300000000000000e-01 7.046556554689444e+00 1.006230816725711e+00
9.350000000000001e-01 7.224973200755413e+00 1.006619875355031e+00
9.400000000000001e-01 7.407905690264673e+00 1.006999177785319e+00
9.450000000000001e-01 7.595468361978146e+00 1.007368972494609e+00
9.500000000000001e-01 7.787778448671316e+00 1.007729501435278e+00
9.550000000000001e-01 7.984956150408610e+00 1.008081000215743e+00
9.600000000000000e-01 8.187124709672272e+00 1.008423698276544e+00
9.650000000000000e-01 8.394410488393007e+00 1.008757819061034e+00
9.700000000000000e-01 8.606943046930221e+00 1.009083580180856e+00
9.750000000000000e-01 8.824855225051540e+00 1.009401193576393e+00
9.800000000000000e-01 9.048283224961922e+00 1.009710865672374e+00
9.850000000000000e-01 9.277366696434507e+00 1.010012797528800e+00
9.900000000000000e-01 9.512248824096272e+00 1.010307184987350e+00
9.950000000000000e-01 9.753076416923058e+00 1.010594218813432e+00
1.000000000000000e+00 1.000000000000000e+01 1.010874084834019e+00
