0.000000000000000e+00 0.000000000000000e+00 7.751648122194571e-01
5.000000000000000e-03 3.369477419287315e-03 7.751661737238100e-01
1.000000000000000e-02 6.741060871647481e-03 7.751697982807925e-01
1.500000000000000e-02 1.011685770649257e-02 7.751758336727637e-01
2.000000000000000e-02 1.349897790673588e-02 7.751843059159512e-01
2.500000000000000e-02 1.688953540759990e-02 7.751952402586544e-01
3.000000000000000e-02 2.029064941789469e-02 7.752086607556944e-01
3.500000000000000e-02 2.370444574459234e-02 7.752246016774543e-01
4.000000000000000e-02 2.713305812152553e-02 7.752431041478764e-01
4.500000000000000e-02 3.057862954304063e-02 7.752642141444862e-01
5.000000000000000e-02 3.404331360343898e-02 7.752879872653986e-01
5.500000000000000e-02 3.752927584304335e-02 7.753144862674720e-01
6.000000000000000e-02 4.103869510173117e-02 7.753437763550597e-01
6.500000000000000e-02 4.457376488078044e-02 7.753759300745472e-01
7.000000000000001e-02 4.813669471387935e-02 7.754110328867446e-01
7.500000000000000e-02 5.172971154815675e-02 7.754491776597052e-01
8.000000000000000e-02 5.535506113609672e-02 7.754904591762888e-01
8.500000000000001e-02 5.901500943920686e-02 7.755349800168403e-01
9.000000000000000e-02 6.271184404431801e-02 7.755828570861778e-01
9.500000000000000e-02 6.644787559340060e-02 7.756342171707663e-01
1.000000000000000e-01 7.022543922779090e-02 7.756891911151725e-01
1.050000000000000e-01 7.404689604773053e-02 7.757479168724433e-01
1.100000000000000e-01 7.791463458813094e-02 7.758105451789760e-01
1.150000000000000e-01 8.183107231148547e-02 7.758772403529476e-01
1.200000000000000e-01 8.579865711886202e-02 7.759481779893889e-01
1.250000000000000e-01 8.981986887992111e-02 7.760235410319589e-01
1.300000000000000e-01 9.389722098291493e-02 7.761035190965003e-01
1.350000000000000e-01 9.803326190563690e-02 7.761883170308794e-01
1.400000000000000e-01 1.022305768083033e-01 7.762781608876347e-01
1.450000000000000e-01 1.064917891493625e-01 7.763732892692556e-01
1.500000000000000e-01 1.108195623252418e-01 7.764739476808759e-01
1.550000000000000e-01 1.152166013350572e-01 7.765803949333185e-01
1.600000000000000e-01 1.196856544713255e-01 7.766929051018880e-01
1.650000000000000e-01 1.242295150377370e-01 7.768117706127502e-01
1.700000000000000e-01 1.288510230950609e-01 7.769373094644930e-01
1.750000000000000e-01 1.335530672362758e-01 7.770698572786500e-01
1.800000000000000e-01 1.383385863920344e-01 7.772097642658135e-01
1.850000000000000e-01 1.432105716675912e-01 7.773574008322384e-01
1.900000000000000e-01 1.481720682123397e-01 7.775131513343494e-01
1.950000000000000e-01 1.532261771231311e-01 7.776774236511628e-01
2.000000000000000e-01 1.583760573825595e-01 7.778506496524723e-01
2.050000000000000e-01 1.636249278334301e-01 7.780332856165140e-01
2.100000000000000e-01 1.689760691906397e-01 7.782258174648131e-01
2.150000000000000e-01 1.744328260917313e-01 7.784287571538452e-01
2.200000000000000e-01 1.799986091874004e-01 7.786426476935954e-01
2.250000000000000e-01 1.856768972732633e-01 7.788680615007080e-01
2.300000000000000e-01 1.914712394642179e-01 7.791056037456958e-01
2.350000000000000e-01 1.973852574127551e-01 7.793559130028054e-01
2.400000000000000e-01 2.034226475726105e-01 7.796196636388735e-01
2.450000000000000e-01 2.095871835091678e-01 7.798975675205612e-01
2.500000000000000e-01 2.158827182580599e-01 7.801903761878564e-01
2.550000000000000e-01 2.223131867334419e-01 7.804988829682505e-01
2.600000000000000e-01 2.288826081874405e-01 7.808239252502717e-01
2.650000000000000e-01 2.355950887223172e-01 7.811663868345980e-01
2.700000000000000e-01 2.424548238569160e-01 7.815272003947814e-01
2.750000000000000e-01 2.494661011489995e-01 7.819073500374466e-01
2.800000000000000e-01 2.566333028751116e-01 7.823078739637731e-01
2.850000000000000e-01 2.639609087696434e-01 7.827298672280126e-01
2.900000000000000e-01 2.714534988248126e-01 7.831744845880517e-01
2.950000000000000e-01 2.791157561533084e-01 7.836429434403724e-01
3.000000000000000e-01 2.869524699153886e-01 7.841365268292124e-01
3.050000000000000e-01 2.949685383122613e-01 7.846565865165862e-01
3.100000000000000e-01 3.031689716476197e-01 7.852045460962291e-01
3.150000000000000e-01 3.115588954592450e-01 7.857819041303341e-01
3.200000000000000e-01 3.201435537226349e-01 7.863902372831044e-01
3.250000000000000e-01 3.289283121286580e-01 7.870312034195641e-01
3.300000000000000e-01 3.379186614372866e-01 7.877065446316955e-01
3.350000000000000e-01 3.471202209094989e-01 7.884180901466924e-01
3.400000000000000e-01 3.565387418195016e-01 7.891677590638893e-01
3.450000000000000e-01 3.661801110494620e-01 7.899575628576476e-01
3.500000000000000e-01 3.760503547690021e-01 7.907896075730992e-01
3.550000000000000e-01 3.861556422017504e-01 7.916660956300962e-01
3.600000000000000e-01 3.965022894813072e-01 7.925893271379708e-01
3.650000000000000e-01 4.070967635990345e-01 7.935617006097346e-01
3.700000000000000e-01 4.179456864461349e-01 7.945857129491849e-01
3.750000000000000e-01 4.290558389525505e-01 7.956639585680757e-01
3.800000000000000e-01 4.404341653252637e-01 7.967991274731937e-01
3.850000000000000e-01 4.520877773886537e-01 7.979940021450185e-01
3.900000000000000e-01 4.640239590296172e-01 7.992514530109321e-01
3.950000000000000e-01 4.762501707502353e-01 8.005744322970474e-01
4.000000000000000e-01 4.887740543308307e-01 8.019659660241389e-01
4.050000000000000e-01 5.016034376063282e-01 8.034291438955484e-01
4.100000000000000e-01 5.147463393589066e-01 8.049671068090831e-01
4.150000000000000e-01 5.282109743299990e-01 8.065830317118459e-01
4.200000000000000e-01 5.420057583547735e-01 8.082801135078289e-01
4.250000000000000e-01 5.561393136223041e-01 8.100615437243697e-01
4.300000000000000e-01 5.706204740647189e-01 8.119304856468932e-01
4.350000000000000e-01 5.854582908786964e-01 8.138900456435858e-01
4.400000000000000e-01 6.006620381827575e-01 8.159432404248803e-01
4.450000000000000e-01 6.162412188138907e-01 8.180929600191341e-01
4.500000000000000e-01 6.322055702671360e-01 8.203419262980486e-01
4.550000000000000e-01 6.485650707818353e-01 8.226926469556458e-01
4.600000000000000e-01 6.653299455783577e-01 8.251473649353483e-01
4.650000000000000e-01 6.825106732491932e-01 8.277080034130314e-01
4.700000000000000e-01 7.001179923084168e-01 8.303761065815511e-01
4.750000000000000e-01 7.181629079036070e-01 8.331527766452416e-01
4.800000000000000e-01 7.366566986944229e-01 8.360386076213492e-01
4.850000000000000e-01 7.556109239021327e-01 8.390336167581970e-01
4.900000000000000e-01 7.750374305345038e-01 8.421371746143618e-01
4.950000000000000e-01 7.949483607905672e-01 8.453479350947175e-01
5.000000000000000e-01 8.153561596498893e-01 8.486637670010762e-01
5.050000000000000e-01 8.362735826510871e-01 8.520816889181805e-01
5.100000000000000e-01 8.577137038644561e-01 8.555978095082568e-01
5.150000000000000e-01 8.796899240636907e-01 8.592072755151128e-01
5.200000000000000e-01 9.022159791018011e-01 8.629042299654638e-01
5.250000000000000e-01 9.253059484964714e-01 8.666817831828376e-01
5.300000000000000e-01 9.489742642302165e-01 8.705319992790893e-01
5.350000000000000e-01 9.732357197708378e-01 8.744459007416098e-01
5.400000000000000e-01 9.981054793178262e-01 8.784134935735362e-01
5.450000000000000e-01 1.023599087280478e+00 8.824238151555365e-01
5.500000000000000e-01 1.049732477993657e+00 8.864650065714499e-01
5.550000000000000e-01 1.076521985677273e+00 8.905244105726406e-01
5.600000000000001e-01 1.103984354645701e+00 8.945886956509808e-01
5.650000000000001e-01 1.132136749773522e+00 8.986440058595071e-01
5.700000000000001e-01 1.160996767224129e+00 9.026761350827239e-01
5.750000000000001e-01 1.190582445447902e+00 9.066707234428796e-01
5.800000000000000e-01 1.220912276456826e+00 9.106134724688788e-01
5.850000000000000e-01 1.252005217382601e+00 9.144903745911939e-01
5.900000000000000e-01 1.283880702325469e+00 9.182879515041269e-01
5.950000000000000e-01 1.316558654501151e+00 9.219934950043961e-01
6.000000000000000e-01 1.350059498693518e+00 9.255953031234930e-01
6.050000000000000e-01 1.384404174020732e+00 9.290829037741944e-01
6.100000000000000e-01 1.419614147022888e+00 9.324472577851224e-01
6.150000000000000e-01 1.455711425079295e+00 9.356809331591381e-01
6.200000000000000e-01 1.492718570163803e+00 9.387782427193576e-01
6.250000000000000e-01 1.530658712946775e+00 9.417353380542095e-01
6.300000000000000e-01 1.569555567252506e+00 9.445502538824468e-01
6.350000000000000e-01 1.609433444881138e+00 9.472228986512164e-01
6.400000000000000e-01 1.650317270804325e+00 9.497549893421997e-01
6.450000000000000e-01 1.692232598744148e+00 9.521499310329162e-01
6.500000000000000e-01 1.735205627145031e+00 9.544126446261326e-01
6.550000000000000e-01 1.779263215548615e+00 9.565493491426734e-01
6.600000000000000e-01 1.824432901381847e+00 9.585673078390526e-01
6.650000000000000e-01 1.870742917168772e+00 9.604745498903309e-01
6.700000000000000e-01 1.918222208176775e+00 9.622795811905176e-01
6.750000000000000e-01 1.966900450508319e+00 9.639910987173856e-01
6.800000000000000e-01 2.016808069649473e+00 9.656177227072530e-01
6.850000000000001e-01 2.067976259486829e+00 9.671677595201755e-01
6.900000000000001e-01 2.120437001804702e+00 9.686490056156394e-01
6.950000000000001e-01 2.174223086274785e+00 9.700685997149348e-01
7.000000000000001e-01 2.229368130950753e+00 9.714329263360338e-01
7.050000000000000e-01 2.285906603280654e+00 9.727475698710815e-01
7.100000000000000e-01 2.343873841650178e+00 9.740173146809668e-01
7.150000000000000e-01 2.403306077470301e+00 9.752461837075564e-01
7.200000000000000e-01 2.464240457823092e+00 9.764375061468963e-01
7.250000000000000e-01 2.526715068679855e+00 9.775940039285441e-01
7.300000000000000e-01 2.590768958706095e+00 9.787178870794514e-01
7.350000000000000e-01 2.656442163668210e+00 9.798109493312778e-01
7.400000000000000e-01 2.723775731457148e+00 9.808746572592745e-01
7.450000000000000e-01 2.792811747744667e+00 9.819102284673848e-01
7.500000000000000e-01 2.863593362288260e+00 9.829186965190915e-01
7.550000000000000e-01 2.936164815901156e+00 9.839009621865976e-01
7.600000000000000e-01 3.010571468104263e+00 9.848578319854033e-01
7.650000000000000e-01 3.086859825477351e+00 9.857900458226280e-01
7.700000000000000e-01 3.165077570727174e+00 9.866982959575876e-01
7.750000000000000e-01 3.245273592490716e+00 9.875832394591391e-01
7.800000000000000e-01 3.327498015892184e+00 9.884455060806836e-01
7.850000000000000e-01 3.411802233872832e+00 9.892857030895699e-01
7.900000000000000e-01 3.498238939313234e+00 9.901044181845821e-01
7.950000000000000e-01 3.586862157968046e+00 9.909022212782032e-01
8.000000000000000e-01 3.677727282233856e+00 9.916796656397411e-01
8.050000000000000e-01 3.770891105771243e+00 9.924372886953130e-01
8.100000000000001e-01 3.866411859002656e+00 9.931756126498686e-01
8.150000000000001e-01 3.964349245508326e+00 9.938951450175385e-01
8.200000000000001e-01 4.064764479342956e+00 9.945963791025999e-01
8.250000000000001e-01 4.167720323296481e+00 9.952797944506109e-01
8.300000000000001e-01 4.273281128122877e+00 9.959458572783726e-01
8.350000000000000e-01 4.381512872761445e+00 9.965950208865398e-01
8.400000000000000e-01 4.492483205575838e+00 9.972277260567011e-01
8.450000000000000e-01 4.606261486636447e+00 9.978444014339656e-01
8.500000000000000e-01 4.722918831072739e+00 9.984454638958074e-01
8.550000000000000e-01 4.842528153522501e+00 9.990313189077945e-01
8.600000000000000e-01 4.965164213705875e+00 9.996023608667839e-01
8.650000000000000e-01 5.090903663152626e+00 1.000158973432116e+00
8.700000000000000e-01 5.219825093111814e+00 1.000701529845326e+00
8.750000000000000e-01 5.352009083673925e+00 1.001230393238841e+00
8.800000000000000e-01 5.487538254136007e+00 1.001745916934145e+00
8.850000000000000e-01 5.626497314641444e+00 1.002248444729821e+00
8.900000000000000e-01 5.768973119126561e+00 1.002738311179904e+00
8.950000000000000e-01 5.915054719607133e+00 1.003215841862921e+00
9.000000000000000e-01 6.064833421838831e+00 1.003681353642008e+00
9.050000000000000e-01 6.218402842386253e+00 1.004135154916447e+00
9.100000000000000e-01 6.375858967136348e+00 1.004577545864964e+00
9.150000000000000e-01 6.537300211292723e+00 1.005008818681116e+00
9.200000000000000e-01 6.702827480888332e+00 1.005429257801063e+00
9.250000000000000e-01 6.872544235855034e+00 1.005839140124023e+00
9.300000000000000e-01 7.046556554689444e+00 1.006238735225699e+00
9.350000000000001e-01 7.224973200755413e+00 1.006628305564914e+00
9.400000000000001e-01 7.407905690264673e+00 1.007008106683747e+00
9.450000000000001e-01 7.595468361978146e+00 1.007378387401378e+00
9.500000000000001e-01 7.787778448671316e+00 1.007739390001893e+00
9.550000000000001e-01 7.984956150408610e+00 1.008091350416263e+00
9.600000000000000e-01 8.187124709672272e+00 1.008434498398710e+00
9.650000000000000e-01 8.394410488393007e+00 1.008769057697659e+00
9.700000000000000e-01 8.606943046930221e+00 1.009095246221476e+00
9.750000000000000e-01 8.824855225051540e+00 1.009413276199167e+00
9.800000000000000e-01 9.048283224961922e+00 1.009723354336222e+00
9.850000000000000e-01 9.277366696434507e+00 1.010025681965778e+00
9.900000000000000e-01 9.512248824096272e+00 1.010320455195248e+00
9.950000000000000e-01 9.753076416923058e+00 1.010607865048586e+00
1.000000000000000e+00 1.000000000000000e+01 1.010888097604338e+00
