0.000000000000000e+00 0.000000000000000e+00 9.674391059528006e-01
5.000000000000000e-03 3.369477419287315e-03 9.674391059830982e-01
1.000000000000000e-02 6.741060871647481e-03 9.674391060096287e-01
1.500000000000000e-02 1.011685770649257e-02 9.674391060161909e-01
2.000000000000000e-02 1.349897790673588e-02 9.674391060201106e-01
2.500000000000000e-02 1.688953540759990e-02 9.674391060234629e-01
3.000000000000000e-02 2.029064941789469e-02 9.674391060257285e-01
3.500000000000000e-02 2.370444574459234e-02 9.674391060274158e-01
4.000000000000000e-02 2.713305812152553e-02 9.674391060291124e-01
4.500000000000000e-02 3.057862954304063e-02 9.674391060313340e-01
5.000000000000000e-02 3.404331360343898e-02 9.674391060335872e-01
5.500000000000000e-02 3.752927584304335e-02 9.674391060354737e-01
6.000000000000000e-02 4.103869510173117e-02 9.674391060371841e-01
6.500000000000000e-02 4.457376488078044e-02 9.674391060416480e-01
7.000000000000001e-02 4.813669471387935e-02 9.674391060470430e-01
7.500000000000000e-02 5.172971154815675e-02 9.674391060523283e-01
8.000000000000000e-02 5.535506113609672e-02 9.674391060569485e-01
8.500000000000001e-02 5.901500943920686e-02 9.674391060599529e-01
9.000000000000000e-02 6.271184404431801e-02 9.674391060635588e-01
9.500000000000000e-02 6.644787559340060e-02 9.674391060674209e-01
1.000000000000000e-01 7.022543922779090e-02 9.674391060728627e-01
1.050000000000000e-01 7.404689604773053e-02 9.674391060784807e-01
1.100000000000000e-01 7.791463458813094e-02 9.674391060859618e-01
1.150000000000000e-01 8.183107231148547e-02 9.674391060950799e-01
1.200000000000000e-01 8.579865711886202e-02 9.674391061035790e-01
1.250000000000000e-01 8.981986887992111e-02 9.674391061133988e-01
1.300000000000000e-01 9.389722098291493e-02 9.674391061225963e-01
1.350000000000000e-01 9.803326190563690e-02 9.674391061301797e-01
1.400000000000000e-01 1.022305768083033e-01 9.674391061393014e-01
1.450000000000000e-01 1.064917891493625e-01 9.674391061482192e-01
1.500000000000000e-01 1.108195623252418e-01 9.674391061567080e-01
1.550000000000000e-01 1.152166013350572e-01 9.674391061642648e-01
1.600000000000000e-01 1.196856544713255e-01 9.674391061722585e-01
1.650000000000000e-01 1.242295150377370e-01 9.674391061830730e-01
1.700000000000000e-01 1.288510230950609e-01 9.674391061936851e-01
1.750000000000000e-01 1.335530672362758e-01 9.674391062041968e-01
1.800000000000000e-01 1.383385863920344e-01 9.674391062181306e-01
1.850000000000000e-01 1.432105716675912e-01 9.674391062316684e-01
1.900000000000000e-01 1.481720682123397e-01 9.674391062452278e-01
1.950000000000000e-01 1.532261771231311e-01 9.674391062605368e-01
2.000000000000000e-01 1.583760573825595e-01 9.674391062772201e-01
2.050000000000000e-01 1.636249278334301e-01 9.674391062935074e-01
2.100000000000000e-01 1.689760691906397e-01 9.674391063099322e-01
2.150000000000000e-01 1.744328260917313e-01 9.674391063292703e-01
2.200000000000000e-01 1.799986091874004e-01 9.674391063506510e-01
2.250000000000000e-01 1.856768972732633e-01 9.674391063729744e-01
2.300000000000000e-01 1.914712394642179e-01 9.674391063954672e-01
2.350000000000000e-01 1.973852574127551e-01 9.674391064184820e-01
2.400000000000000e-01 2.034226475726105e-01 9.674391064408828e-01
2.450000000000000e-01 2.095871835091678e-01 9.674391064646949e-01
2.500000000000000e-01 2.158827182580599e-01 9.674391064904949e-01
2.550000000000000e-01 2.223131867334419e-01 9.674391065186416e-01
2.600000000000000e-01 2.288826081874405e-01 9.674391065478087e-01
2.650000000000000e-01 2.355950887223172e-01 9.674391065788593e-01
2.700000000000000e-01 2.424548238569160e-01 9.674391066100380e-01
2.750000000000000e-01 2.494661011489995e-01 9.674391066416625e-01
2.800000000000000e-01 2.566333028751116e-01 9.674391066755380e-01
2.850000000000000e-01 2.639609087696434e-01 9.674391067122893e-01
2.900000000000000e-01 2.714534988248126e-01 9.674391067522663e-01
2.950000000000000e-01 2.791157561533084e-01 9.674391067954887e-01
3.000000000000000e-01 2.869524699153886e-01 9.674391068398566e-01
3.050000000000000e-01 2.949685383122613e-01 9.674391068840409e-01
3.100000000000000e-01 3.031689716476197e-01 9.674391069310958e-01
3.150000000000000e-01 3.115588954592450e-01 9.674391069783860e-01
3.200000000000000e-01 3.201435537226349e-01 9.674391070306130e-01
3.250000000000000e-01 3.289283121286580e-01 9.674391070900200e-01
3.300000000000000e-01 3.379186614372866e-01 9.674391071489645e-01
3.350000000000000e-01 3.471202209094989e-01 9.674391072070470e-01
3.400000000000000e-01 3.565387418195016e-01 9.674391072722833e-01
3.450000000000000e-01 3.661801110494620e-01 9.674391073399096e-01
3.500000000000000e-01 3.760503547690021e-01 9.674391074083285e-01
3.550000000000000e-01 3.861556422017504e-01 9.674391074812533e-01
3.600000000000000e-01 3.965022894813072e-01 9.674391075572908e-01
3.650000000000000e-01 4.070967635990345e-01 9.674391076412154e-01
3.700000000000000e-01 4.179456864461349e-01 9.674391077314431e-01
3.750000000000000e-01 4.290558389525505e-01 9.674391078246783e-01
3.800000000000000e-01 4.404341653252637e-01 9.674391079207761e-01
3.850000000000000e-01 4.520877773886537e-01 9.674391080198991e-01
3.900000000000000e-01 4.640239590296172e-01 9.674391081197216e-01
3.950000000000000e-01 4.762501707502353e-01 9.674391082246439e-01
4.000000000000000e-01 4.887740543308307e-01 9.674391083419879e-01
4.050000000000000e-01 5.016034376063282e-01 9.674391084684226e-01
4.100000000000000e-01 5.147463393589066e-01 9.674391085984879e-01
4.150000000000000e-01 5.282109743299990e-01 9.674391087334964e-01
4.200000000000000e-01 5.420057583547735e-01 9.674391088749109e-01
4.250000000000000e-01 5.561393136223041e-01 9.674391090236061e-01
4.300000000000000e-01 5.706204740647189e-01 9.674391091784775e-01
4.350000000000000e-01 5.854582908786964e-01 9.674391093409040e-01
4.400000000000000e-01 6.006620381827575e-01 9.674391095148777e-01
4.450000000000000e-01 6.162412188138907e-01 9.674391096987216e-01
4.500000000000000e-01 6.322055702671360e-01 9.674391098938120e-01
4.550000000000000e-01 6.485650707818353e-01 9.674391100945775e-01
4.600000000000000e-01 6.653299455783577e-01 9.674391103047241e-01
4.650000000000000e-01 6.825106732491932e-01 9.674391105269571e-01
4.700000000000000e-01 7.001179923084168e-01 9.674391107616215e-01
4.750000000000000e-01 7.181629079036070e-01 9.674391110185402e-01
4.800000000000000e-01 7.366566986944229e-01 9.674391112843538e-01
4.850000000000000e-01 7.556109239021327e-01 9.674391115635539e-01
4.900000000000000e-01 7.750374305345038e-01 9.674391118592415e-01
4.950000000000000e-01 7.949483607905672e-01 9.674391121688850e-01
5.000000000000000e-01 8.153561596498893e-01 9.674391125112028e-01
5.050000000000000e-01 8.362735826510871e-01 9.674391128736132e-01
5.100000000000000e-01 8.577137038644561e-01 9.674391132538712e-01
5.150000000000000e-01 8.796899240636907e-01 9.674391136675040e-01
5.200000000000000e-01 9.022159791018011e-01 9.674391141181727e-01
5.250000000000000e-01 9.253059484964714e-01 9.674391146067224e-01
5.300000000000000e-01 9.489742642302165e-01 9.674391151363311e-01
5.350000000000000e-01 9.732357197708378e-01 9.674391157286606e-01
5.400000000000000e-01 9.981054793178262e-01 9.674391163873511e-01
5.450000000000000e-01 1.023599087280478e+00 9.674391171257298e-01
5.500000000000000e-01 1.049732477993657e+00 9.674391179764055e-01
5.550000000000000e-01 1.076521985677273e+00 9.674391189553304e-01
5.600000000000001e-01 1.103984354645701e+00 9.674391201151168e-01
5.650000000000001e-01 1.132136749773522e+00 9.674391215087497e-01
5.700000000000001e-01 1.160996767224129e+00 9.674391232086307e-01
5.750000000000001e-01 1.190582445447902e+00 9.674391253514673e-01
5.800000000000000e-01 1.220912276456826e+00 9.674391280804110e-01
5.850000000000000e-01 1.252005217382601e+00 9.674391316541763e-01
5.900000000000000e-01 1.283880702325469e+00 9.674391364478311e-01
5.950000000000000e-01 1.316558654501151e+00 9.674391429633185e-01
6.000000000000000e-01 1.350059498693518e+00 9.674391520646176e-01
6.050000000000000e-01 1.384404174020732e+00 9.674391649646112e-01
6.100000000000000e-01 1.419614147022888e+00 9.674391835117153e-01
6.150000000000000e-01 1.455711425079295e+00 9.674392106942808e-01
6.200000000000000e-01 1.492718570163803e+00 9.674392508819010e-01
6.250000000000000e-01 1.530658712946775e+00 9.674393109869354e-01
6.300000000000000e-01 1.569555567252506e+00 9.674394019076541e-01
6.350000000000000e-01 1.609433444881138e+00 9.674395401603952e-01
6.400000000000000e-01 1.650317270804325e+00 9.674397519669374e-01
6.450000000000000e-01 1.692232598744148e+00 9.674400784186415e-01
6.500000000000000e-01 1.735205627145031e+00 9.674405828309621e-01
6.550000000000000e-01 1.779263215548615e+00 9.674413650570276e-01
6.600000000000000e-01 1.824432901381847e+00 9.674425809463991e-01
6.650000000000000e-01 1.870742917168772e+00 9.674444708554391e-01
6.700000000000000e-01 1.918222208176775e+00 9.674474087063566e-01
6.750000000000000e-01 1.966900450508319e+00 9.674519716641634e-01
6.800000000000000e-01 2.016808069649473e+00 9.674590388583821e-01
6.850000000000001e-01 2.067976259486829e+00 9.674699451924990e-01
6.900000000000001e-01 2.120437001804702e+00 9.674866988622713e-01
6.950000000000001e-01 2.174223086274785e+00 9.675122712167084e-01
7.000000000000001e-01 2.229368130950753e+00 9.675509907046637e-01
7.050000000000000e-01 2.285906603280654e+00 9.676090421326787e-01
7.100000000000000e-01 2.343873841650178e+00 9.676950382394004e-01
7.150000000000000e-01 2.403306077470301e+00 9.678206109709899e-01
7.200000000000000e-01 2.464240457823092e+00 9.680008248277877e-01
7.250000000000000e-01 2.526715068679855e+00 9.682540424990996e-01
7.300000000000000e-01 2.590768958706095e+00 9.686009112280712e-01
7.350000000000000e-01 2.656442163668210e+00 9.690621279505489e-01
7.400000000000000e-01 2.723775731457148e+00 9.696542492115741e-01
7.450000000000000e-01 2.792811747744667e+00 9.703826699459586e-01
7.500000000000000e-01 2.863593362288260e+00 9.712322031237386e-01
7.550000000000000e-01 2.936164815901156e+00 9.721586752455714e-01
7.600000000000000e-01 3.010571468104263e+00 9.730879235632240e-01
7.650000000000000e-01 3.086859825477351e+00 9.739283495556682e-01
7.700000000000000e-01 3.165077570727174e+00 9.745974800883302e-01
7.750000000000000e-01 3.245273592490716e+00 9.750539257864053e-01
7.800000000000000e-01 3.327498015892184e+00 9.753202411340210e-01
7.850000000000000e-01 3.411802233872832e+00 9.754849603771778e-01
7.900000000000000e-01 3.498238939313234e+00 9.756823173596361e-01
7.950000000000000e-01 3.586862157968046e+00 9.760587255396228e-01
8.000000000000000e-01 3.677727282233856e+00 9.767392276345241e-01
8.050000000000000e-01 3.770891105771243e+00 9.778038755569967e-01
8.100000000000001e-01 3.866411859002656e+00 9.792776330075497e-01
8.150000000000001e-01 3.964349245508326e+00 9.811321754237879e-01
8.200000000000001e-01 4.064764479342956e+00 9.832950059594311e-01
8.250000000000001e-01 4.167720323296481e+00 9.856603848276606e-01
8.300000000000001e-01 4.273281128122877e+00 9.880983987896701e-01
8.350000000000000e-01 4.381512872761445e+00 9.904632636081737e-01
8.400000000000000e-01 4.492483205575838e+00 9.926067207277179e-01
8.450000000000000e-01 4.606261486636447e+00 9.944020968178429e-01
8.500000000000000e-01 4.722918831072739e+00 9.957767921205156e-01
8.550000000000000e-01 4.842528153522501e+00 9.967399692303544e-01
8.600000000000000e-01 4.965164213705875e+00 9.973875120259207e-01
8.650000000000000e-01 5.090903663152626e+00 9.978745140607240e-01
8.700000000000000e-01 5.219825093111814e+00 9.983630911513228e-01
8.750000000000000e-01 5.352009083673925e+00 9.989683502744807e-01
8.800000000000000e-01 5.487538254136007e+00 9.997272737694485e-01
8.850000000000000e-01 5.626497314641444e+00 1.000602695897437e+00
8.900000000000000e-01 5.768973119126561e+00 1.001515696647327e+00
8.950000000000000e-01 5.915054719607133e+00 1.002386464659264e+00
9.000000000000000e-01 6.064833421838831e+00 1.003163431394130e+00
9.050000000000000e-01 6.218402842386253e+00 1.003831423518363e+00
9.100000000000000e-01 6.375858967136348e+00 1.004402730958783e+00
9.150000000000000e-01 6.537300211292723e+00 1.004901799288983e+00
9.200000000000000e-01 6.702827480888332e+00 1.005352778459323e+00
9.250000000000000e-01 6.872544235855034e+00 1.005773517922139e+00
9.300000000000000e-01 7.046556554689444e+00 1.006174871745115e+00
9.350000000000001e-01 7.224973200755413e+00 1.006562517247827e+00
9.400000000000001e-01 7.407905690264673e+00 1.006939108598969e+00
9.450000000000001e-01 7.595468361978146e+00 1.007305824828255e+00
9.500000000000001e-01 7.787778448671316e+00 1.007663225744348e+00
9.550000000000001e-01 7.984956150408610e+00 1.008011642343364e+00
9.600000000000000e-01 8.187124709672272e+00 1.008351328481650e+00
9.650000000000000e-01 8.394410488393007e+00 1.008682512009997e+00
9.700000000000000e-01 8.606943046930221e+00 1.009005409961049e+00
9.750000000000000e-01 8.824855225051540e+00 1.009320232619096e+00
9.800000000000000e-01 9.048283224961922e+00 1.009627184580422e+00
9.850000000000000e-01 9.277366696434507e+00 1.009926465111597e+00
9.900000000000000e-01 9.512248824096272e+00 1.010218268548249e+00
9.950000000000000e-01 9.753076416923058e+00 1.010502786772766e+00
1.000000000000000e+00 1.000000000000000e+01 1.010780233986087e+00
