0.000000000000000e+00 0.000000000000000e+00 8.443324848482987e-01
5.000000000000000e-03 3.369477419287315e-03 8.443329219689758e-01
1.000000000000000e-02 6.741060871647481e-03 8.443340988521711e-01
1.500000000000000e-02 1.011685770649257e-02 8.443360787836444e-01
2.000000000000000e-02 1.349897790673588e-02 8.443388577681979e-01
2.500000000000000e-02 1.688953540759990e-02 8.443424413229332e-01
3.000000000000000e-02 2.029064941789469e-02 8.443468366952579e-01
3.500000000000000e-02 2.370444574459234e-02 8.443520537003852e-01
4.000000000000000e-02 2.713305812152553e-02 8.443581039414555e-01
4.500000000000000e-02 3.057862954304063e-02 8.443649993920259e-01
5.000000000000000e-02 3.404331360343898e-02 8.443727474246019e-01
5.500000000000000e-02 3.752927584304335e-02 8.443813671982556e-01
6.000000000000000e-02 4.103869510173117e-02 8.443908786046551e-01
6.500000000000000e-02 4.457376488078044e-02 8.444013011293375e-01
7.000000000000001e-02 4.813669471387935e-02 8.444126546069601e-01
7.500000000000000e-02 5.172971154815675e-02 8.444249617035199e-01
8.000000000000000e-02 5.535506113609672e-02 8.444382476315895e-01
8.500000000000001e-02 5.901500943920686e-02 8.444525362882068e-01
9.000000000000000e-02 6.271184404431801e-02 8.444678553450441e-01
9.500000000000000e-02 6.644787559340060e-02 8.444842312236620e-01
1.000000000000000e-01 7.022543922779090e-02 8.445016984709578e-01
1.050000000000000e-01 7.404689604773053e-02 8.445202914321291e-01
1.100000000000000e-01 7.791463458813094e-02 8.445400448029513e-01
1.150000000000000e-01 8.183107231148547e-02 8.445609952421439e-01
1.200000000000000e-01 8.579865711886202e-02 8.445831804027697e-01
1.250000000000000e-01 8.981986887992111e-02 8.446066391226166e-01
1.300000000000000e-01 9.389722098291493e-02 8.446314102053210e-01
1.350000000000000e-01 9.803326190563690e-02 8.446575427497123e-01
1.400000000000000e-01 1.022305768083033e-01 8.446850807698162e-01
1.450000000000000e-01 1.064917891493625e-01 8.447140684150870e-01
1.500000000000000e-01 1.108195623252418e-01 8.447445578320871e-01
1.550000000000000e-01 1.152166013350572e-01 8.447766008647104e-01
1.600000000000000e-01 1.196856544713255e-01 8.448102507231448e-01
1.650000000000000e-01 1.242295150377370e-01 8.448455592319389e-01
1.700000000000000e-01 1.288510230950609e-01 8.448825816846406e-01
1.750000000000000e-01 1.335530672362758e-01 8.449213760604183e-01
1.800000000000000e-01 1.383385863920344e-01 8.449620028973863e-01
1.850000000000000e-01 1.432105716675912e-01 8.450045271227136e-01
1.900000000000000e-01 1.481720682123397e-01 8.450490110537627e-01
1.950000000000000e-01 1.532261771231311e-01 8.450955201940532e-01
2.000000000000000e-01 1.583760573825595e-01 8.451441203585494e-01
2.050000000000000e-01 1.636249278334301e-01 8.451948782838807e-01
2.100000000000000e-01 1.689760691906397e-01 8.452478713820716e-01
2.150000000000000e-01 1.744328260917313e-01 8.453031740007879e-01
2.200000000000000e-01 1.799986091874004e-01 8.453608652044630e-01
2.250000000000000e-01 1.856768972732633e-01 8.454210265484272e-01
2.300000000000000e-01 1.914712394642179e-01 8.454837328426245e-01
2.350000000000000e-01 1.973852574127551e-01 8.455490761465917e-01
2.400000000000000e-01 2.034226475726105e-01 8.456171505822512e-01
2.450000000000000e-01 2.095871835091678e-01 8.456880526775767e-01
2.500000000000000e-01 2.158827182580599e-01 8.457618898071504e-01
2.550000000000000e-01 2.223131867334419e-01 8.458387603556288e-01
2.600000000000000e-01 2.288826081874405e-01 8.459187833106936e-01
2.650000000000000e-01 2.355950887223172e-01 8.460020982109481e-01
2.700000000000000e-01 2.424548238569160e-01 8.460888339295760e-01
2.750000000000000e-01 2.494661011489995e-01 8.461791332870882e-01
2.800000000000000e-01 2.566333028751116e-01 8.462731682837115e-01
2.850000000000000e-01 2.639609087696434e-01 8.463711216872031e-01
2.900000000000000e-01 2.714534988248126e-01 8.464731888268310e-01
2.950000000000000e-01 2.791157561533084e-01 8.465795939361930e-01
3.000000000000000e-01 2.869524699153886e-01 8.466905888573405e-01
3.050000000000000e-01 2.949685383122613e-01 8.468064528865786e-01
3.100000000000000e-01 3.031689716476197e-01 8.469275009979002e-01
3.150000000000000e-01 3.115588954592450e-01 8.470540886710173e-01
3.200000000000000e-01 3.201435537226349e-01 8.471866176448108e-01
3.250000000000000e-01 3.289283121286580e-01 8.473255399462758e-01
3.300000000000000e-01 3.379186614372866e-01 8.474713678260493e-01
3.350000000000000e-01 3.471202209094989e-01 8.476246801159908e-01
3.400000000000000e-01 3.565387418195016e-01 8.477861281041541e-01
3.450000000000000e-01 3.661801110494620e-01 8.479564503531822e-01
3.500000000000000e-01 3.760503547690021e-01 8.481364753080273e-01
3.550000000000000e-01 3.861556422017504e-01 8.483271343180593e-01
3.600000000000000e-01 3.965022894813072e-01 8.485294763011206e-01
3.650000000000000e-01 4.070967635990345e-01 8.487446676849990e-01
3.700000000000000e-01 4.179456864461349e-01 8.489740147170961e-01
3.750000000000000e-01 4.290558389525505e-01 8.492189726372643e-01
3.800000000000000e-01 4.404341653252637e-01 8.494811463389460e-01
3.850000000000000e-01 4.520877773886537e-01 8.497623195649124e-01
3.900000000000000e-01 4.640239590296172e-01 8.500644542974841e-01
3.950000000000000e-01 4.762501707502353e-01 8.503896927541251e-01
4.000000000000000e-01 4.887740543308307e-01 8.507403896246098e-01
4.050000000000000e-01 5.016034376063282e-01 8.511190999486571e-01
4.100000000000000e-01 5.147463393589066e-01 8.515285803474729e-01
4.150000000000000e-01 5.282109743299990e-01 8.519718217358456e-01
4.200000000000000e-01 5.420057583547735e-01 8.524520239454022e-01
4.250000000000000e-01 5.561393136223041e-01 8.529725874673251e-01
4.300000000000000e-01 5.706204740647189e-01 8.535371454561881e-01
4.350000000000000e-01 5.854582908786964e-01 8.541495266660640e-01
4.400000000000000e-01 6.006620381827575e-01 8.548137266991610e-01
4.450000000000000e-01 6.162412188138907e-01 8.555339382158869e-01
4.500000000000000e-01 6.322055702671360e-01 8.563145097449215e-01
4.550000000000000e-01 6.485650707818353e-01 8.571598809479746e-01
4.600000000000000e-01 6.653299455783577e-01 8.580746007369238e-01
4.650000000000000e-01 6.825106732491932e-01 8.590633027626251e-01
4.700000000000000e-01 7.001179923084168e-01 8.601306044518572e-01
4.750000000000000e-01 7.181629079036070e-01 8.612810811784135e-01
4.800000000000000e-01 7.366566986944229e-01 8.625192718068769e-01
4.850000000000000e-01 7.556109239021327e-01 8.638495797952379e-01
4.900000000000000e-01 7.750374305345038e-01 8.652761707144659e-01
4.950000000000000e-01 7.949483607905672e-01 8.668029694635609e-01
5.000000000000000e-01 8.153561596498893e-01 8.684336277613479e-01
5.050000000000000e-01 8.362735826510871e-01 8.701713886912792e-01
5.100000000000000e-01 8.577137038644561e-01 8.720189868226199e-01
5.150000000000000e-01 8.796899240636907e-01 8.739786437112527e-01
5.200000000000000e-01 9.022159791018011e-01 8.760520275502046e-01
5.250000000000000e-01 9.253059484964714e-01 8.782401151496920e-01
5.300000000000000e-01 9.489742642302165e-01 8.805430692643483e-01
5.350000000000000e-01 9.732357197708378e-01 8.829602097002168e-01
5.400000000000000e-01 9.981054793178262e-01 8.854900009571479e-01
5.450000000000000e-01 1.023599087280478e+00 8.881299632564553e-01
5.500000000000000e-01 1.049732477993657e+00 8.908765343005660e-01
5.550000000000000e-01 1.076521985677273e+00 8.937249735213051e-01
5.600000000000001e-01 1.103984354645701e+00 8.966693371470503e-01
5.650000000000001e-01 1.132136749773522e+00 8.997024695567278e-01
5.700000000000001e-01 1.160996767224129e+00 9.028159580603601e-01
5.750000000000001e-01 1.190582445447902e+00 9.060000552973672e-01
5.800000000000000e-01 1.220912276456826e+00 9.092436072943965e-01
5.850000000000000e-01 1.252005217382601e+00 9.125340199432911e-01
5.900000000000000e-01 1.283880702325469e+00 9.158572717485767e-01
5.950000000000000e-01 1.316558654501151e+00 9.191979626216833e-01
6.000000000000000e-01 1.350059498693518e+00 9.225393928064178e-01
6.050000000000000e-01 1.384404174020732e+00 9.258636764956971e-01
6.100000000000000e-01 1.419614147022888e+00 9.291519029947828e-01
6.150000000000000e-01 1.455711425079295e+00 9.323843629509945e-01
6.200000000000000e-01 1.492718570163803e+00 9.355408556264176e-01
6.250000000000000e-01 1.530658712946775e+00 9.386010915030849e-01
6.300000000000000e-01 1.569555567252506e+00 9.415452010368903e-01
6.350000000000000e-01 1.609433444881138e+00 9.443543556099289e-01
6.400000000000000e-01 1.650317270804325e+00 9.470114991566596e-01
6.450000000000000e-01 1.692232598744148e+00 9.495021772566060e-01
6.500000000000000e-01 1.735205627145031e+00 9.518154343306529e-01
6.550000000000000e-01 1.779263215548615e+00 9.539447290421987e-01
6.600000000000000e-01 1.824432901381847e+00 9.558887947944148e-01
6.650000000000000e-01 1.870742917168772e+00 9.576523494946960e-01
6.700000000000000e-01 1.918222208176775e+00 9.592465415660303e-01
6.750000000000000e-01 1.966900450508319e+00 9.606890138494631e-01
6.800000000000000e-01 2.016808069649473e+00 9.620034800267142e-01
6.850000000000001e-01 2.067976259486829e+00 9.632187441004126e-01
6.900000000000001e-01 2.120437001804702e+00 9.643671527763782e-01
6.950000000000001e-01 2.174223086274785e+00 9.654825479002727e-01
7.000000000000001e-01 2.229368130950753e+00 9.665978698996757e-01
7.050000000000000e-01 2.285906603280654e+00 9.677426376940650e-01
7.100000000000000e-01 2.343873841650178e+00 9.689405794009815e-01
7.150000000000000e-01 2.403306077470301e+00 9.702076988194508e-01
7.200000000000000e-01 2.464240457823092e+00 9.715510297678960e-01
7.250000000000000e-01 2.526715068679855e+00 9.729682569884208e-01
7.300000000000000e-01 2.590768958706095e+00 9.744482787883878e-01
7.350000000000000e-01 2.656442163668210e+00 9.759726675464934e-01
7.400000000000000e-01 2.723775731457148e+00 9.775178658542457e-01
7.450000000000000e-01 2.792811747744667e+00 9.790578543025723e-01
7.500000000000000e-01 2.863593362288260e+00 9.805669566979861e-01
7.550000000000000e-01 2.936164815901156e+00 9.820224231266108e-01
7.600000000000000e-01 3.010571468104263e+00 9.834064604557846e-01
7.650000000000000e-01 3.086859825477351e+00 9.847074657207119e-01
7.700000000000000e-01 3.165077570727174e+00 9.859203506362083e-01
7.750000000000000e-01 3.245273592490716e+00 9.870460016512053e-01
7.800000000000000e-01 3.327498015892184e+00 9.880900656174254e-01
7.850000000000000e-01 3.411802233872832e+00 9.890613512887428e-01
7.900000000000000e-01 3.498238939313234e+00 9.899701675165280e-01
7.950000000000000e-01 3.586862157968046e+00 9.908268765048930e-01
8.000000000000000e-01 3.677727282233856e+00 9.916408431878861e-01
8.050000000000000e-01 3.770891105771243e+00 9.924198427902040e-01
8.100000000000001e-01 3.866411859002656e+00 9.931698829719475e-01
8.150000000000001e-01 3.964349245508326e+00 9.938953292874111e-01
8.200000000000001e-01 4.064764479342956e+00 9.945992007640863e-01
8.250000000000001e-01 4.167720323296481e+00 9.952835182720884e-01
8.300000000000001e-01 4.273281128122877e+00 9.959496251731400e-01
8.350000000000000e-01 4.381512872761445e+00 9.965984401194777e-01
8.400000000000000e-01 4.492483205575838e+00 9.972306338341851e-01
8.450000000000000e-01 4.606261486636447e+00 9.978467406062251e-01
8.500000000000000e-01 4.722918831072739e+00 9.984472223013076e-01
8.550000000000000e-01 4.842528153522501e+00 9.990325020199311e-01
8.600000000000000e-01 4.965164213705875e+00 9.996029804024773e-01
8.650000000000000e-01 5.090903663152626e+00 1.000159042977158e+00
8.700000000000000e-01 5.219825093111814e+00 1.000701063309960e+00
8.750000000000000e-01 5.352009083673925e+00 1.001229404360664e+00
8.800000000000000e-01 5.487538254136007e+00 1.001744419136281e+00
8.850000000000000e-01 5.626497314641444e+00 1.002246451089394e+00
8.900000000000000e-01 5.768973119126561e+00 1.002735834427696e+00
8.950000000000000e-01 5.915054719607133e+00 1.003212894390906e+00
9.000000000000000e-01 6.064833421838831e+00 1.003677947512528e+00
9.050000000000000e-01 6.218402842386253e+00 1.004131301871499e+00
9.100000000000000e-01 6.375858967136348e+00 1.004573257335271e+00
9.150000000000000e-01 6.537300211292723e+00 1.005004105794928e+00
9.200000000000000e-01 6.702827480888332e+00 1.005424131392681e+00
9.250000000000000e-01 6.872544235855034e+00 1.005833610742061e+00
9.300000000000000e-01 7.046556554689444e+00 1.006232813141077e+00
9.350000000000001e-01 7.224973200755413e+00 1.006622000778616e+00
9.400000000000001e-01 7.407905690264673e+00 1.007001428934331e+00
9.450000000000001e-01 7.595468361978146e+00 1.007371346172259e+00
9.500000000000001e-01 7.787778448671316e+00 1.007731994528401e+00
9.550000000000001e-01 7.984956150408610e+00 1.008083609692491e+00
9.600000000000000e-01 8.187124709672272e+00 1.008426421184150e+00
9.650000000000000e-01 8.394410488393007e+00 1.008760652523640e+00
9.700000000000000e-01 8.606943046930221e+00 1.009086521397408e+00
9.750000000000000e-01 8.824855225051540e+00 1.009404239818600e+00
9.800000000000000e-01 9.048283224961922e+00 1.009714014282727e+00
9.850000000000000e-01 9.277366696434507e+00 1.010016045918648e+00
9.900000000000000e-01 9.512248824096272e+00 1.010310530635035e+00
9.950000000000000e-01 9.753076416923058e+00 1.010597659262477e+00
1.000000000000000e+00 1.000000000000000e+01 1.010877617691369e+00
