0.000000000000000e+00 0.000000000000000e+00 9.383887925603213e-01
5.000000000000000e-03 3.369477419287315e-03 9.383887926120683e-01
1.000000000000000e-02 6.741060871647481e-03 9.383887928641027e-01
1.500000000000000e-02 1.011685770649257e-02 9.383887935347105e-01
2.000000000000000e-02 1.349897790673588e-02 9.383887945387136e-01
2.500000000000000e-02 1.688953540759990e-02 9.383887958180307e-01
3.000000000000000e-02 2.029064941789469e-02 9.383887974124595e-01
3.500000000000000e-02 2.370444574459234e-02 9.383887993882460e-01
4.000000000000000e-02 2.713305812152553e-02 9.383888017263836e-01
4.500000000000000e-02 3.057862954304063e-02 9.383888043530173e-01
5.000000000000000e-02 3.404331360343898e-02 9.383888073052317e-01
5.500000000000000e-02 3.752927584304335e-02 9.383888106327825e-01
6.000000000000000e-02 4.103869510173117e-02 9.383888143341573e-01
6.500000000000000e-02 4.457376488078044e-02 9.383888184174887e-01
7.000000000000001e-02 4.813669471387935e-02 9.383888229215677e-01
7.500000000000000e-02 5.172971154815675e-02 9.383888277948242e-01
8.000000000000000e-02 5.535506113609672e-02 9.383888330851524e-01
8.500000000000001e-02 5.901500943920686e-02 9.383888388669290e-01
9.000000000000000e-02 6.271184404431801e-02 9.383888451113785e-01
9.500000000000000e-02 6.644787559340060e-02 9.383888517685881e-01
1.000000000000000e-01 7.022543922779090e-02 9.383888589405408e-01
1.050000000000000e-01 7.404689604773053e-02 9.383888666569815e-01
1.100000000000000e-01 7.791463458813094e-02 9.383888749531339e-01
1.150000000000000e-01 8.183107231148547e-02 9.383888837951316e-01
1.200000000000000e-01 8.579865711886202e-02 9.383888932480269e-01
1.250000000000000e-01 8.981986887992111e-02 9.383889033747334e-01
1.300000000000000e-01 9.389722098291493e-02 9.383889142728987e-01
1.350000000000000e-01 9.803326190563690e-02 9.383889259669349e-01
1.400000000000000e-01 1.022305768083033e-01 9.383889384036781e-01
1.450000000000000e-01 1.064917891493625e-01 9.383889516478326e-01
1.500000000000000e-01 1.108195623252418e-01 9.383889658662959e-01
1.550000000000000e-01 1.152166013350572e-01 9.383889811953061e-01
1.600000000000000e-01 1.196856544713255e-01 9.383889975952761e-01
1.650000000000000e-01 1.242295150377370e-01 9.383890151457940e-01
1.700000000000000e-01 1.288510230950609e-01 9.383890339059642e-01
1.750000000000000e-01 1.335530672362758e-01 9.383890539003360e-01
1.800000000000000e-01 1.383385863920344e-01 9.383890751868653e-01
1.850000000000000e-01 1.432105716675912e-01 9.383890979888172e-01
1.900000000000000e-01 1.481720682123397e-01 9.383891224565488e-01
1.950000000000000e-01 1.532261771231311e-01 9.383891486557731e-01
2.000000000000000e-01 1.583760573825595e-01 9.383891766938871e-01
2.050000000000000e-01 1.636249278334301e-01 9.383892069248718e-01
2.100000000000000e-01 1.689760691906397e-01 9.383892393913343e-01
2.150000000000000e-01 1.744328260917313e-01 9.383892741965493e-01
2.200000000000000e-01 1.799986091874004e-01 9.383893117071912e-01
2.250000000000000e-01 1.856768972732633e-01 9.383893520655994e-01
2.300000000000000e-01 1.914712394642179e-01 9.383893955606690e-01
2.350000000000000e-01 1.973852574127551e-01 9.383894425004099e-01
2.400000000000000e-01 2.034226475726105e-01 9.383894930218206e-01
2.450000000000000e-01 2.095871835091678e-01 9.383895474006216e-01
2.500000000000000e-01 2.158827182580599e-01 9.383896062746945e-01
2.550000000000000e-01 2.223131867334419e-01 9.383896699611912e-01
2.600000000000000e-01 2.288826081874405e-01 9.383897390496504e-01
2.650000000000000e-01 2.355950887223172e-01 9.383898140243564e-01
2.700000000000000e-01 2.424548238569160e-01 9.383898954524358e-01
2.750000000000000e-01 2.494661011489995e-01 9.383899840999061e-01
2.800000000000000e-01 2.566333028751116e-01 9.383900805645268e-01
2.850000000000000e-01 2.639609087696434e-01 9.383901855869636e-01
2.900000000000000e-01 2.714534988248126e-01 9.383903001121815e-01
2.950000000000000e-01 2.791157561533084e-01 9.383904253639627e-01
3.000000000000000e-01 2.869524699153886e-01 9.383905623259495e-01
3.050000000000000e-01 2.949685383122613e-01 9.383907126485013e-01
3.100000000000000e-01 3.031689716476197e-01 9.383908777575812e-01
3.150000000000000e-01 3.115588954592450e-01 9.383910589821937e-01
3.200000000000000e-01 3.201435537226349e-01 9.383912582785202e-01
3.250000000000000e-01 3.289283121286580e-01 9.383914782387220e-01
3.300000000000000e-01 3.379186614372866e-01 9.383917214340318e-01
3.350000000000000e-01 3.471202209094989e-01 9.383919902108367e-01
3.400000000000000e-01 3.565387418195016e-01 9.383922879650965e-01
3.450000000000000e-01 3.661801110494620e-01 9.383926183386599e-01
3.500000000000000e-01 3.760503547690021e-01 9.383929858734611e-01
3.550000000000000e-01 3.861556422017504e-01 9.383933952842831e-01
3.600000000000000e-01 3.965022894813072e-01 9.383938520487600e-01
3.650000000000000e-01 4.070967635990345e-01 9.383943627403440e-01
3.700000000000000e-01 4.179456864461349e-01 9.383949344149384e-01
3.750000000000000e-01 4.290558389525505e-01 9.383955758026736e-01
3.800000000000000e-01 4.404341653252637e-01 9.383962966446093e-01
3.850000000000000e-01 4.520877773886537e-01 9.383971085385492e-01
3.900000000000000e-01 4.640239590296172e-01 9.383980246544520e-01
3.950000000000000e-01 4.762501707502353e-01 9.383990604534082e-01
4.000000000000000e-01 4.887740543308307e-01 9.384002337008032e-01
4.050000000000000e-01 5.016034376063282e-01 9.384015650236993e-01
4.100000000000000e-01 5.147463393589066e-01 9.384030792331379e-01
4.150000000000000e-01 5.282109743299990e-01 9.384048043716221e-01
4.200000000000000e-01 5.420057583547735e-01 9.384067739685712e-01
4.250000000000000e-01 5.561393136223041e-01 9.384090266288559e-01
4.300000000000000e-01 5.706204740647189e-01 9.384116086663875e-01
4.350000000000000e-01 5.854582908786964e-01 9.384145746442136e-01
4.400000000000000e-01 6.006620381827575e-01 9.384179866273095e-01
4.450000000000000e-01 6.162412188138907e-01 9.384219203069781e-01
4.500000000000000e-01 6.322055702671360e-01 9.384264639275569e-01
4.550000000000000e-01 6.485650707818353e-01 9.384317219183512e-01
4.600000000000000e-01 6.653299455783577e-01 9.384378182704938e-01
4.650000000000000e-01 6.825106732491932e-01 9.384448980745324e-01
4.700000000000000e-01 7.001179923084168e-01 9.384531360676690e-01
4.750000000000000e-01 7.181629079036070e-01 9.384627369142577e-01
4.800000000000000e-01 7.366566986944229e-01 9.384739442820674e-01
4.850000000000000e-01 7.556109239021327e-01 9.384870489115912e-01
4.900000000000000e-01 7.750374305345038e-01 9.385023921967753e-01
4.950000000000000e-01 7.949483607905672e-01 9.385203836155507e-01
5.000000000000000e-01 8.153561596498893e-01 9.385415064632212e-01
5.050000000000000e-01 8.362735826510871e-01 9.385663326936434e-01
5.100000000000000e-01 8.577137038644561e-01 9.385955448777100e-01
5.150000000000000e-01 8.796899240636907e-01 9.386299441939180e-01
5.200000000000000e-01 9.022159791018011e-01 9.386704809492724e-01
5.250000000000000e-01 9.253059484964714e-01 9.387182772729451e-01
5.300000000000000e-01 9.489742642302165e-01 9.387746445004392e-01
5.350000000000000e-01 9.732357197708378e-01 9.388411280776481e-01
5.400000000000000e-01 9.981054793178262e-01 9.389195282477352e-01
5.450000000000000e-01 1.023599087280478e+00 9.390119291862792e-01
5.500000000000000e-01 1.049732477993657e+00 9.391207498122288e-01
5.550000000000000e-01 1.076521985677273e+00 9.392487538755598e-01
5.600000000000001e-01 1.103984354645701e+00 9.393990783640377e-01
5.650000000000001e-01 1.132136749773522e+00 9.395752670921459e-01
5.700000000000001e-01 1.160996767224129e+00 9.397812405824110e-01
5.750000000000001e-01 1.190582445447902e+00 9.400212806275623e-01
5.800000000000000e-01 1.220912276456826e+00 9.402999929881990e-01
5.850000000000000e-01 1.252005217382601e+00 9.406221658783561e-01
5.900000000000000e-01 1.283880702325469e+00 9.409926179026886e-01
5.950000000000000e-01 1.316558654501151e+00 9.414159915754982e-01
6.000000000000000e-01 1.350059498693518e+00 9.418963856290414e-01
6.050000000000000e-01 1.384404174020732e+00 9.424369359172365e-01
6.100000000000000e-01 1.419614147022888e+00 9.430393394633111e-01
6.150000000000000e-01 1.455711425079295e+00 9.437031997272068e-01
6.200000000000000e-01 1.492718570163803e+00 9.444253278098170e-01
6.250000000000000e-01 1.530658712946775e+00 9.451991234356200e-01
6.300000000000000e-01 1.569555567252506e+00 9.460139771400535e-01
6.350000000000000e-01 1.609433444881138e+00 9.468548604684253e-01
6.400000000000000e-01 1.650317270804325e+00 9.477024292993596e-01
6.450000000000000e-01 1.692232598744148e+00 9.485337511833800e-01
6.500000000000000e-01 1.735205627145031e+00 9.493237550621019e-01
6.550000000000000e-01 1.779263215548615e+00 9.500476321496153e-01
6.600000000000000e-01 1.824432901381847e+00 9.506841412399339e-01
6.650000000000000e-01 1.870742917168772e+00 9.512193513443115e-01
6.700000000000000e-01 1.918222208176775e+00 9.516502214473516e-01
6.750000000000000e-01 1.966900450508319e+00 9.519873617943670e-01
6.800000000000000e-01 2.016808069649473e+00 9.522562321260921e-01
6.850000000000001e-01 2.067976259486829e+00 9.524962419600700e-01
6.900000000000001e-01 2.120437001804702e+00 9.527577478676648e-01
6.950000000000001e-01 2.174223086274785e+00 9.530974196007771e-01
7.000000000000001e-01 2.229368130950753e+00 9.535727079516455e-01
7.050000000000000e-01 2.285906603280654e+00 9.542362739817656e-01
7.100000000000000e-01 2.343873841650178e+00 9.551312063387050e-01
7.150000000000000e-01 2.403306077470301e+00 9.562875853668165e-01
7.200000000000000e-01 2.464240457823092e+00 9.577205582891181e-01
7.250000000000000e-01 2.526715068679855e+00 9.594297714490989e-01
7.300000000000000e-01 2.590768958706095e+00 9.613998541977233e-01
7.350000000000000e-01 2.656442163668210e+00 9.636016217335438e-01
7.400000000000000e-01 2.723775731457148e+00 9.659936975950948e-01
7.450000000000000e-01 2.792811747744667e+00 9.685243368146587e-01
7.500000000000000e-01 2.863593362288260e+00 9.711333582897812e-01
7.550000000000000e-01 2.936164815901156e+00 9.737542460728998e-01
7.600000000000000e-01 3.010571468104263e+00 9.763166407652361e-01
7.650000000000000e-01 3.086859825477351e+00 9.787496043972458e-01
7.700000000000000e-01 3.165077570727174e+00 9.809861499287188e-01
7.750000000000000e-01 3.245273592490716e+00 9.829694218306636e-01
7.800000000000000e-01 3.327498015892184e+00 9.846603799457627e-01
7.850000000000000e-01 3.411802233872832e+00 9.860458147451966e-01
7.900000000000000e-01 3.498238939313234e+00 9.871443465426779e-01
7.950000000000000e-01 3.586862157968046e+00 9.880074772243065e-01
8.000000000000000e-01 3.677727282233856e+00 9.887135058549140e-01
8.050000000000000e-01 3.770891105771243e+00 9.893542893597743e-01
8.100000000000001e-01 3.866411859002656e+00 9.900175951596654e-01
8.150000000000001e-01 3.964349245508326e+00 9.907698020494097e-01
8.200000000000001e-01 4.064764479342956e+00 9.916439356888983e-01
8.250000000000001e-01 4.167720323296481e+00 9.926363701696445e-01
8.300000000000001e-01 4.273281128122877e+00 9.937127253446651e-01
8.350000000000000e-01 4.381512872761445e+00 9.948206267006574e-01
8.400000000000000e-01 4.492483205575838e+00 9.959050498226915e-01
8.450000000000000e-01 4.606261486636447e+00 9.969215680252410e-01
8.500000000000000e-01 4.722918831072739e+00 9.978440593243029e-01
8.550000000000000e-01 4.842528153522501e+00 9.986657743816628e-01
8.600000000000000e-01 4.965164213705875e+00 9.993950922276159e-01
8.650000000000000e-01 5.090903663152626e+00 1.000048759867414e+00
8.700000000000000e-01 5.219825093111814e+00 1.000645456275044e+00
8.750000000000000e-01 5.352009083673925e+00 1.001201455550445e+00
8.800000000000000e-01 5.487538254136007e+00 1.001728778058341e+00
8.850000000000000e-01 5.626497314641444e+00 1.002235223540962e+00
8.900000000000000e-01 5.768973119126561e+00 1.002725346230045e+00
8.950000000000000e-01 5.915054719607133e+00 1.003201605472537e+00
9.000000000000000e-01 6.064833421838831e+00 1.003665287179185e+00
9.050000000000000e-01 6.218402842386253e+00 1.004117096045840e+00
9.100000000000000e-01 6.375858967136348e+00 1.004557478145775e+00
9.150000000000000e-01 6.537300211292723e+00 1.004986773667176e+00
9.200000000000000e-01 6.702827480888332e+00 1.005405280686521e+00
9.250000000000000e-01 6.872544235855034e+00 1.005813278905775e+00
9.300000000000000e-01 7.046556554689444e+00 1.006211037637550e+00
9.350000000000001e-01 7.224973200755413e+00 1.006598818313700e+00
9.400000000000001e-01 7.407905690264673e+00 1.006976875297809e+00
9.450000000000001e-01 7.595468361978146e+00 1.007345456225179e+00
9.500000000000001e-01 7.787778448671316e+00 1.007704802221475e+00
9.550000000000001e-01 7.984956150408610e+00 1.008055148089933e+00
9.600000000000000e-01 8.187124709672272e+00 1.008396722487866e+00
9.650000000000000e-01 8.394410488393007e+00 1.008729748096860e+00
9.700000000000000e-01 8.606943046930221e+00 1.009054441787629e+00
9.750000000000000e-01 8.824855225051540e+00 1.009371014779851e+00
9.800000000000000e-01 9.048283224961922e+00 1.009679672797174e+00
9.850000000000000e-01 9.277366696434507e+00 1.009980616217557e+00
9.900000000000000e-01 9.512248824096272e+00 1.010274040219121e+00
9.950000000000000e-01 9.753076416923058e+00 1.010560134921656e+00
1.000000000000000e+00 1.000000000000000e+01 1.010839085523929e+00
