0.000000000000000e+00 0.000000000000000e+00 9.368846977126234e-01
5.000000000000000e-03 3.369477419287315e-03 9.368846981699354e-01
1.000000000000000e-02 6.741060871647481e-03 9.368846991375427e-01
1.500000000000000e-02 1.011685770649257e-02 9.368847003766766e-01
2.000000000000000e-02 1.349897790673588e-02 9.368847021183392e-01
2.500000000000000e-02 1.688953540759990e-02 9.368847043975485e-01
3.000000000000000e-02 2.029064941789469e-02 9.368847071420076e-01
3.500000000000000e-02 2.370444574459234e-02 9.368847103589685e-01
4.000000000000000e-02 2.713305812152553e-02 9.368847142089891e-01
4.500000000000000e-02 3.057862954304063e-02 9.368847186158338e-01
5.000000000000000e-02 3.404331360343898e-02 9.368847235204133e-01
5.500000000000000e-02 3.752927584304335e-02 9.368847289793849e-01
6.000000000000000e-02 4.103869510173117e-02 9.368847349694011e-01
6.500000000000000e-02 4.457376488078044e-02 9.368847415325752e-01
7.000000000000001e-02 4.813669471387935e-02 9.368847487207098e-01
7.500000000000000e-02 5.172971154815675e-02 9.368847565320767e-01
8.000000000000000e-02 5.535506113609672e-02 9.368847650271598e-01
8.500000000000001e-02 5.901500943920686e-02 9.368847742963280e-01
9.000000000000000e-02 6.271184404431801e-02 9.368847843602358e-01
9.500000000000000e-02 6.644787559340060e-02 9.368847951599896e-01
1.000000000000000e-01 7.022543922779090e-02 9.368848067862507e-01
1.050000000000000e-01 7.404689604773053e-02 9.368848193612013e-01
1.100000000000000e-01 7.791463458813094e-02 9.368848328997444e-01
1.150000000000000e-01 8.183107231148547e-02 9.368848474247422e-01
1.200000000000000e-01 8.579865711886202e-02 9.368848630371808e-01
1.250000000000000e-01 8.981986887992111e-02 9.368848796793934e-01
1.300000000000000e-01 9.389722098291493e-02 9.368848974076068e-01
1.350000000000000e-01 9.803326190563690e-02 9.368849163485951e-01
1.400000000000000e-01 1.022305768083033e-01 9.368849365578275e-01
1.450000000000000e-01 1.064917891493625e-01 9.368849582030513e-01
1.500000000000000e-01 1.108195623252418e-01 9.368849813163282e-01
1.550000000000000e-01 1.152166013350572e-01 9.368850059278873e-01
1.600000000000000e-01 1.196856544713255e-01 9.368850322912499e-01
1.650000000000000e-01 1.242295150377370e-01 9.368850604728679e-01
1.700000000000000e-01 1.288510230950609e-01 9.368850905761635e-01
1.750000000000000e-01 1.335530672362758e-01 9.368851228505835e-01
1.800000000000000e-01 1.383385863920344e-01 9.368851574048942e-01
1.850000000000000e-01 1.432105716675912e-01 9.368851943245581e-01
1.900000000000000e-01 1.481720682123397e-01 9.368852338046757e-01
1.950000000000000e-01 1.532261771231311e-01 9.368852761420383e-01
2.000000000000000e-01 1.583760573825595e-01 9.368853215624542e-01
2.050000000000000e-01 1.636249278334301e-01 9.368853702827254e-01
2.100000000000000e-01 1.689760691906397e-01 9.368854224215858e-01
2.150000000000000e-01 1.744328260917313e-01 9.368854782658655e-01
2.200000000000000e-01 1.799986091874004e-01 9.368855382492823e-01
2.250000000000000e-01 1.856768972732633e-01 9.368856027251952e-01
2.300000000000000e-01 1.914712394642179e-01 9.368856721773781e-01
2.350000000000000e-01 1.973852574127551e-01 9.368857472149178e-01
2.400000000000000e-01 2.034226475726105e-01 9.368858280185469e-01
2.450000000000000e-01 2.095871835091678e-01 9.368859150237657e-01
2.500000000000000e-01 2.158827182580599e-01 9.368860091393316e-01
2.550000000000000e-01 2.223131867334419e-01 9.368861108877038e-01
2.600000000000000e-01 2.288826081874405e-01 9.368862208379067e-01
2.650000000000000e-01 2.355950887223172e-01 9.368863399381191e-01
2.700000000000000e-01 2.424548238569160e-01 9.368864690694665e-01
2.750000000000000e-01 2.494661011489995e-01 9.368866093147714e-01
2.800000000000000e-01 2.566333028751116e-01 9.368867619593501e-01
2.850000000000000e-01 2.639609087696434e-01 9.368869279366550e-01
2.900000000000000e-01 2.714534988248126e-01 9.368871087602744e-01
2.950000000000000e-01 2.791157561533084e-01 9.368873060561372e-01
3.000000000000000e-01 2.869524699153886e-01 9.368875214985869e-01
3.050000000000000e-01 2.949685383122613e-01 9.368877571986958e-01
3.100000000000000e-01 3.031689716476197e-01 9.368880157312969e-01
3.150000000000000e-01 3.115588954592450e-01 9.368882996021042e-01
3.200000000000000e-01 3.201435537226349e-01 9.368886111592666e-01
3.250000000000000e-01 3.289283121286580e-01 9.368889538500086e-01
3.300000000000000e-01 3.379186614372866e-01 9.368893316631383e-01
3.350000000000000e-01 3.471202209094989e-01 9.368897490545081e-01
3.400000000000000e-01 3.565387418195016e-01 9.368902105061484e-01
3.450000000000000e-01 3.661801110494620e-01 9.368907215675409e-01
3.500000000000000e-01 3.760503547690021e-01 9.368912884764102e-01
3.550000000000000e-01 3.861556422017504e-01 9.368919182966818e-01
3.600000000000000e-01 3.965022894813072e-01 9.368926194850902e-01
3.650000000000000e-01 4.070967635990345e-01 9.368934010291319e-01
3.700000000000000e-01 4.179456864461349e-01 9.368942743436514e-01
3.750000000000000e-01 4.290558389525505e-01 9.368952516123036e-01
3.800000000000000e-01 4.404341653252637e-01 9.368963471752103e-01
3.850000000000000e-01 4.520877773886537e-01 9.368975777447616e-01
3.900000000000000e-01 4.640239590296172e-01 9.368989619608755e-01
3.950000000000000e-01 4.762501707502353e-01 9.369005224833026e-01
4.000000000000000e-01 4.887740543308307e-01 9.369022845857599e-01
4.050000000000000e-01 5.016034376063282e-01 9.369042785295392e-01
4.100000000000000e-01 5.147463393589066e-01 9.369065386038095e-01
4.150000000000000e-01 5.282109743299990e-01 9.369091048802485e-01
4.200000000000000e-01 5.420057583547735e-01 9.369120253597526e-01
4.250000000000000e-01 5.561393136223041e-01 9.369153545518851e-01
4.300000000000000e-01 5.706204740647189e-01 9.369191566530982e-01
4.350000000000000e-01 5.854582908786964e-01 9.369235060922191e-01
4.400000000000000e-01 6.006620381827575e-01 9.369284920306976e-01
4.450000000000000e-01 6.162412188138907e-01 9.369342181707612e-01
4.500000000000000e-01 6.322055702671360e-01 9.369408045932808e-01
4.550000000000000e-01 6.485650707818353e-01 9.369483953986675e-01
4.600000000000000e-01 6.653299455783577e-01 9.369571575108192e-01
4.650000000000000e-01 6.825106732491932e-01 9.369672890949680e-01
4.700000000000000e-01 7.001179923084168e-01 9.369790236153209e-01
4.750000000000000e-01 7.181629079036070e-01 9.369926339208479e-01
4.800000000000000e-01 7.366566986944229e-01 9.370084455538529e-01
4.850000000000000e-01 7.556109239021327e-01 9.370268383645302e-01
4.900000000000000e-01 7.750374305345038e-01 9.370482617432985e-01
4.950000000000000e-01 7.949483607905672e-01 9.370732470085653e-01
5.000000000000000e-01 8.153561596498893e-01 9.371024143874264e-01
5.050000000000000e-01 8.362735826510871e-01 9.371364993731680e-01
5.100000000000000e-01 8.577137038644561e-01 9.371763624870002e-01
5.150000000000000e-01 8.796899240636907e-01 9.372230100872841e-01
5.200000000000000e-01 9.022159791018011e-01 9.372776269455491e-01
5.250000000000000e-01 9.253059484964714e-01 9.373415863848321e-01
5.300000000000000e-01 9.489742642302165e-01 9.374164879215094e-01
5.350000000000000e-01 9.732357197708378e-01 9.375041888815322e-01
5.400000000000000e-01 9.981054793178262e-01 9.376068162422182e-01
5.450000000000000e-01 1.023599087280478e+00 9.377268142759838e-01
5.500000000000000e-01 1.049732477993657e+00 9.378669626618996e-01
5.550000000000000e-01 1.076521985677273e+00 9.380303781801603e-01
5.600000000000001e-01 1.103984354645701e+00 9.382205489746369e-01
5.650000000000001e-01 1.132136749773522e+00 9.384413092015065e-01
5.700000000000001e-01 1.160996767224129e+00 9.386967896459043e-01
5.750000000000001e-01 1.190582445447902e+00 9.389913855808116e-01
5.800000000000000e-01 1.220912276456826e+00 9.393296246045125e-01
5.850000000000000e-01 1.252005217382601e+00 9.397159810391529e-01
5.900000000000000e-01 1.283880702325469e+00 9.401546855834779e-01
5.950000000000000e-01 1.316558654501151e+00 9.406493915714812e-01
6.000000000000000e-01 1.350059498693518e+00 9.412027423829914e-01
6.050000000000000e-01 1.384404174020732e+00 9.418159336385318e-01
6.100000000000000e-01 1.419614147022888e+00 9.424881435974588e-01
6.150000000000000e-01 1.455711425079295e+00 9.432158679247177e-01
6.200000000000000e-01 1.492718570163803e+00 9.439923563953200e-01
6.250000000000000e-01 1.530658712946775e+00 9.448071336955008e-01
6.300000000000000e-01 1.569555567252506e+00 9.456456488601696e-01
6.350000000000000e-01 1.609433444881138e+00 9.464893682870320e-01
6.400000000000000e-01 1.650317270804325e+00 9.473164936042368e-01
6.450000000000000e-01 1.692232598744148e+00 9.481033208386372e-01
6.500000000000000e-01 1.735205627145031e+00 9.488263886250780e-01
6.550000000000000e-01 1.779263215548615e+00 9.494654581476281e-01
6.600000000000000e-01 1.824432901381847e+00 9.500069458723414e-01
6.650000000000000e-01 1.870742917168772e+00 9.504472276678513e-01
6.700000000000000e-01 1.918222208176775e+00 9.507952452567228e-01
6.750000000000000e-01 1.966900450508319e+00 9.510737989152646e-01
6.800000000000000e-01 2.016808069649473e+00 9.513190013075150e-01
6.850000000000001e-01 2.067976259486829e+00 9.515777899593393e-01
6.900000000000001e-01 2.120437001804702e+00 9.519038684760524e-01
6.950000000000001e-01 2.174223086274785e+00 9.523527062183338e-01
7.000000000000001e-01 2.229368130950753e+00 9.529763349335174e-01
7.050000000000000e-01 2.285906603280654e+00 9.538186932340061e-01
7.100000000000000e-01 2.343873841650178e+00 9.549120989653554e-01
7.150000000000000e-01 2.403306077470301e+00 9.562750916691425e-01
7.200000000000000e-01 2.464240457823092e+00 9.579115664947558e-01
7.250000000000000e-01 2.526715068679855e+00 9.598109475794973e-01
7.300000000000000e-01 2.590768958706095e+00 9.619491044822582e-01
7.350000000000000e-01 2.656442163668210e+00 9.642897356198683e-01
7.400000000000000e-01 2.723775731457148e+00 9.667859993376245e-01
7.450000000000000e-01 2.792811747744667e+00 9.693822687148200e-01
7.500000000000000e-01 2.863593362288260e+00 9.720160177570587e-01
7.550000000000000e-01 2.936164815901156e+00 9.746199903872339e-01
7.600000000000000e-01 3.010571468104263e+00 9.771249493701804e-01
7.650000000000000e-01 3.086859825477351e+00 9.794634261826505e-01
7.700000000000000e-01 3.165077570727174e+00 9.815748977289797e-01
7.750000000000000e-01 3.245273592490716e+00 9.834125222236596e-01
7.800000000000000e-01 3.327498015892184e+00 9.849508261039774e-01
7.850000000000000e-01 3.411802233872832e+00 9.861926586193406e-01
7.900000000000000e-01 3.498238939313234e+00 9.871728325234026e-01
7.950000000000000e-01 3.586862157968046e+00 9.879558834086765e-01
8.000000000000000e-01 3.677727282233856e+00 9.886267571050456e-01
8.050000000000000e-01 3.770891105771243e+00 9.892756547603064e-01
8.100000000000001e-01 3.866411859002656e+00 9.899806617593889e-01
8.150000000000001e-01 3.964349245508326e+00 9.907929650985214e-01
8.200000000000001e-01 4.064764479342956e+00 9.917288390434718e-01
8.250000000000001e-01 4.167720323296481e+00 9.927704447887558e-01
8.300000000000001e-01 4.273281128122877e+00 9.938747270056190e-01
8.350000000000000e-01 4.381512872761445e+00 9.949872884836782e-01
8.400000000000000e-01 4.492483205575838e+00 9.960568584809060e-01
8.450000000000000e-01 4.606261486636447e+00 9.970462311726541e-01
8.500000000000000e-01 4.722918831072739e+00 9.979372058689499e-01
8.550000000000000e-01 4.842528153522501e+00 9.987294149857499e-01
8.600000000000000e-01 4.965164213705875e+00 9.994349644320600e-01
8.650000000000000e-01 5.090903663152626e+00 1.000071715977673e+00
8.700000000000000e-01 5.219825093111814e+00 1.000657640657161e+00
8.750000000000000e-01 5.352009083673925e+00 1.001207466724560e+00
8.800000000000000e-01 5.487538254136007e+00 1.001731602042827e+00
8.850000000000000e-01 5.626497314641444e+00 1.002236573700467e+00
8.900000000000000e-01 5.768973119126561e+00 1.002726099822326e+00
8.950000000000000e-01 5.915054719607133e+00 1.003202165378137e+00
9.000000000000000e-01 6.064833421838831e+00 1.003665819601380e+00
9.050000000000000e-01 6.218402842386253e+00 1.004117662287382e+00
9.100000000000000e-01 6.375858967136348e+00 1.004558097953739e+00
9.150000000000000e-01 6.537300211292723e+00 1.004987452025853e+00
9.200000000000000e-01 6.702827480888332e+00 1.005406017877155e+00
9.250000000000000e-01 6.872544235855034e+00 1.005814073878359e+00
9.300000000000000e-01 7.046556554689444e+00 1.006211889023325e+00
9.350000000000001e-01 7.224973200755413e+00 1.006599724697881e+00
9.400000000000001e-01 7.407905690264673e+00 1.006977835285153e+00
9.450000000000001e-01 7.595468361978146e+00 1.007346468453577e+00
9.500000000000001e-01 7.787778448671316e+00 1.007705865363838e+00
9.550000000000001e-01 7.984956150408610e+00 1.008056260853736e+00
9.600000000000000e-01 8.187124709672272e+00 1.008397883614278e+00
9.650000000000000e-01 8.394410488393007e+00 1.008730956359828e+00
9.700000000000000e-01 8.606943046930221e+00 1.009055695992988e+00
9.750000000000000e-01 8.824855225051540e+00 1.009372313764451e+00
9.800000000000000e-01 9.048283224961922e+00 1.009681015428036e+00
9.850000000000000e-01 9.277366696434507e+00 1.009982001391055e+00
9.900000000000000e-01 9.512248824096272e+00 1.010275466860185e+00
9.950000000000000e-01 9.753076416923058e+00 1.010561601983001e+00
1.000000000000000e+00 1.000000000000000e+01 1.010840591985305e+00
