0.000000000000000e+00 0.000000000000000e+00 6.813595611250046e-01
5.000000000000000e-03 3.369477419287315e-03 6.813661328611785e-01
1.000000000000000e-02 6.741060871647481e-03 6.813836942785577e-01
1.500000000000000e-02 1.011685770649257e-02 6.814130579234361e-01
2.000000000000000e-02 1.349897790673588e-02 6.814542727236693e-01
2.500000000000000e-02 1.688953540759990e-02 6.815074123995635e-01
3.000000000000000e-02 2.029064941789469e-02 6.815726201994126e-01
3.500000000000000e-02 2.370444574459234e-02 6.816500546841303e-01
4.000000000000000e-02 2.713305812152553e-02 6.817398943323871e-01
4.500000000000000e-02 3.057862954304063e-02 6.818423563694580e-01
5.000000000000000e-02 3.404331360343898e-02 6.819576737533255e-01
5.500000000000000e-02 3.752927584304335e-02 6.820861182418354e-01
6.000000000000000e-02 4.103869510173117e-02 6.822280067547987e-01
6.500000000000000e-02 4.457376488078044e-02 6.823836746551035e-01
7.000000000000001e-02 4.813669471387935e-02 6.825534732262750e-01
7.500000000000000e-02 5.172971154815675e-02 6.827377988949579e-01
8.000000000000000e-02 5.535506113609672e-02 6.829371005484072e-01
8.500000000000001e-02 5.901500943920686e-02 6.831518379283388e-01
9.000000000000000e-02 6.271184404431801e-02 6.833825036235788e-01
9.500000000000000e-02 6.644787559340060e-02 6.836296488194828e-01
1.000000000000000e-01 7.022543922779090e-02 6.838938384631900e-01
1.050000000000000e-01 7.404689604773053e-02 6.841756775511154e-01
1.100000000000000e-01 7.791463458813094e-02 6.844758281758584e-01
1.150000000000000e-01 8.183107231148547e-02 6.847949725106254e-01
1.200000000000000e-01 8.579865711886202e-02 6.851338427041967e-01
1.250000000000000e-01 8.981986887992111e-02 6.854932173032552e-01
1.300000000000000e-01 9.389722098291493e-02 6.858739034598816e-01
1.350000000000000e-01 9.803326190563690e-02 6.862767691993427e-01
1.400000000000000e-01 1.022305768083033e-01 6.867027203322986e-01
1.450000000000000e-01 1.064917891493625e-01 6.871527025106644e-01
1.500000000000000e-01 1.108195623252418e-01 6.876277287991326e-01
1.550000000000000e-01 1.152166013350572e-01 6.881288463675621e-01
1.600000000000000e-01 1.196856544713255e-01 6.886571544062413e-01
1.650000000000000e-01 1.242295150377370e-01 6.892138194276797e-01
1.700000000000000e-01 1.288510230950609e-01 6.898000403701738e-01
1.750000000000000e-01 1.335530672362758e-01 6.904170799828427e-01
1.800000000000000e-01 1.383385863920344e-01 6.910662681013867e-01
1.850000000000000e-01 1.432105716675912e-01 6.917489700568553e-01
1.900000000000000e-01 1.481720682123397e-01 6.924666250516269e-01
1.950000000000000e-01 1.532261771231311e-01 6.932207373014170e-01
2.000000000000000e-01 1.583760573825595e-01 6.940128472723570e-01
2.050000000000000e-01 1.636249278334301e-01 6.948445749536782e-01
2.100000000000000e-01 1.689760691906397e-01 6.957176054926695e-01
2.150000000000000e-01 1.744328260917313e-01 6.966336625953647e-01
2.200000000000000e-01 1.799986091874004e-01 6.975945538763860e-01
2.250000000000000e-01 1.856768972732633e-01 6.986021526785099e-01
2.300000000000000e-01 1.914712394642179e-01 6.996583659959368e-01
2.350000000000000e-01 1.973852574127551e-01 7.007651816376872e-01
2.400000000000000e-01 2.034226475726105e-01 7.019246568884508e-01
2.450000000000000e-01 2.095871835091678e-01 7.031388781344425e-01
2.500000000000000e-01 2.158827182580599e-01 7.044100039502859e-01
2.550000000000000e-01 2.223131867334419e-01 7.057402648605939e-01
2.600000000000000e-01 2.288826081874405e-01 7.071319087962363e-01
2.650000000000000e-01 2.355950887223172e-01 7.085872325424453e-01
2.700000000000000e-01 2.424548238569160e-01 7.101086081297622e-01
2.750000000000000e-01 2.494661011489995e-01 7.116984223757181e-01
2.800000000000000e-01 2.566333028751116e-01 7.133590711576027e-01
2.850000000000000e-01 2.639609087696434e-01 7.150930061913083e-01
2.900000000000000e-01 2.714534988248126e-01 7.169026976031401e-01
2.950000000000000e-01 2.791157561533084e-01 7.187905847851218e-01
3.000000000000000e-01 2.869524699153886e-01 7.207591131561024e-01
3.050000000000000e-01 2.949685383122613e-01 7.228107434325589e-01
3.100000000000000e-01 3.031689716476197e-01 7.249478813202960e-01
3.150000000000000e-01 3.115588954592450e-01 7.271728560334717e-01
3.200000000000000e-01 3.201435537226349e-01 7.294879629740719e-01
3.250000000000000e-01 3.289283121286580e-01 7.318954427623099e-01
3.300000000000000e-01 3.379186614372866e-01 7.343974010405383e-01
3.350000000000000e-01 3.471202209094989e-01 7.369957897227514e-01
3.400000000000000e-01 3.565387418195016e-01 7.396924408824235e-01
3.450000000000000e-01 3.661801110494620e-01 7.424890437246332e-01
3.500000000000000e-01 3.760503547690021e-01 7.453870631219686e-01
3.550000000000000e-01 3.861556422017504e-01 7.483876922219054e-01
3.600000000000000e-01 3.965022894813072e-01 7.514918600735904e-01
3.650000000000000e-01 4.070967635990345e-01 7.547002327905947e-01
3.700000000000000e-01 4.179456864461349e-01 7.580131640364574e-01
3.750000000000000e-01 4.290558389525505e-01 7.614306107144875e-01
3.800000000000000e-01 4.404341653252637e-01 7.649520742342556e-01
3.850000000000000e-01 4.520877773886537e-01 7.685766010217684e-01
3.900000000000000e-01 4.640239590296172e-01 7.723027824569754e-01
3.950000000000000e-01 4.762501707502353e-01 7.761287084005823e-01
4.000000000000000e-01 4.887740543308307e-01 7.800519111712960e-01
4.050000000000000e-01 5.016034376063282e-01 7.840693035623636e-01
4.100000000000000e-01 5.147463393589066e-01 7.881771236943659e-01
4.150000000000000e-01 5.282109743299990e-01 7.923709230749635e-01
4.200000000000000e-01 5.420057583547735e-01 7.966455440569077e-01
4.250000000000000e-01 5.561393136223041e-01 8.009951097223147e-01
4.300000000000000e-01 5.706204740647189e-01 8.054130143036476e-01
4.350000000000000e-01 5.854582908786964e-01 8.098919076022827e-01
4.400000000000000e-01 6.006620381827575e-01 8.144236977658726e-01
4.450000000000000e-01 6.162412188138907e-01 8.189995543388462e-01
4.500000000000000e-01 6.322055702671360e-01 8.236099316998303e-01
4.550000000000000e-01 6.485650707818353e-01 8.282446015174620e-01
4.600000000000000e-01 6.653299455783577e-01 8.328927027770393e-01
4.650000000000000e-01 6.825106732491932e-01 8.375428058715910e-01
4.700000000000000e-01 7.001179923084168e-01 8.421829935900192e-01
4.750000000000000e-01 7.181629079036070e-01 8.468009586014965e-01
4.800000000000000e-01 7.366566986944229e-01 8.513841181910407e-01
4.850000000000000e-01 7.556109239021327e-01 8.559197460772879e-01
4.900000000000000e-01 7.750374305345038e-01 8.603951209387755e-01
4.950000000000000e-01 7.949483607905672e-01 8.647976906880662e-01
5.000000000000000e-01 8.153561596498893e-01 8.691152509875629e-01
5.050000000000000e-01 8.362735826510871e-01 8.733361358560801e-01
5.100000000000000e-01 8.577137038644561e-01 8.774494175267139e-01
5.150000000000000e-01 8.796899240636907e-01 8.814451119798915e-01
5.200000000000000e-01 9.022159791018011e-01 8.853143858109385e-01
5.250000000000000e-01 9.253059484964714e-01 8.890497593199991e-01
5.300000000000000e-01 9.489742642302165e-01 8.926452999637878e-01
5.350000000000000e-01 9.732357197708378e-01 8.960967996217397e-01
5.400000000000000e-01 9.981054793178262e-01 8.994019285513277e-01
5.450000000000000e-01 1.023599087280478e+00 9.025603584952855e-01
5.500000000000000e-01 1.049732477993657e+00 9.055738472218313e-01
5.550000000000000e-01 1.076521985677273e+00 9.084462768974586e-01
5.600000000000001e-01 1.103984354645701e+00 9.111836391810744e-01
5.650000000000001e-01 1.132136749773522e+00 9.137939608536698e-01
5.700000000000001e-01 1.160996767224129e+00 9.162871652118194e-01
5.750000000000001e-01 1.190582445447902e+00 9.186748663871145e-01
5.800000000000000e-01 1.220912276456826e+00 9.209700962075091e-01
5.850000000000000e-01 1.252005217382601e+00 9.231869661520898e-01
5.900000000000000e-01 1.283880702325469e+00 9.253402702846616e-01
5.950000000000000e-01 1.316558654501151e+00 9.274450386525815e-01
6.000000000000000e-01 1.350059498693518e+00 9.295160543276128e-01
6.050000000000000e-01 1.384404174020732e+00 9.315673508262127e-01
6.100000000000000e-01 1.419614147022888e+00 9.336117098273548e-01
6.150000000000000e-01 1.455711425079295e+00 9.356601816382255e-01
6.200000000000000e-01 1.492718570163803e+00 9.377216524704148e-01
6.250000000000000e-01 1.530658712946775e+00 9.398024830230030e-01
6.300000000000000e-01 1.569555567252506e+00 9.419062418948857e-01
6.350000000000000e-01 1.609433444881138e+00 9.440335547834366e-01
6.400000000000000e-01 1.650317270804325e+00 9.461820861516989e-01
6.450000000000000e-01 1.692232598744148e+00 9.483466640315765e-01
6.500000000000000e-01 1.735205627145031e+00 9.505195509641636e-01
6.550000000000000e-01 1.779263215548615e+00 9.526908550041128e-01
6.600000000000000e-01 1.824432901381847e+00 9.548490646723271e-01
6.650000000000000e-01 1.870742917168772e+00 9.569816813995290e-01
6.700000000000000e-01 1.918222208176775e+00 9.590759132728315e-01
6.750000000000000e-01 1.966900450508319e+00 9.611193858979860e-01
6.800000000000000e-01 2.016808069649473e+00 9.631008211551930e-01
6.850000000000001e-01 2.067976259486829e+00 9.650106337347802e-01
6.900000000000001e-01 2.120437001804702e+00 9.668413994795390e-01
6.950000000000001e-01 2.174223086274785e+00 9.685881590683006e-01
7.000000000000001e-01 2.229368130950753e+00 9.702485350018182e-01
7.050000000000000e-01 2.285906603280654e+00 9.718226578476546e-01
7.100000000000000e-01 2.343873841650178e+00 9.733129170834665e-01
7.150000000000000e-01 2.403306077470301e+00 9.747235699223754e-01
7.200000000000000e-01 2.464240457823092e+00 9.760602554249500e-01
7.250000000000000e-01 2.526715068679855e+00 9.773294687365430e-01
7.300000000000000e-01 2.590768958706095e+00 9.785380502274162e-01
7.350000000000000e-01 2.656442163668210e+00 9.796927368272443e-01
7.400000000000000e-01 2.723775731457148e+00 9.807998094939263e-01
7.450000000000000e-01 2.792811747744667e+00 9.818648541512280e-01
7.500000000000000e-01 2.863593362288260e+00 9.828926366398717e-01
7.550000000000000e-01 2.936164815901156e+00 9.838870780830429e-01
7.600000000000000e-01 3.010571468104263e+00 9.848513075600469e-01
7.650000000000000e-01 3.086859825477351e+00 9.857877649127164e-01
7.700000000000000e-01 3.165077570727174e+00 9.866983274743688e-01
7.750000000000000e-01 3.245273592490716e+00 9.875844391871239e-01
7.800000000000000e-01 3.327498015892184e+00 9.884472271884495e-01
7.850000000000000e-01 3.411802233872832e+00 9.892875977803145e-01
7.900000000000000e-01 3.498238939313234e+00 9.901063094537971e-01
7.950000000000000e-01 3.586862157968046e+00 9.909040246493003e-01
8.000000000000000e-01 3.677727282233856e+00 9.916813440948149e-01
8.050000000000000e-01 3.770891105771243e+00 9.924388282056210e-01
8.100000000000001e-01 3.866411859002656e+00 9.931770096650456e-01
8.150000000000001e-01 3.964349245508326e+00 9.938964004510658e-01
8.200000000000001e-01 4.064764479342956e+00 9.945974956180489e-01
8.250000000000001e-01 4.167720323296481e+00 9.952807753151909e-01
8.300000000000001e-01 4.273281128122877e+00 9.959467059110522e-01
8.350000000000000e-01 4.381512872761445e+00 9.965957406929942e-01
8.400000000000000e-01 4.492483205575838e+00 9.972283203744083e-01
8.450000000000000e-01 4.606261486636447e+00 9.978448735165431e-01
8.500000000000000e-01 4.722918831072739e+00 9.984458169102544e-01
8.550000000000000e-01 4.842528153522501e+00 9.990315559356208e-01
8.600000000000000e-01 4.965164213705875e+00 9.996024849061672e-01
8.650000000000000e-01 5.090903663152626e+00 1.000158987400268e+00
8.700000000000000e-01 5.219825093111814e+00 1.000701436580842e+00
8.750000000000000e-01 5.352009083673925e+00 1.001230195503990e+00
8.800000000000000e-01 5.487538254136007e+00 1.001745617417081e+00
8.850000000000000e-01 5.626497314641444e+00 1.002248046046728e+00
8.900000000000000e-01 5.768973119126561e+00 1.002737815877068e+00
8.950000000000000e-01 5.915054719607133e+00 1.003215252418734e+00
9.000000000000000e-01 6.064833421838831e+00 1.003680672468911e+00
9.050000000000000e-01 6.218402842386253e+00 1.004134384362805e+00
9.100000000000000e-01 6.375858967136348e+00 1.004576688216888e+00
9.150000000000000e-01 6.537300211292723e+00 1.005007876164221e+00
9.200000000000000e-01 6.702827480888332e+00 1.005428232582172e+00
9.250000000000000e-01 6.872544235855034e+00 1.005838034312824e+00
9.300000000000000e-01 7.046556554689444e+00 1.006237550876337e+00
9.350000000000001e-01 7.224973200755413e+00 1.006627044677551e+00
9.400000000000001e-01 7.407905690264673e+00 1.007006771206056e+00
9.450000000000001e-01 7.595468361978146e+00 1.007376979230005e+00
9.500000000000001e-01 7.787778448671316e+00 1.007737910983866e+00
9.550000000000001e-01 7.984956150408610e+00 1.008089802350364e+00
9.600000000000000e-01 8.187124709672272e+00 1.008432883036799e+00
9.650000000000000e-01 8.394410488393007e+00 1.008767376745965e+00
9.700000000000000e-01 8.606943046930221e+00 1.009093501341844e+00
9.750000000000000e-01 8.824855225051540e+00 1.009411469010269e+00
9.800000000000000e-01 9.048283224961922e+00 1.009721486414737e+00
9.850000000000000e-01 9.277366696434507e+00 1.010023754847526e+00
9.900000000000000e-01 9.512248824096272e+00 1.010318470376303e+00
9.950000000000000e-01 9.753076416923058e+00 1.010605823986351e+00
1.000000000000000e+00 1.000000000000000e+01 1.010886001718583e+00
