0.000000000000000e+00 0.000000000000000e+00 9.114465612657200e-01
5.000000000000000e-03 3.369477419287315e-03 9.114466104055666e-01
1.000000000000000e-02 6.741060871647481e-03 9.114467393205864e-01
1.500000000000000e-02 1.011685770649257e-02 9.114469511227437e-01
2.000000000000000e-02 1.349897790673588e-02 9.114472498863797e-01
2.500000000000000e-02 1.688953540759990e-02 9.114476374225826e-01
3.000000000000000e-02 2.029064941789469e-02 9.114481132603430e-01
3.500000000000000e-02 2.370444574459234e-02 9.114486773374734e-01
4.000000000000000e-02 2.713305812152553e-02 9.114493329180856e-01
4.500000000000000e-02 3.057862954304063e-02 9.114500820716646e-01
5.000000000000000e-02 3.404331360343898e-02 9.114509257247829e-01
5.500000000000000e-02 3.752927584304335e-02 9.114518673120432e-01
6.000000000000000e-02 4.103869510173117e-02 9.114529088727364e-01
6.500000000000000e-02 4.457376488078044e-02 9.114540531308463e-01
7.000000000000001e-02 4.813669471387935e-02 9.114553045174015e-01
7.500000000000000e-02 5.172971154815675e-02 9.114566674227687e-01
8.000000000000000e-02 5.535506113609672e-02 9.114581439448183e-01
8.500000000000001e-02 5.901500943920686e-02 9.114597397769315e-01
9.000000000000000e-02 6.271184404431801e-02 9.114614598876479e-01
9.500000000000000e-02 6.644787559340060e-02 9.114633087745105e-01
1.000000000000000e-01 7.022543922779090e-02 9.114652917407587e-01
1.050000000000000e-01 7.404689604773053e-02 9.114674150783516e-01
1.100000000000000e-01 7.791463458813094e-02 9.114696846909246e-01
1.150000000000000e-01 8.183107231148547e-02 9.114721080438761e-01
1.200000000000000e-01 8.579865711886202e-02 9.114746926055256e-01
1.250000000000000e-01 8.981986887992111e-02 9.114774460511632e-01
1.300000000000000e-01 9.389722098291493e-02 9.114803779742747e-01
1.350000000000000e-01 9.803326190563690e-02 9.114834969854474e-01
1.400000000000000e-01 1.022305768083033e-01 9.114868136922489e-01
1.450000000000000e-01 1.064917891493625e-01 9.114903388015348e-01
1.500000000000000e-01 1.108195623252418e-01 9.114940831819264e-01
1.550000000000000e-01 1.152166013350572e-01 9.114980587226380e-01
1.600000000000000e-01 1.196856544713255e-01 9.115022802108197e-01
1.650000000000000e-01 1.242295150377370e-01 9.115067618395093e-01
1.700000000000000e-01 1.288510230950609e-01 9.115115182519926e-01
1.750000000000000e-01 1.335530672362758e-01 9.115165651413452e-01
1.800000000000000e-01 1.383385863920344e-01 9.115219195468829e-01
1.850000000000000e-01 1.432105716675912e-01 9.115275990262950e-01
1.900000000000000e-01 1.481720682123397e-01 9.115336267811434e-01
1.950000000000000e-01 1.532261771231311e-01 9.115400260890001e-01
2.000000000000000e-01 1.583760573825595e-01 9.115468169548495e-01
2.050000000000000e-01 1.636249278334301e-01 9.115540262793466e-01
2.100000000000000e-01 1.689760691906397e-01 9.115616819370129e-01
2.150000000000000e-01 1.744328260917313e-01 9.115698122113265e-01
2.200000000000000e-01 1.799986091874004e-01 9.115784475640353e-01
2.250000000000000e-01 1.856768972732633e-01 9.115876221254677e-01
2.300000000000000e-01 1.914712394642179e-01 9.115973716210833e-01
2.350000000000000e-01 1.973852574127551e-01 9.116077373549101e-01
2.400000000000000e-01 2.034226475726105e-01 9.116187634046744e-01
2.450000000000000e-01 2.095871835091678e-01 9.116304948414982e-01
2.500000000000000e-01 2.158827182580599e-01 9.116429830755236e-01
2.550000000000000e-01 2.223131867334419e-01 9.116562820097945e-01
2.600000000000000e-01 2.288826081874405e-01 9.116704482005580e-01
2.650000000000000e-01 2.355950887223172e-01 9.116855447630268e-01
2.700000000000000e-01 2.424548238569160e-01 9.117016437538992e-01
2.750000000000000e-01 2.494661011489995e-01 9.117188204735152e-01
2.800000000000000e-01 2.566333028751116e-01 9.117371549598079e-01
2.850000000000000e-01 2.639609087696434e-01 9.117567346163705e-01
2.900000000000000e-01 2.714534988248126e-01 9.117776577696405e-01
2.950000000000000e-01 2.791157561533084e-01 9.118000303023425e-01
3.000000000000000e-01 2.869524699153886e-01 9.118239648248357e-01
3.050000000000000e-01 2.949685383122613e-01 9.118495855206150e-01
3.100000000000000e-01 3.031689716476197e-01 9.118770281036983e-01
3.150000000000000e-01 3.115588954592450e-01 9.119064417809458e-01
3.200000000000000e-01 3.201435537226349e-01 9.119379883101032e-01
3.250000000000000e-01 3.289283121286580e-01 9.119718459863793e-01
3.300000000000000e-01 3.379186614372866e-01 9.120082051312978e-01
3.350000000000000e-01 3.471202209094989e-01 9.120472770544629e-01
3.400000000000000e-01 3.565387418195016e-01 9.120892919439004e-01
3.450000000000000e-01 3.661801110494620e-01 9.121344993602635e-01
3.500000000000000e-01 3.760503547690021e-01 9.121831806616361e-01
3.550000000000000e-01 3.861556422017504e-01 9.122356341832283e-01
3.600000000000000e-01 3.965022894813072e-01 9.122921905351917e-01
3.650000000000000e-01 4.070967635990345e-01 9.123532106303709e-01
3.700000000000000e-01 4.179456864461349e-01 9.124190867238122e-01
3.750000000000000e-01 4.290558389525505e-01 9.124902561103070e-01
3.800000000000000e-01 4.404341653252637e-01 9.125671854302987e-01
3.850000000000000e-01 4.520877773886537e-01 9.126503907137014e-01
3.900000000000000e-01 4.640239590296172e-01 9.127404380219013e-01
3.950000000000000e-01 4.762501707502353e-01 9.128379415032339e-01
4.000000000000000e-01 4.887740543308307e-01 9.129435711216439e-01
4.050000000000000e-01 5.016034376063282e-01 9.130580514961804e-01
4.100000000000000e-01 5.147463393589066e-01 9.131821817064339e-01
4.150000000000000e-01 5.282109743299990e-01 9.133168203567699e-01
4.200000000000000e-01 5.420057583547735e-01 9.134628971488934e-01
4.250000000000000e-01 5.561393136223041e-01 9.136214246005248e-01
4.300000000000000e-01 5.706204740647189e-01 9.137934816840481e-01
4.350000000000000e-01 5.854582908786964e-01 9.139802385935450e-01
4.400000000000000e-01 6.006620381827575e-01 9.141829415166285e-01
4.450000000000000e-01 6.162412188138907e-01 9.144029130012008e-01
4.500000000000000e-01 6.322055702671360e-01 9.146415668257514e-01
4.550000000000000e-01 6.485650707818353e-01 9.149003745376130e-01
4.600000000000000e-01 6.653299455783577e-01 9.151808817200880e-01
4.650000000000000e-01 6.825106732491932e-01 9.154846902681435e-01
4.700000000000000e-01 7.001179923084168e-01 9.158134215185472e-01
4.750000000000000e-01 7.181629079036070e-01 9.161687281082607e-01
4.800000000000000e-01 7.366566986944229e-01 9.165522350415025e-01
4.850000000000000e-01 7.556109239021327e-01 9.169655025751656e-01
4.900000000000000e-01 7.750374305345038e-01 9.174100084304182e-01
4.950000000000000e-01 7.949483607905672e-01 9.178870465391060e-01
5.000000000000000e-01 8.153561596498893e-01 9.183976793422390e-01
5.050000000000000e-01 8.362735826510871e-01 9.189426725754835e-01
5.100000000000000e-01 8.577137038644561e-01 9.195223524701986e-01
5.150000000000000e-01 8.796899240636907e-01 9.201365363070857e-01
5.200000000000000e-01 9.022159791018011e-01 9.207844214659806e-01
5.250000000000000e-01 9.253059484964714e-01 9.214644120063594e-01
5.300000000000000e-01 9.489742642302165e-01 9.221740391152132e-01
5.350000000000000e-01 9.732357197708378e-01 9.229098451072827e-01
5.400000000000000e-01 9.981054793178262e-01 9.236672298315687e-01
5.450000000000000e-01 1.023599087280478e+00 9.244404292814254e-01
5.500000000000000e-01 1.049732477993657e+00 9.252225090540548e-01
5.550000000000000e-01 1.076521985677273e+00 9.260053612253647e-01
5.600000000000001e-01 1.103984354645701e+00 9.267798901168185e-01
5.650000000000001e-01 1.132136749773522e+00 9.275363091854602e-01
5.700000000000001e-01 1.160996767224129e+00 9.282644889416404e-01
5.750000000000001e-01 1.190582445447902e+00 9.289545179060793e-01
5.800000000000000e-01 1.220912276456826e+00 9.295974427678034e-01
5.850000000000000e-01 1.252005217382601e+00 9.301860463179346e-01
5.900000000000000e-01 1.283880702325469e+00 9.307157089941200e-01
5.950000000000000e-01 1.316558654501151e+00 9.311853331293469e-01
6.000000000000000e-01 1.350059498693518e+00 9.315981368227003e-01
6.050000000000000e-01 1.384404174020732e+00 9.319622220210487e-01
6.100000000000000e-01 1.419614147022888e+00 9.322908903241881e-01
6.150000000000000e-01 1.455711425079295e+00 9.326025925141324e-01
6.200000000000000e-01 1.492718570163803e+00 9.329204375592981e-01
6.250000000000000e-01 1.530658712946775e+00 9.332713117051141e-01
6.300000000000000e-01 1.569555567252506e+00 9.336846637358922e-01
6.350000000000000e-01 1.609433444881138e+00 9.341910116251333e-01
6.400000000000000e-01 1.650317270804325e+00 9.348203195738196e-01
6.450000000000000e-01 1.692232598744148e+00 9.356004254659644e-01
6.500000000000000e-01 1.735205627145031e+00 9.365556117565949e-01
6.550000000000000e-01 1.779263215548615e+00 9.377053598102431e-01
6.600000000000000e-01 1.824432901381847e+00 9.390633635911491e-01
6.650000000000000e-01 1.870742917168772e+00 9.406368847249118e-01
6.700000000000000e-01 1.918222208176775e+00 9.424264484453417e-01
6.750000000000000e-01 1.966900450508319e+00 9.444257938081322e-01
6.800000000000000e-01 2.016808069649473e+00 9.466219874305072e-01
6.850000000000001e-01 2.067976259486829e+00 9.489956602993991e-01
6.900000000000001e-01 2.120437001804702e+00 9.515213596097166e-01
6.950000000000001e-01 2.174223086274785e+00 9.541680093751375e-01
7.000000000000001e-01 2.229368130950753e+00 9.568994725615048e-01
7.050000000000000e-01 2.285906603280654e+00 9.596752238928830e-01
7.100000000000000e-01 2.343873841650178e+00 9.624511816131294e-01
7.150000000000000e-01 2.403306077470301e+00 9.651807894928665e-01
7.200000000000000e-01 2.464240457823092e+00 9.678164734765448e-01
7.250000000000000e-01 2.526715068679855e+00 9.703116115988304e-01
7.300000000000000e-01 2.590768958706095e+00 9.726231339977939e-01
7.350000000000000e-01 2.656442163668210e+00 9.747147882020609e-01
7.400000000000000e-01 2.723775731457148e+00 9.765609323316965e-01
7.450000000000000e-01 2.792811747744667e+00 9.781504459899358e-01
7.500000000000000e-01 2.863593362288260e+00 9.794900224868386e-01
7.550000000000000e-01 2.936164815901156e+00 9.806058521034295e-01
7.600000000000000e-01 3.010571468104263e+00 9.815427008882703e-01
7.650000000000000e-01 3.086859825477351e+00 9.823597705830025e-01
7.700000000000000e-01 3.165077570727174e+00 9.831234808081570e-01
7.750000000000000e-01 3.245273592490716e+00 9.838982324571777e-01
7.800000000000000e-01 3.327498015892184e+00 9.847369495821595e-01
7.850000000000000e-01 3.411802233872832e+00 9.856734502370618e-01
7.900000000000000e-01 3.498238939313234e+00 9.867183490946786e-01
7.950000000000000e-01 3.586862157968046e+00 9.878593614811066e-01
8.000000000000000e-01 3.677727282233856e+00 9.890658255463476e-01
8.050000000000000e-01 3.770891105771243e+00 9.902962804751105e-01
8.100000000000001e-01 3.866411859002656e+00 9.915072739919780e-01
8.150000000000001e-01 3.964349245508326e+00 9.926613795900743e-01
8.200000000000001e-01 4.064764479342956e+00 9.937327394754811e-01
8.250000000000001e-01 4.167720323296481e+00 9.947092325810063e-01
8.300000000000001e-01 4.273281128122877e+00 9.955913609121779e-01
8.350000000000000e-01 4.381512872761445e+00 9.963888148749983e-01
8.400000000000000e-01 4.492483205575838e+00 9.971161227777848e-01
8.450000000000000e-01 4.606261486636447e+00 9.977887026936043e-01
8.500000000000000e-01 4.722918831072739e+00 9.984201438222383e-01
8.550000000000000e-01 4.842528153522501e+00 9.990209256371103e-01
8.600000000000000e-01 4.965164213705875e+00 9.995983016545288e-01
8.650000000000000e-01 5.090903663152626e+00 1.000156861544053e+00
8.700000000000000e-01 5.219825093111814e+00 1.000699316103411e+00
8.750000000000000e-01 5.352009083673925e+00 1.001227210102978e+00
8.800000000000000e-01 5.487538254136007e+00 1.001741441129312e+00
8.850000000000000e-01 5.626497314641444e+00 1.002242581454264e+00
8.900000000000000e-01 5.768973119126561e+00 1.002731052841125e+00
8.950000000000000e-01 5.915054719607133e+00 1.003207210859800e+00
9.000000000000000e-01 6.064833421838831e+00 1.003671381348354e+00
9.050000000000000e-01 6.218402842386253e+00 1.004123874680878e+00
9.100000000000000e-01 6.375858967136348e+00 1.004564990904213e+00
9.150000000000000e-01 6.537300211292723e+00 1.004995021516865e+00
9.200000000000000e-01 6.702827480888332e+00 1.005414250137004e+00
9.250000000000000e-01 6.872544235855034e+00 1.005822952836243e+00
9.300000000000000e-01 7.046556554689444e+00 1.006221398379067e+00
9.350000000000001e-01 7.224973200755413e+00 1.006609848434449e+00
9.400000000000001e-01 7.407905690264673e+00 1.006988557776374e+00
9.450000000000001e-01 7.595468361978146e+00 1.007357774477206e+00
9.500000000000001e-01 7.787778448671316e+00 1.007717740094872e+00
9.550000000000001e-01 7.984956150408610e+00 1.008068689854217e+00
9.600000000000000e-01 8.187124709672272e+00 1.008410852822764e+00
9.650000000000000e-01 8.394410488393007e+00 1.008744452081085e+00
9.700000000000000e-01 8.606943046930221e+00 1.009069704887966e+00
9.750000000000000e-01 8.824855225051540e+00 1.009386822840566e+00
9.800000000000000e-01 9.048283224961922e+00 1.009696012029738e+00
9.850000000000000e-01 9.277366696434507e+00 1.009997473190672e+00
9.900000000000000e-01 9.512248824096272e+00 1.010291401849042e+00
9.950000000000000e-01 9.753076416923058e+00 1.010577988462794e+00
1.000000000000000e+00 1.000000000000000e+01 1.010857418559730e+00
