0.000000000000000e+00 0.000000000000000e+00 9.377272135387584e-01
5.000000000000000e-03 3.369477419287315e-03 9.377272136644614e-01
1.000000000000000e-02 6.741060871647481e-03 9.377272141535143e-01
1.500000000000000e-02 1.011685770649257e-02 9.377272152273411e-01
2.000000000000000e-02 1.349897790673588e-02 9.377272166565174e-01
2.500000000000000e-02 1.688953540759990e-02 9.377272183390183e-01
3.000000000000000e-02 2.029064941789469e-02 9.377272203526623e-01
3.500000000000000e-02 2.370444574459234e-02 9.377272227493068e-01
4.000000000000000e-02 2.713305812152553e-02 9.377272255826932e-01
4.500000000000000e-02 3.057862954304063e-02 9.377272288724240e-01
5.000000000000000e-02 3.404331360343898e-02 9.377272325535551e-01
5.500000000000000e-02 3.752927584304335e-02 9.377272366705126e-01
6.000000000000000e-02 4.103869510173117e-02 9.377272412856218e-01
6.500000000000000e-02 4.457376488078044e-02 9.377272463479274e-01
7.000000000000001e-02 4.813669471387935e-02 9.377272519413296e-01
7.500000000000000e-02 5.172971154815675e-02 9.377272579935360e-01
8.000000000000000e-02 5.535506113609672e-02 9.377272645550881e-01
8.500000000000001e-02 5.901500943920686e-02 9.377272717102730e-01
9.000000000000000e-02 6.271184404431801e-02 9.377272794422289e-01
9.500000000000000e-02 6.644787559340060e-02 9.377272876925650e-01
1.000000000000000e-01 7.022543922779090e-02 9.377272965968300e-01
1.050000000000000e-01 7.404689604773053e-02 9.377273062010900e-01
1.100000000000000e-01 7.791463458813094e-02 9.377273164885118e-01
1.150000000000000e-01 8.183107231148547e-02 9.377273275190993e-01
1.200000000000000e-01 8.579865711886202e-02 9.377273393123597e-01
1.250000000000000e-01 8.981986887992111e-02 9.377273518806694e-01
1.300000000000000e-01 9.389722098291493e-02 9.377273653953810e-01
1.350000000000000e-01 9.803326190563690e-02 9.377273798825234e-01
1.400000000000000e-01 1.022305768083033e-01 9.377273954280785e-01
1.450000000000000e-01 1.064917891493625e-01 9.377274120547673e-01
1.500000000000000e-01 1.108195623252418e-01 9.377274298010457e-01
1.550000000000000e-01 1.152166013350572e-01 9.377274487693191e-01
1.600000000000000e-01 1.196856544713255e-01 9.377274689863957e-01
1.650000000000000e-01 1.242295150377370e-01 9.377274905761522e-01
1.700000000000000e-01 1.288510230950609e-01 9.377275136314253e-01
1.750000000000000e-01 1.335530672362758e-01 9.377275383685113e-01
1.800000000000000e-01 1.383385863920344e-01 9.377275648789055e-01
1.850000000000000e-01 1.432105716675912e-01 9.377275932454472e-01
1.900000000000000e-01 1.481720682123397e-01 9.377276235398402e-01
1.950000000000000e-01 1.532261771231311e-01 9.377276560664940e-01
2.000000000000000e-01 1.583760573825595e-01 9.377276909297724e-01
2.050000000000000e-01 1.636249278334301e-01 9.377277282328378e-01
2.100000000000000e-01 1.689760691906397e-01 9.377277682857400e-01
2.150000000000000e-01 1.744328260917313e-01 9.377278114177571e-01
2.200000000000000e-01 1.799986091874004e-01 9.377278577528473e-01
2.250000000000000e-01 1.856768972732633e-01 9.377279075470443e-01
2.300000000000000e-01 1.914712394642179e-01 9.377279611453129e-01
2.350000000000000e-01 1.973852574127551e-01 9.377280187414491e-01
2.400000000000000e-01 2.034226475726105e-01 9.377280809472259e-01
2.450000000000000e-01 2.095871835091678e-01 9.377281482241994e-01
2.500000000000000e-01 2.158827182580599e-01 9.377282209074960e-01
2.550000000000000e-01 2.223131867334419e-01 9.377282995195014e-01
2.600000000000000e-01 2.288826081874405e-01 9.377283847098329e-01
2.650000000000000e-01 2.355950887223172e-01 9.377284769333728e-01
2.700000000000000e-01 2.424548238569160e-01 9.377285770575003e-01
2.750000000000000e-01 2.494661011489995e-01 9.377286857530128e-01
2.800000000000000e-01 2.566333028751116e-01 9.377288038817975e-01
2.850000000000000e-01 2.639609087696434e-01 9.377289327559298e-01
2.900000000000000e-01 2.714534988248126e-01 9.377290733900052e-01
2.950000000000000e-01 2.791157561533084e-01 9.377292270293871e-01
3.000000000000000e-01 2.869524699153886e-01 9.377293950599997e-01
3.050000000000000e-01 2.949685383122613e-01 9.377295790197260e-01
3.100000000000000e-01 3.031689716476197e-01 9.377297803802738e-01
3.150000000000000e-01 3.115588954592450e-01 9.377300015416024e-01
3.200000000000000e-01 3.201435537226349e-01 9.377302451666523e-01
3.250000000000000e-01 3.289283121286580e-01 9.377305136664958e-01
3.300000000000000e-01 3.379186614372866e-01 9.377308097724552e-01
3.350000000000000e-01 3.471202209094989e-01 9.377311369475553e-01
3.400000000000000e-01 3.565387418195016e-01 9.377314992648974e-01
3.450000000000000e-01 3.661801110494620e-01 9.377319010115019e-01
3.500000000000000e-01 3.760503547690021e-01 9.377323472590761e-01
3.550000000000000e-01 3.861556422017504e-01 9.377328436133954e-01
3.600000000000000e-01 3.965022894813072e-01 9.377333969697145e-01
3.650000000000000e-01 4.070967635990345e-01 9.377340148645302e-01
3.700000000000000e-01 4.179456864461349e-01 9.377347060142458e-01
3.750000000000000e-01 4.290558389525505e-01 9.377354805347147e-01
3.800000000000000e-01 4.404341653252637e-01 9.377363499483318e-01
3.850000000000000e-01 4.520877773886537e-01 9.377373279204702e-01
3.900000000000000e-01 4.640239590296172e-01 9.377384299760223e-01
3.950000000000000e-01 4.762501707502353e-01 9.377396746710838e-01
4.000000000000000e-01 4.887740543308307e-01 9.377410824381406e-01
4.050000000000000e-01 5.016034376063282e-01 9.377426779070612e-01
4.100000000000000e-01 5.147463393589066e-01 9.377444897080361e-01
4.150000000000000e-01 5.282109743299990e-01 9.377465505007476e-01
4.200000000000000e-01 5.420057583547735e-01 9.377489003602791e-01
4.250000000000000e-01 5.561393136223041e-01 9.377515841840186e-01
4.300000000000000e-01 5.706204740647189e-01 9.377546552736842e-01
4.350000000000000e-01 5.854582908786964e-01 9.377581764203929e-01
4.400000000000000e-01 6.006620381827575e-01 9.377622207820973e-01
4.450000000000000e-01 6.162412188138907e-01 9.377668757321093e-01
4.500000000000000e-01 6.322055702671360e-01 9.377722423500431e-01
4.550000000000000e-01 6.485650707818353e-01 9.377784416486173e-01
4.600000000000000e-01 6.653299455783577e-01 9.377856152202704e-01
4.650000000000000e-01 6.825106732491932e-01 9.377939298909289e-01
4.700000000000000e-01 7.001179923084168e-01 9.378035852098884e-01
4.750000000000000e-01 7.181629079036070e-01 9.378148137278280e-01
4.800000000000000e-01 7.366566986944229e-01 9.378278934610638e-01
4.850000000000000e-01 7.556109239021327e-01 9.378431524754181e-01
4.900000000000000e-01 7.750374305345038e-01 9.378609769493688e-01
4.950000000000000e-01 7.949483607905672e-01 9.378818282254859e-01
5.000000000000000e-01 8.153561596498893e-01 9.379062468508781e-01
5.050000000000000e-01 8.362735826510871e-01 9.379348739831083e-01
5.100000000000000e-01 8.577137038644561e-01 9.379684684223711e-01
5.150000000000000e-01 8.796899240636907e-01 9.380079179927705e-01
5.200000000000000e-01 9.022159791018011e-01 9.380542742078837e-01
5.250000000000000e-01 9.253059484964714e-01 9.381087676760854e-01
5.300000000000000e-01 9.489742642302165e-01 9.381728337654692e-01
5.350000000000000e-01 9.732357197708378e-01 9.382481554526948e-01
5.400000000000000e-01 9.981054793178262e-01 9.383366765323490e-01
5.450000000000000e-01 1.023599087280478e+00 9.384406406852055e-01
5.500000000000000e-01 1.049732477993657e+00 9.385626313044256e-01
5.550000000000000e-01 1.076521985677273e+00 9.387055732761882e-01
5.600000000000001e-01 1.103984354645701e+00 9.388727681391016e-01
5.650000000000001e-01 1.132136749773522e+00 9.390679044958683e-01
5.700000000000001e-01 1.160996767224129e+00 9.392950140975488e-01
5.750000000000001e-01 1.190582445447902e+00 9.395584549130651e-01
5.800000000000000e-01 1.220912276456826e+00 9.398628343973801e-01
5.850000000000000e-01 1.252005217382601e+00 9.402128417366575e-01
5.900000000000000e-01 1.283880702325469e+00 9.406130845844644e-01
5.950000000000000e-01 1.316558654501151e+00 9.410678282974484e-01
6.000000000000000e-01 1.350059498693518e+00 9.415805889595156e-01
6.050000000000000e-01 1.384404174020732e+00 9.421537071984375e-01
6.100000000000000e-01 1.419614147022888e+00 9.427878307339502e-01
6.150000000000000e-01 1.455711425079295e+00 9.434812375734651e-01
6.200000000000000e-01 1.492718570163803e+00 9.442291871199181e-01
6.250000000000000e-01 1.530658712946775e+00 9.450233585309953e-01
6.300000000000000e-01 1.569555567252506e+00 9.458513408646013e-01
6.350000000000000e-01 1.609433444881138e+00 9.466964261705950e-01
6.400000000000000e-01 1.650317270804325e+00 9.475379843982407e-01
6.450000000000000e-01 1.692232598744148e+00 9.483524730711949e-01
6.500000000000000e-01 1.735205627145031e+00 9.491152067914529e-01
6.550000000000000e-01 1.779263215548615e+00 9.498030569029358e-01
6.600000000000000e-01 1.824432901381847e+00 9.503978779972215e-01
6.650000000000000e-01 1.870742917168772e+00 9.508901173231454e-01
6.700000000000000e-01 1.918222208176775e+00 9.512820129052938e-01
6.750000000000000e-01 1.966900450508319e+00 9.515897331429616e-01
6.800000000000000e-01 2.016808069649473e+00 9.518437894607954e-01
6.850000000000001e-01 2.067976259486829e+00 9.520873756658891e-01
6.900000000000001e-01 2.120437001804702e+00 9.523728181611473e-01
6.950000000000001e-01 2.174223086274785e+00 9.527567023915346e-01
7.000000000000001e-01 2.229368130950753e+00 9.532944240923134e-01
7.050000000000000e-01 2.285906603280654e+00 9.540349875454119e-01
7.100000000000000e-01 2.343873841650178e+00 9.550167754291460e-01
7.150000000000000e-01 2.403306077470301e+00 9.562647038259137e-01
7.200000000000000e-01 2.464240457823092e+00 9.577888042930935e-01
7.250000000000000e-01 2.526715068679855e+00 9.595840217204507e-01
7.300000000000000e-01 2.590768958706095e+00 9.616309194609403e-01
7.350000000000000e-01 2.656442163668210e+00 9.638969821527151e-01
7.400000000000000e-01 2.723775731457148e+00 9.663382521626184e-01
7.450000000000000e-01 2.792811747744667e+00 9.689011233955828e-01
7.500000000000000e-01 2.863593362288260e+00 9.715242464663972e-01
7.550000000000000e-01 2.936164815901156e+00 9.741406476369678e-01
7.600000000000000e-01 3.010571468104263e+00 9.766803191545003e-01
7.650000000000000e-01 3.086859825477351e+00 9.790736865034650e-01
7.700000000000000e-01 3.165077570727174e+00 9.812564247451904e-01
7.750000000000000e-01 3.245273592490716e+00 9.831759099457581e-01
7.800000000000000e-01 3.327498015892184e+00 9.847989596262293e-01
7.850000000000000e-01 3.411802233872832e+00 9.861194521586886e-01
7.900000000000000e-01 3.498238939313234e+00 9.871633421570759e-01
7.950000000000000e-01 3.586862157968046e+00 9.879882627431292e-01
8.000000000000000e-01 3.677727282233856e+00 9.886759467217487e-01
8.050000000000000e-01 3.770891105771243e+00 9.893180153657394e-01
8.100000000000001e-01 3.866411859002656e+00 9.899983175778897e-01
8.150000000000001e-01 3.964349245508326e+00 9.907766505521439e-01
8.200000000000001e-01 4.064764479342956e+00 9.916785242832338e-01
8.250000000000001e-01 4.167720323296481e+00 9.926937327952725e-01
8.300000000000001e-01 4.273281128122877e+00 9.937836834868611e-01
8.350000000000000e-01 4.381512872761445e+00 9.948947644358044e-01
8.400000000000000e-01 4.492483205575838e+00 9.959733871018207e-01
8.450000000000000e-01 4.606261486636447e+00 9.969782460577273e-01
8.500000000000000e-01 4.722918831072739e+00 9.978867810845808e-01
8.550000000000000e-01 4.842528153522501e+00 9.986951972459019e-01
8.600000000000000e-01 4.965164213705875e+00 9.994136635939179e-01
8.650000000000000e-01 5.090903663152626e+00 1.000059526650266e+00
8.700000000000000e-01 5.219825093111814e+00 1.000651207468374e+00
8.750000000000000e-01 5.352009083673925e+00 1.001204307984611e+00
8.800000000000000e-01 5.487538254136007e+00 1.001730121567548e+00
8.850000000000000e-01 5.626497314641444e+00 1.002235863148157e+00
8.900000000000000e-01 5.768973119126561e+00 1.002725697592160e+00
8.950000000000000e-01 5.915054719607133e+00 1.003201860971345e+00
9.000000000000000e-01 6.064833421838831e+00 1.003665526780408e+00
9.050000000000000e-01 6.218402842386253e+00 1.004117349483080e+00
9.100000000000000e-01 6.375858967136348e+00 1.004557755104100e+00
9.150000000000000e-01 6.537300211292723e+00 1.004987076658737e+00
9.200000000000000e-01 6.702827480888332e+00 1.005405609922139e+00
9.250000000000000e-01 6.872544235855034e+00 1.005813633939432e+00
9.300000000000000e-01 7.046556554689444e+00 1.006211417863532e+00
9.350000000000001e-01 7.224973200755413e+00 1.006599223101398e+00
9.400000000000001e-01 7.407905690264673e+00 1.006977304024359e+00
9.450000000000001e-01 7.595468361978146e+00 1.007345908282314e+00
9.500000000000001e-01 7.787778448671316e+00 1.007705277016532e+00
9.550000000000001e-01 7.984956150408610e+00 1.008055645045679e+00
9.600000000000000e-01 8.187124709672272e+00 1.008397241042114e+00
9.650000000000000e-01 8.394410488393007e+00 1.008730287702061e+00
9.700000000000000e-01 8.606943046930221e+00 1.009055001910475e+00
9.750000000000000e-01 8.824855225051540e+00 1.009371594900886e+00
9.800000000000000e-01 9.048283224961922e+00 1.009680272410415e+00
9.850000000000000e-01 9.277366696434507e+00 1.009981234830130e+00
9.900000000000000e-01 9.512248824096272e+00 1.010274677350907e+00
9.950000000000000e-01 9.753076416923058e+00 1.010560790104942e+00
1.000000000000000e+00 1.000000000000000e+01 1.010839758303077e+00
