0.000000000000000e+00 0.000000000000000e+00 7.880996966495174e-01
5.000000000000000e-03 3.369477419287315e-03 7.881008633812183e-01
1.000000000000000e-02 6.741060871647481e-03 7.881039596880555e-01
1.500000000000000e-02 1.011685770649257e-02 7.881091026350248e-01
2.000000000000000e-02 1.349897790673588e-02 7.881163228053654e-01
2.500000000000000e-02 1.688953540759990e-02 7.881256415653597e-01
3.000000000000000e-02 2.029064941789469e-02 7.881370800475594e-01
3.500000000000000e-02 2.370444574459234e-02 7.881506707018244e-01
4.000000000000000e-02 2.713305812152553e-02 7.881664592003507e-01
4.500000000000000e-02 3.057862954304063e-02 7.881844843508071e-01
5.000000000000000e-02 3.404331360343898e-02 7.882047965787238e-01
5.500000000000000e-02 3.752927584304335e-02 7.882274507629143e-01
6.000000000000000e-02 4.103869510173117e-02 7.882525084210951e-01
6.500000000000000e-02 4.457376488078044e-02 7.882800441626339e-01
7.000000000000001e-02 4.813669471387935e-02 7.883101378146469e-01
7.500000000000000e-02 5.172971154815675e-02 7.883428757058871e-01
8.000000000000000e-02 5.535506113609672e-02 7.883783422517652e-01
8.500000000000001e-02 5.901500943920686e-02 7.884166415035518e-01
9.000000000000000e-02 6.271184404431801e-02 7.884578824865760e-01
9.500000000000000e-02 6.644787559340060e-02 7.885021825360126e-01
1.000000000000000e-01 7.022543922779090e-02 7.885496692416071e-01
1.050000000000000e-01 7.404689604773053e-02 7.886004733282234e-01
1.100000000000000e-01 7.791463458813094e-02 7.886547504415966e-01
1.150000000000000e-01 8.183107231148547e-02 7.887126553648330e-01
1.200000000000000e-01 8.579865711886202e-02 7.887743549880178e-01
1.250000000000000e-01 8.981986887992111e-02 7.888400288919621e-01
1.300000000000000e-01 9.389722098291493e-02 7.889098680874171e-01
1.350000000000000e-01 9.803326190563690e-02 7.889840836811478e-01
1.400000000000000e-01 1.022305768083033e-01 7.890628906768996e-01
1.450000000000000e-01 1.064917891493625e-01 7.891465285064171e-01
1.500000000000000e-01 1.108195623252418e-01 7.892352399941411e-01
1.550000000000000e-01 1.152166013350572e-01 7.893292893064269e-01
1.600000000000000e-01 1.196856544713255e-01 7.894289676671028e-01
1.650000000000000e-01 1.242295150377370e-01 7.895345701352656e-01
1.700000000000000e-01 1.288510230950609e-01 7.896464274598559e-01
1.750000000000000e-01 1.335530672362758e-01 7.897648790384687e-01
1.800000000000000e-01 1.383385863920344e-01 7.898902827261043e-01
1.850000000000000e-01 1.432105716675912e-01 7.900230293439813e-01
1.900000000000000e-01 1.481720682123397e-01 7.901635286811068e-01
1.950000000000000e-01 1.532261771231311e-01 7.903122242805745e-01
2.000000000000000e-01 1.583760573825595e-01 7.904695758814374e-01
2.050000000000000e-01 1.636249278334301e-01 7.906360779735371e-01
2.100000000000000e-01 1.689760691906397e-01 7.908122636833315e-01
2.150000000000000e-01 1.744328260917313e-01 7.909986910157586e-01
2.200000000000000e-01 1.799986091874004e-01 7.911959482235126e-01
2.250000000000000e-01 1.856768972732633e-01 7.914046583007683e-01
2.300000000000000e-01 1.914712394642179e-01 7.916255039444737e-01
2.350000000000000e-01 1.973852574127551e-01 7.918591945937461e-01
2.400000000000000e-01 2.034226475726105e-01 7.921064730811499e-01
2.450000000000000e-01 2.095871835091678e-01 7.923681464224492e-01
2.500000000000000e-01 2.158827182580599e-01 7.926450549085204e-01
2.550000000000000e-01 2.223131867334419e-01 7.929380978269939e-01
2.600000000000000e-01 2.288826081874405e-01 7.932482268353040e-01
2.650000000000000e-01 2.355950887223172e-01 7.935764377215226e-01
2.700000000000000e-01 2.424548238569160e-01 7.939238022285035e-01
2.750000000000000e-01 2.494661011489995e-01 7.942914366074171e-01
2.800000000000000e-01 2.566333028751116e-01 7.946805241115854e-01
2.850000000000000e-01 2.639609087696434e-01 7.950923242269371e-01
2.900000000000000e-01 2.714534988248126e-01 7.955281427337251e-01
2.950000000000000e-01 2.791157561533084e-01 7.959893743296874e-01
3.000000000000000e-01 2.869524699153886e-01 7.964774815374377e-01
3.050000000000000e-01 2.949685383122613e-01 7.969939860152245e-01
3.100000000000000e-01 3.031689716476197e-01 7.975405108667701e-01
3.150000000000000e-01 3.115588954592450e-01 7.981187377715790e-01
3.200000000000000e-01 3.201435537226349e-01 7.987304239838978e-01
3.250000000000000e-01 3.289283121286580e-01 7.993774302123371e-01
3.300000000000000e-01 3.379186614372866e-01 8.000616682570597e-01
3.350000000000000e-01 3.471202209094989e-01 8.007851382786902e-01
3.400000000000000e-01 3.565387418195016e-01 8.015499388910914e-01
3.450000000000000e-01 3.661801110494620e-01 8.023582121696984e-01
3.500000000000000e-01 3.760503547690021e-01 8.032121926276702e-01
3.550000000000000e-01 3.861556422017504e-01 8.041142035705778e-01
3.600000000000000e-01 3.965022894813072e-01 8.050665983873841e-01
3.650000000000000e-01 4.070967635990345e-01 8.060718145871361e-01
3.700000000000000e-01 4.179456864461349e-01 8.071323658843732e-01
3.750000000000000e-01 4.290558389525505e-01 8.082507737620527e-01
3.800000000000000e-01 4.404341653252637e-01 8.094296189557493e-01
3.850000000000000e-01 4.520877773886537e-01 8.106715422203663e-01
3.900000000000000e-01 4.640239590296172e-01 8.119791596361856e-01
3.950000000000000e-01 4.762501707502353e-01 8.133550981120506e-01
4.000000000000000e-01 4.887740543308307e-01 8.148020210431881e-01
4.050000000000000e-01 5.016034376063282e-01 8.163225321356383e-01
4.100000000000000e-01 5.147463393589066e-01 8.179191686586150e-01
4.150000000000000e-01 5.282109743299990e-01 8.195944578802244e-01
4.200000000000000e-01 5.420057583547735e-01 8.213508402045860e-01
4.250000000000000e-01 5.561393136223041e-01 8.231905947983733e-01
4.300000000000000e-01 5.706204740647189e-01 8.251158940414670e-01
4.350000000000000e-01 5.854582908786964e-01 8.271287962728907e-01
4.400000000000000e-01 6.006620381827575e-01 8.292311278092593e-01
4.450000000000000e-01 6.162412188138907e-01 8.314244557820435e-01
4.500000000000000e-01 6.322055702671360e-01 8.337101435954162e-01
4.550000000000000e-01 6.485650707818353e-01 8.360892988615770e-01
4.600000000000000e-01 6.653299455783577e-01 8.385626503541735e-01
4.650000000000000e-01 6.825106732491932e-01 8.411305285271475e-01
4.700000000000000e-01 7.001179923084168e-01 8.437929117929293e-01
4.750000000000000e-01 7.181629079036070e-01 8.465493786603858e-01
4.800000000000000e-01 7.366566986944229e-01 8.493989826538730e-01
4.850000000000000e-01 7.556109239021327e-01 8.523401945539048e-01
4.900000000000000e-01 7.750374305345038e-01 8.553709323125248e-01
4.950000000000000e-01 7.949483607905672e-01 8.584885627554452e-01
5.000000000000000e-01 8.153561596498893e-01 8.616898149328790e-01
5.050000000000000e-01 8.362735826510871e-01 8.649706733913985e-01
5.100000000000000e-01 8.577137038644561e-01 8.683263343211363e-01
5.150000000000000e-01 8.796899240636907e-01 8.717512204446127e-01
5.200000000000000e-01 9.022159791018011e-01 8.752389901977172e-01
5.250000000000000e-01 9.253059484964714e-01 8.787825018798731e-01
5.300000000000000e-01 9.489742642302165e-01 8.823737500374152e-01
5.350000000000000e-01 9.732357197708378e-01 8.860038135250677e-01
5.400000000000000e-01 9.981054793178262e-01 8.896628385474741e-01
5.450000000000000e-01 1.023599087280478e+00 8.933400557262641e-01
5.500000000000000e-01 1.049732477993657e+00 8.970238163673245e-01
5.550000000000000e-01 1.076521985677273e+00 9.007016408484374e-01
5.600000000000001e-01 1.103984354645701e+00 9.043602795324293e-01
5.650000000000001e-01 1.132136749773522e+00 9.079857943518643e-01
5.700000000000001e-01 1.160996767224129e+00 9.115636706393077e-01
5.750000000000001e-01 1.190582445447902e+00 9.150789668862802e-01
5.800000000000000e-01 1.220912276456826e+00 9.185165091717969e-01
5.850000000000000e-01 1.252005217382601e+00 9.218611347883536e-01
5.900000000000000e-01 1.283880702325469e+00 9.250979890061183e-01
5.950000000000000e-01 1.316558654501151e+00 9.282128768701713e-01
6.000000000000000e-01 1.350059498693518e+00 9.311926695583840e-01
6.050000000000000e-01 1.384404174020732e+00 9.340257607649928e-01
6.100000000000000e-01 1.419614147022888e+00 9.367025632152368e-01
6.150000000000000e-01 1.455711425079295e+00 9.392160285016358e-01
6.200000000000000e-01 1.492718570163803e+00 9.415621653530555e-01
6.250000000000000e-01 1.530658712946775e+00 9.437405227278175e-01
6.300000000000000e-01 1.569555567252506e+00 9.457545957617671e-01
6.350000000000000e-01 1.609433444881138e+00 9.476121059905747e-01
6.400000000000000e-01 1.650317270804325e+00 9.493251041444128e-01
6.450000000000000e-01 1.692232598744148e+00 9.509098460453070e-01
6.500000000000000e-01 1.735205627145031e+00 9.523864013494889e-01
6.550000000000000e-01 1.779263215548615e+00 9.537779719897693e-01
6.600000000000000e-01 1.824432901381847e+00 9.551099219282246e-01
6.650000000000000e-01 1.870742917168772e+00 9.564085504581407e-01
6.700000000000000e-01 1.918222208176775e+00 9.576996744785788e-01
6.750000000000000e-01 1.966900450508319e+00 9.590071163924866e-01
6.800000000000000e-01 2.016808069649473e+00 9.603512185672464e-01
6.850000000000001e-01 2.067976259486829e+00 9.617475181319790e-01
6.900000000000001e-01 2.120437001804702e+00 9.632057141268764e-01
6.950000000000001e-01 2.174223086274785e+00 9.647290415011294e-01
7.000000000000001e-01 2.229368130950753e+00 9.663141341481333e-01
7.050000000000000e-01 2.285906603280654e+00 9.679514149131627e-01
7.100000000000000e-01 2.343873841650178e+00 9.696259985302685e-01
7.150000000000000e-01 2.403306077470301e+00 9.713190388628733e-01
7.200000000000000e-01 2.464240457823092e+00 9.730094003721137e-01
7.250000000000000e-01 2.526715068679855e+00 9.746754916424665e-01
7.300000000000000e-01 2.590768958706095e+00 9.762970725441875e-01
7.350000000000000e-01 2.656442163668210e+00 9.778568422739149e-01
7.400000000000000e-01 2.723775731457148e+00 9.793416373567044e-01
7.450000000000000e-01 2.792811747744667e+00 9.807431172840647e-01
7.500000000000000e-01 2.863593362288260e+00 9.820578859377740e-01
7.550000000000000e-01 2.936164815901156e+00 9.832870784573983e-01
7.600000000000000e-01 3.010571468104263e+00 9.844355204056944e-01
7.650000000000000e-01 3.086859825477351e+00 9.855106227627694e-01
7.700000000000000e-01 3.165077570727174e+00 9.865212001494227e-01
7.750000000000000e-01 3.245273592490716e+00 9.874763864988838e-01
7.800000000000000e-01 3.327498015892184e+00 9.883847776069884e-01
7.850000000000000e-01 3.411802233872832e+00 9.892538670065282e-01
7.900000000000000e-01 3.498238939313234e+00 9.900897773293348e-01
7.950000000000000e-01 3.586862157968046e+00 9.908972386822272e-01
8.000000000000000e-01 3.677727282233856e+00 9.916797373212458e-01
8.050000000000000e-01 3.770891105771243e+00 9.924397530653671e-01
8.100000000000001e-01 3.866411859002656e+00 9.931790170194302e-01
8.150000000000001e-01 3.964349245508326e+00 9.938987436066629e-01
8.200000000000001e-01 4.064764479342956e+00 9.945998142129190e-01
8.250000000000001e-01 4.167720323296481e+00 9.952829081554424e-01
8.300000000000001e-01 4.273281128122877e+00 9.959485879058273e-01
8.350000000000000e-01 4.381512872761445e+00 9.965973500554777e-01
8.400000000000000e-01 4.492483205575838e+00 9.972296534684673e-01
8.450000000000000e-01 4.606261486636447e+00 9.978459337230017e-01
8.500000000000000e-01 4.722918831072739e+00 9.984466100542572e-01
8.550000000000000e-01 4.842528153522501e+00 9.990320885478194e-01
8.600000000000000e-01 4.965164213705875e+00 9.996027636129808e-01
8.650000000000000e-01 5.090903663152626e+00 1.000159018728730e+00
8.700000000000000e-01 5.219825093111814e+00 1.000701226903555e+00
8.750000000000000e-01 5.352009083673925e+00 1.001229751027541e+00
8.800000000000000e-01 5.487538254136007e+00 1.001744944182758e+00
8.850000000000000e-01 5.626497314641444e+00 1.002247149934333e+00
8.900000000000000e-01 5.768973119126561e+00 1.002736702609361e+00
8.950000000000000e-01 5.915054719607133e+00 1.003213927565899e+00
9.000000000000000e-01 6.064833421838831e+00 1.003679141452907e+00
9.050000000000000e-01 6.218402842386253e+00 1.004132652461590e+00
9.100000000000000e-01 6.375858967136348e+00 1.004574760568500e+00
9.150000000000000e-01 6.537300211292723e+00 1.005005757770738e+00
9.200000000000000e-01 6.702827480888332e+00 1.005425928313545e+00
9.250000000000000e-01 6.872544235855034e+00 1.005835548910586e+00
9.300000000000000e-01 7.046556554689444e+00 1.006234888957202e+00
9.350000000000001e-01 7.224973200755413e+00 1.006624210736894e+00
9.400000000000001e-01 7.407905690264673e+00 1.007003769621295e+00
9.450000000000001e-01 7.595468361978146e+00 1.007373814263873e+00
9.500000000000001e-01 7.787778448671316e+00 1.007734586787583e+00
9.550000000000001e-01 7.984956150408610e+00 1.008086322966713e+00
9.600000000000000e-01 8.187124709672272e+00 1.008429252403113e+00
9.650000000000000e-01 8.394410488393007e+00 1.008763598697018e+00
9.700000000000000e-01 8.606943046930221e+00 1.009089579612659e+00
9.750000000000000e-01 8.824855225051540e+00 1.009407407238842e+00
9.800000000000000e-01 9.048283224961922e+00 1.009717288144676e+00
9.850000000000000e-01 9.277366696434507e+00 1.010019423530622e+00
9.900000000000000e-01 9.512248824096272e+00 1.010314009375011e+00
9.950000000000000e-01 9.753076416923058e+00 1.010601236576209e+00
1.000000000000000e+00 1.000000000000000e+01 1.010881291090559e+00
