0.000000000000000e+00 0.000000000000000e+00 7.113998220436402e-01
5.000000000000000e-03 3.369477419287315e-03 7.114052218539936e-01
1.000000000000000e-02 6.741060871647481e-03 7.114196049739598e-01
1.500000000000000e-02 1.011685770649257e-02 7.114435761987203e-01
2.000000000000000e-02 1.349897790673588e-02 7.114772211218542e-01
2.500000000000000e-02 1.688953540759990e-02 7.115206239319843e-01
3.000000000000000e-02 2.029064941789469e-02 7.115738782766443e-01
3.500000000000000e-02 2.370444574459234e-02 7.116370878680823e-01
4.000000000000000e-02 2.713305812152553e-02 7.117104241456297e-01
4.500000000000000e-02 3.057862954304063e-02 7.117940614254288e-01
5.000000000000000e-02 3.404331360343898e-02 7.118881842021485e-01
5.500000000000000e-02 3.752927584304335e-02 7.119930112606686e-01
6.000000000000000e-02 4.103869510173117e-02 7.121087755070689e-01
6.500000000000000e-02 4.457376488078044e-02 7.122357596126027e-01
7.000000000000001e-02 4.813669471387935e-02 7.123742498759228e-01
7.500000000000000e-02 5.172971154815675e-02 7.125245633562420e-01
8.000000000000000e-02 5.535506113609672e-02 7.126870430912352e-01
8.500000000000001e-02 5.901500943920686e-02 7.128620479005500e-01
9.000000000000000e-02 6.271184404431801e-02 7.130499981114454e-01
9.500000000000000e-02 6.644787559340060e-02 7.132513139542674e-01
1.000000000000000e-01 7.022543922779090e-02 7.134664479864276e-01
1.050000000000000e-01 7.404689604773053e-02 7.136958886630490e-01
1.100000000000000e-01 7.791463458813094e-02 7.139401354870787e-01
1.150000000000000e-01 8.183107231148547e-02 7.141997478511575e-01
1.200000000000000e-01 8.579865711886202e-02 7.144753006983003e-01
1.250000000000000e-01 8.981986887992111e-02 7.147674000730382e-01
1.300000000000000e-01 9.389722098291493e-02 7.150766905171623e-01
1.350000000000000e-01 9.803326190563690e-02 7.154038377852858e-01
1.400000000000000e-01 1.022305768083033e-01 7.157495716113145e-01
1.450000000000000e-01 1.064917891493625e-01 7.161146413612415e-01
1.500000000000000e-01 1.108195623252418e-01 7.164998067687421e-01
1.550000000000000e-01 1.152166013350572e-01 7.169058872314653e-01
1.600000000000000e-01 1.196856544713255e-01 7.173337631913653e-01
1.650000000000000e-01 1.242295150377370e-01 7.177843342603138e-01
1.700000000000000e-01 1.288510230950609e-01 7.182585143840892e-01
1.750000000000000e-01 1.335530672362758e-01 7.187572915515862e-01
1.800000000000000e-01 1.383385863920344e-01 7.192816888181058e-01
1.850000000000000e-01 1.432105716675912e-01 7.198327522284376e-01
1.900000000000000e-01 1.481720682123397e-01 7.204115962562672e-01
1.950000000000000e-01 1.532261771231311e-01 7.210193596974779e-01
2.000000000000000e-01 1.583760573825595e-01 7.216572267508649e-01
2.050000000000000e-01 1.636249278334301e-01 7.223264358012901e-01
2.100000000000000e-01 1.689760691906397e-01 7.230282491997005e-01
2.150000000000000e-01 1.744328260917313e-01 7.237639921670643e-01
2.200000000000000e-01 1.799986091874004e-01 7.245350229768033e-01
2.250000000000000e-01 1.856768972732633e-01 7.253427349141913e-01
2.300000000000000e-01 1.914712394642179e-01 7.261885863472992e-01
2.350000000000000e-01 1.973852574127551e-01 7.270740536710156e-01
2.400000000000000e-01 2.034226475726105e-01 7.280006632000722e-01
2.450000000000000e-01 2.095871835091678e-01 7.289699929882417e-01
2.500000000000000e-01 2.158827182580599e-01 7.299836311175693e-01
2.550000000000000e-01 2.223131867334419e-01 7.310432249131261e-01
2.600000000000000e-01 2.288826081874405e-01 7.321504537157205e-01
2.650000000000000e-01 2.355950887223172e-01 7.333070055354227e-01
2.700000000000000e-01 2.424548238569160e-01 7.345146288058483e-01
2.750000000000000e-01 2.494661011489995e-01 7.357750827684085e-01
2.800000000000000e-01 2.566333028751116e-01 7.370901319503845e-01
2.850000000000000e-01 2.639609087696434e-01 7.384615926944125e-01
2.900000000000000e-01 2.714534988248126e-01 7.398912702373598e-01
2.950000000000000e-01 2.791157561533084e-01 7.413809668303877e-01
3.000000000000000e-01 2.869524699153886e-01 7.429325246835253e-01
3.050000000000000e-01 2.949685383122613e-01 7.445477542142114e-01
3.100000000000000e-01 3.031689716476197e-01 7.462284437404322e-01
3.150000000000000e-01 3.115588954592450e-01 7.479764037687877e-01
3.200000000000000e-01 3.201435537226349e-01 7.497933906346990e-01
3.250000000000000e-01 3.289283121286580e-01 7.516811078068806e-01
3.300000000000000e-01 3.379186614372866e-01 7.536412616453020e-01
3.350000000000000e-01 3.471202209094989e-01 7.556754870200337e-01
3.400000000000000e-01 3.565387418195016e-01 7.577853198577025e-01
3.450000000000000e-01 3.661801110494620e-01 7.599722651306452e-01
3.500000000000000e-01 3.760503547690021e-01 7.622377462972154e-01
3.550000000000000e-01 3.861556422017504e-01 7.645830382486813e-01
3.600000000000000e-01 3.965022894813072e-01 7.670093294942041e-01
3.650000000000000e-01 4.070967635990345e-01 7.695177217652855e-01
3.700000000000000e-01 4.179456864461349e-01 7.721091301614541e-01
3.750000000000000e-01 4.290558389525505e-01 7.747842942787254e-01
3.800000000000000e-01 4.404341653252637e-01 7.775438409378862e-01
3.850000000000000e-01 4.520877773886537e-01 7.803882150664879e-01
3.900000000000000e-01 4.640239590296172e-01 7.833175981668431e-01
3.950000000000000e-01 4.762501707502353e-01 7.863319586103296e-01
4.000000000000000e-01 4.887740543308307e-01 7.894310879773857e-01
4.050000000000000e-01 5.016034376063282e-01 7.926145103122824e-01
4.100000000000000e-01 5.147463393589066e-01 7.958814117115482e-01
4.150000000000000e-01 5.282109743299990e-01 7.992306900491006e-01
4.200000000000000e-01 5.420057583547735e-01 8.026609913364126e-01
4.250000000000000e-01 5.561393136223041e-01 8.061706311382667e-01
4.300000000000000e-01 5.706204740647189e-01 8.097575063329100e-01
4.350000000000000e-01 5.854582908786964e-01 8.134191083252456e-01
4.400000000000000e-01 6.006620381827575e-01 8.171525744765326e-01
4.450000000000000e-01 6.162412188138907e-01 8.209546671802019e-01
4.500000000000000e-01 6.322055702671360e-01 8.248216901965786e-01
4.550000000000000e-01 6.485650707818353e-01 8.287494270497948e-01
4.600000000000000e-01 6.653299455783577e-01 8.327331414668792e-01
4.650000000000000e-01 6.825106732491932e-01 8.367676126590359e-01
4.700000000000000e-01 7.001179923084168e-01 8.408471447057380e-01
4.750000000000000e-01 7.181629079036070e-01 8.449655249157392e-01
4.800000000000000e-01 7.366566986944229e-01 8.491159724236412e-01
4.850000000000000e-01 7.556109239021327e-01 8.532911077672214e-01
4.900000000000000e-01 7.750374305345038e-01 8.574829458679929e-01
4.950000000000000e-01 7.949483607905672e-01 8.616829182520387e-01
5.000000000000000e-01 8.153561596498893e-01 8.658818970250753e-01
5.050000000000000e-01 8.362735826510871e-01 8.700702218806413e-01
5.100000000000000e-01 8.577137038644561e-01 8.742377315251707e-01
5.150000000000000e-01 8.796899240636907e-01 8.783738012342446e-01
5.200000000000000e-01 9.022159791018011e-01 8.824673983075857e-01
5.250000000000000e-01 9.253059484964714e-01 8.865071540110818e-01
5.300000000000000e-01 9.489742642302165e-01 8.904814587849551e-01
5.350000000000000e-01 9.732357197708378e-01 8.943785798900327e-01
5.400000000000000e-01 9.981054793178262e-01 8.981868045518987e-01
5.450000000000000e-01 1.023599087280478e+00 9.018946090695784e-01
5.500000000000000e-01 1.049732477993657e+00 9.054908550224257e-01
5.550000000000000e-01 1.076521985677273e+00 9.089650122974785e-01
5.600000000000001e-01 1.103984354645701e+00 9.123074076001219e-01
5.650000000000001e-01 1.132136749773522e+00 9.155094952929057e-01
5.700000000000001e-01 1.160996767224129e+00 9.185641452836902e-01
5.750000000000001e-01 1.190582445447902e+00 9.214659401131092e-01
5.800000000000000e-01 1.220912276456826e+00 9.242114705138017e-01
5.850000000000000e-01 1.252005217382601e+00 9.267996156558722e-01
5.900000000000000e-01 1.283880702325469e+00 9.292317912931742e-01
5.950000000000000e-01 1.316558654501151e+00 9.315121464052197e-01
6.000000000000000e-01 1.350059498693518e+00 9.336476871003661e-01
6.050000000000000e-01 1.384404174020732e+00 9.356483059778780e-01
6.100000000000000e-01 1.419614147022888e+00 9.375266963226735e-01
6.150000000000000e-01 1.455711425079295e+00 9.392981338518794e-01
6.200000000000000e-01 1.492718570163803e+00 9.409801145251790e-01
6.250000000000000e-01 1.530658712946775e+00 9.425918452109738e-01
6.300000000000000e-01 1.569555567252506e+00 9.441535944901791e-01
6.350000000000000e-01 1.609433444881138e+00 9.456859229422563e-01
6.400000000000000e-01 1.650317270804325e+00 9.472088249103132e-01
6.450000000000000e-01 1.692232598744148e+00 9.487408257301334e-01
6.500000000000000e-01 1.735205627145031e+00 9.502980883439222e-01
6.550000000000000e-01 1.779263215548615e+00 9.518935897544729e-01
6.600000000000000e-01 1.824432901381847e+00 9.535364297773946e-01
6.650000000000000e-01 1.870742917168772e+00 9.552313312503674e-01
6.700000000000000e-01 1.918222208176775e+00 9.569783819475051e-01
6.750000000000000e-01 1.966900450508319e+00 9.587730540993258e-01
6.800000000000000e-01 2.016808069649473e+00 9.606065182847811e-01
6.850000000000001e-01 2.067976259486829e+00 9.624662456430065e-01
6.900000000000001e-01 2.120437001804702e+00 9.643368673984274e-01
6.950000000000001e-01 2.174223086274785e+00 9.662012356242399e-01
7.000000000000001e-01 2.229368130950753e+00 9.680416064940025e-01
7.050000000000000e-01 2.285906603280654e+00 9.698408499174023e-01
7.100000000000000e-01 2.343873841650178e+00 9.715835805249665e-01
7.150000000000000e-01 2.403306077470301e+00 9.732571072318541e-01
7.200000000000000e-01 2.464240457823092e+00 9.748521137878509e-01
7.250000000000000e-01 2.526715068679855e+00 9.763630106512503e-01
7.300000000000000e-01 2.590768958706095e+00 9.777879365650857e-01
7.350000000000000e-01 2.656442163668210e+00 9.791284311604016e-01
7.400000000000000e-01 2.723775731457148e+00 9.803888406941358e-01
7.450000000000000e-01 2.792811747744667e+00 9.815755501762761e-01
7.500000000000000e-01 2.863593362288260e+00 9.826961506612659e-01
7.550000000000000e-01 2.936164815901156e+00 9.837586475799657e-01
7.600000000000000e-01 3.010571468104263e+00 9.847707959949671e-01
7.650000000000000e-01 3.086859825477351e+00 9.857396167345313e-01
7.700000000000000e-01 3.165077570727174e+00 9.866711110542910e-01
7.750000000000000e-01 3.245273592490716e+00 9.875701586130049e-01
7.800000000000000e-01 3.327498015892184e+00 9.884405601355526e-01
7.850000000000000e-01 3.411802233872832e+00 9.892851750154816e-01
7.900000000000000e-01 3.498238939313234e+00 9.901061047161118e-01
7.950000000000000e-01 3.586862157968046e+00 9.909048819914099e-01
8.000000000000000e-01 3.677727282233856e+00 9.916826393018594e-01
8.050000000000000e-01 3.770891105771243e+00 9.924402432455920e-01
8.100000000000001e-01 3.866411859002656e+00 9.931783925351262e-01
8.150000000000001e-01 3.964349245508326e+00 9.938976838243373e-01
8.200000000000001e-01 4.064764479342956e+00 9.945986527133084e-01
8.250000000000001e-01 4.167720323296481e+00 9.952817975321708e-01
8.300000000000001e-01 4.273281128122877e+00 9.959475922496348e-01
8.350000000000000e-01 4.381512872761445e+00 9.965964930859069e-01
8.400000000000000e-01 4.492483205575838e+00 9.972289417708812e-01
8.450000000000000e-01 4.606261486636447e+00 9.978453671517699e-01
8.500000000000000e-01 4.722918831072739e+00 9.984461860480459e-01
8.550000000000000e-01 4.842528153522501e+00 9.990318037856248e-01
8.600000000000000e-01 4.965164213705875e+00 9.996026146005261e-01
8.650000000000000e-01 5.090903663152626e+00 1.000159001988886e+00
8.700000000000000e-01 5.219825093111814e+00 1.000701339031979e+00
8.750000000000000e-01 5.352009083673925e+00 1.001229988706208e+00
8.800000000000000e-01 5.487538254136007e+00 1.001745304181466e+00
8.850000000000000e-01 5.626497314641444e+00 1.002247629109110e+00
8.900000000000000e-01 5.768973119126561e+00 1.002737297900182e+00
8.950000000000000e-01 5.915054719607133e+00 1.003214635994319e+00
9.000000000000000e-01 6.064833421838831e+00 1.003679960119737e+00
9.050000000000000e-01 6.218402842386253e+00 1.004133578544641e+00
9.100000000000000e-01 6.375858967136348e+00 1.004575791320399e+00
9.150000000000000e-01 6.537300211292723e+00 1.005006890516810e+00
9.200000000000000e-01 6.702827480888332e+00 1.005427160449765e+00
9.250000000000000e-01 6.872544235855034e+00 1.005836877901594e+00
9.300000000000000e-01 7.046556554689444e+00 1.006236312334383e+00
9.350000000000001e-01 7.224973200755413e+00 1.006625726096511e+00
9.400000000000001e-01 7.407905690264673e+00 1.007005374622687e+00
9.450000000000001e-01 7.595468361978146e+00 1.007375506627699e+00
9.500000000000001e-01 7.787778448671316e+00 1.007736364294131e+00
9.550000000000001e-01 7.984956150408610e+00 1.008088183454253e+00
9.600000000000000e-01 8.187124709672272e+00 1.008431193766300e+00
9.650000000000000e-01 8.394410488393007e+00 1.008765618885347e+00
9.700000000000000e-01 8.606943046930221e+00 1.009091676628962e+00
9.750000000000000e-01 8.824855225051540e+00 1.009409579137833e+00
9.800000000000000e-01 9.048283224961922e+00 1.009719533031539e+00
9.850000000000000e-01 9.277366696434507e+00 1.010021739559638e+00
9.900000000000000e-01 9.512248824096272e+00 1.010316394748227e+00
9.950000000000000e-01 9.753076416923058e+00 1.010603689542150e+00
1.000000000000000e+00 1.000000000000000e+01 1.010883809942970e+00
