0.000000000000000e+00 0.000000000000000e+00 9.452874757350099e-01
5.000000000000000e-03 3.369477419287315e-03 9.452874757426573e-01
1.000000000000000e-02 6.741060871647481e-03 9.452874757764786e-01
1.500000000000000e-02 1.011685770649257e-02 9.452874758410637e-01
2.000000000000000e-02 1.349897790673588e-02 9.452874759261366e-01
2.500000000000000e-02 1.688953540759990e-02 9.452874760156404e-01
3.000000000000000e-02 2.029064941789469e-02 9.452874761293146e-01
3.500000000000000e-02 2.370444574459234e-02 9.452874762660221e-01
4.000000000000000e-02 2.713305812152553e-02 9.452874764142976e-01
4.500000000000000e-02 3.057862954304063e-02 9.452874766099143e-01
5.000000000000000e-02 3.404331360343898e-02 9.452874768339627e-01
5.500000000000000e-02 3.752927584304335e-02 9.452874770762750e-01
6.000000000000000e-02 4.103869510173117e-02 9.452874773403360e-01
6.500000000000000e-02 4.457376488078044e-02 9.452874776205542e-01
7.000000000000001e-02 4.813669471387935e-02 9.452874779301139e-01
7.500000000000000e-02 5.172971154815675e-02 9.452874782805780e-01
8.000000000000000e-02 5.535506113609672e-02 9.452874786670838e-01
8.500000000000001e-02 5.901500943920686e-02 9.452874790957593e-01
9.000000000000000e-02 6.271184404431801e-02 9.452874795693333e-01
9.500000000000000e-02 6.644787559340060e-02 9.452874800809137e-01
1.000000000000000e-01 7.022543922779090e-02 9.452874806195067e-01
1.050000000000000e-01 7.404689604773053e-02 9.452874811975074e-01
1.100000000000000e-01 7.791463458813094e-02 9.452874818033742e-01
1.150000000000000e-01 8.183107231148547e-02 9.452874824350890e-01
1.200000000000000e-01 8.579865711886202e-02 9.452874831111536e-01
1.250000000000000e-01 8.981986887992111e-02 9.452874838550804e-01
1.300000000000000e-01 9.389722098291493e-02 9.452874846560065e-01
1.350000000000000e-01 9.803326190563690e-02 9.452874855182076e-01
1.400000000000000e-01 1.022305768083033e-01 9.452874864427763e-01
1.450000000000000e-01 1.064917891493625e-01 9.452874874202749e-01
1.500000000000000e-01 1.108195623252418e-01 9.452874884793706e-01
1.550000000000000e-01 1.152166013350572e-01 9.452874896312642e-01
1.600000000000000e-01 1.196856544713255e-01 9.452874908463311e-01
1.650000000000000e-01 1.242295150377370e-01 9.452874921401131e-01
1.700000000000000e-01 1.288510230950609e-01 9.452874935562927e-01
1.750000000000000e-01 1.335530672362758e-01 9.452874950800678e-01
1.800000000000000e-01 1.383385863920344e-01 9.452874966991847e-01
1.850000000000000e-01 1.432105716675912e-01 9.452874984282574e-01
1.900000000000000e-01 1.481720682123397e-01 9.452875002839874e-01
1.950000000000000e-01 1.532261771231311e-01 9.452875022716751e-01
2.000000000000000e-01 1.583760573825595e-01 9.452875044302786e-01
2.050000000000000e-01 1.636249278334301e-01 9.452875067286346e-01
2.100000000000000e-01 1.689760691906397e-01 9.452875091941556e-01
2.150000000000000e-01 1.744328260917313e-01 9.452875118550733e-01
2.200000000000000e-01 1.799986091874004e-01 9.452875147282743e-01
2.250000000000000e-01 1.856768972732633e-01 9.452875178484134e-01
2.300000000000000e-01 1.914712394642179e-01 9.452875212366401e-01
2.350000000000000e-01 1.973852574127551e-01 9.452875249304026e-01
2.400000000000000e-01 2.034226475726105e-01 9.452875289411554e-01
2.450000000000000e-01 2.095871835091678e-01 9.452875332975974e-01
2.500000000000000e-01 2.158827182580599e-01 9.452875379986634e-01
2.550000000000000e-01 2.223131867334419e-01 9.452875430719093e-01
2.600000000000000e-01 2.288826081874405e-01 9.452875486006896e-01
2.650000000000000e-01 2.355950887223172e-01 9.452875546803911e-01
2.700000000000000e-01 2.424548238569160e-01 9.452875612676940e-01
2.750000000000000e-01 2.494661011489995e-01 9.452875684662121e-01
2.800000000000000e-01 2.566333028751116e-01 9.452875764147619e-01
2.850000000000000e-01 2.639609087696434e-01 9.452875851550185e-01
2.900000000000000e-01 2.714534988248126e-01 9.452875947603302e-01
2.950000000000000e-01 2.791157561533084e-01 9.452876053220921e-01
3.000000000000000e-01 2.869524699153886e-01 9.452876169251916e-01
3.050000000000000e-01 2.949685383122613e-01 9.452876296948145e-01
3.100000000000000e-01 3.031689716476197e-01 9.452876438597384e-01
3.150000000000000e-01 3.115588954592450e-01 9.452876595175490e-01
3.200000000000000e-01 3.201435537226349e-01 9.452876769614852e-01
3.250000000000000e-01 3.289283121286580e-01 9.452876964329665e-01
3.300000000000000e-01 3.379186614372866e-01 9.452877181077434e-01
3.350000000000000e-01 3.471202209094989e-01 9.452877422243916e-01
3.400000000000000e-01 3.565387418195016e-01 9.452877692053794e-01
3.450000000000000e-01 3.661801110494620e-01 9.452877995937041e-01
3.500000000000000e-01 3.760503547690021e-01 9.452878336939992e-01
3.550000000000000e-01 3.861556422017504e-01 9.452878720418608e-01
3.600000000000000e-01 3.965022894813072e-01 9.452879152666772e-01
3.650000000000000e-01 4.070967635990345e-01 9.452879642030630e-01
3.700000000000000e-01 4.179456864461349e-01 9.452880196820924e-01
3.750000000000000e-01 4.290558389525505e-01 9.452880826911394e-01
3.800000000000000e-01 4.404341653252637e-01 9.452881544414803e-01
3.850000000000000e-01 4.520877773886537e-01 9.452882362523515e-01
3.900000000000000e-01 4.640239590296172e-01 9.452883299058510e-01
3.950000000000000e-01 4.762501707502353e-01 9.452884372353481e-01
4.000000000000000e-01 4.887740543308307e-01 9.452885606581218e-01
4.050000000000000e-01 5.016034376063282e-01 9.452887028880768e-01
4.100000000000000e-01 5.147463393589066e-01 9.452888670773968e-01
4.150000000000000e-01 5.282109743299990e-01 9.452890571447724e-01
4.200000000000000e-01 5.420057583547735e-01 9.452892776881412e-01
4.250000000000000e-01 5.561393136223041e-01 9.452895343804094e-01
4.300000000000000e-01 5.706204740647189e-01 9.452898337523397e-01
4.350000000000000e-01 5.854582908786964e-01 9.452901839996246e-01
4.400000000000000e-01 6.006620381827575e-01 9.452905944857458e-01
4.450000000000000e-01 6.162412188138907e-01 9.452910767473808e-01
4.500000000000000e-01 6.322055702671360e-01 9.452916451523514e-01
4.550000000000000e-01 6.485650707818353e-01 9.452923162979915e-01
4.600000000000000e-01 6.653299455783577e-01 9.452931111839555e-01
4.650000000000000e-01 6.825106732491932e-01 9.452940546710393e-01
4.700000000000000e-01 7.001179923084168e-01 9.452951771846960e-01
4.750000000000000e-01 7.181629079036070e-01 9.452965163221708e-01
4.800000000000000e-01 7.366566986944229e-01 9.452981170663650e-01
4.850000000000000e-01 7.556109239021327e-01 9.453000357447776e-01
4.900000000000000e-01 7.750374305345038e-01 9.453023402512197e-01
4.950000000000000e-01 7.949483607905672e-01 9.453051142241947e-01
5.000000000000000e-01 8.153561596498893e-01 9.453084613622640e-01
5.050000000000000e-01 8.362735826510871e-01 9.453125072222029e-01
5.100000000000000e-01 8.577137038644561e-01 9.453174085489429e-01
5.150000000000000e-01 8.796899240636907e-01 9.453233572271461e-01
5.200000000000000e-01 9.022159791018011e-01 9.453305888870881e-01
5.250000000000000e-01 9.253059484964714e-01 9.453393967976915e-01
5.300000000000000e-01 9.489742642302165e-01 9.453501387928859e-01
5.350000000000000e-01 9.732357197708378e-01 9.453632576713927e-01
5.400000000000000e-01 9.981054793178262e-01 9.453792998911881e-01
5.450000000000000e-01 1.023599087280478e+00 9.453989324953880e-01
5.500000000000000e-01 1.049732477993657e+00 9.454229794924798e-01
5.550000000000000e-01 1.076521985677273e+00 9.454524483157987e-01
5.600000000000001e-01 1.103984354645701e+00 9.454885648760590e-01
5.650000000000001e-01 1.132136749773522e+00 9.455328292107720e-01
5.700000000000001e-01 1.160996767224129e+00 9.455870530951652e-01
5.750000000000001e-01 1.190582445447902e+00 9.456534168788729e-01
5.800000000000000e-01 1.220912276456826e+00 9.457345420847373e-01
5.850000000000000e-01 1.252005217382601e+00 9.458335328724233e-01
5.900000000000000e-01 1.283880702325469e+00 9.459540388900133e-01
5.950000000000000e-01 1.316558654501151e+00 9.461003182956895e-01
6.000000000000000e-01 1.350059498693518e+00 9.462772375237005e-01
6.050000000000000e-01 1.384404174020732e+00 9.464902695528212e-01
6.100000000000000e-01 1.419614147022888e+00 9.467454556566988e-01
6.150000000000000e-01 1.455711425079295e+00 9.470492326321419e-01
6.200000000000000e-01 1.492718570163803e+00 9.474081882435976e-01
6.250000000000000e-01 1.530658712946775e+00 9.478287195968169e-01
6.300000000000000e-01 1.569555567252506e+00 9.483164557587326e-01
6.350000000000000e-01 1.609433444881138e+00 9.488755050047618e-01
6.400000000000000e-01 1.650317270804325e+00 9.495075884713031e-01
6.450000000000000e-01 1.692232598744148e+00 9.502109580937814e-01
6.500000000000000e-01 1.735205627145031e+00 9.509791984841983e-01
6.550000000000000e-01 1.779263215548615e+00 9.518002061847627e-01
6.600000000000000e-01 1.824432901381847e+00 9.526555136319935e-01
6.650000000000000e-01 1.870742917168772e+00 9.535202137239015e-01
6.700000000000000e-01 1.918222208176775e+00 9.543640335540732e-01
6.750000000000000e-01 1.966900450508319e+00 9.551539826259640e-01
6.800000000000000e-01 2.016808069649473e+00 9.558585628499350e-01
6.850000000000001e-01 2.067976259486829e+00 9.564531865589135e-01
6.900000000000001e-01 2.120437001804702e+00 9.569260234222535e-01
6.950000000000001e-01 2.174223086274785e+00 9.572829378616342e-01
7.000000000000001e-01 2.229368130950753e+00 9.575500307670446e-01
7.050000000000000e-01 2.285906603280654e+00 9.577728425736767e-01
7.100000000000000e-01 2.343873841650178e+00 9.580121400651838e-01
7.150000000000000e-01 2.403306077470301e+00 9.583370200338507e-01
7.200000000000000e-01 2.464240457823092e+00 9.588166810423435e-01
7.250000000000000e-01 2.526715068679855e+00 9.595124651284006e-01
7.300000000000000e-01 2.590768958706095e+00 9.604715022865484e-01
7.350000000000000e-01 2.656442163668210e+00 9.617226495803030e-01
7.400000000000000e-01 2.723775731457148e+00 9.632747616551585e-01
7.450000000000000e-01 2.792811747744667e+00 9.651168956698841e-01
7.500000000000000e-01 2.863593362288260e+00 9.672198652710603e-01
7.550000000000000e-01 2.936164815901156e+00 9.695385629115049e-01
7.600000000000000e-01 3.010571468104263e+00 9.720146109539314e-01
7.650000000000000e-01 3.086859825477351e+00 9.745791155117911e-01
7.700000000000000e-01 3.165077570727174e+00 9.771555411861073e-01
7.750000000000000e-01 3.245273592490716e+00 9.796630036085477e-01
7.800000000000000e-01 3.327498015892184e+00 9.820205941139896e-01
7.850000000000000e-01 3.411802233872832e+00 9.841535518613315e-01
7.900000000000000e-01 3.498238939313234e+00 9.860018074817565e-01
7.950000000000000e-01 3.586862157968046e+00 9.875302937108691e-01
8.000000000000000e-01 3.677727282233856e+00 9.887386147998313e-01
8.050000000000000e-01 3.770891105771243e+00 9.896661411167940e-01
8.100000000000001e-01 3.866411859002656e+00 9.903886852740488e-01
8.150000000000001e-01 3.964349245508326e+00 9.910053053126692e-01
8.200000000000001e-01 4.064764479342956e+00 9.916176743571904e-01
8.250000000000001e-01 4.167720323296481e+00 9.923078771846546e-01
8.300000000000001e-01 4.273281128122877e+00 9.931215887316266e-01
8.350000000000000e-01 4.381512872761445e+00 9.940618057298443e-01
8.400000000000000e-01 4.492483205575838e+00 9.950945300306090e-01
8.450000000000000e-01 4.606261486636447e+00 9.961636724778696e-01
8.500000000000000e-01 4.722918831072739e+00 9.972095511804629e-01
8.550000000000000e-01 4.842528153522501e+00 9.981847382867316e-01
8.600000000000000e-01 4.965164213705875e+00 9.990628082632511e-01
8.650000000000000e-01 5.090903663152626e+00 9.998388524387392e-01
8.700000000000000e-01 5.219825093111814e+00 1.000523836791669e+00
8.750000000000000e-01 5.352009083673925e+00 1.001136545900186e+00
8.800000000000000e-01 5.487538254136007e+00 1.001696533782788e+00
8.850000000000000e-01 5.626497314641444e+00 1.002219882001163e+00
8.900000000000000e-01 5.768973119126561e+00 1.002717820429543e+00
8.950000000000000e-01 5.915054719607133e+00 1.003197237138838e+00
9.000000000000000e-01 6.064833421838831e+00 1.003661940137936e+00
9.050000000000000e-01 6.218402842386253e+00 1.004113892246037e+00
9.100000000000000e-01 6.375858967136348e+00 1.004554095499537e+00
9.150000000000000e-01 6.537300211292723e+00 1.004983109191903e+00
9.200000000000000e-01 6.702827480888332e+00 1.005401308700491e+00
9.250000000000000e-01 6.872544235855034e+00 1.005808998147371e+00
9.300000000000000e-01 7.046556554689444e+00 1.006206453689146e+00
9.350000000000001e-01 7.224973200755413e+00 1.006593938374598e+00
9.400000000000001e-01 7.407905690264673e+00 1.006971706791275e+00
9.450000000000001e-01 7.595468361978146e+00 1.007340006467496e+00
9.500000000000001e-01 7.787778448671316e+00 1.007699078354364e+00
9.550000000000001e-01 7.984956150408610e+00 1.008049157071527e+00
9.600000000000000e-01 8.187124709672272e+00 1.008390471095308e+00
9.650000000000000e-01 8.394410488393007e+00 1.008723242930869e+00
9.700000000000000e-01 8.606943046930221e+00 1.009047689277272e+00
9.750000000000000e-01 8.824855225051540e+00 1.009364021187220e+00
9.800000000000000e-01 9.048283224961922e+00 1.009672444221929e+00
9.850000000000000e-01 9.277366696434507e+00 1.009973158601339e+00
9.900000000000000e-01 9.512248824096272e+00 1.010266359349831e+00
9.950000000000000e-01 9.753076416923058e+00 1.010552236437613e+00
1.000000000000000e+00 1.000000000000000e+01 1.010830974917924e+00
