0.000000000000000e+00 0.000000000000000e+00 8.570074092506631e-01
5.000000000000000e-03 3.369477419287315e-03 8.570085781083233e-01
1.000000000000000e-02 6.741060871647481e-03 8.570117094342306e-01
1.500000000000000e-02 1.011685770649257e-02 8.570169607197548e-01
2.000000000000000e-02 1.349897790673588e-02 8.570243311127557e-01
2.500000000000000e-02 1.688953540759990e-02 8.570338306069352e-01
3.000000000000000e-02 2.029064941789469e-02 8.570454823723391e-01
3.500000000000000e-02 2.370444574459234e-02 8.570593125698606e-01
4.000000000000000e-02 2.713305812152553e-02 8.570753584757784e-01
4.500000000000000e-02 3.057862954304063e-02 8.570936481563474e-01
5.000000000000000e-02 3.404331360343898e-02 8.571142199590306e-01
5.500000000000000e-02 3.752927584304335e-02 8.571371171996207e-01
6.000000000000000e-02 4.103869510173117e-02 8.571623889775928e-01
6.500000000000000e-02 4.457376488078044e-02 8.571900894092833e-01
7.000000000000001e-02 4.813669471387935e-02 8.572202839387567e-01
7.500000000000000e-02 5.172971154815675e-02 8.572530341775942e-01
8.000000000000000e-02 5.535506113609672e-02 8.572884058674687e-01
8.500000000000001e-02 5.901500943920686e-02 8.573264719077298e-01
9.000000000000000e-02 6.271184404431801e-02 8.573673151867081e-01
9.500000000000000e-02 6.644787559340060e-02 8.574110224633793e-01
1.000000000000000e-01 7.022543922779090e-02 8.574576745047950e-01
1.050000000000000e-01 7.404689604773053e-02 8.575073705005836e-01
1.100000000000000e-01 7.791463458813094e-02 8.575602092514342e-01
1.150000000000000e-01 8.183107231148547e-02 8.576162966677421e-01
1.200000000000000e-01 8.579865711886202e-02 8.576757418127122e-01
1.250000000000000e-01 8.981986887992111e-02 8.577386632622875e-01
1.300000000000000e-01 9.389722098291493e-02 8.578051828239551e-01
1.350000000000000e-01 9.803326190563690e-02 8.578754211428472e-01
1.400000000000000e-01 1.022305768083033e-01 8.579495149694395e-01
1.450000000000000e-01 1.064917891493625e-01 8.580276012739287e-01
1.500000000000000e-01 1.108195623252418e-01 8.581098200996130e-01
1.550000000000000e-01 1.152166013350572e-01 8.581963186393331e-01
1.600000000000000e-01 1.196856544713255e-01 8.582872503568204e-01
1.650000000000000e-01 1.242295150377370e-01 8.583827622001777e-01
1.700000000000000e-01 1.288510230950609e-01 8.584830179653261e-01
1.750000000000000e-01 1.335530672362758e-01 8.585881939050791e-01
1.800000000000000e-01 1.383385863920344e-01 8.586984542358262e-01
1.850000000000000e-01 1.432105716675912e-01 8.588139661466854e-01
1.900000000000000e-01 1.481720682123397e-01 8.589348995775220e-01
1.950000000000000e-01 1.532261771231311e-01 8.590614346651154e-01
2.000000000000000e-01 1.583760573825595e-01 8.591937531275906e-01
2.050000000000000e-01 1.636249278334301e-01 8.593320340446964e-01
2.100000000000000e-01 1.689760691906397e-01 8.594764627374244e-01
2.150000000000000e-01 1.744328260917313e-01 8.596272195340892e-01
2.200000000000000e-01 1.799986091874004e-01 8.597844797347599e-01
2.250000000000000e-01 1.856768972732633e-01 8.599484207287073e-01
2.300000000000000e-01 1.914712394642179e-01 8.601192119415035e-01
2.350000000000000e-01 1.973852574127551e-01 8.602970247357534e-01
2.400000000000000e-01 2.034226475726105e-01 8.604820268772726e-01
2.450000000000000e-01 2.095871835091678e-01 8.606743711414299e-01
2.500000000000000e-01 2.158827182580599e-01 8.608742050034934e-01
2.550000000000000e-01 2.223131867334419e-01 8.610816545917304e-01
2.600000000000000e-01 2.288826081874405e-01 8.612968471916358e-01
2.650000000000000e-01 2.355950887223172e-01 8.615198960258335e-01
2.700000000000000e-01 2.424548238569160e-01 8.617508868111838e-01
2.750000000000000e-01 2.494661011489995e-01 8.619899006751519e-01
2.800000000000000e-01 2.566333028751116e-01 8.622369685486577e-01
2.850000000000000e-01 2.639609087696434e-01 8.624921134458421e-01
2.900000000000000e-01 2.714534988248126e-01 8.627553606323471e-01
2.950000000000000e-01 2.791157561533084e-01 8.630266696253888e-01
3.000000000000000e-01 2.869524699153886e-01 8.633059685717763e-01
3.050000000000000e-01 2.949685383122613e-01 8.635931691108326e-01
3.100000000000000e-01 3.031689716476197e-01 8.638881463401678e-01
3.150000000000000e-01 3.115588954592450e-01 8.641907279718936e-01
3.200000000000000e-01 3.201435537226349e-01 8.645007021269192e-01
3.250000000000000e-01 3.289283121286580e-01 8.648178273891749e-01
3.300000000000000e-01 3.379186614372866e-01 8.651418084988036e-01
3.350000000000000e-01 3.471202209094989e-01 8.654723127801195e-01
3.400000000000000e-01 3.565387418195016e-01 8.658089707124896e-01
3.450000000000000e-01 3.661801110494620e-01 8.661513647909174e-01
3.500000000000000e-01 3.760503547690021e-01 8.664990505201285e-01
3.550000000000000e-01 3.861556422017504e-01 8.668515454113483e-01
3.600000000000000e-01 3.965022894813072e-01 8.672083404877023e-01
3.650000000000000e-01 4.070967635990345e-01 8.675689146289000e-01
3.700000000000000e-01 4.179456864461349e-01 8.679327286324652e-01
3.750000000000000e-01 4.290558389525505e-01 8.682992529021711e-01
3.800000000000000e-01 4.404341653252637e-01 8.686679752605592e-01
3.850000000000000e-01 4.520877773886537e-01 8.690384127038864e-01
3.900000000000000e-01 4.640239590296172e-01 8.694101448964314e-01
3.950000000000000e-01 4.762501707502353e-01 8.697828247821364e-01
4.000000000000000e-01 4.887740543308307e-01 8.701562077471587e-01
4.050000000000000e-01 5.016034376063282e-01 8.705301865743174e-01
4.100000000000000e-01 5.147463393589066e-01 8.709048129927373e-01
4.150000000000000e-01 5.282109743299990e-01 8.712803383962567e-01
4.200000000000000e-01 5.420057583547735e-01 8.716572503754034e-01
4.250000000000000e-01 5.561393136223041e-01 8.720363065911559e-01
4.300000000000000e-01 5.706204740647189e-01 8.724185770470224e-01
4.350000000000000e-01 5.854582908786964e-01 8.728054796270422e-01
4.400000000000000e-01 6.006620381827575e-01 8.731988202703989e-01
4.450000000000000e-01 6.162412188138907e-01 8.736008266669200e-01
4.500000000000000e-01 6.322055702671360e-01 8.740141756159179e-01
4.550000000000000e-01 6.485650707818353e-01 8.744420301342523e-01
4.600000000000000e-01 6.653299455783577e-01 8.748880522404504e-01
4.650000000000000e-01 6.825106732491932e-01 8.753564050497744e-01
4.700000000000000e-01 7.001179923084168e-01 8.758517747498034e-01
4.750000000000000e-01 7.181629079036070e-01 8.763793558818488e-01
4.800000000000000e-01 7.366566986944229e-01 8.769448096155422e-01
4.850000000000000e-01 7.556109239021327e-01 8.775542556318555e-01
4.900000000000000e-01 7.750374305345038e-01 8.782142332643471e-01
4.950000000000000e-01 7.949483607905672e-01 8.789316031144676e-01
5.000000000000000e-01 8.153561596498893e-01 8.797134856141093e-01
5.050000000000000e-01 8.362735826510871e-01 8.805672134238706e-01
5.100000000000000e-01 8.577137038644561e-01 8.815002006190732e-01
5.150000000000000e-01 8.796899240636907e-01 8.825198000771272e-01
5.200000000000000e-01 9.022159791018011e-01 8.836332319002694e-01
5.250000000000000e-01 9.253059484964714e-01 8.848474840539443e-01
5.300000000000000e-01 9.489742642302165e-01 8.861691262355759e-01
5.350000000000000e-01 9.732357197708378e-01 8.876041532857950e-01
5.400000000000000e-01 9.981054793178262e-01 8.891579103512465e-01
5.450000000000000e-01 1.023599087280478e+00 8.908349863589772e-01
5.500000000000000e-01 1.049732477993657e+00 8.926390243991275e-01
5.550000000000000e-01 1.076521985677273e+00 8.945725550879411e-01
5.600000000000001e-01 1.103984354645701e+00 8.966369225885742e-01
5.650000000000001e-01 1.132136749773522e+00 8.988322256708838e-01
5.700000000000001e-01 1.160996767224129e+00 9.011571894146202e-01
5.750000000000001e-01 1.190582445447902e+00 9.036090035349050e-01
5.800000000000000e-01 1.220912276456826e+00 9.061832135991486e-01
5.850000000000000e-01 1.252005217382601e+00 9.088736824285948e-01
5.900000000000000e-01 1.283880702325469e+00 9.116725686005419e-01
5.950000000000000e-01 1.316558654501151e+00 9.145702743153739e-01
6.000000000000000e-01 1.350059498693518e+00 9.175553676603818e-01
6.050000000000000e-01 1.384404174020732e+00 9.206145213761061e-01
6.100000000000000e-01 1.419614147022888e+00 9.237324999753627e-01
6.150000000000000e-01 1.455711425079295e+00 9.268922001401513e-01
6.200000000000000e-01 1.492718570163803e+00 9.300747390930122e-01
6.250000000000000e-01 1.530658712946775e+00 9.332595889128937e-01
6.300000000000000e-01 1.569555567252506e+00 9.364247677982881e-01
6.350000000000000e-01 1.609433444881138e+00 9.395471097912390e-01
6.400000000000000e-01 1.650317270804325e+00 9.426026372733228e-01
6.450000000000000e-01 1.692232598744148e+00 9.455670607596155e-01
6.500000000000000e-01 1.735205627145031e+00 9.484164263306532e-01
6.550000000000000e-01 1.779263215548615e+00 9.511279244628353e-01
6.600000000000000e-01 1.824432901381847e+00 9.536808622951997e-01
6.650000000000000e-01 1.870742917168772e+00 9.560577825833745e-01
6.700000000000000e-01 1.918222208176775e+00 9.582456853990208e-01
6.750000000000000e-01 1.966900450508319e+00 9.602372731721565e-01
6.800000000000000e-01 2.016808069649473e+00 9.620320992978416e-01
6.850000000000001e-01 2.067976259486829e+00 9.636374621224580e-01
6.900000000000001e-01 2.120437001804702e+00 9.650688606082345e-01
6.950000000000001e-01 2.174223086274785e+00 9.663498285514789e-01
7.000000000000001e-01 2.229368130950753e+00 9.675110029031065e-01
7.050000000000000e-01 2.285906603280654e+00 9.685883641162292e-01
7.100000000000000e-01 2.343873841650178e+00 9.696207068708307e-01
7.150000000000000e-01 2.403306077470301e+00 9.706465390483481e-01
7.200000000000000e-01 2.464240457823092e+00 9.717007360711356e-01
7.250000000000000e-01 2.526715068679855e+00 9.728113646124110e-01
7.300000000000000e-01 2.590768958706095e+00 9.739971093827102e-01
7.350000000000000e-01 2.656442163668210e+00 9.752656795116615e-01
7.400000000000000e-01 2.723775731457148e+00 9.766134449056690e-01
7.450000000000000e-01 2.792811747744667e+00 9.780263799624159e-01
7.500000000000000e-01 2.863593362288260e+00 9.794822014864951e-01
7.550000000000000e-01 2.936164815901156e+00 9.809534096260983e-01
7.600000000000000e-01 3.010571468104263e+00 9.824108023308167e-01
7.650000000000000e-01 3.086859825477351e+00 9.838269584515456e-01
7.700000000000000e-01 3.165077570727174e+00 9.851791899862722e-01
7.750000000000000e-01 3.245273592490716e+00 9.864515580530632e-01
7.800000000000000e-01 3.327498015892184e+00 9.876357209529972e-01
7.850000000000000e-01 3.411802233872832e+00 9.887306051171501e-01
7.900000000000000e-01 3.498238939313234e+00 9.897411104460403e-01
7.950000000000000e-01 3.586862157968046e+00 9.906762242951963e-01
8.000000000000000e-01 3.677727282233856e+00 9.915469811510769e-01
8.050000000000000e-01 3.770891105771243e+00 9.923646573649184e-01
8.100000000000001e-01 3.866411859002656e+00 9.931394577130660e-01
8.150000000000001e-01 3.964349245508326e+00 9.938797834123332e-01
8.200000000000001e-01 4.064764479342956e+00 9.945920234191362e-01
8.250000000000001e-01 4.167720323296481e+00 9.952807193019855e-01
8.300000000000001e-01 4.273281128122877e+00 9.959489285629742e-01
8.350000000000000e-01 4.381512872761445e+00 9.965986378878884e-01
8.400000000000000e-01 4.492483205575838e+00 9.972311303170034e-01
8.450000000000000e-01 4.606261486636447e+00 9.978472638668955e-01
8.500000000000000e-01 4.722918831072739e+00 9.984476583811936e-01
8.550000000000000e-01 4.842528153522501e+00 9.990328081166170e-01
8.600000000000000e-01 4.965164213705875e+00 9.996031432645036e-01
8.650000000000000e-01 5.090903663152626e+00 1.000159060635193e+00
8.700000000000000e-01 5.219825093111814e+00 1.000700937721669e+00
8.750000000000000e-01 5.352009083673925e+00 1.001229138696014e+00
8.800000000000000e-01 5.487538254136007e+00 1.001744016860109e+00
8.850000000000000e-01 5.626497314641444e+00 1.002245915678616e+00
8.900000000000000e-01 5.768973119126561e+00 1.002735169292886e+00
8.950000000000000e-01 5.915054719607133e+00 1.003212102857871e+00
9.000000000000000e-01 6.064833421838831e+00 1.003677032819889e+00
9.050000000000000e-01 6.218402842386253e+00 1.004130267172116e+00
9.100000000000000e-01 6.375858967136348e+00 1.004572105698477e+00
9.150000000000000e-01 6.537300211292723e+00 1.005002840208844e+00
9.200000000000000e-01 6.702827480888332e+00 1.005422754766504e+00
9.250000000000000e-01 6.872544235855034e+00 1.005832125908277e+00
9.300000000000000e-01 7.046556554689444e+00 1.006231222857610e+00
9.350000000000001e-01 7.224973200755413e+00 1.006620307730911e+00
9.400000000000001e-01 7.407905690264673e+00 1.006999635737367e+00
9.450000000000001e-01 7.595468361978146e+00 1.007369455372509e+00
9.500000000000001e-01 7.787778448671316e+00 1.007730008605726e+00
9.550000000000001e-01 7.984956150408610e+00 1.008081531061975e+00
9.600000000000000e-01 8.187124709672272e+00 1.008424252197884e+00
9.650000000000000e-01 8.394410488393007e+00 1.008758395472452e+00
9.700000000000000e-01 8.606943046930221e+00 1.009084178512538e+00
9.750000000000000e-01 8.824855225051540e+00 1.009401813273329e+00
9.800000000000000e-01 9.048283224961922e+00 1.009711506193950e+00
9.850000000000000e-01 9.277366696434507e+00 1.010013458348411e+00
9.900000000000000e-01 9.512248824096272e+00 1.010307865592020e+00
9.950000000000000e-01 9.753076416923058e+00 1.010594918703445e+00
1.000000000000000e+00 1.000000000000000e+01 1.010874803522559e+00
