0.000000000000000e+00 0.000000000000000e+00 9.078762019145126e-01
5.000000000000000e-03 3.369477419287315e-03 9.078762774351564e-01
1.000000000000000e-02 6.741060871647481e-03 9.078764761664561e-01
1.500000000000000e-02 1.011685770649257e-02 9.078768029965991e-01
2.000000000000000e-02 1.349897790673588e-02 9.078772606063622e-01
2.500000000000000e-02 1.688953540759990e-02 9.078778520078102e-01
3.000000000000000e-02 2.029064941789469e-02 9.078785788222598e-01
3.500000000000000e-02 2.370444574459234e-02 9.078794418273020e-01
4.000000000000000e-02 2.713305812152553e-02 9.078804430530331e-01
4.500000000000000e-02 3.057862954304063e-02 9.078815858243465e-01
5.000000000000000e-02 3.404331360343898e-02 9.078828736084682e-01
5.500000000000000e-02 3.752927584304335e-02 9.078843092840559e-01
6.000000000000000e-02 4.103869510173117e-02 9.078858991396955e-01
6.500000000000000e-02 4.457376488078044e-02 9.078876473065856e-01
7.000000000000001e-02 4.813669471387935e-02 9.078895582045069e-01
7.500000000000000e-02 5.172971154815675e-02 9.078916362989861e-01
8.000000000000000e-02 5.535506113609672e-02 9.078938880804005e-01
8.500000000000001e-02 5.901500943920686e-02 9.078963212625361e-01
9.000000000000000e-02 6.271184404431801e-02 9.078989423514171e-01
9.500000000000000e-02 6.644787559340060e-02 9.079017584684840e-01
1.000000000000000e-01 7.022543922779090e-02 9.079047795728293e-01
1.050000000000000e-01 7.404689604773053e-02 9.079080131701299e-01
1.100000000000000e-01 7.791463458813094e-02 9.079114684094437e-01
1.150000000000000e-01 8.183107231148547e-02 9.079151568337008e-01
1.200000000000000e-01 8.579865711886202e-02 9.079190891316838e-01
1.250000000000000e-01 8.981986887992111e-02 9.079232752594447e-01
1.300000000000000e-01 9.389722098291493e-02 9.079277292954238e-01
1.350000000000000e-01 9.803326190563690e-02 9.079324671280188e-01
1.400000000000000e-01 1.022305768083033e-01 9.079375023434981e-01
1.450000000000000e-01 1.064917891493625e-01 9.079428516650174e-01
1.500000000000000e-01 1.108195623252418e-01 9.079485305862502e-01
1.550000000000000e-01 1.152166013350572e-01 9.079545576149731e-01
1.600000000000000e-01 1.196856544713255e-01 9.079609522060041e-01
1.650000000000000e-01 1.242295150377370e-01 9.079677345437764e-01
1.700000000000000e-01 1.288510230950609e-01 9.079749261437571e-01
1.750000000000000e-01 1.335530672362758e-01 9.079825513353331e-01
1.800000000000000e-01 1.383385863920344e-01 9.079906359664349e-01
1.850000000000000e-01 1.432105716675912e-01 9.079992079600742e-01
1.900000000000000e-01 1.481720682123397e-01 9.080082963650256e-01
1.950000000000000e-01 1.532261771231311e-01 9.080179316893018e-01
2.000000000000000e-01 1.583760573825595e-01 9.080281509092895e-01
2.050000000000000e-01 1.636249278334301e-01 9.080389898656458e-01
2.100000000000000e-01 1.689760691906397e-01 9.080504852882521e-01
2.150000000000000e-01 1.744328260917313e-01 9.080626791393641e-01
2.200000000000000e-01 1.799986091874004e-01 9.080756170308592e-01
2.250000000000000e-01 1.856768972732633e-01 9.080893452793402e-01
2.300000000000000e-01 1.914712394642179e-01 9.081039178039952e-01
2.350000000000000e-01 1.973852574127551e-01 9.081193919614677e-01
2.400000000000000e-01 2.034226475726105e-01 9.081358275516951e-01
2.450000000000000e-01 2.095871835091678e-01 9.081532913987881e-01
2.500000000000000e-01 2.158827182580599e-01 9.081718529057089e-01
2.550000000000000e-01 2.223131867334419e-01 9.081915845288951e-01
2.600000000000000e-01 2.288826081874405e-01 9.082125678078823e-01
2.650000000000000e-01 2.355950887223172e-01 9.082348965664594e-01
2.700000000000000e-01 2.424548238569160e-01 9.082586656399620e-01
2.750000000000000e-01 2.494661011489995e-01 9.082839748085723e-01
2.800000000000000e-01 2.566333028751116e-01 9.083109370605197e-01
2.850000000000000e-01 2.639609087696434e-01 9.083396764557681e-01
2.900000000000000e-01 2.714534988248126e-01 9.083703239715561e-01
2.950000000000000e-01 2.791157561533084e-01 9.084030213580313e-01
3.000000000000000e-01 2.869524699153886e-01 9.084379213981311e-01
3.050000000000000e-01 2.949685383122613e-01 9.084751911818097e-01
3.100000000000000e-01 3.031689716476197e-01 9.085150144351483e-01
3.150000000000000e-01 3.115588954592450e-01 9.085575867116048e-01
3.200000000000000e-01 3.201435537226349e-01 9.086031253238330e-01
3.250000000000000e-01 3.289283121286580e-01 9.086518613931787e-01
3.300000000000000e-01 3.379186614372866e-01 9.087040473533771e-01
3.350000000000000e-01 3.471202209094989e-01 9.087599584984378e-01
3.400000000000000e-01 3.565387418195016e-01 9.088198923580496e-01
3.450000000000000e-01 3.661801110494620e-01 9.088841781952453e-01
3.500000000000000e-01 3.760503547690021e-01 9.089531645987220e-01
3.550000000000000e-01 3.861556422017504e-01 9.090272377993346e-01
3.600000000000000e-01 3.965022894813072e-01 9.091068121062286e-01
3.650000000000000e-01 4.070967635990345e-01 9.091923359524957e-01
3.700000000000000e-01 4.179456864461349e-01 9.092843115612099e-01
3.750000000000000e-01 4.290558389525505e-01 9.093832685180727e-01
3.800000000000000e-01 4.404341653252637e-01 9.094897805661718e-01
3.850000000000000e-01 4.520877773886537e-01 9.096044736366707e-01
3.900000000000000e-01 4.640239590296172e-01 9.097280279736648e-01
3.950000000000000e-01 4.762501707502353e-01 9.098611774521441e-01
4.000000000000000e-01 4.887740543308307e-01 9.100047050019195e-01
4.050000000000000e-01 5.016034376063282e-01 9.101594660428016e-01
4.100000000000000e-01 5.147463393589066e-01 9.103263707556911e-01
4.150000000000000e-01 5.282109743299990e-01 9.105063952531973e-01
4.200000000000000e-01 5.420057583547735e-01 9.107005896165371e-01
4.250000000000000e-01 5.561393136223041e-01 9.109100583326480e-01
4.300000000000000e-01 5.706204740647189e-01 9.111359848715566e-01
4.350000000000000e-01 5.854582908786964e-01 9.113796102863829e-01
4.400000000000000e-01 6.006620381827575e-01 9.116422318046418e-01
4.450000000000000e-01 6.162412188138907e-01 9.119252131431809e-01
4.500000000000000e-01 6.322055702671360e-01 9.122299444068459e-01
4.550000000000000e-01 6.485650707818353e-01 9.125578562031607e-01
4.600000000000000e-01 6.653299455783577e-01 9.129103936902251e-01
4.650000000000000e-01 6.825106732491932e-01 9.132889742493270e-01
4.700000000000000e-01 7.001179923084168e-01 9.136949949934778e-01
4.750000000000000e-01 7.181629079036070e-01 9.141297642311684e-01
4.800000000000000e-01 7.366566986944229e-01 9.145944608917538e-01
4.850000000000000e-01 7.556109239021327e-01 9.150901109870097e-01
4.900000000000000e-01 7.750374305345038e-01 9.156174799300564e-01
4.950000000000000e-01 7.949483607905672e-01 9.161770256996558e-01
5.000000000000000e-01 8.153561596498893e-01 9.167688322055565e-01
5.050000000000000e-01 8.362735826510871e-01 9.173924696995810e-01
5.100000000000000e-01 8.577137038644561e-01 9.180469369043289e-01
5.150000000000000e-01 8.796899240636907e-01 9.187305621303830e-01
5.200000000000000e-01 9.022159791018011e-01 9.194408526706063e-01
5.250000000000000e-01 9.253059484964714e-01 9.201744483667342e-01
5.300000000000000e-01 9.489742642302165e-01 9.209270439219100e-01
5.350000000000000e-01 9.732357197708378e-01 9.216932882180867e-01
5.400000000000000e-01 9.981054793178262e-01 9.224668253923232e-01
5.450000000000000e-01 1.023599087280478e+00 9.232403551318938e-01
5.500000000000000e-01 1.049732477993657e+00 9.240057066448963e-01
5.550000000000000e-01 1.076521985677273e+00 9.247541006821065e-01
5.600000000000001e-01 1.103984354645701e+00 9.254765099254942e-01
5.650000000000001e-01 1.132136749773522e+00 9.261640581528182e-01
5.700000000000001e-01 1.160996767224129e+00 9.268086012314358e-01
5.750000000000001e-01 1.190582445447902e+00 9.274034398791547e-01
5.800000000000000e-01 1.220912276456826e+00 9.279440249526906e-01
5.850000000000000e-01 1.252005217382601e+00 9.284286942753555e-01
5.900000000000000e-01 1.283880702325469e+00 9.288594102810473e-01
5.950000000000000e-01 1.316558654501151e+00 9.292423284116286e-01
6.000000000000000e-01 1.350059498693518e+00 9.295881299845241e-01
6.050000000000000e-01 1.384404174020732e+00 9.299121092919937e-01
6.100000000000000e-01 1.419614147022888e+00 9.302339287424940e-01
6.150000000000000e-01 1.455711425079295e+00 9.305770076583505e-01
6.200000000000000e-01 1.492718570163803e+00 9.309676141484912e-01
6.250000000000000e-01 1.530658712946775e+00 9.314337105333950e-01
6.300000000000000e-01 1.569555567252506e+00 9.320035993560374e-01
6.350000000000000e-01 1.609433444881138e+00 9.327045065409784e-01
6.400000000000000e-01 1.650317270804325e+00 9.335612541438082e-01
6.450000000000000e-01 1.692232598744148e+00 9.345950776329658e-01
6.500000000000000e-01 1.735205627145031e+00 9.358225992167104e-01
6.550000000000000e-01 1.779263215548615e+00 9.372550199212156e-01
6.600000000000000e-01 1.824432901381847e+00 9.388976042349283e-01
6.650000000000000e-01 1.870742917168772e+00 9.407494500969676e-01
6.700000000000000e-01 1.918222208176775e+00 9.428034625017736e-01
6.750000000000000e-01 1.966900450508319e+00 9.450464522006078e-01
6.800000000000000e-01 2.016808069649473e+00 9.474593295145441e-01
6.850000000000001e-01 2.067976259486829e+00 9.500173972922265e-01
6.900000000000001e-01 2.120437001804702e+00 9.526907458362944e-01
6.950000000000001e-01 2.174223086274785e+00 9.554447449317306e-01
7.000000000000001e-01 2.229368130950753e+00 9.582406438009388e-01
7.050000000000000e-01 2.285906603280654e+00 9.610363222466179e-01
7.100000000000000e-01 2.343873841650178e+00 9.637872743703902e-01
7.150000000000000e-01 2.403306077470301e+00 9.664479362873122e-01
7.200000000000000e-01 2.464240457823092e+00 9.689734802328897e-01
7.250000000000000e-01 2.526715068679855e+00 9.713221800143917e-01
7.300000000000000e-01 2.590768958706095e+00 9.734583849407801e-01
7.350000000000000e-01 2.656442163668210e+00 9.753559973045075e-01
7.400000000000000e-01 2.723775731457148e+00 9.770021204600877e-01
7.450000000000000e-01 2.792811747744667e+00 9.784002615605462e-01
7.500000000000000e-01 2.863593362288260e+00 9.795722303023432e-01
7.550000000000000e-01 2.936164815901156e+00 9.805578181845469e-01
7.600000000000000e-01 3.010571468104263e+00 9.814116038479539e-01
7.650000000000000e-01 3.086859825477351e+00 9.821968340875220e-01
7.700000000000000e-01 3.165077570727174e+00 9.829771351421306e-01
7.750000000000000e-01 3.245273592490716e+00 9.838075377007842e-01
7.800000000000000e-01 3.327498015892184e+00 9.847266637794180e-01
7.850000000000000e-01 3.411802233872832e+00 9.857517680079749e-01
7.900000000000000e-01 3.498238939313234e+00 9.868776930062002e-01
7.950000000000000e-01 3.586862157968046e+00 9.880798895541717e-01
8.000000000000000e-01 3.677727282233856e+00 9.893207248571444e-01
8.050000000000000e-01 3.770891105771243e+00 9.905575852921570e-01
8.100000000000001e-01 3.866411859002656e+00 9.917509377159415e-01
8.150000000000001e-01 3.964349245508326e+00 9.928706321122721e-01
8.200000000000001e-01 4.064764479342956e+00 9.938992908853201e-01
8.250000000000001e-01 4.167720323296481e+00 9.948324849343091e-01
8.300000000000001e-01 4.273281128122877e+00 9.956762725711233e-01
8.350000000000000e-01 4.381512872761445e+00 9.964432773888736e-01
8.400000000000000e-01 4.492483205575838e+00 9.971486201656307e-01
8.450000000000000e-01 4.606261486636447e+00 9.978067161840820e-01
8.500000000000000e-01 4.722918831072739e+00 9.984294029678854e-01
8.550000000000000e-01 4.842528153522501e+00 9.990253350499495e-01
8.600000000000000e-01 4.965164213705875e+00 9.996002579992564e-01
8.650000000000000e-01 5.090903663152626e+00 1.000157698449878e+00
8.700000000000000e-01 5.219825093111814e+00 1.000699708611572e+00
8.750000000000000e-01 5.352009083673925e+00 1.001227469349831e+00
8.800000000000000e-01 5.487538254136007e+00 1.001741697445686e+00
8.850000000000000e-01 5.626497314641444e+00 1.002242884011483e+00
8.900000000000000e-01 5.768973119126561e+00 1.002731417810876e+00
8.950000000000000e-01 5.915054719607133e+00 1.003207642250422e+00
9.000000000000000e-01 6.064833421838831e+00 1.003671879114031e+00
9.050000000000000e-01 6.218402842386253e+00 1.004124437569146e+00
9.100000000000000e-01 6.375858967136348e+00 1.004565617359568e+00
9.150000000000000e-01 6.537300211292723e+00 1.004995709939784e+00
9.200000000000000e-01 6.702827480888332e+00 1.005414998950575e+00
9.250000000000000e-01 6.872544235855034e+00 1.005823760501009e+00
9.300000000000000e-01 7.046556554689444e+00 1.006222263395308e+00
9.350000000000001e-01 7.224973200755413e+00 1.006610769341717e+00
9.400000000000001e-01 7.407905690264673e+00 1.006989533152516e+00
9.450000000000001e-01 7.595468361978146e+00 1.007358802937321e+00
9.500000000000001e-01 7.787778448671316e+00 1.007718820290281e+00
9.550000000000001e-01 7.984956150408610e+00 1.008069820471469e+00
9.600000000000000e-01 8.187124709672272e+00 1.008412032582662e+00
9.650000000000000e-01 8.394410488393007e+00 1.008745679737747e+00
9.700000000000000e-01 8.606943046930221e+00 1.009070979227916e+00
9.750000000000000e-01 8.824855225051540e+00 1.009388142681847e+00
9.800000000000000e-01 9.048283224961922e+00 1.009697376221055e+00
9.850000000000000e-01 9.277366696434507e+00 1.009998880610559e+00
9.900000000000000e-01 9.512248824096272e+00 1.010292851405054e+00
9.950000000000000e-01 9.753076416923058e+00 1.010579479090721e+00
1.000000000000000e+00 1.000000000000000e+01 1.010858949222838e+00
