0.000000000000000e+00 0.000000000000000e+00 7.434889887830212e-01
5.000000000000000e-03 3.369477419287315e-03 7.434923051243416e-01
1.000000000000000e-02 6.741060871647481e-03 7.435011469230867e-01
1.500000000000000e-02 1.011685770649257e-02 7.435158912955330e-01
2.000000000000000e-02 1.349897790673588e-02 7.435365857115455e-01
2.500000000000000e-02 1.688953540759990e-02 7.435632846294440e-01
3.000000000000000e-02 2.029064941789469e-02 7.435960445206631e-01
3.500000000000000e-02 2.370444574459234e-02 7.436349426150397e-01
4.000000000000000e-02 2.713305812152553e-02 7.436800783959459e-01
4.500000000000000e-02 3.057862954304063e-02 7.437315595534093e-01
5.000000000000000e-02 3.404331360343898e-02 7.437895042595762e-01
5.500000000000000e-02 3.752927584304335e-02 7.438540535118670e-01
6.000000000000000e-02 4.103869510173117e-02 7.439253651907113e-01
6.500000000000000e-02 4.457376488078044e-02 7.440036054018055e-01
7.000000000000001e-02 4.813669471387935e-02 7.440889593037929e-01
7.500000000000000e-02 5.172971154815675e-02 7.441816354534939e-01
8.000000000000000e-02 5.535506113609672e-02 7.442818527324020e-01
8.500000000000001e-02 5.901500943920686e-02 7.443898430281070e-01
9.000000000000000e-02 6.271184404431801e-02 7.445058662164484e-01
9.500000000000000e-02 6.644787559340060e-02 7.446302020564997e-01
1.000000000000000e-01 7.022543922779090e-02 7.447631374605413e-01
1.050000000000000e-01 7.404689604773053e-02 7.449049809192276e-01
1.100000000000000e-01 7.791463458813094e-02 7.450560732573824e-01
1.150000000000000e-01 8.183107231148547e-02 7.452167709310209e-01
1.200000000000000e-01 8.579865711886202e-02 7.453874407971849e-01
1.250000000000000e-01 8.981986887992111e-02 7.455684795013301e-01
1.300000000000000e-01 9.389722098291493e-02 7.457603155006770e-01
1.350000000000000e-01 9.803326190563690e-02 7.459633914294977e-01
1.400000000000000e-01 1.022305768083033e-01 7.461781677484631e-01
1.450000000000000e-01 1.064917891493625e-01 7.464051404308969e-01
1.500000000000000e-01 1.108195623252418e-01 7.466448355735240e-01
1.550000000000000e-01 1.152166013350572e-01 7.468977951525304e-01
1.600000000000000e-01 1.196856544713255e-01 7.471645863288149e-01
1.650000000000000e-01 1.242295150377370e-01 7.474458158737509e-01
1.700000000000000e-01 1.288510230950609e-01 7.477421215687047e-01
1.750000000000000e-01 1.335530672362758e-01 7.480541602103794e-01
1.800000000000000e-01 1.383385863920344e-01 7.483826177503167e-01
1.850000000000000e-01 1.432105716675912e-01 7.487282235916800e-01
1.900000000000000e-01 1.481720682123397e-01 7.490917441020932e-01
1.950000000000000e-01 1.532261771231311e-01 7.494739683940089e-01
2.000000000000000e-01 1.583760573825595e-01 7.498757128218823e-01
2.050000000000000e-01 1.636249278334301e-01 7.502978395345874e-01
2.100000000000000e-01 1.689760691906397e-01 7.507412597226493e-01
2.150000000000000e-01 1.744328260917313e-01 7.512069144800146e-01
2.200000000000000e-01 1.799986091874004e-01 7.516957656301265e-01
2.250000000000000e-01 1.856768972732633e-01 7.522088161837716e-01
2.300000000000000e-01 1.914712394642179e-01 7.527471270694451e-01
2.350000000000000e-01 1.973852574127551e-01 7.533118033159005e-01
2.400000000000000e-01 2.034226475726105e-01 7.539039791791933e-01
2.450000000000000e-01 2.095871835091678e-01 7.545248211429925e-01
2.500000000000000e-01 2.158827182580599e-01 7.551755315741390e-01
2.550000000000000e-01 2.223131867334419e-01 7.558573600649341e-01
2.600000000000000e-01 2.288826081874405e-01 7.565716154628624e-01
2.650000000000000e-01 2.355950887223172e-01 7.573196493371307e-01
2.700000000000000e-01 2.424548238569160e-01 7.581028461577626e-01
2.750000000000000e-01 2.494661011489995e-01 7.589226264475650e-01
2.800000000000000e-01 2.566333028751116e-01 7.597804350252627e-01
2.850000000000000e-01 2.639609087696434e-01 7.606777544327594e-01
2.900000000000000e-01 2.714534988248126e-01 7.616161037047207e-01
2.950000000000000e-01 2.791157561533084e-01 7.625970362354140e-01
3.000000000000000e-01 2.869524699153886e-01 7.636221429856833e-01
3.050000000000000e-01 2.949685383122613e-01 7.646930420218181e-01
3.100000000000000e-01 3.031689716476197e-01 7.658113797471032e-01
3.150000000000000e-01 3.115588954592450e-01 7.669788222003456e-01
3.200000000000000e-01 3.201435537226349e-01 7.681970528422140e-01
3.250000000000000e-01 3.289283121286580e-01 7.694677660042193e-01
3.300000000000000e-01 3.379186614372866e-01 7.707926620056006e-01
3.350000000000000e-01 3.471202209094989e-01 7.721734405627457e-01
3.400000000000000e-01 3.565387418195016e-01 7.736117939712860e-01
3.450000000000000e-01 3.661801110494620e-01 7.751093993185452e-01
3.500000000000000e-01 3.760503547690021e-01 7.766679099777314e-01
3.550000000000000e-01 3.861556422017504e-01 7.782889462497737e-01
3.600000000000000e-01 3.965022894813072e-01 7.799740851732311e-01
3.650000000000000e-01 4.070967635990345e-01 7.817248494773317e-01
3.700000000000000e-01 4.179456864461349e-01 7.835426956792927e-01
3.750000000000000e-01 4.290558389525505e-01 7.854290013328107e-01
3.800000000000000e-01 4.404341653252637e-01 7.873850514498215e-01
3.850000000000000e-01 4.520877773886537e-01 7.894120241334045e-01
3.900000000000000e-01 4.640239590296172e-01 7.915109754786979e-01
3.950000000000000e-01 4.762501707502353e-01 7.936828238203080e-01
4.000000000000000e-01 4.887740543308307e-01 7.959283334290778e-01
4.050000000000000e-01 5.016034376063282e-01 7.982480977881909e-01
4.100000000000000e-01 5.147463393589066e-01 8.006425226082219e-01
4.150000000000000e-01 5.282109743299990e-01 8.031118087726372e-01
4.200000000000000e-01 5.420057583547735e-01 8.056559354388821e-01
4.250000000000000e-01 5.561393136223041e-01 8.082746435549052e-01
4.300000000000000e-01 5.706204740647189e-01 8.109674200857857e-01
4.350000000000000e-01 5.854582908786964e-01 8.137334832788418e-01
4.400000000000000e-01 6.006620381827575e-01 8.165717693266280e-01
4.450000000000000e-01 6.162412188138907e-01 8.194809208136959e-01
4.500000000000000e-01 6.322055702671360e-01 8.224592773526181e-01
4.550000000000000e-01 6.485650707818353e-01 8.255048688249879e-01
4.600000000000000e-01 6.653299455783577e-01 8.286154116409659e-01
4.650000000000000e-01 6.825106732491932e-01 8.317883084133398e-01
4.700000000000000e-01 7.001179923084168e-01 8.350206514057228e-01
4.750000000000000e-01 7.181629079036070e-01 8.383092300562918e-01
4.800000000000000e-01 7.366566986944229e-01 8.416505427954819e-01
4.850000000000000e-01 7.556109239021327e-01 8.450408132660870e-01
4.900000000000000e-01 7.750374305345038e-01 8.484760109160758e-01
4.950000000000000e-01 7.949483607905672e-01 8.519518757683424e-01
5.000000000000000e-01 8.153561596498893e-01 8.554639469797876e-01
5.050000000000000e-01 8.362735826510871e-01 8.590075945892114e-01
5.100000000000000e-01 8.577137038644561e-01 8.625780536270663e-01
5.150000000000000e-01 8.796899240636907e-01 8.661704595310095e-01
5.200000000000000e-01 9.022159791018011e-01 8.697798835937947e-01
5.250000000000000e-01 9.253059484964714e-01 8.734013669821228e-01
5.300000000000000e-01 9.489742642302165e-01 8.770299517275134e-01
5.350000000000000e-01 9.732357197708378e-01 8.806607070261193e-01
5.400000000000000e-01 9.981054793178262e-01 8.842887492176279e-01
5.450000000000000e-01 1.023599087280478e+00 8.879092539669488e-01
5.500000000000000e-01 1.049732477993657e+00 8.915174594657920e-01
5.550000000000000e-01 1.076521985677273e+00 8.951086599177613e-01
5.600000000000001e-01 1.103984354645701e+00 8.986781891739842e-01
5.650000000000001e-01 1.132136749773522e+00 9.022213951375819e-01
5.700000000000001e-01 1.160996767224129e+00 9.057336064296295e-01
5.750000000000001e-01 1.190582445447902e+00 9.092100937635877e-01
5.800000000000000e-01 1.220912276456826e+00 9.126460294468592e-01
5.850000000000000e-01 1.252005217382601e+00 9.160364493351612e-01
5.900000000000000e-01 1.283880702325469e+00 9.193762223090892e-01
5.950000000000000e-01 1.316558654501151e+00 9.226600328122249e-01
6.000000000000000e-01 1.350059498693518e+00 9.258823820728346e-01
6.050000000000000e-01 1.384404174020732e+00 9.290376132215353e-01
6.100000000000000e-01 1.419614147022888e+00 9.321199645333762e-01
6.150000000000000e-01 1.455711425079295e+00 9.351236534232354e-01
6.200000000000000e-01 1.492718570163803e+00 9.380429916250472e-01
6.250000000000000e-01 1.530658712946775e+00 9.408725292793075e-01
6.300000000000000e-01 1.569555567252506e+00 9.436072226156563e-01
6.350000000000000e-01 1.609433444881138e+00 9.462426168105285e-01
6.400000000000000e-01 1.650317270804325e+00 9.487750327607324e-01
6.450000000000000e-01 1.692232598744148e+00 9.512017443251430e-01
6.500000000000000e-01 1.735205627145031e+00 9.535211314323558e-01
6.550000000000000e-01 1.779263215548615e+00 9.557327946580686e-01
6.600000000000000e-01 1.824432901381847e+00 9.578376186451297e-01
6.650000000000000e-01 1.870742917168772e+00 9.598377750915765e-01
6.700000000000000e-01 1.918222208176775e+00 9.617366607637196e-01
6.750000000000000e-01 1.966900450508319e+00 9.635387716666980e-01
6.800000000000000e-01 2.016808069649473e+00 9.652495204905919e-01
6.850000000000001e-01 2.067976259486829e+00 9.668750099932679e-01
6.900000000000001e-01 2.120437001804702e+00 9.684217793227162e-01
6.950000000000001e-01 2.174223086274785e+00 9.698965427866539e-01
7.000000000000001e-01 2.229368130950753e+00 9.713059408553516e-01
7.050000000000000e-01 2.285906603280654e+00 9.726563211738267e-01
7.100000000000000e-01 2.343873841650178e+00 9.739535633555642e-01
7.150000000000000e-01 2.403306077470301e+00 9.752029559380868e-01
7.200000000000000e-01 2.464240457823092e+00 9.764091279136897e-01
7.250000000000000e-01 2.526715068679855e+00 9.775760315771460e-01
7.300000000000000e-01 2.590768958706095e+00 9.787069688254794e-01
7.350000000000000e-01 2.656442163668210e+00 9.798046500362202e-01
7.400000000000000e-01 2.723775731457148e+00 9.808712734565829e-01
7.450000000000000e-01 2.792811747744667e+00 9.819086135469108e-01
7.500000000000000e-01 2.863593362288260e+00 9.829181085600442e-01
7.550000000000000e-01 2.936164815901156e+00 9.839009402677477e-01
7.600000000000000e-01 3.010571468104263e+00 9.848581015993361e-01
7.650000000000000e-01 3.086859825477351e+00 9.857904505543509e-01
7.700000000000000e-01 3.165077570727174e+00 9.866987507697698e-01
7.750000000000000e-01 3.245273592490716e+00 9.875837004284063e-01
7.800000000000000e-01 3.327498015892184e+00 9.884459518190155e-01
7.850000000000000e-01 3.411802233872832e+00 9.892861239417081e-01
7.900000000000000e-01 3.498238939313234e+00 9.901048102840460e-01
7.950000000000000e-01 3.586862157968046e+00 9.909025834561473e-01
8.000000000000000e-01 3.677727282233856e+00 9.916799979079977e-01
8.050000000000000e-01 3.770891105771243e+00 9.924375915452307e-01
8.100000000000001e-01 3.866411859002656e+00 9.931758867477845e-01
8.150000000000001e-01 3.964349245508326e+00 9.938953910809034e-01
8.200000000000001e-01 4.064764479342956e+00 9.945965978530500e-01
8.250000000000001e-01 4.167720323296481e+00 9.952799865976233e-01
8.300000000000001e-01 4.273281128122877e+00 9.959460235142333e-01
8.350000000000000e-01 4.381512872761445e+00 9.965951618851936e-01
8.400000000000000e-01 4.492483205575838e+00 9.972278424738236e-01
8.450000000000000e-01 4.606261486636447e+00 9.978444939073841e-01
8.500000000000000e-01 4.722918831072739e+00 9.984455330460005e-01
8.550000000000000e-01 4.842528153522501e+00 9.990313653384012e-01
8.600000000000000e-01 4.965164213705875e+00 9.996023851650977e-01
8.650000000000000e-01 5.090903663152626e+00 1.000158976169567e+00
8.700000000000000e-01 5.219825093111814e+00 1.000701511577942e+00
8.750000000000000e-01 5.352009083673925e+00 1.001230354507700e+00
8.800000000000000e-01 5.487538254136007e+00 1.001745858265807e+00
8.850000000000000e-01 5.626497314641444e+00 1.002248366636749e+00
8.900000000000000e-01 5.768973119126561e+00 1.002738214160867e+00
8.950000000000000e-01 5.915054719607133e+00 1.003215726403391e+00
9.000000000000000e-01 6.064833421838831e+00 1.003681220214537e+00
9.050000000000000e-01 6.218402842386253e+00 1.004135003981036e+00
9.100000000000000e-01 6.375858967136348e+00 1.004577377869420e+00
9.150000000000000e-01 6.537300211292723e+00 1.005008634061396e+00
9.200000000000000e-01 6.702827480888332e+00 1.005429056981606e+00
9.250000000000000e-01 6.872544235855034e+00 1.005838923518079e+00
9.300000000000000e-01 7.046556554689444e+00 1.006238503235635e+00
9.350000000000001e-01 7.224973200755413e+00 1.006628058582525e+00
9.400000000000001e-01 7.407905690264673e+00 1.007007845090546e+00
9.450000000000001e-01 7.595468361978146e+00 1.007378111568882e+00
9.500000000000001e-01 7.787778448671316e+00 1.007739100291900e+00
9.550000000000001e-01 7.984956150408610e+00 1.008091047181120e+00
9.600000000000000e-01 8.187124709672272e+00 1.008434181981574e+00
9.650000000000000e-01 8.394410488393007e+00 1.008768728432748e+00
9.700000000000000e-01 8.606943046930221e+00 1.009094904434314e+00
9.750000000000000e-01 8.824855225051540e+00 1.009412922206822e+00
9.800000000000000e-01 9.048283224961922e+00 1.009722988447535e+00
9.850000000000000e-01 9.277366696434507e+00 1.010025304481587e+00
9.900000000000000e-01 9.512248824096272e+00 1.010320066408605e+00
9.950000000000000e-01 9.753076416923058e+00 1.010607465244969e+00
1.000000000000000e+00 1.000000000000000e+01 1.010887687061853e+00
