0.000000000000000e+00 0.000000000000000e+00 6.806749011354004e-01
5.000000000000000e-03 3.369477419287315e-03 6.806816217378940e-01
1.000000000000000e-02 6.741060871647481e-03 6.806995523821923e-01
1.500000000000000e-02 1.011685770649257e-02 6.807294720154944e-01
2.000000000000000e-02 1.349897790673588e-02 6.807714535894571e-01
2.500000000000000e-02 1.688953540759990e-02 6.808255993891841e-01
3.000000000000000e-02 2.029064941789469e-02 6.808920401111409e-01
3.500000000000000e-02 2.370444574459234e-02 6.809709320909655e-01
4.000000000000000e-02 2.713305812152553e-02 6.810624594835690e-01
4.500000000000000e-02 3.057862954304063e-02 6.811668378786382e-01
5.000000000000000e-02 3.404331360343898e-02 6.812843150951970e-01
5.500000000000000e-02 3.752927584304335e-02 6.814151733356849e-01
6.000000000000000e-02 4.103869510173117e-02 6.815597126701211e-01
6.500000000000000e-02 4.457376488078044e-02 6.817182652331530e-01
7.000000000000001e-02 4.813669471387935e-02 6.818912082444997e-01
7.500000000000000e-02 5.172971154815675e-02 6.820789426664519e-01
8.000000000000000e-02 5.535506113609672e-02 6.822819147298267e-01
8.500000000000001e-02 5.901500943920686e-02 6.825005966908398e-01
9.000000000000000e-02 6.271184404431801e-02 6.827354777636979e-01
9.500000000000000e-02 6.644787559340060e-02 6.829871181071525e-01
1.000000000000000e-01 7.022543922779090e-02 6.832560954034489e-01
1.050000000000000e-01 7.404689604773053e-02 6.835430063263453e-01
1.100000000000000e-01 7.791463458813094e-02 6.838485310886729e-01
1.150000000000000e-01 8.183107231148547e-02 6.841733676682085e-01
1.200000000000000e-01 8.579865711886202e-02 6.845182378940623e-01
1.250000000000000e-01 8.981986887992111e-02 6.848839300356655e-01
1.300000000000000e-01 9.389722098291493e-02 6.852712650938942e-01
1.350000000000000e-01 9.803326190563690e-02 6.856811137470777e-01
1.400000000000000e-01 1.022305768083033e-01 6.861143887567087e-01
1.450000000000000e-01 1.064917891493625e-01 6.865720432199177e-01
1.500000000000000e-01 1.108195623252418e-01 6.870550957303876e-01
1.550000000000000e-01 1.152166013350572e-01 6.875645983497713e-01
1.600000000000000e-01 1.196856544713255e-01 6.881016577014094e-01
1.650000000000000e-01 1.242295150377370e-01 6.886674437844158e-01
1.700000000000000e-01 1.288510230950609e-01 6.892631583758996e-01
1.750000000000000e-01 1.335530672362758e-01 6.898900727054603e-01
1.800000000000000e-01 1.383385863920344e-01 6.905495136347064e-01
1.850000000000000e-01 1.432105716675912e-01 6.912428474308865e-01
1.900000000000000e-01 1.481720682123397e-01 6.919715202042503e-01
1.950000000000000e-01 1.532261771231311e-01 6.927370246617938e-01
2.000000000000000e-01 1.583760573825595e-01 6.935409027879402e-01
2.050000000000000e-01 1.636249278334301e-01 6.943847786501645e-01
2.100000000000000e-01 1.689760691906397e-01 6.952703149068193e-01
2.150000000000000e-01 1.744328260917313e-01 6.961992337385355e-01
2.200000000000000e-01 1.799986091874004e-01 6.971733390507047e-01
2.250000000000000e-01 1.856768972732633e-01 6.981944685961944e-01
2.300000000000000e-01 1.914712394642179e-01 6.992645255350417e-01
2.350000000000000e-01 1.973852574127551e-01 7.003854895121537e-01
2.400000000000000e-01 2.034226475726105e-01 7.015593660115729e-01
2.450000000000000e-01 2.095871835091678e-01 7.027882251211088e-01
2.500000000000000e-01 2.158827182580599e-01 7.040742094513438e-01
2.550000000000000e-01 2.223131867334419e-01 7.054194796840716e-01
2.600000000000000e-01 2.288826081874405e-01 7.068262522649706e-01
2.650000000000000e-01 2.355950887223172e-01 7.082968085461084e-01
2.700000000000000e-01 2.424548238569160e-01 7.098334322879796e-01
2.750000000000000e-01 2.494661011489995e-01 7.114384413092903e-01
2.800000000000000e-01 2.566333028751116e-01 7.131142116107343e-01
2.850000000000000e-01 2.639609087696434e-01 7.148631079026594e-01
2.900000000000000e-01 2.714534988248126e-01 7.166874905951964e-01
2.950000000000000e-01 2.791157561533084e-01 7.185897574445423e-01
3.000000000000000e-01 2.869524699153886e-01 7.205722804998660e-01
3.050000000000000e-01 2.949685383122613e-01 7.226373762519869e-01
3.100000000000000e-01 3.031689716476197e-01 7.247873594541835e-01
3.150000000000000e-01 3.115588954592450e-01 7.270245102437745e-01
3.200000000000000e-01 3.201435537226349e-01 7.293509956529496e-01
3.250000000000000e-01 3.289283121286580e-01 7.317688975848980e-01
3.300000000000000e-01 3.379186614372866e-01 7.342802417543535e-01
3.350000000000000e-01 3.471202209094989e-01 7.368869160297242e-01
3.400000000000000e-01 3.565387418195016e-01 7.395906145462564e-01
3.450000000000000e-01 3.661801110494620e-01 7.423928811845508e-01
3.500000000000000e-01 3.760503547690021e-01 7.452951083111269e-01
3.550000000000000e-01 3.861556422017504e-01 7.482984409736587e-01
3.600000000000000e-01 3.965022894813072e-01 7.514037250308984e-01
3.650000000000000e-01 4.070967635990345e-01 7.546115442331310e-01
3.700000000000000e-01 4.179456864461349e-01 7.579222195187734e-01
3.750000000000000e-01 4.290558389525505e-01 7.613357157746001e-01
3.800000000000000e-01 4.404341653252637e-01 7.648515647422202e-01
3.850000000000000e-01 4.520877773886537e-01 7.684688784537040e-01
3.900000000000000e-01 4.640239590296172e-01 7.721863721278179e-01
3.950000000000000e-01 4.762501707502353e-01 7.760023107546075e-01
4.000000000000000e-01 4.887740543308307e-01 7.799144215389098e-01
4.050000000000000e-01 5.016034376063282e-01 7.839198461898377e-01
4.100000000000000e-01 5.147463393589066e-01 7.880151365274456e-01
4.150000000000000e-01 5.282109743299990e-01 7.921962698067727e-01
4.200000000000000e-01 5.420057583547735e-01 7.964586440609190e-01
4.250000000000000e-01 5.561393136223041e-01 8.007970255693329e-01
4.300000000000000e-01 5.706204740647189e-01 8.052055007767547e-01
4.350000000000000e-01 5.854582908786964e-01 8.096774588550085e-01
4.400000000000000e-01 6.006620381827575e-01 8.142055830536994e-01
4.450000000000000e-01 6.162412188138907e-01 8.187818769628780e-01
4.500000000000000e-01 6.322055702671360e-01 8.233976856047632e-01
4.550000000000000e-01 6.485650707818353e-01 8.280437190255601e-01
4.600000000000000e-01 6.653299455783577e-01 8.327100851725360e-01
4.650000000000000e-01 6.825106732491932e-01 8.373863219157506e-01
4.700000000000000e-01 7.001179923084168e-01 8.420614487398623e-01
4.750000000000000e-01 7.181629079036070e-01 8.467240254131101e-01
4.800000000000000e-01 7.366566986944229e-01 8.513622288491107e-01
4.850000000000000e-01 7.556109239021327e-01 8.559639417746601e-01
4.900000000000000e-01 7.750374305345038e-01 8.605168569258022e-01
4.950000000000000e-01 7.949483607905672e-01 8.650085949473211e-01
5.000000000000000e-01 8.153561596498893e-01 8.694268368232750e-01
5.050000000000000e-01 8.362735826510871e-01 8.737594702331101e-01
5.100000000000000e-01 8.577137038644561e-01 8.779947494333239e-01
5.150000000000000e-01 8.796899240636907e-01 8.821214676307381e-01
5.200000000000000e-01 9.022159791018011e-01 8.861291403466722e-01
5.250000000000000e-01 9.253059484964714e-01 8.900081975889881e-01
5.300000000000000e-01 9.489742642302165e-01 8.937501818828437e-01
5.350000000000000e-01 9.732357197708378e-01 8.973479483194660e-01
5.400000000000000e-01 9.981054793178262e-01 9.007958617940252e-01
5.450000000000000e-01 1.023599087280478e+00 9.040899855448852e-01
5.500000000000000e-01 1.049732477993657e+00 9.072282540280019e-01
5.550000000000000e-01 1.076521985677273e+00 9.102106221335946e-01
5.600000000000001e-01 1.103984354645701e+00 9.130391818724084e-01
5.650000000000001e-01 1.132136749773522e+00 9.157182370423944e-01
5.700000000000001e-01 1.160996767224129e+00 9.182543261664488e-01
5.750000000000001e-01 1.190582445447902e+00 9.206561843085408e-01
5.800000000000000e-01 1.220912276456826e+00 9.229346353638693e-01
5.850000000000000e-01 1.252005217382601e+00 9.251024081905084e-01
5.900000000000000e-01 1.283880702325469e+00 9.271738725747143e-01
5.950000000000000e-01 1.316558654501151e+00 9.291646945066755e-01
6.000000000000000e-01 1.350059498693518e+00 9.310914145153599e-01
6.050000000000000e-01 1.384404174020732e+00 9.329709577066863e-01
6.100000000000000e-01 1.419614147022888e+00 9.348200894115494e-01
6.150000000000000e-01 1.455711425079295e+00 9.366548356372300e-01
6.200000000000000e-01 1.492718570163803e+00 9.384898924196072e-01
6.250000000000000e-01 1.530658712946775e+00 9.403380522495161e-01
6.300000000000000e-01 1.569555567252506e+00 9.422096785469144e-01
6.350000000000000e-01 1.609433444881138e+00 9.441122602668709e-01
6.400000000000000e-01 1.650317270804325e+00 9.460500777938688e-01
6.450000000000000e-01 1.692232598744148e+00 9.480240080630046e-01
6.500000000000000e-01 1.735205627145031e+00 9.500314912061303e-01
6.550000000000000e-01 1.779263215548615e+00 9.520666729709207e-01
6.600000000000000e-01 1.824432901381847e+00 9.541207268896230e-01
6.650000000000000e-01 1.870742917168772e+00 9.561823480843221e-01
6.700000000000000e-01 1.918222208176775e+00 9.582383973486099e-01
6.750000000000000e-01 1.966900450508319e+00 9.602746607025633e-01
6.800000000000000e-01 2.016808069649473e+00 9.622766772504138e-01
6.850000000000001e-01 2.067976259486829e+00 9.642305784110834e-01
6.900000000000001e-01 2.120437001804702e+00 9.661238760932184e-01
6.950000000000001e-01 2.174223086274785e+00 9.679461376694529e-01
7.000000000000001e-01 2.229368130950753e+00 9.696894927151235e-01
7.050000000000000e-01 2.285906603280654e+00 9.713489306092787e-01
7.100000000000000e-01 2.343873841650178e+00 9.729223682917183e-01
7.150000000000000e-01 2.403306077470301e+00 9.744104915113850e-01
7.200000000000000e-01 2.464240457823092e+00 9.758163975079900e-01
7.250000000000000e-01 2.526715068679855e+00 9.771450884213450e-01
7.300000000000000e-01 2.590768958706095e+00 9.784028792400051e-01
7.350000000000000e-01 2.656442163668210e+00 9.795967892784844e-01
7.400000000000000e-01 2.723775731457148e+00 9.807339812434696e-01
7.450000000000000e-01 2.792811747744667e+00 9.818212981420275e-01
7.500000000000000e-01 2.863593362288260e+00 9.828649285670881e-01
7.550000000000000e-01 2.936164815901156e+00 9.838702092600069e-01
7.600000000000000e-01 3.010571468104263e+00 9.848415543394725e-01
7.650000000000000e-01 3.086859825477351e+00 9.857824863507764e-01
7.700000000000000e-01 3.165077570727174e+00 9.866957369494816e-01
7.750000000000000e-01 3.245273592490716e+00 9.875833845073979e-01
7.800000000000000e-01 3.327498015892184e+00 9.884470007320261e-01
7.850000000000000e-01 3.411802233872832e+00 9.892877862557256e-01
7.900000000000000e-01 3.498238939313234e+00 9.901066837381828e-01
7.950000000000000e-01 3.586862157968046e+00 9.909044645004145e-01
8.000000000000000e-01 3.677727282233856e+00 9.916817900416213e-01
8.050000000000000e-01 3.770891105771243e+00 9.924392527613640e-01
8.100000000000001e-01 3.866411859002656e+00 9.931774011904170e-01
8.150000000000001e-01 3.964349245508326e+00 9.938967546822406e-01
8.200000000000001e-01 4.064764479342956e+00 9.945978115042213e-01
8.250000000000001e-01 4.167720323296481e+00 9.952810531069942e-01
8.300000000000001e-01 4.273281128122877e+00 9.959469463413310e-01
8.350000000000000e-01 4.381512872761445e+00 9.965959446498958e-01
8.400000000000000e-01 4.492483205575838e+00 9.972284887803461e-01
8.450000000000000e-01 4.606261486636447e+00 9.978450072869256e-01
8.500000000000000e-01 4.722918831072739e+00 9.984459169407990e-01
8.550000000000000e-01 4.842528153522501e+00 9.990316230991189e-01
8.600000000000000e-01 4.965164213705875e+00 9.996025200521176e-01
8.650000000000000e-01 5.090903663152626e+00 1.000158991355299e+00
8.700000000000000e-01 5.219825093111814e+00 1.000701410149319e+00
8.750000000000000e-01 5.352009083673925e+00 1.001230139468653e+00
8.800000000000000e-01 5.487538254136007e+00 1.001745532539670e+00
8.850000000000000e-01 5.626497314641444e+00 1.002247933068590e+00
8.900000000000000e-01 5.768973119126561e+00 1.002737675519741e+00
8.950000000000000e-01 5.915054719607133e+00 1.003215085384518e+00
9.000000000000000e-01 6.064833421838831e+00 1.003680479441418e+00
9.050000000000000e-01 6.218402842386253e+00 1.004134166007490e+00
9.100000000000000e-01 6.375858967136348e+00 1.004576445181564e+00
9.150000000000000e-01 6.537300211292723e+00 1.005007609079559e+00
9.200000000000000e-01 6.702827480888332e+00 1.005427942062185e+00
9.250000000000000e-01 6.872544235855034e+00 1.005837720955332e+00
9.300000000000000e-01 7.046556554689444e+00 1.006237215263425e+00
9.350000000000001e-01 7.224973200755413e+00 1.006626687376002e+00
9.400000000000001e-01 7.407905690264673e+00 1.007006392767782e+00
9.450000000000001e-01 7.595468361978146e+00 1.007376580192459e+00
9.500000000000001e-01 7.787778448671316e+00 1.007737491870440e+00
9.550000000000001e-01 7.984956150408610e+00 1.008089363670778e+00
9.600000000000000e-01 8.187124709672272e+00 1.008432425287479e+00
9.650000000000000e-01 8.394410488393007e+00 1.008766900410405e+00
9.700000000000000e-01 8.606943046930221e+00 1.009093006890960e+00
9.750000000000000e-01 8.824855225051540e+00 1.009410956902745e+00
9.800000000000000e-01 9.048283224961922e+00 1.009720957097356e+00
9.850000000000000e-01 9.277366696434507e+00 1.010023208755495e+00
9.900000000000000e-01 9.512248824096272e+00 1.010317907933564e+00
9.950000000000000e-01 9.753076416923058e+00 1.010605245605888e+00
1.000000000000000e+00 1.000000000000000e+01 1.010885407802718e+00
