0.000000000000000e+00 0.000000000000000e+00 9.573903072487773e-01
5.000000000000000e-03 3.369477419287315e-03 9.573903072969114e-01
1.000000000000000e-02 6.741060871647481e-03 9.573903073457091e-01
1.500000000000000e-02 1.011685770649257e-02 9.573903073579905e-01
2.000000000000000e-02 1.349897790673588e-02 9.573903073647243e-01
2.500000000000000e-02 1.688953540759990e-02 9.573903073722304e-01
3.000000000000000e-02 2.029064941789469e-02 9.573903073780866e-01
3.500000000000000e-02 2.370444574459234e-02 9.573903073831571e-01
4.000000000000000e-02 2.713305812152553e-02 9.573903073880763e-01
4.500000000000000e-02 3.057862954304063e-02 9.573903073945006e-01
5.000000000000000e-02 3.404331360343898e-02 9.573903074002219e-01
5.500000000000000e-02 3.752927584304335e-02 9.573903074042106e-01
6.000000000000000e-02 4.103869510173117e-02 9.573903074087582e-01
6.500000000000000e-02 4.457376488078044e-02 9.573903074139526e-01
7.000000000000001e-02 4.813669471387935e-02 9.573903074208933e-01
7.500000000000000e-02 5.172971154815675e-02 9.573903074277206e-01
8.000000000000000e-02 5.535506113609672e-02 9.573903074336850e-01
8.500000000000001e-02 5.901500943920686e-02 9.573903074406613e-01
9.000000000000000e-02 6.271184404431801e-02 9.573903074461342e-01
9.500000000000000e-02 6.644787559340060e-02 9.573903074506447e-01
1.000000000000000e-01 7.022543922779090e-02 9.573903074555573e-01
1.050000000000000e-01 7.404689604773053e-02 9.573903074609552e-01
1.100000000000000e-01 7.791463458813094e-02 9.573903074686854e-01
1.150000000000000e-01 8.183107231148547e-02 9.573903074768584e-01
1.200000000000000e-01 8.579865711886202e-02 9.573903074847552e-01
1.250000000000000e-01 8.981986887992111e-02 9.573903074955049e-01
1.300000000000000e-01 9.389722098291493e-02 9.573903075081663e-01
1.350000000000000e-01 9.803326190563690e-02 9.573903075217617e-01
1.400000000000000e-01 1.022305768083033e-01 9.573903075381073e-01
1.450000000000000e-01 1.064917891493625e-01 9.573903075540255e-01
1.500000000000000e-01 1.108195623252418e-01 9.573903075695819e-01
1.550000000000000e-01 1.152166013350572e-01 9.573903075879177e-01
1.600000000000000e-01 1.196856544713255e-01 9.573903076054052e-01
1.650000000000000e-01 1.242295150377370e-01 9.573903076205968e-01
1.700000000000000e-01 1.288510230950609e-01 9.573903076367234e-01
1.750000000000000e-01 1.335530672362758e-01 9.573903076549435e-01
1.800000000000000e-01 1.383385863920344e-01 9.573903076759510e-01
1.850000000000000e-01 1.432105716675912e-01 9.573903076984436e-01
1.900000000000000e-01 1.481720682123397e-01 9.573903077194579e-01
1.950000000000000e-01 1.532261771231311e-01 9.573903077398025e-01
2.000000000000000e-01 1.583760573825595e-01 9.573903077616041e-01
2.050000000000000e-01 1.636249278334301e-01 9.573903077875304e-01
2.100000000000000e-01 1.689760691906397e-01 9.573903078168782e-01
2.150000000000000e-01 1.744328260917313e-01 9.573903078454383e-01
2.200000000000000e-01 1.799986091874004e-01 9.573903078775454e-01
2.250000000000000e-01 1.856768972732633e-01 9.573903079119500e-01
2.300000000000000e-01 1.914712394642179e-01 9.573903079467412e-01
2.350000000000000e-01 1.973852574127551e-01 9.573903079870960e-01
2.400000000000000e-01 2.034226475726105e-01 9.573903080311703e-01
2.450000000000000e-01 2.095871835091678e-01 9.573903080740930e-01
2.500000000000000e-01 2.158827182580599e-01 9.573903081173432e-01
2.550000000000000e-01 2.223131867334419e-01 9.573903081642562e-01
2.600000000000000e-01 2.288826081874405e-01 9.573903082148120e-01
2.650000000000000e-01 2.355950887223172e-01 9.573903082657741e-01
2.700000000000000e-01 2.424548238569160e-01 9.573903083193551e-01
2.750000000000000e-01 2.494661011489995e-01 9.573903083791000e-01
2.800000000000000e-01 2.566333028751116e-01 9.573903084441959e-01
2.850000000000000e-01 2.639609087696434e-01 9.573903085183760e-01
2.900000000000000e-01 2.714534988248126e-01 9.573903085960904e-01
2.950000000000000e-01 2.791157561533084e-01 9.573903086739716e-01
3.000000000000000e-01 2.869524699153886e-01 9.573903087607908e-01
3.050000000000000e-01 2.949685383122613e-01 9.573903088567021e-01
3.100000000000000e-01 3.031689716476197e-01 9.573903089537528e-01
3.150000000000000e-01 3.115588954592450e-01 9.573903090581154e-01
3.200000000000000e-01 3.201435537226349e-01 9.573903091725170e-01
3.250000000000000e-01 3.289283121286580e-01 9.573903092963995e-01
3.300000000000000e-01 3.379186614372866e-01 9.573903094342576e-01
3.350000000000000e-01 3.471202209094989e-01 9.573903095780282e-01
3.400000000000000e-01 3.565387418195016e-01 9.573903097325622e-01
3.450000000000000e-01 3.661801110494620e-01 9.573903099014355e-01
3.500000000000000e-01 3.760503547690021e-01 9.573903100857434e-01
3.550000000000000e-01 3.861556422017504e-01 9.573903102878997e-01
3.600000000000000e-01 3.965022894813072e-01 9.573903105170229e-01
3.650000000000000e-01 4.070967635990345e-01 9.573903107705821e-01
3.700000000000000e-01 4.179456864461349e-01 9.573903110372909e-01
3.750000000000000e-01 4.290558389525505e-01 9.573903113296175e-01
3.800000000000000e-01 4.404341653252637e-01 9.573903116581087e-01
3.850000000000000e-01 4.520877773886537e-01 9.573903120346946e-01
3.900000000000000e-01 4.640239590296172e-01 9.573903124519799e-01
3.950000000000000e-01 4.762501707502353e-01 9.573903129202692e-01
4.000000000000000e-01 4.887740543308307e-01 9.573903134471859e-01
4.050000000000000e-01 5.016034376063282e-01 9.573903140383166e-01
4.100000000000000e-01 5.147463393589066e-01 9.573903147150715e-01
4.150000000000000e-01 5.282109743299990e-01 9.573903154791854e-01
4.200000000000000e-01 5.420057583547735e-01 9.573903163686609e-01
4.250000000000000e-01 5.561393136223041e-01 9.573903173969500e-01
4.300000000000000e-01 5.706204740647189e-01 9.573903185909133e-01
4.350000000000000e-01 5.854582908786964e-01 9.573903199878685e-01
4.400000000000000e-01 6.006620381827575e-01 9.573903216151396e-01
4.450000000000000e-01 6.162412188138907e-01 9.573903235447894e-01
4.500000000000000e-01 6.322055702671360e-01 9.573903258307508e-01
4.550000000000000e-01 6.485650707818353e-01 9.573903285717891e-01
4.600000000000000e-01 6.653299455783577e-01 9.573903318590424e-01
4.650000000000000e-01 6.825106732491932e-01 9.573903358186305e-01
4.700000000000000e-01 7.001179923084168e-01 9.573903406491848e-01
4.750000000000000e-01 7.181629079036070e-01 9.573903465611409e-01
4.800000000000000e-01 7.366566986944229e-01 9.573903538360408e-01
4.850000000000000e-01 7.556109239021327e-01 9.573903627938944e-01
4.900000000000000e-01 7.750374305345038e-01 9.573903739625897e-01
4.950000000000000e-01 7.949483607905672e-01 9.573903879573504e-01
5.000000000000000e-01 8.153561596498893e-01 9.573904055199983e-01
5.050000000000000e-01 8.362735826510871e-01 9.573904277659350e-01
5.100000000000000e-01 8.577137038644561e-01 9.573904560066432e-01
5.150000000000000e-01 8.796899240636907e-01 9.573904921076635e-01
5.200000000000000e-01 9.022159791018011e-01 9.573905384819164e-01
5.250000000000000e-01 9.253059484964714e-01 9.573905982440731e-01
5.300000000000000e-01 9.489742642302165e-01 9.573906757934143e-01
5.350000000000000e-01 9.732357197708378e-01 9.573907766862746e-01
5.400000000000000e-01 9.981054793178262e-01 9.573909086070305e-01
5.450000000000000e-01 1.023599087280478e+00 9.573910819100653e-01
5.500000000000000e-01 1.049732477993657e+00 9.573913101680825e-01
5.550000000000000e-01 1.076521985677273e+00 9.573916123171812e-01
5.600000000000001e-01 1.103984354645701e+00 9.573920134665521e-01
5.650000000000001e-01 1.132136749773522e+00 9.573925476544255e-01
5.700000000000001e-01 1.160996767224129e+00 9.573932617977404e-01
5.750000000000001e-01 1.190582445447902e+00 9.573942185171730e-01
5.800000000000000e-01 1.220912276456826e+00 9.573955038335129e-01
5.850000000000000e-01 1.252005217382601e+00 9.573972351714480e-01
5.900000000000000e-01 1.283880702325469e+00 9.573995707200582e-01
5.950000000000000e-01 1.316558654501151e+00 9.574027277693298e-01
6.000000000000000e-01 1.350059498693518e+00 9.574070012416244e-01
6.050000000000000e-01 1.384404174020732e+00 9.574127895253207e-01
6.100000000000000e-01 1.419614147022888e+00 9.574206359891738e-01
6.150000000000000e-01 1.455711425079295e+00 9.574312729136801e-01
6.200000000000000e-01 1.492718570163803e+00 9.574456831785504e-01
6.250000000000000e-01 1.530658712946775e+00 9.574651890762185e-01
6.300000000000000e-01 1.569555567252506e+00 9.574915478128267e-01
6.350000000000000e-01 1.609433444881138e+00 9.575270766215622e-01
6.400000000000000e-01 1.650317270804325e+00 9.575748181463517e-01
6.450000000000000e-01 1.692232598744148e+00 9.576387071271916e-01
6.500000000000000e-01 1.735205627145031e+00 9.577237558119880e-01
6.550000000000000e-01 1.779263215548615e+00 9.578362638671025e-01
6.600000000000000e-01 1.824432901381847e+00 9.579839648420145e-01
6.650000000000000e-01 1.870742917168772e+00 9.581760745597259e-01
6.700000000000000e-01 1.918222208176775e+00 9.584232231108931e-01
6.750000000000000e-01 1.966900450508319e+00 9.587370980955197e-01
6.800000000000000e-01 2.016808069649473e+00 9.591296367002686e-01
6.850000000000001e-01 2.067976259486829e+00 9.596117360060819e-01
6.900000000000001e-01 2.120437001804702e+00 9.601913771786158e-01
6.950000000000001e-01 2.174223086274785e+00 9.608710376123375e-01
7.000000000000001e-01 2.229368130950753e+00 9.616445738361111e-01
7.050000000000000e-01 2.285906603280654e+00 9.624941124431264e-01
7.100000000000000e-01 2.343873841650178e+00 9.633878580437447e-01
7.150000000000000e-01 2.403306077470301e+00 9.642803497784984e-01
7.200000000000000e-01 2.464240457823092e+00 9.651169974847353e-01
7.250000000000000e-01 2.526715068679855e+00 9.658437269878803e-01
7.300000000000000e-01 2.590768958706095e+00 9.664203473743601e-01
7.350000000000000e-01 2.656442163668210e+00 9.668340168483286e-01
7.400000000000000e-01 2.723775731457148e+00 9.671081664493141e-01
7.450000000000000e-01 2.792811747744667e+00 9.673031751600235e-01
7.500000000000000e-01 2.863593362288260e+00 9.675078660224252e-01
7.550000000000000e-01 2.936164815901156e+00 9.678242406925348e-01
7.600000000000000e-01 3.010571468104263e+00 9.683500019723490e-01
7.650000000000000e-01 3.086859825477351e+00 9.691634039586524e-01
7.700000000000000e-01 3.165077570727174e+00 9.703132813997494e-01
7.750000000000000e-01 3.245273592490716e+00 9.718149225504397e-01
7.800000000000000e-01 3.327498015892184e+00 9.736507920546673e-01
7.850000000000000e-01 3.411802233872832e+00 9.757744083572203e-01
7.900000000000000e-01 3.498238939313234e+00 9.781157305978273e-01
7.950000000000000e-01 3.586862157968046e+00 9.805867989513299e-01
8.000000000000000e-01 3.677727282233856e+00 9.830870158547893e-01
8.050000000000000e-01 3.770891105771243e+00 9.855085592417178e-01
8.100000000000001e-01 3.866411859002656e+00 9.877437798229196e-01
8.150000000000001e-01 3.964349245508326e+00 9.896969245008037e-01
8.200000000000001e-01 4.064764479342956e+00 9.913007365096523e-01
8.250000000000001e-01 4.167720323296481e+00 9.925343439722805e-01
8.300000000000001e-01 4.273281128122877e+00 9.934347234904569e-01
8.350000000000000e-01 4.381512872761445e+00 9.940935720648567e-01
8.400000000000000e-01 4.492483205575838e+00 9.946364793563698e-01
8.450000000000000e-01 4.606261486636447e+00 9.951896495943331e-01
8.500000000000000e-01 4.722918831072739e+00 9.958460772175524e-01
8.550000000000000e-01 4.842528153522501e+00 9.966439745094402e-01
8.600000000000000e-01 4.965164213705875e+00 9.975649299474120e-01
8.650000000000000e-01 5.090903663152626e+00 9.985506763822417e-01
8.700000000000000e-01 5.219825093111814e+00 9.995297951609701e-01
8.750000000000000e-01 5.352009083673925e+00 1.000442726030731e+00
8.800000000000000e-01 5.487538254136007e+00 1.001256177615279e+00
8.850000000000000e-01 5.626497314641444e+00 1.001964431927874e+00
8.900000000000000e-01 5.768973119126561e+00 1.002581210104494e+00
8.950000000000000e-01 5.915054719607133e+00 1.003128525005452e+00
9.000000000000000e-01 6.064833421838831e+00 1.003627790493361e+00
9.050000000000000e-01 6.218402842386253e+00 1.004095311175368e+00
9.100000000000000e-01 6.375858967136348e+00 1.004541534967410e+00
9.150000000000000e-01 6.537300211292723e+00 1.004972304915525e+00
9.200000000000000e-01 6.702827480888332e+00 1.005390565082465e+00
9.250000000000000e-01 6.872544235855034e+00 1.005797718786666e+00
9.300000000000000e-01 7.046556554689444e+00 1.006194459387220e+00
9.350000000000001e-01 7.224973200755413e+00 1.006581190972984e+00
9.400000000000001e-01 7.407905690264673e+00 1.006958210577488e+00
9.450000000000001e-01 7.595468361978146e+00 1.007325776930285e+00
9.500000000000001e-01 7.787778448671316e+00 1.007684133356943e+00
9.550000000000001e-01 7.984956150408610e+00 1.008033514626379e+00
9.600000000000000e-01 8.187124709672272e+00 1.008374148868399e+00
9.650000000000000e-01 8.394410488393007e+00 1.008706258150428e+00
9.700000000000000e-01 8.606943046930221e+00 1.009030058727165e+00
9.750000000000000e-01 8.824855225051540e+00 1.009345761215968e+00
9.800000000000000e-01 9.048283224961922e+00 1.009653570754094e+00
9.850000000000000e-01 9.277366696434507e+00 1.009953687148981e+00
9.900000000000000e-01 9.512248824096272e+00 1.010246305023801e+00
9.950000000000000e-01 9.753076416923058e+00 1.010531613959659e+00
1.000000000000000e+00 1.000000000000000e+01 1.010809798644629e+00
