0.000000000000000e+00 0.000000000000000e+00 9.758681477958602e-01
5.000000000000000e-03 3.369477419287315e-03 9.758681478310871e-01
1.000000000000000e-02 6.741060871647481e-03 9.758681478550799e-01
1.500000000000000e-02 1.011685770649257e-02 9.758681478651144e-01
2.000000000000000e-02 1.349897790673588e-02 9.758681478729039e-01
2.500000000000000e-02 1.688953540759990e-02 9.758681478783422e-01
3.000000000000000e-02 2.029064941789469e-02 9.758681478825498e-01
3.500000000000000e-02 2.370444574459234e-02 9.758681478872857e-01
4.000000000000000e-02 2.713305812152553e-02 9.758681478914847e-01
4.500000000000000e-02 3.057862954304063e-02 9.758681478941768e-01
5.000000000000000e-02 3.404331360343898e-02 9.758681478967979e-01
5.500000000000000e-02 3.752927584304335e-02 9.758681478989530e-01
6.000000000000000e-02 4.103869510173117e-02 9.758681479022578e-01
6.500000000000000e-02 4.457376488078044e-02 9.758681479064197e-01
7.000000000000001e-02 4.813669471387935e-02 9.758681479105504e-01
7.500000000000000e-02 5.172971154815675e-02 9.758681479144848e-01
8.000000000000000e-02 5.535506113609672e-02 9.758681479188441e-01
8.500000000000001e-02 5.901500943920686e-02 9.758681479230743e-01
9.000000000000000e-02 6.271184404431801e-02 9.758681479270563e-01
9.500000000000000e-02 6.644787559340060e-02 9.758681479301782e-01
1.000000000000000e-01 7.022543922779090e-02 9.758681479331801e-01
1.050000000000000e-01 7.404689604773053e-02 9.758681479358198e-01
1.100000000000000e-01 7.791463458813094e-02 9.758681479380235e-01
1.150000000000000e-01 8.183107231148547e-02 9.758681479405856e-01
1.200000000000000e-01 8.579865711886202e-02 9.758681479432959e-01
1.250000000000000e-01 8.981986887992111e-02 9.758681479466619e-01
1.300000000000000e-01 9.389722098291493e-02 9.758681479521554e-01
1.350000000000000e-01 9.803326190563690e-02 9.758681479590940e-01
1.400000000000000e-01 1.022305768083033e-01 9.758681479641940e-01
1.450000000000000e-01 1.064917891493625e-01 9.758681479687834e-01
1.500000000000000e-01 1.108195623252418e-01 9.758681479744428e-01
1.550000000000000e-01 1.152166013350572e-01 9.758681479802416e-01
1.600000000000000e-01 1.196856544713255e-01 9.758681479878080e-01
1.650000000000000e-01 1.242295150377370e-01 9.758681479941785e-01
1.700000000000000e-01 1.288510230950609e-01 9.758681480007203e-01
1.750000000000000e-01 1.335530672362758e-01 9.758681480074333e-01
1.800000000000000e-01 1.383385863920344e-01 9.758681480146715e-01
1.850000000000000e-01 1.432105716675912e-01 9.758681480221039e-01
1.900000000000000e-01 1.481720682123397e-01 9.758681480308050e-01
1.950000000000000e-01 1.532261771231311e-01 9.758681480428428e-01
2.000000000000000e-01 1.583760573825595e-01 9.758681480553513e-01
2.050000000000000e-01 1.636249278334301e-01 9.758681480670129e-01
2.100000000000000e-01 1.689760691906397e-01 9.758681480794015e-01
2.150000000000000e-01 1.744328260917313e-01 9.758681480918320e-01
2.200000000000000e-01 1.799986091874004e-01 9.758681481024765e-01
2.250000000000000e-01 1.856768972732633e-01 9.758681481138607e-01
2.300000000000000e-01 1.914712394642179e-01 9.758681481269119e-01
2.350000000000000e-01 1.973852574127551e-01 9.758681481393311e-01
2.400000000000000e-01 2.034226475726105e-01 9.758681481521706e-01
2.450000000000000e-01 2.095871835091678e-01 9.758681481665646e-01
2.500000000000000e-01 2.158827182580599e-01 9.758681481827652e-01
2.550000000000000e-01 2.223131867334419e-01 9.758681481990791e-01
2.600000000000000e-01 2.288826081874405e-01 9.758681482162809e-01
2.650000000000000e-01 2.355950887223172e-01 9.758681482369723e-01
2.700000000000000e-01 2.424548238569160e-01 9.758681482557000e-01
2.750000000000000e-01 2.494661011489995e-01 9.758681482749323e-01
2.800000000000000e-01 2.566333028751116e-01 9.758681482968276e-01
2.850000000000000e-01 2.639609087696434e-01 9.758681483215168e-01
2.900000000000000e-01 2.714534988248126e-01 9.758681483472821e-01
2.950000000000000e-01 2.791157561533084e-01 9.758681483736983e-01
3.000000000000000e-01 2.869524699153886e-01 9.758681484018428e-01
3.050000000000000e-01 2.949685383122613e-01 9.758681484296666e-01
3.100000000000000e-01 3.031689716476197e-01 9.758681484574853e-01
3.150000000000000e-01 3.115588954592450e-01 9.758681484885420e-01
3.200000000000000e-01 3.201435537226349e-01 9.758681485208469e-01
3.250000000000000e-01 3.289283121286580e-01 9.758681485551219e-01
3.300000000000000e-01 3.379186614372866e-01 9.758681485910065e-01
3.350000000000000e-01 3.471202209094989e-01 9.758681486275822e-01
3.400000000000000e-01 3.565387418195016e-01 9.758681486683626e-01
3.450000000000000e-01 3.661801110494620e-01 9.758681487085206e-01
3.500000000000000e-01 3.760503547690021e-01 9.758681487526865e-01
3.550000000000000e-01 3.861556422017504e-01 9.758681488005496e-01
3.600000000000000e-01 3.965022894813072e-01 9.758681488486982e-01
3.650000000000000e-01 4.070967635990345e-01 9.758681488965174e-01
3.700000000000000e-01 4.179456864461349e-01 9.758681489490871e-01
3.750000000000000e-01 4.290558389525505e-01 9.758681490078666e-01
3.800000000000000e-01 4.404341653252637e-01 9.758681490694207e-01
3.850000000000000e-01 4.520877773886537e-01 9.758681491320988e-01
3.900000000000000e-01 4.640239590296172e-01 9.758681491976382e-01
3.950000000000000e-01 4.762501707502353e-01 9.758681492683712e-01
4.000000000000000e-01 4.887740543308307e-01 9.758681493379547e-01
4.050000000000000e-01 5.016034376063282e-01 9.758681494119310e-01
4.100000000000000e-01 5.147463393589066e-01 9.758681494906806e-01
4.150000000000000e-01 5.282109743299990e-01 9.758681495753958e-01
4.200000000000000e-01 5.420057583547735e-01 9.758681496658186e-01
4.250000000000000e-01 5.561393136223041e-01 9.758681497645300e-01
4.300000000000000e-01 5.706204740647189e-01 9.758681498661819e-01
4.350000000000000e-01 5.854582908786964e-01 9.758681499644194e-01
4.400000000000000e-01 6.006620381827575e-01 9.758681500693599e-01
4.450000000000000e-01 6.162412188138907e-01 9.758681501815423e-01
4.500000000000000e-01 6.322055702671360e-01 9.758681503035687e-01
4.550000000000000e-01 6.485650707818353e-01 9.758681504295781e-01
4.600000000000000e-01 6.653299455783577e-01 9.758681505631283e-01
4.650000000000000e-01 6.825106732491932e-01 9.758681507060069e-01
4.700000000000000e-01 7.001179923084168e-01 9.758681508529767e-01
4.750000000000000e-01 7.181629079036070e-01 9.758681510075863e-01
4.800000000000000e-01 7.366566986944229e-01 9.758681511667047e-01
4.850000000000000e-01 7.556109239021327e-01 9.758681513370443e-01
4.900000000000000e-01 7.750374305345038e-01 9.758681515180757e-01
4.950000000000000e-01 7.949483607905672e-01 9.758681517093846e-01
5.000000000000000e-01 8.153561596498893e-01 9.758681519107155e-01
5.050000000000000e-01 8.362735826510871e-01 9.758681521176138e-01
5.100000000000000e-01 8.577137038644561e-01 9.758681523353502e-01
5.150000000000000e-01 8.796899240636907e-01 9.758681525670294e-01
5.200000000000000e-01 9.022159791018011e-01 9.758681528132054e-01
5.250000000000000e-01 9.253059484964714e-01 9.758681530728049e-01
5.300000000000000e-01 9.489742642302165e-01 9.758681533433027e-01
5.350000000000000e-01 9.732357197708378e-01 9.758681536198351e-01
5.400000000000000e-01 9.981054793178262e-01 9.758681539180838e-01
5.450000000000000e-01 1.023599087280478e+00 9.758681542403426e-01
5.500000000000000e-01 1.049732477993657e+00 9.758681545670678e-01
5.550000000000000e-01 1.076521985677273e+00 9.758681549126156e-01
5.600000000000001e-01 1.103984354645701e+00 9.758681552799702e-01
5.650000000000001e-01 1.132136749773522e+00 9.758681556641521e-01
5.700000000000001e-01 1.160996767224129e+00 9.758681560695786e-01
5.750000000000001e-01 1.190582445447902e+00 9.758681564928970e-01
5.800000000000000e-01 1.220912276456826e+00 9.758681569424205e-01
5.850000000000000e-01 1.252005217382601e+00 9.758681574133603e-01
5.900000000000000e-01 1.283880702325469e+00 9.758681579074219e-01
5.950000000000000e-01 1.316558654501151e+00 9.758681584328631e-01
6.000000000000000e-01 1.350059498693518e+00 9.758681589810667e-01
6.050000000000000e-01 1.384404174020732e+00 9.758681595632304e-01
6.100000000000000e-01 1.419614147022888e+00 9.758681601793840e-01
6.150000000000000e-01 1.455711425079295e+00 9.758681608266701e-01
6.200000000000000e-01 1.492718570163803e+00 9.758681615217918e-01
6.250000000000000e-01 1.530658712946775e+00 9.758681622589467e-01
6.300000000000000e-01 1.569555567252506e+00 9.758681630490067e-01
6.350000000000000e-01 1.609433444881138e+00 9.758681639122362e-01
6.400000000000000e-01 1.650317270804325e+00 9.758681648486653e-01
6.450000000000000e-01 1.692232598744148e+00 9.758681658934958e-01
6.500000000000000e-01 1.735205627145031e+00 9.758681670854719e-01
6.550000000000000e-01 1.779263215548615e+00 9.758681684630730e-01
6.600000000000000e-01 1.824432901381847e+00 9.758681701329232e-01
6.650000000000000e-01 1.870742917168772e+00 9.758681722370980e-01
6.700000000000000e-01 1.918222208176775e+00 9.758681750018623e-01
6.750000000000000e-01 1.966900450508319e+00 9.758681788676992e-01
6.800000000000000e-01 2.016808069649473e+00 9.758681845606174e-01
6.850000000000001e-01 2.067976259486829e+00 9.758681933961096e-01
6.900000000000001e-01 2.120437001804702e+00 9.758682078049276e-01
6.950000000000001e-01 2.174223086274785e+00 9.758682321775916e-01
7.000000000000001e-01 2.229368130950753e+00 9.758682748842600e-01
7.050000000000000e-01 2.285906603280654e+00 9.758683515350164e-01
7.100000000000000e-01 2.343873841650178e+00 9.758684907632535e-01
7.150000000000000e-01 2.403306077470301e+00 9.758687473411332e-01
7.200000000000000e-01 2.464240457823092e+00 9.758692247332320e-01
7.250000000000000e-01 2.526715068679855e+00 9.758701109277279e-01
7.300000000000000e-01 2.590768958706095e+00 9.758717516452897e-01
7.350000000000000e-01 2.656442163668210e+00 9.758747906928510e-01
7.400000000000000e-01 2.723775731457148e+00 9.758803863990915e-01
7.450000000000000e-01 2.792811747744667e+00 9.758905485861746e-01
7.500000000000000e-01 2.863593362288260e+00 9.759087488721794e-01
7.550000000000000e-01 2.936164815901156e+00 9.759409498276093e-01
7.600000000000000e-01 3.010571468104263e+00 9.759969619202504e-01
7.650000000000000e-01 3.086859825477351e+00 9.760918550243861e-01
7.700000000000000e-01 3.165077570727174e+00 9.762473581438177e-01
7.750000000000000e-01 3.245273592490716e+00 9.764932330655177e-01
7.800000000000000e-01 3.327498015892184e+00 9.768670931432951e-01
7.850000000000000e-01 3.411802233872832e+00 9.774081239224206e-01
7.900000000000000e-01 3.498238939313234e+00 9.781394235862376e-01
7.950000000000000e-01 3.586862157968046e+00 9.790407095842139e-01
8.000000000000000e-01 3.677727282233856e+00 9.800274460792116e-01
8.050000000000000e-01 3.770891105771243e+00 9.809607230929765e-01
8.100000000000001e-01 3.866411859002656e+00 9.816979857587977e-01
8.150000000000001e-01 3.964349245508326e+00 9.821626752688171e-01
8.200000000000001e-01 4.064764479342956e+00 9.823909170239545e-01
8.250000000000001e-01 4.167720323296481e+00 9.825270544783158e-01
8.300000000000001e-01 4.273281128122877e+00 9.827731490178431e-01
8.350000000000000e-01 4.381512872761445e+00 9.833213380949075e-01
8.400000000000000e-01 4.492483205575838e+00 9.843000330256226e-01
8.450000000000000e-01 4.606261486636447e+00 9.857509350915356e-01
8.500000000000000e-01 4.722918831072739e+00 9.876339035874658e-01
8.550000000000000e-01 4.842528153522501e+00 9.898430334006062e-01
8.600000000000000e-01 4.965164213705875e+00 9.922199050247622e-01
8.650000000000000e-01 5.090903663152626e+00 9.945658561537412e-01
8.700000000000000e-01 5.219825093111814e+00 9.966682395852591e-01
8.750000000000000e-01 5.352009083673925e+00 9.983507051650731e-01
8.800000000000000e-01 5.487538254136007e+00 9.995345542255865e-01
8.850000000000000e-01 5.626497314641444e+00 1.000276121659617e+00
8.900000000000000e-01 5.768973119126561e+00 1.000747911670309e+00
8.950000000000000e-01 5.915054719607133e+00 1.001163763249347e+00
9.000000000000000e-01 6.064833421838831e+00 1.001687180872172e+00
9.050000000000000e-01 6.218402842386253e+00 1.002374598313289e+00
9.100000000000000e-01 6.375858967136348e+00 1.003180478439750e+00
9.150000000000000e-01 6.537300211292723e+00 1.004009497635874e+00
9.200000000000000e-01 6.702827480888332e+00 1.004775800546194e+00
9.250000000000000e-01 6.872544235855034e+00 1.005436136531084e+00
9.300000000000000e-01 7.046556554689444e+00 1.005989928147706e+00
9.350000000000001e-01 7.224973200755413e+00 1.006460598261151e+00
9.400000000000001e-01 7.407905690264673e+00 1.006876169782380e+00
9.450000000000001e-01 7.595468361978146e+00 1.007258468456105e+00
9.500000000000001e-01 7.787778448671316e+00 1.007620797906811e+00
9.550000000000001e-01 7.984956150408610e+00 1.007969934620451e+00
9.600000000000000e-01 8.187124709672272e+00 1.008308895276219e+00
9.650000000000000e-01 8.394410488393007e+00 1.008638929772021e+00
9.700000000000000e-01 8.606943046930221e+00 1.008960585000702e+00
9.750000000000000e-01 8.824855225051540e+00 1.009274166748170e+00
9.800000000000000e-01 9.048283224961922e+00 1.009579926050952e+00
9.850000000000000e-01 9.277366696434507e+00 1.009878299027213e+00
9.900000000000000e-01 9.512248824096272e+00 1.010171748464724e+00
9.950000000000000e-01 9.753076416923058e+00 1.010484177663356e+00
1.000000000000000e+00 1.000000000000000e+01 1.011066091985481e+00
