0.000000000000000e+00 0.000000000000000e+00 7.732909383600568e-01
5.000000000000000e-03 3.369477419287315e-03 7.732924064564163e-01
1.000000000000000e-02 6.741060871647481e-03 7.732963387733429e-01
1.500000000000000e-02 1.011685770649257e-02 7.733029286339712e-01
2.000000000000000e-02 1.349897790673588e-02 7.733121781886546e-01
2.500000000000000e-02 1.688953540759990e-02 7.733241033193007e-01
3.000000000000000e-02 2.029064941789469e-02 7.733387392813069e-01
3.500000000000000e-02 2.370444574459234e-02 7.733561256841738e-01
4.000000000000000e-02 2.713305812152553e-02 7.733763062853586e-01
4.500000000000000e-02 3.057862954304063e-02 7.733993312073265e-01
5.000000000000000e-02 3.404331360343898e-02 7.734252566330494e-01
5.500000000000000e-02 3.752927584304335e-02 7.734541484301403e-01
6.000000000000000e-02 4.103869510173117e-02 7.734860831450603e-01
6.500000000000000e-02 4.457376488078044e-02 7.735211418533328e-01
7.000000000000001e-02 4.813669471387935e-02 7.735594092742671e-01
7.500000000000000e-02 5.172971154815675e-02 7.736009817233691e-01
8.000000000000000e-02 5.535506113609672e-02 7.736459692781082e-01
8.500000000000001e-02 5.901500943920686e-02 7.736944873359186e-01
9.000000000000000e-02 6.271184404431801e-02 7.737466539545611e-01
9.500000000000000e-02 6.644787559340060e-02 7.738025993621034e-01
1.000000000000000e-01 7.022543922779090e-02 7.738624708051340e-01
1.050000000000000e-01 7.404689604773053e-02 7.739264236412625e-01
1.100000000000000e-01 7.791463458813094e-02 7.739946157875042e-01
1.150000000000000e-01 8.183107231148547e-02 7.740672164694369e-01
1.200000000000000e-01 8.579865711886202e-02 7.741444136228918e-01
1.250000000000000e-01 8.981986887992111e-02 7.742264083781137e-01
1.300000000000000e-01 9.389722098291493e-02 7.743134093774973e-01
1.350000000000000e-01 9.803326190563690e-02 7.744056350639934e-01
1.400000000000000e-01 1.022305768083033e-01 7.745033172762655e-01
1.450000000000000e-01 1.064917891493625e-01 7.746067056755289e-01
1.500000000000000e-01 1.108195623252418e-01 7.747160709721778e-01
1.550000000000000e-01 1.152166013350572e-01 7.748316969147380e-01
1.600000000000000e-01 1.196856544713255e-01 7.749538740812262e-01
1.650000000000000e-01 1.242295150377370e-01 7.750829098473987e-01
1.700000000000000e-01 1.288510230950609e-01 7.752191339679537e-01
1.750000000000000e-01 1.335530672362758e-01 7.753628968176861e-01
1.800000000000000e-01 1.383385863920344e-01 7.755145748646566e-01
1.850000000000000e-01 1.432105716675912e-01 7.756745644933402e-01
1.900000000000000e-01 1.481720682123397e-01 7.758432764693329e-01
1.950000000000000e-01 1.532261771231311e-01 7.760211450066805e-01
2.000000000000000e-01 1.583760573825595e-01 7.762086226681427e-01
2.050000000000000e-01 1.636249278334301e-01 7.764061883423986e-01
2.100000000000000e-01 1.689760691906397e-01 7.766143496188045e-01
2.150000000000000e-01 1.744328260917313e-01 7.768336412932689e-01
2.200000000000000e-01 1.799986091874004e-01 7.770646311164630e-01
2.250000000000000e-01 1.856768972732633e-01 7.773079162447186e-01
2.300000000000000e-01 1.914712394642179e-01 7.775641279732881e-01
2.350000000000000e-01 1.973852574127551e-01 7.778339307313429e-01
2.400000000000000e-01 2.034226475726105e-01 7.781180251703453e-01
2.450000000000000e-01 2.095871835091678e-01 7.784171491919082e-01
2.500000000000000e-01 2.158827182580599e-01 7.787320802626392e-01
2.550000000000000e-01 2.223131867334419e-01 7.790636372646804e-01
2.600000000000000e-01 2.288826081874405e-01 7.794126826761130e-01
2.650000000000000e-01 2.355950887223172e-01 7.797801247310370e-01
2.700000000000000e-01 2.424548238569160e-01 7.801669196985783e-01
2.750000000000000e-01 2.494661011489995e-01 7.805740742282029e-01
2.800000000000000e-01 2.566333028751116e-01 7.810026477775499e-01
2.850000000000000e-01 2.639609087696434e-01 7.814537551128444e-01
2.900000000000000e-01 2.714534988248126e-01 7.819285688776421e-01
2.950000000000000e-01 2.791157561533084e-01 7.824283222209435e-01
3.000000000000000e-01 2.869524699153886e-01 7.829543114737832e-01
3.050000000000000e-01 2.949685383122613e-01 7.835078988602197e-01
3.100000000000000e-01 3.031689716476197e-01 7.840905152252650e-01
3.150000000000000e-01 3.115588954592450e-01 7.847036627583237e-01
3.200000000000000e-01 3.201435537226349e-01 7.853489176861588e-01
3.250000000000000e-01 3.289283121286580e-01 7.860279329041906e-01
3.300000000000000e-01 3.379186614372866e-01 7.867424405089835e-01
3.350000000000000e-01 3.471202209094989e-01 7.874942541880141e-01
3.400000000000000e-01 3.565387418195016e-01 7.882852714151876e-01
3.450000000000000e-01 3.661801110494620e-01 7.891174753919725e-01
3.500000000000000e-01 3.760503547690021e-01 7.899929366644504e-01
3.550000000000000e-01 3.861556422017504e-01 7.909138143359227e-01
3.600000000000000e-01 3.965022894813072e-01 7.918823567829881e-01
3.650000000000000e-01 4.070967635990345e-01 7.929009017701758e-01
3.700000000000000e-01 4.179456864461349e-01 7.939718758443104e-01
3.750000000000000e-01 4.290558389525505e-01 7.950977928748731e-01
3.800000000000000e-01 4.404341653252637e-01 7.962812515908017e-01
3.850000000000000e-01 4.520877773886537e-01 7.975249319476480e-01
3.900000000000000e-01 4.640239590296172e-01 7.988315901420296e-01
3.950000000000000e-01 4.762501707502353e-01 8.002040520732392e-01
4.000000000000000e-01 4.887740543308307e-01 8.016452050351873e-01
4.050000000000000e-01 5.016034376063282e-01 8.031579874061697e-01
4.100000000000000e-01 5.147463393589066e-01 8.047453760900237e-01
4.150000000000000e-01 5.282109743299990e-01 8.064103714510299e-01
4.200000000000000e-01 5.420057583547735e-01 8.081559794775364e-01
4.250000000000000e-01 5.561393136223041e-01 8.099851909070945e-01
4.300000000000000e-01 5.706204740647189e-01 8.119009570504124e-01
4.350000000000000e-01 5.854582908786964e-01 8.139061620644397e-01
4.400000000000000e-01 6.006620381827575e-01 8.160035914483014e-01
4.450000000000000e-01 6.162412188138907e-01 8.181958965717168e-01
4.500000000000000e-01 6.322055702671360e-01 8.204855550961451e-01
4.550000000000000e-01 6.485650707818353e-01 8.228748272164196e-01
4.600000000000000e-01 6.653299455783577e-01 8.253657077371369e-01
4.650000000000000e-01 6.825106732491932e-01 8.279598741054685e-01
4.700000000000000e-01 7.001179923084168e-01 8.306586306517090e-01
4.750000000000000e-01 7.181629079036070e-01 8.334628494416240e-01
4.800000000000000e-01 7.366566986944229e-01 8.363729083202697e-01
4.850000000000000e-01 7.556109239021327e-01 8.393886269241613e-01
4.900000000000000e-01 7.750374305345038e-01 8.425092016545964e-01
4.950000000000000e-01 7.949483607905672e-01 8.457331408350330e-01
5.000000000000000e-01 8.153561596498893e-01 8.490582015130870e-01
5.050000000000000e-01 8.362735826510871e-01 8.524813296042194e-01
5.100000000000000e-01 8.577137038644561e-01 8.559986052985868e-01
5.150000000000000e-01 8.796899240636907e-01 8.596051958518268e-01
5.200000000000000e-01 9.022159791018011e-01 8.632953180399613e-01
5.250000000000000e-01 9.253059484964714e-01 8.670622126621619e-01
5.300000000000000e-01 9.489742642302165e-01 8.708981335064586e-01
5.350000000000000e-01 9.732357197708378e-01 8.747943531368000e-01
5.400000000000000e-01 9.981054793178262e-01 8.787411877012856e-01
5.450000000000000e-01 1.023599087280478e+00 8.827280426900057e-01
5.500000000000000e-01 1.049732477993657e+00 8.867434811802823e-01
5.550000000000000e-01 1.076521985677273e+00 8.907753155961441e-01
5.600000000000001e-01 1.103984354645701e+00 8.948107233826683e-01
5.650000000000001e-01 1.132136749773522e+00 8.988363862659130e-01
5.700000000000001e-01 1.160996767224129e+00 9.028386519532047e-01
5.750000000000001e-01 1.190582445447902e+00 9.068037162496196e-01
5.800000000000000e-01 1.220912276456826e+00 9.107178226519497e-01
5.850000000000000e-01 1.252005217382601e+00 9.145674755617436e-01
5.900000000000000e-01 1.283880702325469e+00 9.183396623667321e-01
5.950000000000000e-01 1.316558654501151e+00 9.220220788094367e-01
6.000000000000000e-01 1.350059498693518e+00 9.256033513295878e-01
6.050000000000000e-01 1.384404174020732e+00 9.290732494731566e-01
6.100000000000000e-01 1.419614147022888e+00 9.324228810504569e-01
6.150000000000000e-01 1.455711425079295e+00 9.356448625505840e-01
6.200000000000000e-01 1.492718570163803e+00 9.387334574375494e-01
6.250000000000000e-01 1.530658712946775e+00 9.416846754268280e-01
6.300000000000000e-01 1.569555567252506e+00 9.444963267291184e-01
6.350000000000000e-01 1.609433444881138e+00 9.471680265973287e-01
6.400000000000000e-01 1.650317270804325e+00 9.497011473424343e-01
6.450000000000000e-01 1.692232598744148e+00 9.520987172701538e-01
6.500000000000000e-01 1.735205627145031e+00 9.543652686520960e-01
6.550000000000000e-01 1.779263215548615e+00 9.565066397342509e-01
6.600000000000000e-01 1.824432901381847e+00 9.585297386883906e-01
6.650000000000000e-01 1.870742917168772e+00 9.604422800610234e-01
6.700000000000000e-01 1.918222208176775e+00 9.622525063769163e-01
6.750000000000000e-01 1.966900450508319e+00 9.639689088295540e-01
6.800000000000000e-01 2.016808069649473e+00 9.655999612172065e-01
6.850000000000001e-01 2.067976259486829e+00 9.671538803410989e-01
6.900000000000001e-01 2.120437001804702e+00 9.686384239884289e-01
6.950000000000001e-01 2.174223086274785e+00 9.700607345453816e-01
7.000000000000001e-01 2.229368130950753e+00 9.714272325319356e-01
7.050000000000000e-01 2.285906603280654e+00 9.727435603327925e-01
7.100000000000000e-01 2.343873841650178e+00 9.740145725738796e-01
7.150000000000000e-01 2.403306077470301e+00 9.752443663928987e-01
7.200000000000000e-01 2.464240457823092e+00 9.764363426121135e-01
7.250000000000000e-01 2.526715068679855e+00 9.775932877309753e-01
7.300000000000000e-01 2.590768958706095e+00 9.787174667300083e-01
7.350000000000000e-01 2.656442163668210e+00 9.798107177628466e-01
7.400000000000000e-01 2.723775731457148e+00 9.808745416280781e-01
7.450000000000000e-01 2.792811747744667e+00 9.819101811050164e-01
7.500000000000000e-01 2.863593362288260e+00 9.829186874552721e-01
7.550000000000000e-01 2.936164815901156e+00 9.839009733427746e-01
7.600000000000000e-01 3.010571468104263e+00 9.848578529174656e-01
7.650000000000000e-01 3.086859825477351e+00 9.857900707660053e-01
7.700000000000000e-01 3.165077570727174e+00 9.866983218833593e-01
7.750000000000000e-01 3.245273592490716e+00 9.875832648615839e-01
7.800000000000000e-01 3.327498015892184e+00 9.884455302604982e-01
7.850000000000000e-01 3.411802233872832e+00 9.892857257525389e-01
7.900000000000000e-01 3.498238939313234e+00 9.901044392290044e-01
7.950000000000000e-01 3.586862157968046e+00 9.909022406885355e-01
8.000000000000000e-01 3.677727282233856e+00 9.916796834364224e-01
8.050000000000000e-01 3.770891105771243e+00 9.924373049124959e-01
8.100000000000001e-01 3.866411859002656e+00 9.931756273261452e-01
8.150000000000001e-01 3.964349245508326e+00 9.938951581923366e-01
8.200000000000001e-01 4.064764479342956e+00 9.945963908148868e-01
8.250000000000001e-01 4.167720323296481e+00 9.952798047384730e-01
8.300000000000001e-01 4.273281128122877e+00 9.959458661789037e-01
8.350000000000000e-01 4.381512872761445e+00 9.965950284358314e-01
8.400000000000000e-01 4.492483205575838e+00 9.972277322898606e-01
8.450000000000000e-01 4.606261486636447e+00 9.978444063851443e-01
8.500000000000000e-01 4.722918831072739e+00 9.984454675982262e-01
8.550000000000000e-01 4.842528153522501e+00 9.990313213937733e-01
8.600000000000000e-01 4.965164213705875e+00 9.996023621677671e-01
8.650000000000000e-01 5.090903663152626e+00 1.000158973578700e+00
8.700000000000000e-01 5.219825093111814e+00 1.000701528867279e+00
8.750000000000000e-01 5.352009083673925e+00 1.001230391165135e+00
8.800000000000000e-01 5.487538254136007e+00 1.001745913792973e+00
8.850000000000000e-01 5.626497314641444e+00 1.002248440548621e+00
8.900000000000000e-01 5.768973119126561e+00 1.002738305985380e+00
8.950000000000000e-01 5.915054719607133e+00 1.003215835681066e+00
9.000000000000000e-01 6.064833421838831e+00 1.003681346498123e+00
9.050000000000000e-01 6.218402842386253e+00 1.004135146835161e+00
9.100000000000000e-01 6.375858967136348e+00 1.004577536870255e+00
9.150000000000000e-01 6.537300211292723e+00 1.005008808796324e+00
9.200000000000000e-01 6.702827480888332e+00 1.005429247048913e+00
9.250000000000000e-01 6.872544235855034e+00 1.005839128526642e+00
9.300000000000000e-01 7.046556554689444e+00 1.006238722804630e+00
9.350000000000001e-01 7.224973200755413e+00 1.006628292341134e+00
9.400000000000001e-01 7.407905690264673e+00 1.007008092677683e+00
9.450000000000001e-01 7.595468361978146e+00 1.007378372632921e+00
9.500000000000001e-01 7.787778448671316e+00 1.007739374490415e+00
9.550000000000001e-01 7.984956150408610e+00 1.008091334180629e+00
9.600000000000000e-01 8.187124709672272e+00 1.008434481457293e+00
9.650000000000000e-01 8.394410488393007e+00 1.008769040068354e+00
9.700000000000000e-01 8.606943046930221e+00 1.009095227921711e+00
9.750000000000000e-01 8.824855225051540e+00 1.009413257245919e+00
9.800000000000000e-01 9.048283224961922e+00 1.009723334746027e+00
9.850000000000000e-01 9.277366696434507e+00 1.010025661754743e+00
9.900000000000000e-01 9.512248824096272e+00 1.010320434379063e+00
9.950000000000000e-01 9.753076416923058e+00 1.010607843642537e+00
1.000000000000000e+00 1.000000000000000e+01 1.010888075623314e+00
