0.000000000000000e+00 0.000000000000000e+00 9.770086533648932e-01
5.000000000000000e-03 3.369477419287315e-03 9.770086533709187e-01
1.000000000000000e-02 6.741060871647481e-03 9.770086533991139e-01
1.500000000000000e-02 1.011685770649257e-02 9.770086534118615e-01
2.000000000000000e-02 1.349897790673588e-02 9.770086534189008e-01
2.500000000000000e-02 1.688953540759990e-02 9.770086534261575e-01
3.000000000000000e-02 2.029064941789469e-02 9.770086534299036e-01
3.500000000000000e-02 2.370444574459234e-02 9.770086534319602e-01
4.000000000000000e-02 2.713305812152553e-02 9.770086534336406e-01
4.500000000000000e-02 3.057862954304063e-02 9.770086534357810e-01
5.000000000000000e-02 3.404331360343898e-02 9.770086534385912e-01
5.500000000000000e-02 3.752927584304335e-02 9.770086534429456e-01
6.000000000000000e-02 4.103869510173117e-02 9.770086534478463e-01
6.500000000000000e-02 4.457376488078044e-02 9.770086534542661e-01
7.000000000000001e-02 4.813669471387935e-02 9.770086534583130e-01
7.500000000000000e-02 5.172971154815675e-02 9.770086534612230e-01
8.000000000000000e-02 5.535506113609672e-02 9.770086534651388e-01
8.500000000000001e-02 5.901500943920686e-02 9.770086534696737e-01
9.000000000000000e-02 6.271184404431801e-02 9.770086534728163e-01
9.500000000000000e-02 6.644787559340060e-02 9.770086534747405e-01
1.000000000000000e-01 7.022543922779090e-02 9.770086534767662e-01
1.050000000000000e-01 7.404689604773053e-02 9.770086534791093e-01
1.100000000000000e-01 7.791463458813094e-02 9.770086534819576e-01
1.150000000000000e-01 8.183107231148547e-02 9.770086534860604e-01
1.200000000000000e-01 8.579865711886202e-02 9.770086534899126e-01
1.250000000000000e-01 8.981986887992111e-02 9.770086534930769e-01
1.300000000000000e-01 9.389722098291493e-02 9.770086534970490e-01
1.350000000000000e-01 9.803326190563690e-02 9.770086535003019e-01
1.400000000000000e-01 1.022305768083033e-01 9.770086535035485e-01
1.450000000000000e-01 1.064917891493625e-01 9.770086535088792e-01
1.500000000000000e-01 1.108195623252418e-01 9.770086535135100e-01
1.550000000000000e-01 1.152166013350572e-01 9.770086535182917e-01
1.600000000000000e-01 1.196856544713255e-01 9.770086535239743e-01
1.650000000000000e-01 1.242295150377370e-01 9.770086535297507e-01
1.700000000000000e-01 1.288510230950609e-01 9.770086535361777e-01
1.750000000000000e-01 1.335530672362758e-01 9.770086535448150e-01
1.800000000000000e-01 1.383385863920344e-01 9.770086535530877e-01
1.850000000000000e-01 1.432105716675912e-01 9.770086535614972e-01
1.900000000000000e-01 1.481720682123397e-01 9.770086535696622e-01
1.950000000000000e-01 1.532261771231311e-01 9.770086535777422e-01
2.000000000000000e-01 1.583760573825595e-01 9.770086535874177e-01
2.050000000000000e-01 1.636249278334301e-01 9.770086535984850e-01
2.100000000000000e-01 1.689760691906397e-01 9.770086536102190e-01
2.150000000000000e-01 1.744328260917313e-01 9.770086536221116e-01
2.200000000000000e-01 1.799986091874004e-01 9.770086536341475e-01
2.250000000000000e-01 1.856768972732633e-01 9.770086536461381e-01
2.300000000000000e-01 1.914712394642179e-01 9.770086536573680e-01
2.350000000000000e-01 1.973852574127551e-01 9.770086536671320e-01
2.400000000000000e-01 2.034226475726105e-01 9.770086536782311e-01
2.450000000000000e-01 2.095871835091678e-01 9.770086536923926e-01
2.500000000000000e-01 2.158827182580599e-01 9.770086537061865e-01
2.550000000000000e-01 2.223131867334419e-01 9.770086537223364e-01
2.600000000000000e-01 2.288826081874405e-01 9.770086537397054e-01
2.650000000000000e-01 2.355950887223172e-01 9.770086537549530e-01
2.700000000000000e-01 2.424548238569160e-01 9.770086537727876e-01
2.750000000000000e-01 2.494661011489995e-01 9.770086537908352e-01
2.800000000000000e-01 2.566333028751116e-01 9.770086538094847e-01
2.850000000000000e-01 2.639609087696434e-01 9.770086538289207e-01
2.900000000000000e-01 2.714534988248126e-01 9.770086538519072e-01
2.950000000000000e-01 2.791157561533084e-01 9.770086538777841e-01
3.000000000000000e-01 2.869524699153886e-01 9.770086539042193e-01
3.050000000000000e-01 2.949685383122613e-01 9.770086539306777e-01
3.100000000000000e-01 3.031689716476197e-01 9.770086539552442e-01
3.150000000000000e-01 3.115588954592450e-01 9.770086539814480e-01
3.200000000000000e-01 3.201435537226349e-01 9.770086540118053e-01
3.250000000000000e-01 3.289283121286580e-01 9.770086540414726e-01
3.300000000000000e-01 3.379186614372866e-01 9.770086540728442e-01
3.350000000000000e-01 3.471202209094989e-01 9.770086541082865e-01
3.400000000000000e-01 3.565387418195016e-01 9.770086541439496e-01
3.450000000000000e-01 3.661801110494620e-01 9.770086541822596e-01
3.500000000000000e-01 3.760503547690021e-01 9.770086542208638e-01
3.550000000000000e-01 3.861556422017504e-01 9.770086542622342e-01
3.600000000000000e-01 3.965022894813072e-01 9.770086543073415e-01
3.650000000000000e-01 4.070967635990345e-01 9.770086543551181e-01
3.700000000000000e-01 4.179456864461349e-01 9.770086544030272e-01
3.750000000000000e-01 4.290558389525505e-01 9.770086544534310e-01
3.800000000000000e-01 4.404341653252637e-01 9.770086545073916e-01
3.850000000000000e-01 4.520877773886537e-01 9.770086545654707e-01
3.900000000000000e-01 4.640239590296172e-01 9.770086546260415e-01
3.950000000000000e-01 4.762501707502353e-01 9.770086546884971e-01
4.000000000000000e-01 4.887740543308307e-01 9.770086547562993e-01
4.050000000000000e-01 5.016034376063282e-01 9.770086548223452e-01
4.100000000000000e-01 5.147463393589066e-01 9.770086548920991e-01
4.150000000000000e-01 5.282109743299990e-01 9.770086549666503e-01
4.200000000000000e-01 5.420057583547735e-01 9.770086550467348e-01
4.250000000000000e-01 5.561393136223041e-01 9.770086551332191e-01
4.300000000000000e-01 5.706204740647189e-01 9.770086552279627e-01
4.350000000000000e-01 5.854582908786964e-01 9.770086553247689e-01
4.400000000000000e-01 6.006620381827575e-01 9.770086554181926e-01
4.450000000000000e-01 6.162412188138907e-01 9.770086555189041e-01
4.500000000000000e-01 6.322055702671360e-01 9.770086556270224e-01
4.550000000000000e-01 6.485650707818353e-01 9.770086557438591e-01
4.600000000000000e-01 6.653299455783577e-01 9.770086558644983e-01
4.650000000000000e-01 6.825106732491932e-01 9.770086559927451e-01
4.700000000000000e-01 7.001179923084168e-01 9.770086561288035e-01
4.750000000000000e-01 7.181629079036070e-01 9.770086562686189e-01
4.800000000000000e-01 7.366566986944229e-01 9.770086564162318e-01
4.850000000000000e-01 7.556109239021327e-01 9.770086565677962e-01
4.900000000000000e-01 7.750374305345038e-01 9.770086567310919e-01
4.950000000000000e-01 7.949483607905672e-01 9.770086569052809e-01
5.000000000000000e-01 8.153561596498893e-01 9.770086570888773e-01
5.050000000000000e-01 8.362735826510871e-01 9.770086572826164e-01
5.100000000000000e-01 8.577137038644561e-01 9.770086574816059e-01
5.150000000000000e-01 8.796899240636907e-01 9.770086576898102e-01
5.200000000000000e-01 9.022159791018011e-01 9.770086579116616e-01
5.250000000000000e-01 9.253059484964714e-01 9.770086581480245e-01
5.300000000000000e-01 9.489742642302165e-01 9.770086583966276e-01
5.350000000000000e-01 9.732357197708378e-01 9.770086586567815e-01
5.400000000000000e-01 9.981054793178262e-01 9.770086589250511e-01
5.450000000000000e-01 1.023599087280478e+00 9.770086592136861e-01
5.500000000000000e-01 1.049732477993657e+00 9.770086595229983e-01
5.550000000000000e-01 1.076521985677273e+00 9.770086598364290e-01
5.600000000000001e-01 1.103984354645701e+00 9.770086601702515e-01
5.650000000000001e-01 1.132136749773522e+00 9.770086605259021e-01
5.700000000000001e-01 1.160996767224129e+00 9.770086608970526e-01
5.750000000000001e-01 1.190582445447902e+00 9.770086612886935e-01
5.800000000000000e-01 1.220912276456826e+00 9.770086616980079e-01
5.850000000000000e-01 1.252005217382601e+00 9.770086621332587e-01
5.900000000000000e-01 1.283880702325469e+00 9.770086625893866e-01
5.950000000000000e-01 1.316558654501151e+00 9.770086630675578e-01
6.000000000000000e-01 1.350059498693518e+00 9.770086635760350e-01
6.050000000000000e-01 1.384404174020732e+00 9.770086641058496e-01
6.100000000000000e-01 1.419614147022888e+00 9.770086646674258e-01
6.150000000000000e-01 1.455711425079295e+00 9.770086652606759e-01
6.200000000000000e-01 1.492718570163803e+00 9.770086658814456e-01
6.250000000000000e-01 1.530658712946775e+00 9.770086665446295e-01
6.300000000000000e-01 1.569555567252506e+00 9.770086672432138e-01
6.350000000000000e-01 1.609433444881138e+00 9.770086679837702e-01
6.400000000000000e-01 1.650317270804325e+00 9.770086687813599e-01
6.450000000000000e-01 1.692232598744148e+00 9.770086696309171e-01
6.500000000000000e-01 1.735205627145031e+00 9.770086705543821e-01
6.550000000000000e-01 1.779263215548615e+00 9.770086715734746e-01
6.600000000000000e-01 1.824432901381847e+00 9.770086727042999e-01
6.650000000000000e-01 1.870742917168772e+00 9.770086740039619e-01
6.700000000000000e-01 1.918222208176775e+00 9.770086755405986e-01
6.750000000000000e-01 1.966900450508319e+00 9.770086774249306e-01
6.800000000000000e-01 2.016808069649473e+00 9.770086798684364e-01
6.850000000000001e-01 2.067976259486829e+00 9.770086832048122e-01
6.900000000000001e-01 2.120437001804702e+00 9.770086880741728e-01
6.950000000000001e-01 2.174223086274785e+00 9.770086956386432e-01
7.000000000000001e-01 2.229368130950753e+00 9.770087079628039e-01
7.050000000000000e-01 2.285906603280654e+00 9.770087292268327e-01
7.100000000000000e-01 2.343873841650178e+00 9.770087674384537e-01
7.150000000000000e-01 2.403306077470301e+00 9.770088372914482e-01
7.200000000000000e-01 2.464240457823092e+00 9.770089681483820e-01
7.250000000000000e-01 2.526715068679855e+00 9.770092185184465e-01
7.300000000000000e-01 2.590768958706095e+00 9.770096975479577e-01
7.350000000000000e-01 2.656442163668210e+00 9.770106113341946e-01
7.400000000000000e-01 2.723775731457148e+00 9.770123630135005e-01
7.450000000000000e-01 2.792811747744667e+00 9.770157157376992e-01
7.500000000000000e-01 2.863593362288260e+00 9.770220425075126e-01
7.550000000000000e-01 2.936164815901156e+00 9.770337960174568e-01
7.600000000000000e-01 3.010571468104263e+00 9.770553953810877e-01
7.650000000000000e-01 3.086859825477351e+00 9.770945448772623e-01
7.700000000000000e-01 3.165077570727174e+00 9.771637474584738e-01
7.750000000000000e-01 3.245273592490716e+00 9.772819388113023e-01
7.800000000000000e-01 3.327498015892184e+00 9.774765242886315e-01
7.850000000000000e-01 3.411802233872832e+00 9.777850019916399e-01
7.900000000000000e-01 3.498238939313234e+00 9.782518423728577e-01
7.950000000000000e-01 3.586862157968046e+00 9.789134752957754e-01
8.000000000000000e-01 3.677727282233856e+00 9.797690924786940e-01
8.050000000000000e-01 3.770891105771243e+00 9.807509142919147e-01
8.100000000000001e-01 3.866411859002656e+00 9.817225479162238e-01
8.150000000000001e-01 3.964349245508326e+00 9.825249574600509e-01
8.200000000000001e-01 4.064764479342956e+00 9.830533955649775e-01
8.250000000000001e-01 4.167720323296481e+00 9.833186175713866e-01
8.300000000000001e-01 4.273281128122877e+00 9.834539841143494e-01
8.350000000000000e-01 4.381512872761445e+00 9.836669425252675e-01
8.400000000000000e-01 4.492483205575838e+00 9.841647973139360e-01
8.450000000000000e-01 4.606261486636447e+00 9.850919765686087e-01
8.500000000000000e-01 4.722918831072739e+00 9.865014194427594e-01
8.550000000000000e-01 4.842528153522501e+00 9.883580200088812e-01
8.600000000000000e-01 4.965164213705875e+00 9.905548382099948e-01
8.650000000000000e-01 5.090903663152626e+00 9.929263217969567e-01
8.700000000000000e-01 5.219825093111814e+00 9.952617888797878e-01
8.750000000000000e-01 5.352009083673925e+00 9.973364644280501e-01
8.800000000000000e-01 5.487538254136007e+00 9.989694646272567e-01
8.850000000000000e-01 5.626497314641444e+00 1.000090753708045e+00
8.900000000000000e-01 5.768973119126561e+00 1.000776117425842e+00
8.950000000000000e-01 5.915054719607133e+00 1.001217195486843e+00
9.000000000000000e-01 6.064833421838831e+00 1.001633938233671e+00
9.050000000000000e-01 6.218402842386253e+00 1.002178484040864e+00
9.100000000000000e-01 6.375858967136348e+00 1.002886033241799e+00
9.150000000000000e-01 6.537300211292723e+00 1.003693539212311e+00
9.200000000000000e-01 6.702827480888332e+00 1.004501028577450e+00
9.250000000000000e-01 6.872544235855034e+00 1.005230066796986e+00
9.300000000000000e-01 7.046556554689444e+00 1.005849303757093e+00
9.350000000000001e-01 7.224973200755413e+00 1.006367208343138e+00
9.400000000000001e-01 7.407905690264673e+00 1.006810642167522e+00
9.450000000000001e-01 7.595468361978146e+00 1.007206786069758e+00
9.500000000000001e-01 7.787778448671316e+00 1.007574960826101e+00
9.550000000000001e-01 7.984956150408610e+00 1.007926149461322e+00
9.600000000000000e-01 8.187124709672272e+00 1.008265632329022e+00
9.650000000000000e-01 8.394410488393007e+00 1.008595662058662e+00
9.700000000000000e-01 8.606943046930221e+00 1.008917164620619e+00
9.750000000000000e-01 8.824855225051540e+00 1.009230580094167e+00
9.800000000000000e-01 9.048283224961922e+00 1.009536284953150e+00
9.850000000000000e-01 9.277366696434507e+00 1.009835575255466e+00
9.900000000000000e-01 9.512248824096272e+00 1.010139181933913e+00
9.950000000000000e-01 9.753076416923058e+00 1.010557396146713e+00
1.000000000000000e+00 1.000000000000000e+01 1.012253386407348e+00
