0.000000000000000e+00 0.000000000000000e+00 9.776530807378293e-01
5.000000000000000e-03 3.369477419287315e-03 9.776530807564244e-01
1.000000000000000e-02 6.741060871647481e-03 9.776530807646922e-01
1.500000000000000e-02 1.011685770649257e-02 9.776530807763408e-01
2.000000000000000e-02 1.349897790673588e-02 9.776530807828863e-01
2.500000000000000e-02 1.688953540759990e-02 9.776530807856745e-01
3.000000000000000e-02 2.029064941789469e-02 9.776530807877071e-01
3.500000000000000e-02 2.370444574459234e-02 9.776530807898354e-01
4.000000000000000e-02 2.713305812152553e-02 9.776530807911190e-01
4.500000000000000e-02 3.057862954304063e-02 9.776530807919901e-01
5.000000000000000e-02 3.404331360343898e-02 9.776530807931137e-01
5.500000000000000e-02 3.752927584304335e-02 9.776530807942775e-01
6.000000000000000e-02 4.103869510173117e-02 9.776530807949944e-01
6.500000000000000e-02 4.457376488078044e-02 9.776530807957154e-01
7.000000000000001e-02 4.813669471387935e-02 9.776530807974104e-01
7.500000000000000e-02 5.172971154815675e-02 9.776530807987972e-01
8.000000000000000e-02 5.535506113609672e-02 9.776530808003949e-01
8.500000000000001e-02 5.901500943920686e-02 9.776530808020765e-01
9.000000000000000e-02 6.271184404431801e-02 9.776530808040115e-01
9.500000000000000e-02 6.644787559340060e-02 9.776530808075000e-01
1.000000000000000e-01 7.022543922779090e-02 9.776530808106262e-01
1.050000000000000e-01 7.404689604773053e-02 9.776530808138938e-01
1.100000000000000e-01 7.791463458813094e-02 9.776530808200098e-01
1.150000000000000e-01 8.183107231148547e-02 9.776530808250435e-01
1.200000000000000e-01 8.579865711886202e-02 9.776530808292906e-01
1.250000000000000e-01 8.981986887992111e-02 9.776530808329432e-01
1.300000000000000e-01 9.389722098291493e-02 9.776530808378584e-01
1.350000000000000e-01 9.803326190563690e-02 9.776530808432277e-01
1.400000000000000e-01 1.022305768083033e-01 9.776530808485282e-01
1.450000000000000e-01 1.064917891493625e-01 9.776530808536952e-01
1.500000000000000e-01 1.108195623252418e-01 9.776530808591468e-01
1.550000000000000e-01 1.152166013350572e-01 9.776530808649476e-01
1.600000000000000e-01 1.196856544713255e-01 9.776530808717818e-01
1.650000000000000e-01 1.242295150377370e-01 9.776530808786603e-01
1.700000000000000e-01 1.288510230950609e-01 9.776530808844385e-01
1.750000000000000e-01 1.335530672362758e-01 9.776530808892542e-01
1.800000000000000e-01 1.383385863920344e-01 9.776530808951580e-01
1.850000000000000e-01 1.432105716675912e-01 9.776530809031325e-01
1.900000000000000e-01 1.481720682123397e-01 9.776530809108285e-01
1.950000000000000e-01 1.532261771231311e-01 9.776530809182475e-01
2.000000000000000e-01 1.583760573825595e-01 9.776530809253066e-01
2.050000000000000e-01 1.636249278334301e-01 9.776530809313663e-01
2.100000000000000e-01 1.689760691906397e-01 9.776530809392124e-01
2.150000000000000e-01 1.744328260917313e-01 9.776530809475428e-01
2.200000000000000e-01 1.799986091874004e-01 9.776530809561332e-01
2.250000000000000e-01 1.856768972732633e-01 9.776530809652785e-01
2.300000000000000e-01 1.914712394642179e-01 9.776530809759357e-01
2.350000000000000e-01 1.973852574127551e-01 9.776530809886698e-01
2.400000000000000e-01 2.034226475726105e-01 9.776530810029761e-01
2.450000000000000e-01 2.095871835091678e-01 9.776530810191822e-01
2.500000000000000e-01 2.158827182580599e-01 9.776530810342148e-01
2.550000000000000e-01 2.223131867334419e-01 9.776530810505687e-01
2.600000000000000e-01 2.288826081874405e-01 9.776530810663664e-01
2.650000000000000e-01 2.355950887223172e-01 9.776530810824244e-01
2.700000000000000e-01 2.424548238569160e-01 9.776530811001540e-01
2.750000000000000e-01 2.494661011489995e-01 9.776530811188540e-01
2.800000000000000e-01 2.566333028751116e-01 9.776530811381283e-01
2.850000000000000e-01 2.639609087696434e-01 9.776530811556651e-01
2.900000000000000e-01 2.714534988248126e-01 9.776530811738084e-01
2.950000000000000e-01 2.791157561533084e-01 9.776530811951984e-01
3.000000000000000e-01 2.869524699153886e-01 9.776530812152134e-01
3.050000000000000e-01 2.949685383122613e-01 9.776530812378048e-01
3.100000000000000e-01 3.031689716476197e-01 9.776530812626134e-01
3.150000000000000e-01 3.115588954592450e-01 9.776530812873552e-01
3.200000000000000e-01 3.201435537226349e-01 9.776530813136178e-01
3.250000000000000e-01 3.289283121286580e-01 9.776530813438483e-01
3.300000000000000e-01 3.379186614372866e-01 9.776530813792539e-01
3.350000000000000e-01 3.471202209094989e-01 9.776530814138189e-01
3.400000000000000e-01 3.565387418195016e-01 9.776530814480571e-01
3.450000000000000e-01 3.661801110494620e-01 9.776530814835633e-01
3.500000000000000e-01 3.760503547690021e-01 9.776530815204426e-01
3.550000000000000e-01 3.861556422017504e-01 9.776530815584586e-01
3.600000000000000e-01 3.965022894813072e-01 9.776530815985064e-01
3.650000000000000e-01 4.070967635990345e-01 9.776530816387540e-01
3.700000000000000e-01 4.179456864461349e-01 9.776530816830580e-01
3.750000000000000e-01 4.290558389525505e-01 9.776530817308918e-01
3.800000000000000e-01 4.404341653252637e-01 9.776530817828045e-01
3.850000000000000e-01 4.520877773886537e-01 9.776530818368655e-01
3.900000000000000e-01 4.640239590296172e-01 9.776530818926440e-01
3.950000000000000e-01 4.762501707502353e-01 9.776530819535878e-01
4.000000000000000e-01 4.887740543308307e-01 9.776530820158857e-01
4.050000000000000e-01 5.016034376063282e-01 9.776530820797644e-01
4.100000000000000e-01 5.147463393589066e-01 9.776530821471807e-01
4.150000000000000e-01 5.282109743299990e-01 9.776530822198422e-01
4.200000000000000e-01 5.420057583547735e-01 9.776530822944135e-01
4.250000000000000e-01 5.561393136223041e-01 9.776530823741159e-01
4.300000000000000e-01 5.706204740647189e-01 9.776530824581672e-01
4.350000000000000e-01 5.854582908786964e-01 9.776530825426470e-01
4.400000000000000e-01 6.006620381827575e-01 9.776530826327042e-01
4.450000000000000e-01 6.162412188138907e-01 9.776530827335013e-01
4.500000000000000e-01 6.322055702671360e-01 9.776530828411270e-01
4.550000000000000e-01 6.485650707818353e-01 9.776530829484057e-01
4.600000000000000e-01 6.653299455783577e-01 9.776530830584075e-01
4.650000000000000e-01 6.825106732491932e-01 9.776530831755474e-01
4.700000000000000e-01 7.001179923084168e-01 9.776530833007581e-01
4.750000000000000e-01 7.181629079036070e-01 9.776530834336069e-01
4.800000000000000e-01 7.366566986944229e-01 9.776530835745018e-01
4.850000000000000e-01 7.556109239021327e-01 9.776530837224428e-01
4.900000000000000e-01 7.750374305345038e-01 9.776530838774853e-01
4.950000000000000e-01 7.949483607905672e-01 9.776530840367371e-01
5.000000000000000e-01 8.153561596498893e-01 9.776530842046574e-01
5.050000000000000e-01 8.362735826510871e-01 9.776530843837206e-01
5.100000000000000e-01 8.577137038644561e-01 9.776530845729630e-01
5.150000000000000e-01 8.796899240636907e-01 9.776530847775317e-01
5.200000000000000e-01 9.022159791018011e-01 9.776530849863291e-01
5.250000000000000e-01 9.253059484964714e-01 9.776530852046948e-01
5.300000000000000e-01 9.489742642302165e-01 9.776530854361096e-01
5.350000000000000e-01 9.732357197708378e-01 9.776530856783243e-01
5.400000000000000e-01 9.981054793178262e-01 9.776530859420515e-01
5.450000000000000e-01 1.023599087280478e+00 9.776530862120293e-01
5.500000000000000e-01 1.049732477993657e+00 9.776530864924817e-01
5.550000000000000e-01 1.076521985677273e+00 9.776530867959766e-01
5.600000000000001e-01 1.103984354645701e+00 9.776530871147351e-01
5.650000000000001e-01 1.132136749773522e+00 9.776530874472926e-01
5.700000000000001e-01 1.160996767224129e+00 9.776530877952009e-01
5.750000000000001e-01 1.190582445447902e+00 9.776530881674437e-01
5.800000000000000e-01 1.220912276456826e+00 9.776530885577617e-01
5.850000000000000e-01 1.252005217382601e+00 9.776530889650989e-01
5.900000000000000e-01 1.283880702325469e+00 9.776530893993468e-01
5.950000000000000e-01 1.316558654501151e+00 9.776530898521034e-01
6.000000000000000e-01 1.350059498693518e+00 9.776530903311159e-01
6.050000000000000e-01 1.384404174020732e+00 9.776530908368697e-01
6.100000000000000e-01 1.419614147022888e+00 9.776530913649824e-01
6.150000000000000e-01 1.455711425079295e+00 9.776530919274894e-01
6.200000000000000e-01 1.492718570163803e+00 9.776530925165193e-01
6.250000000000000e-01 1.530658712946775e+00 9.776530931371228e-01
6.300000000000000e-01 1.569555567252506e+00 9.776530937977412e-01
6.350000000000000e-01 1.609433444881138e+00 9.776530944895113e-01
6.400000000000000e-01 1.650317270804325e+00 9.776530952265441e-01
6.450000000000000e-01 1.692232598744148e+00 9.776530960125086e-01
6.500000000000000e-01 1.735205627145031e+00 9.776530968463888e-01
6.550000000000000e-01 1.779263215548615e+00 9.776530977504253e-01
6.600000000000000e-01 1.824432901381847e+00 9.776530987323027e-01
6.650000000000000e-01 1.870742917168772e+00 9.776530998125669e-01
6.700000000000000e-01 1.918222208176775e+00 9.776531010345830e-01
6.750000000000000e-01 1.966900450508319e+00 9.776531024446087e-01
6.800000000000000e-01 2.016808069649473e+00 9.776531041422757e-01
6.850000000000001e-01 2.067976259486829e+00 9.776531062799532e-01
6.900000000000001e-01 2.120437001804702e+00 9.776531091146921e-01
6.950000000000001e-01 2.174223086274785e+00 9.776531131769139e-01
7.000000000000001e-01 2.229368130950753e+00 9.776531193397675e-01
7.050000000000000e-01 2.285906603280654e+00 9.776531292395531e-01
7.100000000000000e-01 2.343873841650178e+00 9.776531463763405e-01
7.150000000000000e-01 2.403306077470301e+00 9.776531772290180e-01
7.200000000000000e-01 2.464240457823092e+00 9.776532339380890e-01
7.250000000000000e-01 2.526715068679855e+00 9.776533421254406e-01
7.300000000000000e-01 2.590768958706095e+00 9.776535531935115e-01
7.350000000000000e-01 2.656442163668210e+00 9.776539634188778e-01
7.400000000000000e-01 2.723775731457148e+00 9.776547612023371e-01
7.450000000000000e-01 2.792811747744667e+00 9.776563268944140e-01
7.500000000000000e-01 2.863593362288260e+00 9.776593886200109e-01
7.550000000000000e-01 2.936164815901156e+00 9.776652722555108e-01
7.600000000000000e-01 3.010571468104263e+00 9.776764096579303e-01
7.650000000000000e-01 3.086859825477351e+00 9.776973034537979e-01
7.700000000000000e-01 3.165077570727174e+00 9.777359164539375e-01
7.750000000000000e-01 3.245273592490716e+00 9.778052486878893e-01
7.800000000000000e-01 3.327498015892184e+00 9.779252004106675e-01
7.850000000000000e-01 3.411802233872832e+00 9.781251361436745e-01
7.900000000000000e-01 3.498238939313234e+00 9.784458157323722e-01
7.950000000000000e-01 3.586862157968046e+00 9.789350069485996e-01
8.000000000000000e-01 3.677727282233856e+00 9.796285946079871e-01
8.050000000000000e-01 3.770891105771243e+00 9.805167033451269e-01
8.100000000000001e-01 3.866411859002656e+00 9.815141273665157e-01
8.150000000000001e-01 3.964349245508326e+00 9.824680135920689e-01
8.200000000000001e-01 4.064764479342956e+00 9.832175791308451e-01
8.250000000000001e-01 4.167720323296481e+00 9.836774546805757e-01
8.300000000000001e-01 4.273281128122877e+00 9.838915356485520e-01
8.350000000000000e-01 4.381512872761445e+00 9.840240685227150e-01
8.400000000000000e-01 4.492483205575838e+00 9.842968180752472e-01
8.450000000000000e-01 4.606261486636447e+00 9.849098684795082e-01
8.500000000000000e-01 4.722918831072739e+00 9.859846281414135e-01
8.550000000000000e-01 4.842528153522501e+00 9.875458639243752e-01
8.600000000000000e-01 4.965164213705875e+00 9.895319287209735e-01
8.650000000000000e-01 5.090903663152626e+00 9.918107320272543e-01
8.700000000000000e-01 5.219825093111814e+00 9.941916413957936e-01
8.750000000000000e-01 5.352009083673925e+00 9.964450974960640e-01
8.800000000000000e-01 5.487538254136007e+00 9.983482018730011e-01
8.850000000000000e-01 5.626497314641444e+00 9.997549465456665e-01
8.900000000000000e-01 5.768973119126561e+00 1.000658131587787e+00
8.950000000000000e-01 5.915054719607133e+00 1.001197653181614e+00
9.000000000000000e-01 6.064833421838831e+00 1.001596761355707e+00
9.050000000000000e-01 6.218402842386253e+00 1.002057828239162e+00
9.100000000000000e-01 6.375858967136348e+00 1.002679746835318e+00
9.150000000000000e-01 6.537300211292723e+00 1.003442329900500e+00
9.200000000000000e-01 6.702827480888332e+00 1.004253869775645e+00
9.250000000000000e-01 6.872544235855034e+00 1.005018909384578e+00
9.300000000000000e-01 7.046556554689444e+00 1.005682699241907e+00
9.350000000000001e-01 7.224973200755413e+00 1.006237683911340e+00
9.400000000000001e-01 7.407905690264673e+00 1.006705366805116e+00
9.450000000000001e-01 7.595468361978146e+00 1.007114636856429e+00
9.500000000000001e-01 7.787778448671316e+00 1.007488812796084e+00
9.550000000000001e-01 7.984956150408610e+00 1.007842310040547e+00
9.600000000000000e-01 8.187124709672272e+00 1.008182495827133e+00
9.650000000000000e-01 8.394410488393007e+00 1.008512635334312e+00
9.700000000000000e-01 8.606943046930221e+00 1.008834068251448e+00
9.750000000000000e-01 8.824855225051540e+00 1.009147400227701e+00
9.800000000000000e-01 9.048283224961922e+00 1.009453241305424e+00
9.850000000000000e-01 9.277366696434507e+00 1.009754709594014e+00
9.900000000000000e-01 9.512248824096272e+00 1.010080142264759e+00
9.950000000000000e-01 9.753076416923058e+00 1.010723867059248e+00
1.000000000000000e+00 1.000000000000000e+01 1.014797889482468e+00
