0.000000000000000e+00 0.000000000000000e+00 8.744064067407141e-01
5.000000000000000e-03 3.369477419287315e-03 8.744072401593289e-01
1.000000000000000e-02 6.741060871647481e-03 8.744094732863291e-01
1.500000000000000e-02 1.011685770649257e-02 8.744132169258896e-01
2.000000000000000e-02 1.349897790673588e-02 8.744184660940848e-01
2.500000000000000e-02 1.688953540759990e-02 8.744252258309617e-01
3.000000000000000e-02 2.029064941789469e-02 8.744335250800737e-01
3.500000000000000e-02 2.370444574459234e-02 8.744433825910398e-01
4.000000000000000e-02 2.713305812152553e-02 8.744548166877361e-01
4.500000000000000e-02 3.057862954304063e-02 8.744678601860034e-01
5.000000000000000e-02 3.404331360343898e-02 8.744825421723411e-01
5.500000000000000e-02 3.752927584304335e-02 8.744988986605201e-01
6.000000000000000e-02 4.103869510173117e-02 8.745169748490468e-01
6.500000000000000e-02 4.457376488078044e-02 8.745368170407776e-01
7.000000000000001e-02 4.813669471387935e-02 8.745584712234097e-01
7.500000000000000e-02 5.172971154815675e-02 8.745819858157539e-01
8.000000000000000e-02 5.535506113609672e-02 8.746074191531104e-01
8.500000000000001e-02 5.901500943920686e-02 8.746348372183821e-01
9.000000000000000e-02 6.271184404431801e-02 8.746643019886807e-01
9.500000000000000e-02 6.644787559340060e-02 8.746958843456958e-01
1.000000000000000e-01 7.022543922779090e-02 8.747296635822902e-01
1.050000000000000e-01 7.404689604773053e-02 8.747657205470644e-01
1.100000000000000e-01 7.791463458813094e-02 8.748041474648836e-01
1.150000000000000e-01 8.183107231148547e-02 8.748450386730099e-01
1.200000000000000e-01 8.579865711886202e-02 8.748884872969859e-01
1.250000000000000e-01 8.981986887992111e-02 8.749345987188305e-01
1.300000000000000e-01 9.389722098291493e-02 8.749834899148622e-01
1.350000000000000e-01 9.803326190563690e-02 8.750352770883306e-01
1.400000000000000e-01 1.022305768083033e-01 8.750900774461996e-01
1.450000000000000e-01 1.064917891493625e-01 8.751480198630148e-01
1.500000000000000e-01 1.108195623252418e-01 8.752092481808514e-01
1.550000000000000e-01 1.152166013350572e-01 8.752739121246106e-01
1.600000000000000e-01 1.196856544713255e-01 8.753421616936168e-01
1.650000000000000e-01 1.242295150377370e-01 8.754141586730280e-01
1.700000000000000e-01 1.288510230950609e-01 8.754900767517230e-01
1.750000000000000e-01 1.335530672362758e-01 8.755700874519148e-01
1.800000000000000e-01 1.383385863920344e-01 8.756543780032634e-01
1.850000000000000e-01 1.432105716675912e-01 8.757431492522619e-01
1.900000000000000e-01 1.481720682123397e-01 8.758366038124402e-01
1.950000000000000e-01 1.532261771231311e-01 8.759349583349193e-01
2.000000000000000e-01 1.583760573825595e-01 8.760384414330662e-01
2.050000000000000e-01 1.636249278334301e-01 8.761472852942531e-01
2.100000000000000e-01 1.689760691906397e-01 8.762617332575149e-01
2.150000000000000e-01 1.744328260917313e-01 8.763820496314940e-01
2.200000000000000e-01 1.799986091874004e-01 8.765085035283890e-01
2.250000000000000e-01 1.856768972732633e-01 8.766413750698976e-01
2.300000000000000e-01 1.914712394642179e-01 8.767809481931986e-01
2.350000000000000e-01 1.973852574127551e-01 8.769275236211959e-01
2.400000000000000e-01 2.034226475726105e-01 8.770814229189233e-01
2.450000000000000e-01 2.095871835091678e-01 8.772429693618140e-01
2.500000000000000e-01 2.158827182580599e-01 8.774125085443477e-01
2.550000000000000e-01 2.223131867334419e-01 8.775903854686249e-01
2.600000000000000e-01 2.288826081874405e-01 8.777769616731304e-01
2.650000000000000e-01 2.355950887223172e-01 8.779726098698671e-01
2.700000000000000e-01 2.424548238569160e-01 8.781777085990660e-01
2.750000000000000e-01 2.494661011489995e-01 8.783926595699888e-01
2.800000000000000e-01 2.566333028751116e-01 8.786178609129293e-01
2.850000000000000e-01 2.639609087696434e-01 8.788537317895309e-01
2.900000000000000e-01 2.714534988248126e-01 8.791006827380594e-01
2.950000000000000e-01 2.791157561533084e-01 8.793591323265649e-01
3.000000000000000e-01 2.869524699153886e-01 8.796295216723833e-01
3.050000000000000e-01 2.949685383122613e-01 8.799122734938715e-01
3.100000000000000e-01 3.031689716476197e-01 8.802078298546344e-01
3.150000000000000e-01 3.115588954592450e-01 8.805166167428279e-01
3.200000000000000e-01 3.201435537226349e-01 8.808390390527376e-01
3.250000000000000e-01 3.289283121286580e-01 8.811755147792674e-01
3.300000000000000e-01 3.379186614372866e-01 8.815264495866912e-01
3.350000000000000e-01 3.471202209094989e-01 8.818922177595560e-01
3.400000000000000e-01 3.565387418195016e-01 8.822731597927936e-01
3.450000000000000e-01 3.661801110494620e-01 8.826696054126123e-01
3.500000000000000e-01 3.760503547690021e-01 8.830818342005204e-01
3.550000000000000e-01 3.861556422017504e-01 8.835100712598355e-01
3.600000000000000e-01 3.965022894813072e-01 8.839545047363185e-01
3.650000000000000e-01 4.070967635990345e-01 8.844152391212304e-01
3.700000000000000e-01 4.179456864461349e-01 8.848923118278970e-01
3.750000000000000e-01 4.290558389525505e-01 8.853856722358820e-01
3.800000000000000e-01 4.404341653252637e-01 8.858951591915425e-01
3.850000000000000e-01 4.520877773886537e-01 8.864205146797324e-01
3.900000000000000e-01 4.640239590296172e-01 8.869613362480671e-01
3.950000000000000e-01 4.762501707502353e-01 8.875170866808429e-01
4.000000000000000e-01 4.887740543308307e-01 8.880870800126264e-01
4.050000000000000e-01 5.016034376063282e-01 8.886704420360120e-01
4.100000000000000e-01 5.147463393589066e-01 8.892661349476209e-01
4.150000000000000e-01 5.282109743299990e-01 8.898729178544296e-01
4.200000000000000e-01 5.420057583547735e-01 8.904893375662822e-01
4.250000000000000e-01 5.561393136223041e-01 8.911137510895933e-01
4.300000000000000e-01 5.706204740647189e-01 8.917442840017523e-01
4.350000000000000e-01 5.854582908786964e-01 8.923788578553434e-01
4.400000000000000e-01 6.006620381827575e-01 8.930152104993508e-01
4.450000000000000e-01 6.162412188138907e-01 8.936508789300593e-01
4.500000000000000e-01 6.322055702671360e-01 8.942832637010411e-01
4.550000000000000e-01 6.485650707818353e-01 8.949096632537621e-01
4.600000000000000e-01 6.653299455783577e-01 8.955273003220000e-01
4.650000000000000e-01 6.825106732491932e-01 8.961334278802562e-01
4.700000000000000e-01 7.001179923084168e-01 8.967253987677611e-01
4.750000000000000e-01 7.181629079036070e-01 8.973007454952294e-01
4.800000000000000e-01 7.366566986944229e-01 8.978573288321019e-01
4.850000000000000e-01 7.556109239021327e-01 8.983934524350419e-01
4.900000000000000e-01 7.750374305345038e-01 8.989079862682946e-01
4.950000000000000e-01 7.949483607905672e-01 8.994005415936772e-01
5.000000000000000e-01 8.153561596498893e-01 8.998716131115720e-01
5.050000000000000e-01 8.362735826510871e-01 9.003227114122020e-01
5.100000000000000e-01 8.577137038644561e-01 9.007565145685735e-01
5.150000000000000e-01 8.796899240636907e-01 9.011769797353972e-01
5.200000000000000e-01 9.022159791018011e-01 9.015894209383766e-01
5.250000000000000e-01 9.253059484964714e-01 9.020005659397752e-01
5.300000000000000e-01 9.489742642302165e-01 9.024185548062130e-01
5.350000000000000e-01 9.732357197708378e-01 9.028528914127313e-01
5.400000000000000e-01 9.981054793178262e-01 9.033143521719803e-01
5.450000000000000e-01 1.023599087280478e+00 9.038148143068163e-01
5.500000000000000e-01 1.049732477993657e+00 9.043670332240407e-01
5.550000000000000e-01 1.076521985677273e+00 9.049844069312460e-01
5.600000000000001e-01 1.103984354645701e+00 9.056806776437920e-01
5.650000000000001e-01 1.132136749773522e+00 9.064695611783207e-01
5.700000000000001e-01 1.160996767224129e+00 9.073643936658808e-01
5.750000000000001e-01 1.190582445447902e+00 9.083778160870876e-01
5.800000000000000e-01 1.220912276456826e+00 9.095214203632124e-01
5.850000000000000e-01 1.252005217382601e+00 9.108053592752420e-01
5.900000000000000e-01 1.283880702325469e+00 9.122380210233113e-01
5.950000000000000e-01 1.316558654501151e+00 9.138257992786294e-01
6.000000000000000e-01 1.350059498693518e+00 9.155728815547688e-01
6.050000000000000e-01 1.384404174020732e+00 9.174810095519405e-01
6.100000000000000e-01 1.419614147022888e+00 9.195492649313628e-01
6.150000000000000e-01 1.455711425079295e+00 9.217739471912388e-01
6.200000000000000e-01 1.492718570163803e+00 9.241485345467170e-01
6.250000000000000e-01 1.530658712946775e+00 9.266636646989455e-01
6.300000000000000e-01 1.569555567252506e+00 9.293070993347028e-01
6.350000000000000e-01 1.609433444881138e+00 9.320636929748046e-01
6.400000000000000e-01 1.650317270804325e+00 9.349154050726551e-01
6.450000000000000e-01 1.692232598744148e+00 9.378413779771051e-01
6.500000000000000e-01 1.735205627145031e+00 9.408180848612951e-01
6.550000000000000e-01 1.779263215548615e+00 9.438195471026608e-01
6.600000000000000e-01 1.824432901381847e+00 9.468176353130079e-01
6.650000000000000e-01 1.870742917168772e+00 9.497824851600025e-01
6.700000000000000e-01 1.918222208176775e+00 9.526830698194336e-01
6.750000000000000e-01 1.966900450508319e+00 9.554879755487288e-01
6.800000000000000e-01 2.016808069649473e+00 9.581664223857698e-01
6.850000000000001e-01 2.067976259486829e+00 9.606895591085161e-01
6.900000000000001e-01 2.120437001804702e+00 9.630320346966617e-01
6.950000000000001e-01 2.174223086274785e+00 9.651738029946424e-01
7.000000000000001e-01 2.229368130950753e+00 9.671020502994145e-01
7.050000000000000e-01 2.285906603280654e+00 9.688130508328370e-01
7.100000000000000e-01 2.343873841650178e+00 9.703136671827366e-01
7.150000000000000e-01 2.403306077470301e+00 9.716221487038752e-01
7.200000000000000e-01 2.464240457823092e+00 9.727678760535556e-01
7.250000000000000e-01 2.526715068679855e+00 9.737897864543753e-01
7.300000000000000e-01 2.590768958706095e+00 9.747334033015645e-01
7.350000000000000e-01 2.656442163668210e+00 9.756466615900882e-01
7.400000000000000e-01 2.723775731457148e+00 9.765750067763036e-01
7.450000000000000e-01 2.792811747744667e+00 9.775564682246515e-01
7.500000000000000e-01 2.863593362288260e+00 9.786174974425860e-01
7.550000000000000e-01 2.936164815901156e+00 9.797702809035249e-01
7.600000000000000e-01 3.010571468104263e+00 9.810120012726582e-01
7.650000000000000e-01 3.086859825477351e+00 9.823261832680240e-01
7.700000000000000e-01 3.165077570727174e+00 9.836858938195541e-01
7.750000000000000e-01 3.245273592490716e+00 9.850582414415584e-01
7.800000000000000e-01 3.327498015892184e+00 9.864093953020592e-01
7.850000000000000e-01 3.411802233872832e+00 9.877092638998572e-01
7.900000000000000e-01 3.498238939313234e+00 9.889350612658812e-01
7.950000000000000e-01 3.586862157968046e+00 9.900732400650324e-01
8.000000000000000e-01 3.677727282233856e+00 9.911196381308506e-01
8.050000000000000e-01 3.770891105771243e+00 9.920780772229600e-01
8.100000000000001e-01 3.866411859002656e+00 9.929579600818640e-01
8.150000000000001e-01 3.964349245508326e+00 9.937715465181297e-01
8.200000000000001e-01 4.064764479342956e+00 9.945315249105858e-01
8.250000000000001e-01 4.167720323296481e+00 9.952492785860882e-01
8.300000000000001e-01 4.273281128122877e+00 9.959339725102184e-01
8.350000000000000e-01 4.381512872761445e+00 9.965923532555188e-01
8.400000000000000e-01 4.492483205575838e+00 9.972290254733106e-01
8.450000000000000e-01 4.606261486636447e+00 9.978469488380752e-01
8.500000000000000e-01 4.722918831072739e+00 9.984479570489352e-01
8.550000000000000e-01 4.842528153522501e+00 9.990331867162640e-01
8.600000000000000e-01 4.965164213705875e+00 9.996033800765487e-01
8.650000000000000e-01 5.090903663152626e+00 1.000159073191866e+00
8.700000000000000e-01 5.219825093111814e+00 1.000700700614800e+00
8.750000000000000e-01 5.352009083673925e+00 1.001228647935171e+00
8.800000000000000e-01 5.487538254136007e+00 1.001743275763111e+00
8.850000000000000e-01 5.626497314641444e+00 1.002244929770352e+00
8.900000000000000e-01 5.768973119126561e+00 1.002733944622111e+00
8.950000000000000e-01 5.915054719607133e+00 1.003210645492080e+00
9.000000000000000e-01 6.064833421838831e+00 1.003675348709319e+00
9.050000000000000e-01 6.218402842386253e+00 1.004128362118915e+00
9.100000000000000e-01 6.375858967136348e+00 1.004569985353024e+00
9.150000000000000e-01 6.537300211292723e+00 1.005000510072398e+00
9.200000000000000e-01 6.702827480888332e+00 1.005420220195083e+00
9.250000000000000e-01 6.872544235855034e+00 1.005829392116684e+00
9.300000000000000e-01 7.046556554689444e+00 1.006228294923381e+00
9.350000000000001e-01 7.224973200755413e+00 1.006617190598142e+00
9.400000000000001e-01 7.407905690264673e+00 1.006996334220429e+00
9.450000000000001e-01 7.595468361978146e+00 1.007365974159647e+00
9.500000000000001e-01 7.787778448671316e+00 1.007726352262547e+00
9.550000000000001e-01 7.984956150408610e+00 1.008077704034835e+00
9.600000000000000e-01 8.187124709672272e+00 1.008420258817166e+00
9.650000000000000e-01 8.394410488393007e+00 1.008754239955749e+00
9.700000000000000e-01 8.606943046930221e+00 1.009079864967739e+00
9.750000000000000e-01 8.824855225051540e+00 1.009397345701614e+00
9.800000000000000e-01 9.048283224961922e+00 1.009706888492698e+00
9.850000000000000e-01 9.277366696434507e+00 1.010008694314017e+00
9.900000000000000e-01 9.512248824096272e+00 1.010302958922632e+00
9.950000000000000e-01 9.753076416923058e+00 1.010589873001622e+00
1.000000000000000e+00 1.000000000000000e+01 1.010869622297847e+00
