0.000000000000000e+00 0.000000000000000e+00 8.335207943944399e-01
5.000000000000000e-03 3.369477419287315e-03 8.335208535197003e-01
1.000000000000000e-02 6.741060871647481e-03 8.335210103471341e-01
1.500000000000000e-02 1.011685770649257e-02 8.335212721461727e-01
2.000000000000000e-02 1.349897790673588e-02 8.335216410294246e-01
2.500000000000000e-02 1.688953540759990e-02 8.335221173792212e-01
3.000000000000000e-02 2.029064941789469e-02 8.335227032737860e-01
3.500000000000000e-02 2.370444574459234e-02 8.335234025401914e-01
4.000000000000000e-02 2.713305812152553e-02 8.335242200531910e-01
4.500000000000000e-02 3.057862954304063e-02 8.335251588006832e-01
5.000000000000000e-02 3.404331360343898e-02 8.335262249751738e-01
5.500000000000000e-02 3.752927584304335e-02 8.335274235489872e-01
6.000000000000000e-02 4.103869510173117e-02 8.335287613125608e-01
6.500000000000000e-02 4.457376488078044e-02 8.335302445480777e-01
7.000000000000001e-02 4.813669471387935e-02 8.335318811340305e-01
7.500000000000000e-02 5.172971154815675e-02 8.335336810345229e-01
8.000000000000000e-02 5.535506113609672e-02 8.335356537009668e-01
8.500000000000001e-02 5.901500943920686e-02 8.335378111664590e-01
9.000000000000000e-02 6.271184404431801e-02 8.335401653619431e-01
9.500000000000000e-02 6.644787559340060e-02 8.335427307730044e-01
1.000000000000000e-01 7.022543922779090e-02 8.335455212993592e-01
1.050000000000000e-01 7.404689604773053e-02 8.335485532990362e-01
1.100000000000000e-01 7.791463458813094e-02 8.335518446014348e-01
1.150000000000000e-01 8.183107231148547e-02 8.335554156495246e-01
1.200000000000000e-01 8.579865711886202e-02 8.335592896675250e-01
1.250000000000000e-01 8.981986887992111e-02 8.335634892384531e-01
1.300000000000000e-01 9.389722098291493e-02 8.335680431419891e-01
1.350000000000000e-01 9.803326190563690e-02 8.335729806586960e-01
1.400000000000000e-01 1.022305768083033e-01 8.335783333085278e-01
1.450000000000000e-01 1.064917891493625e-01 8.335841361004670e-01
1.500000000000000e-01 1.108195623252418e-01 8.335904275885571e-01
1.550000000000000e-01 1.152166013350572e-01 8.335972527428432e-01
1.600000000000000e-01 1.196856544713255e-01 8.336046582564393e-01
1.650000000000000e-01 1.242295150377370e-01 8.336126978508207e-01
1.700000000000000e-01 1.288510230950609e-01 8.336214288632187e-01
1.750000000000000e-01 1.335530672362758e-01 8.336309126151891e-01
1.800000000000000e-01 1.383385863920344e-01 8.336412196334081e-01
1.850000000000000e-01 1.432105716675912e-01 8.336524252656309e-01
1.900000000000000e-01 1.481720682123397e-01 8.336646162755501e-01
1.950000000000000e-01 1.532261771231311e-01 8.336778871158944e-01
2.000000000000000e-01 1.583760573825595e-01 8.336923387578656e-01
2.050000000000000e-01 1.636249278334301e-01 8.337080854195583e-01
2.100000000000000e-01 1.689760691906397e-01 8.337252485661369e-01
2.150000000000000e-01 1.744328260917313e-01 8.337439680954646e-01
2.200000000000000e-01 1.799986091874004e-01 8.337643989580743e-01
2.250000000000000e-01 1.856768972732633e-01 8.337867051038163e-01
2.300000000000000e-01 1.914712394642179e-01 8.338110732365124e-01
2.350000000000000e-01 1.973852574127551e-01 8.338377020068091e-01
2.400000000000000e-01 2.034226475726105e-01 8.338668141397415e-01
2.450000000000000e-01 2.095871835091678e-01 8.338986656106805e-01
2.500000000000000e-01 2.158827182580599e-01 8.339335243808169e-01
2.550000000000000e-01 2.223131867334419e-01 8.339716838686680e-01
2.600000000000000e-01 2.288826081874405e-01 8.340134768434972e-01
2.650000000000000e-01 2.355950887223172e-01 8.340592692982657e-01
2.700000000000000e-01 2.424548238569160e-01 8.341094567919007e-01
2.750000000000000e-01 2.494661011489995e-01 8.341644761657192e-01
2.800000000000000e-01 2.566333028751116e-01 8.342248131824261e-01
2.850000000000000e-01 2.639609087696434e-01 8.342909933250313e-01
2.900000000000000e-01 2.714534988248126e-01 8.343635968332928e-01
2.950000000000000e-01 2.791157561533084e-01 8.344432614670310e-01
3.000000000000000e-01 2.869524699153886e-01 8.345306803684889e-01
3.050000000000000e-01 2.949685383122613e-01 8.346266188768291e-01
3.100000000000000e-01 3.031689716476197e-01 8.347319076061189e-01
3.150000000000000e-01 3.115588954592450e-01 8.348474548864762e-01
3.200000000000000e-01 3.201435537226349e-01 8.349742557762886e-01
3.250000000000000e-01 3.289283121286580e-01 8.351133840621106e-01
3.300000000000000e-01 3.379186614372866e-01 8.352660161320821e-01
3.350000000000000e-01 3.471202209094989e-01 8.354334262228994e-01
3.400000000000000e-01 3.565387418195016e-01 8.356169884277190e-01
3.450000000000000e-01 3.661801110494620e-01 8.358182020746184e-01
3.500000000000000e-01 3.760503547690021e-01 8.360386748987196e-01
3.550000000000000e-01 3.861556422017504e-01 8.362801392174840e-01
3.600000000000000e-01 3.965022894813072e-01 8.365444693245210e-01
3.650000000000000e-01 4.070967635990345e-01 8.368336581169565e-01
3.700000000000000e-01 4.179456864461349e-01 8.371498457314775e-01
3.750000000000000e-01 4.290558389525505e-01 8.374953246115318e-01
3.800000000000000e-01 4.404341653252637e-01 8.378725132733370e-01
3.850000000000000e-01 4.520877773886537e-01 8.382839924201492e-01
3.900000000000000e-01 4.640239590296172e-01 8.387324971990158e-01
3.950000000000000e-01 4.762501707502353e-01 8.392208861937431e-01
4.000000000000000e-01 4.887740543308307e-01 8.397521811002864e-01
4.050000000000000e-01 5.016034376063282e-01 8.403295502212161e-01
4.100000000000000e-01 5.147463393589066e-01 8.409562669891379e-01
4.150000000000000e-01 5.282109743299990e-01 8.416357491065973e-01
4.200000000000000e-01 5.420057583547735e-01 8.423715402012020e-01
4.250000000000000e-01 5.561393136223041e-01 8.431672482801651e-01
4.300000000000000e-01 5.706204740647189e-01 8.440265768625864e-01
4.350000000000000e-01 5.854582908786964e-01 8.449533191395716e-01
4.400000000000000e-01 6.006620381827575e-01 8.459512729566966e-01
4.450000000000000e-01 6.162412188138907e-01 8.470242436701132e-01
4.500000000000000e-01 6.322055702671360e-01 8.481760636316649e-01
4.550000000000000e-01 6.485650707818353e-01 8.494105003342467e-01
4.600000000000000e-01 6.653299455783577e-01 8.507312017289412e-01
4.650000000000000e-01 6.825106732491932e-01 8.521417312217910e-01
4.700000000000000e-01 7.001179923084168e-01 8.536455165735527e-01
4.750000000000000e-01 7.181629079036070e-01 8.552457322330145e-01
4.800000000000000e-01 7.366566986944229e-01 8.569452842622253e-01
4.850000000000000e-01 7.556109239021327e-01 8.587468302327269e-01
4.900000000000000e-01 7.750374305345038e-01 8.606526842426888e-01
4.950000000000000e-01 7.949483607905672e-01 8.626646967953436e-01
5.000000000000000e-01 8.153561596498893e-01 8.647842442753121e-01
5.050000000000000e-01 8.362735826510871e-01 8.670122401492742e-01
5.100000000000000e-01 8.577137038644561e-01 8.693490402471526e-01
5.150000000000000e-01 8.796899240636907e-01 8.717943095770528e-01
5.200000000000000e-01 9.022159791018011e-01 8.743469767273748e-01
5.250000000000000e-01 9.253059484964714e-01 8.770052473508276e-01
5.300000000000000e-01 9.489742642302165e-01 8.797665609577281e-01
5.350000000000000e-01 9.732357197708378e-01 8.826274719602782e-01
5.400000000000000e-01 9.981054793178262e-01 8.855835402053288e-01
5.450000000000000e-01 1.023599087280478e+00 8.886292916041016e-01
5.500000000000000e-01 1.049732477993657e+00 8.917582206229968e-01
5.550000000000000e-01 1.076521985677273e+00 8.949627707693723e-01
5.600000000000001e-01 1.103984354645701e+00 8.982342710220984e-01
5.650000000000001e-01 1.132136749773522e+00 9.015628598272759e-01
5.700000000000001e-01 1.160996767224129e+00 9.049374353460274e-01
5.750000000000001e-01 1.190582445447902e+00 9.083456474611129e-01
5.800000000000000e-01 1.220912276456826e+00 9.117739265931262e-01
5.850000000000000e-01 1.252005217382601e+00 9.152075380559305e-01
5.900000000000000e-01 1.283880702325469e+00 9.186306599188263e-01
5.950000000000000e-01 1.316558654501151e+00 9.220264930196914e-01
6.000000000000000e-01 1.350059498693518e+00 9.253774160071406e-01
6.050000000000000e-01 1.384404174020732e+00 9.286651999200171e-01
6.100000000000000e-01 1.419614147022888e+00 9.318712944258257e-01
6.150000000000000e-01 1.455711425079295e+00 9.349771958448611e-01
6.200000000000000e-01 1.492718570163803e+00 9.379649042958477e-01
6.250000000000000e-01 1.530658712946775e+00 9.408174731879428e-01
6.300000000000000e-01 1.569555567252506e+00 9.435196480486898e-01
6.350000000000000e-01 1.609433444881138e+00 9.460585822325900e-01
6.400000000000000e-01 1.650317270804325e+00 9.484246043793080e-01
6.450000000000000e-01 1.692232598744148e+00 9.506119967292107e-01
6.500000000000000e-01 1.735205627145031e+00 9.526197258587219e-01
6.550000000000000e-01 1.779263215548615e+00 9.544520503094593e-01
6.600000000000000e-01 1.824432901381847e+00 9.561189164393664e-01
6.650000000000000e-01 1.870742917168772e+00 9.576360489822607e-01
6.700000000000000e-01 1.918222208176775e+00 9.590246508099608e-01
6.750000000000000e-01 1.966900450508319e+00 9.603106507469991e-01
6.800000000000000e-01 2.016808069649473e+00 9.615234799865068e-01
6.850000000000001e-01 2.067976259486829e+00 9.626944139354277e-01
6.900000000000001e-01 2.120437001804702e+00 9.638545802041364e-01
6.950000000000001e-01 2.174223086274785e+00 9.650327945449463e-01
7.000000000000001e-01 2.229368130950753e+00 9.662534330456145e-01
7.050000000000000e-01 2.285906603280654e+00 9.675345704129150e-01
7.100000000000000e-01 2.343873841650178e+00 9.688866043737454e-01
7.150000000000000e-01 2.403306077470301e+00 9.703115442554983e-01
7.200000000000000e-01 2.464240457823092e+00 9.718030723702629e-01
7.250000000000000e-01 2.526715068679855e+00 9.733473987610415e-01
7.300000000000000e-01 2.590768958706095e+00 9.749248342882831e-01
7.350000000000000e-01 2.656442163668210e+00 9.765119157939950e-01
7.400000000000000e-01 2.723775731457148e+00 9.780838419902363e-01
7.450000000000000e-01 2.792811747744667e+00 9.796169311996561e-01
7.500000000000000e-01 2.863593362288260e+00 9.810908023340980e-01
7.550000000000000e-01 2.936164815901156e+00 9.824900154088561e-01
7.600000000000000e-01 3.010571468104263e+00 9.838049876534629e-01
7.650000000000000e-01 3.086859825477351e+00 9.850321162106623e-01
7.700000000000000e-01 3.165077570727174e+00 9.861731681395463e-01
7.750000000000000e-01 3.245273592490716e+00 9.872341153313158e-01
7.800000000000000e-01 3.327498015892184e+00 9.882236687507016e-01
7.850000000000000e-01 3.411802233872832e+00 9.891517854671451e-01
7.900000000000000e-01 3.498238939313234e+00 9.900283818669298e-01
7.950000000000000e-01 3.586862157968046e+00 9.908624029157772e-01
8.000000000000000e-01 3.677727282233856e+00 9.916612972073969e-01
8.050000000000000e-01 3.770891105771243e+00 9.924308588683231e-01
8.100000000000001e-01 3.866411859002656e+00 9.931753400507050e-01
8.150000000000001e-01 3.964349245508326e+00 9.938977182746508e-01
8.200000000000001e-01 4.064764479342956e+00 9.946000152416224e-01
8.250000000000001e-01 4.167720323296481e+00 9.952835944725887e-01
8.300000000000001e-01 4.273281128122877e+00 9.959493998648168e-01
8.350000000000000e-01 4.381512872761445e+00 9.965981256584326e-01
8.400000000000000e-01 4.492483205575838e+00 9.972303258869392e-01
8.450000000000000e-01 4.606261486636447e+00 9.978464786649455e-01
8.500000000000000e-01 4.722918831072739e+00 9.984470208370292e-01
8.550000000000000e-01 4.842528153522501e+00 9.990323652089088e-01
8.600000000000000e-01 4.965164213705875e+00 9.996029085238498e-01
8.650000000000000e-01 5.090903663152626e+00 1.000159034967507e+00
8.700000000000000e-01 5.219825093111814e+00 1.000701117700217e+00
8.750000000000000e-01 5.352009083673925e+00 1.001229519591140e+00
8.800000000000000e-01 5.487538254136007e+00 1.001744593653280e+00
8.850000000000000e-01 5.626497314641444e+00 1.002246683371743e+00
8.900000000000000e-01 5.768973119126561e+00 1.002736122992753e+00
8.950000000000000e-01 5.915054719607133e+00 1.003213237795114e+00
9.000000000000000e-01 6.064833421838831e+00 1.003678344350653e+00
9.050000000000000e-01 6.218402842386253e+00 1.004131750775612e+00
9.100000000000000e-01 6.375858967136348e+00 1.004573756973706e+00
9.150000000000000e-01 6.537300211292723e+00 1.005004654871253e+00
9.200000000000000e-01 6.702827480888332e+00 1.005424728644709e+00
9.250000000000000e-01 6.872544235855034e+00 1.005834254940885e+00
9.300000000000000e-01 7.046556554689444e+00 1.006233503090142e+00
9.350000000000001e-01 7.224973200755413e+00 1.006622735312812e+00
9.400000000000001e-01 7.407905690264673e+00 1.007002206919120e+00
9.450000000000001e-01 7.595468361978146e+00 1.007372166502827e+00
9.500000000000001e-01 7.787778448671316e+00 1.007732856128835e+00
9.550000000000001e-01 7.984956150408610e+00 1.008084511514982e+00
9.600000000000000e-01 8.187124709672272e+00 1.008427362208217e+00
9.650000000000000e-01 8.394410488393007e+00 1.008761631755385e+00
9.700000000000000e-01 8.606943046930221e+00 1.009087537868785e+00
9.750000000000000e-01 8.824855225051540e+00 1.009405292586711e+00
9.800000000000000e-01 9.048283224961922e+00 1.009715102429134e+00
9.850000000000000e-01 9.277366696434507e+00 1.010017168548712e+00
9.900000000000000e-01 9.512248824096272e+00 1.010311686877270e+00
9.950000000000000e-01 9.753076416923058e+00 1.010598848267924e+00
1.000000000000000e+00 1.000000000000000e+01 1.010878838632988e+00
