0.000000000000000e+00 0.000000000000000e+00 9.273033887421628e-01
5.000000000000000e-03 3.369477419287315e-03 9.273033923150933e-01
1.000000000000000e-02 6.741060871647481e-03 9.273034017803184e-01
1.500000000000000e-02 1.011685770649257e-02 9.273034172070250e-01
2.000000000000000e-02 1.349897790673588e-02 9.273034384783528e-01
2.500000000000000e-02 1.688953540759990e-02 9.273034660574051e-01
3.000000000000000e-02 2.029064941789469e-02 9.273035000795423e-01
3.500000000000000e-02 2.370444574459234e-02 9.273035404160179e-01
4.000000000000000e-02 2.713305812152553e-02 9.273035872238343e-01
4.500000000000000e-02 3.057862954304063e-02 9.273036406460901e-01
5.000000000000000e-02 3.404331360343898e-02 9.273037009596368e-01
5.500000000000000e-02 3.752927584304335e-02 9.273037686029547e-01
6.000000000000000e-02 4.103869510173117e-02 9.273038436166414e-01
6.500000000000000e-02 4.457376488078044e-02 9.273039258556982e-01
7.000000000000001e-02 4.813669471387935e-02 9.273040160422932e-01
7.500000000000000e-02 5.172971154815675e-02 9.273041141814746e-01
8.000000000000000e-02 5.535506113609672e-02 9.273042207971898e-01
8.500000000000001e-02 5.901500943920686e-02 9.273043360951521e-01
9.000000000000000e-02 6.271184404431801e-02 9.273044603930567e-01
9.500000000000000e-02 6.644787559340060e-02 9.273045944823277e-01
1.000000000000000e-01 7.022543922779090e-02 9.273047384400508e-01
1.050000000000000e-01 7.404689604773053e-02 9.273048925547178e-01
1.100000000000000e-01 7.791463458813094e-02 9.273050578974272e-01
1.150000000000000e-01 8.183107231148547e-02 9.273052347751595e-01
1.200000000000000e-01 8.579865711886202e-02 9.273054238811576e-01
1.250000000000000e-01 8.981986887992111e-02 9.273056259922945e-01
1.300000000000000e-01 9.389722098291493e-02 9.273058420170885e-01
1.350000000000000e-01 9.803326190563690e-02 9.273060725550279e-01
1.400000000000000e-01 1.022305768083033e-01 9.273063181413393e-01
1.450000000000000e-01 1.064917891493625e-01 9.273065797156138e-01
1.500000000000000e-01 1.108195623252418e-01 9.273068582710871e-01
1.550000000000000e-01 1.152166013350572e-01 9.273071552540639e-01
1.600000000000000e-01 1.196856544713255e-01 9.273074717992146e-01
1.650000000000000e-01 1.242295150377370e-01 9.273078092494456e-01
1.700000000000000e-01 1.288510230950609e-01 9.273081685719354e-01
1.750000000000000e-01 1.335530672362758e-01 9.273085515011913e-01
1.800000000000000e-01 1.383385863920344e-01 9.273089595211703e-01
1.850000000000000e-01 1.432105716675912e-01 9.273093943469006e-01
1.900000000000000e-01 1.481720682123397e-01 9.273098579452533e-01
1.950000000000000e-01 1.532261771231311e-01 9.273103525471207e-01
2.000000000000000e-01 1.583760573825595e-01 9.273108801263950e-01
2.050000000000000e-01 1.636249278334301e-01 9.273114431791477e-01
2.100000000000000e-01 1.689760691906397e-01 9.273120445001407e-01
2.150000000000000e-01 1.744328260917313e-01 9.273126865405230e-01
2.200000000000000e-01 1.799986091874004e-01 9.273133728335768e-01
2.250000000000000e-01 1.856768972732633e-01 9.273141067774394e-01
2.300000000000000e-01 1.914712394642179e-01 9.273148923659451e-01
2.350000000000000e-01 1.973852574127551e-01 9.273157338302904e-01
2.400000000000000e-01 2.034226475726105e-01 9.273166353830359e-01
2.450000000000000e-01 2.095871835091678e-01 9.273176014979218e-01
2.500000000000000e-01 2.158827182580599e-01 9.273186383161457e-01
2.550000000000000e-01 2.223131867334419e-01 9.273197511867548e-01
2.600000000000000e-01 2.288826081874405e-01 9.273209466838312e-01
2.650000000000000e-01 2.355950887223172e-01 9.273222330001336e-01
2.700000000000000e-01 2.424548238569160e-01 9.273236177330081e-01
2.750000000000000e-01 2.494661011489995e-01 9.273251098498841e-01
2.800000000000000e-01 2.566333028751116e-01 9.273267189585039e-01
2.850000000000000e-01 2.639609087696434e-01 9.273284554276912e-01
2.900000000000000e-01 2.714534988248126e-01 9.273303302167227e-01
2.950000000000000e-01 2.791157561533084e-01 9.273323577852202e-01
3.000000000000000e-01 2.869524699153886e-01 9.273345537144737e-01
3.050000000000000e-01 2.949685383122613e-01 9.273369336001029e-01
3.100000000000000e-01 3.031689716476197e-01 9.273395151339330e-01
3.150000000000000e-01 3.115588954592450e-01 9.273423188047856e-01
3.200000000000000e-01 3.201435537226349e-01 9.273453676318004e-01
3.250000000000000e-01 3.289283121286580e-01 9.273486864707517e-01
3.300000000000000e-01 3.379186614372866e-01 9.273523034935562e-01
3.350000000000000e-01 3.471202209094989e-01 9.273562498421402e-01
3.400000000000000e-01 3.565387418195016e-01 9.273605615964582e-01
3.450000000000000e-01 3.661801110494620e-01 9.273652781737276e-01
3.500000000000000e-01 3.760503547690021e-01 9.273704440474608e-01
3.550000000000000e-01 3.861556422017504e-01 9.273761092015681e-01
3.600000000000000e-01 3.965022894813072e-01 9.273823295739642e-01
3.650000000000000e-01 4.070967635990345e-01 9.273891689927135e-01
3.700000000000000e-01 4.179456864461349e-01 9.273966988912956e-01
3.750000000000000e-01 4.290558389525505e-01 9.274050012195748e-01
3.800000000000000e-01 4.404341653252637e-01 9.274141655358443e-01
3.850000000000000e-01 4.520877773886537e-01 9.274242954768341e-01
3.900000000000000e-01 4.640239590296172e-01 9.274355078317773e-01
3.950000000000000e-01 4.762501707502353e-01 9.274479332987944e-01
4.000000000000000e-01 4.887740543308307e-01 9.274617250758771e-01
4.050000000000000e-01 5.016034376063282e-01 9.274770515990446e-01
4.100000000000000e-01 5.147463393589066e-01 9.274941053940911e-01
4.150000000000000e-01 5.282109743299990e-01 9.275131063418303e-01
4.200000000000000e-01 5.420057583547735e-01 9.275343028297276e-01
4.250000000000000e-01 5.561393136223041e-01 9.275579797257180e-01
4.300000000000000e-01 5.706204740647189e-01 9.275844570702770e-01
4.350000000000000e-01 5.854582908786964e-01 9.276141028311339e-01
4.400000000000000e-01 6.006620381827575e-01 9.276473328248823e-01
4.450000000000000e-01 6.162412188138907e-01 9.276846188215002e-01
4.500000000000000e-01 6.322055702671360e-01 9.277265019780586e-01
4.550000000000000e-01 6.485650707818353e-01 9.277735900078091e-01
4.600000000000000e-01 6.653299455783577e-01 9.278265782019386e-01
4.650000000000000e-01 6.825106732491932e-01 9.278862533092290e-01
4.700000000000000e-01 7.001179923084168e-01 9.279535018928470e-01
4.750000000000000e-01 7.181629079036070e-01 9.280293344704862e-01
4.800000000000000e-01 7.366566986944229e-01 9.281148817578531e-01
4.850000000000000e-01 7.556109239021327e-01 9.282114197761966e-01
4.900000000000000e-01 7.750374305345038e-01 9.283203838542250e-01
4.950000000000000e-01 7.949483607905672e-01 9.284433664892342e-01
5.000000000000000e-01 8.153561596498893e-01 9.285821513800160e-01
5.050000000000000e-01 8.362735826510871e-01 9.287387080964586e-01
5.100000000000000e-01 8.577137038644561e-01 9.289151950080320e-01
5.150000000000000e-01 8.796899240636907e-01 9.291139841635255e-01
5.200000000000000e-01 9.022159791018011e-01 9.293376281247290e-01
5.250000000000000e-01 9.253059484964714e-01 9.295888565140500e-01
5.300000000000000e-01 9.489742642302165e-01 9.298705663268939e-01
5.350000000000000e-01 9.732357197708378e-01 9.301857424817319e-01
5.400000000000000e-01 9.981054793178262e-01 9.305374183555164e-01
5.450000000000000e-01 1.023599087280478e+00 9.309285974687270e-01
5.500000000000000e-01 1.049732477993657e+00 9.313620927851055e-01
5.550000000000000e-01 1.076521985677273e+00 9.318404070410954e-01
5.600000000000001e-01 1.103984354645701e+00 9.323655496992928e-01
5.650000000000001e-01 1.132136749773522e+00 9.329387559914789e-01
5.700000000000001e-01 1.160996767224129e+00 9.335602533614309e-01
5.750000000000001e-01 1.190582445447902e+00 9.342289740532189e-01
5.800000000000000e-01 1.220912276456826e+00 9.349421740330013e-01
5.850000000000000e-01 1.252005217382601e+00 9.356951430122182e-01
5.900000000000000e-01 1.283880702325469e+00 9.364809597156450e-01
5.950000000000000e-01 1.316558654501151e+00 9.372902379991483e-01
6.000000000000000e-01 1.350059498693518e+00 9.381110862560534e-01
6.050000000000000e-01 1.384404174020732e+00 9.389293479324815e-01
6.100000000000000e-01 1.419614147022888e+00 9.397290490425246e-01
6.150000000000000e-01 1.455711425079295e+00 9.404932159095460e-01
6.200000000000000e-01 1.492718570163803e+00 9.412051882559711e-01
6.250000000000000e-01 1.530658712946775e+00 9.418502717328260e-01
6.300000000000000e-01 1.569555567252506e+00 9.424176001639788e-01
6.350000000000000e-01 1.609433444881138e+00 9.429021306294042e-01
6.400000000000000e-01 1.650317270804325e+00 9.433064683658704e-01
6.450000000000000e-01 1.692232598744148e+00 9.436421184322905e-01
6.500000000000000e-01 1.735205627145031e+00 9.439299228945702e-01
6.550000000000000e-01 1.779263215548615e+00 9.441995476769721e-01
6.600000000000000e-01 1.824432901381847e+00 9.444879373276298e-01
6.650000000000000e-01 1.870742917168772e+00 9.448368596629431e-01
6.700000000000000e-01 1.918222208176775e+00 9.452898810989899e-01
6.750000000000000e-01 1.966900450508319e+00 9.458891506021889e-01
6.800000000000000e-01 2.016808069649473e+00 9.466723198635687e-01
6.850000000000001e-01 2.067976259486829e+00 9.476699099759622e-01
6.900000000000001e-01 2.120437001804702e+00 9.489033773511085e-01
6.950000000000001e-01 2.174223086274785e+00 9.503839684858841e-01
7.000000000000001e-01 2.229368130950753e+00 9.521122797697407e-01
7.050000000000000e-01 2.285906603280654e+00 9.540783606166090e-01
7.100000000000000e-01 2.343873841650178e+00 9.562622094156803e-01
7.150000000000000e-01 2.403306077470301e+00 9.586345470365928e-01
7.200000000000000e-01 2.464240457823092e+00 9.611577758865800e-01
7.250000000000000e-01 2.526715068679855e+00 9.637870617193153e-01
7.300000000000000e-01 2.590768958706095e+00 9.664715348558528e-01
7.350000000000000e-01 2.656442163668210e+00 9.691556868877125e-01
7.400000000000000e-01 2.723775731457148e+00 9.717811227703970e-01
7.450000000000000e-01 2.792811747744667e+00 9.742888989873522e-01
7.500000000000000e-01 2.863593362288260e+00 9.766227107782459e-01
7.550000000000000e-01 2.936164815901156e+00 9.787331328204388e-01
7.600000000000000e-01 3.010571468104263e+00 9.805828807348353e-01
7.650000000000000e-01 3.086859825477351e+00 9.821525852605986e-01
7.700000000000000e-01 3.165077570727174e+00 9.834459255429807e-01
7.750000000000000e-01 3.245273592490716e+00 9.844924231579801e-01
7.800000000000000e-01 3.327498015892184e+00 9.853461569065757e-01
7.850000000000000e-01 3.411802233872832e+00 9.860794144517396e-01
7.900000000000000e-01 3.498238939313234e+00 9.867717638889044e-01
7.950000000000000e-01 3.586862157968046e+00 9.874966697628795e-01
8.000000000000000e-01 3.677727282233856e+00 9.883088620284824e-01
8.050000000000000e-01 3.770891105771243e+00 9.892356843013927e-01
8.100000000000001e-01 3.866411859002656e+00 9.902745813512672e-01
8.150000000000001e-01 3.964349245508326e+00 9.913971541153105e-01
8.200000000000001e-01 4.064764479342956e+00 9.925584102521493e-01
8.250000000000001e-01 4.167720323296481e+00 9.937085086625858e-01
8.300000000000001e-01 4.273281128122877e+00 9.948038061082561e-01
8.350000000000000e-01 4.381512872761445e+00 9.958145013108339e-01
8.400000000000000e-01 4.492483205575838e+00 9.967274741368324e-01
8.450000000000000e-01 4.606261486636447e+00 9.975445567177417e-01
8.500000000000000e-01 4.722918831072739e+00 9.982778120662216e-01
8.550000000000000e-01 4.842528153522501e+00 9.989439427684638e-01
8.600000000000000e-01 4.965164213705875e+00 9.995596224152710e-01
8.650000000000000e-01 5.090903663152626e+00 1.000138667956094e+00
8.700000000000000e-01 5.219825093111814e+00 1.000691059441913e+00
8.750000000000000e-01 5.352009083673925e+00 1.001223243317720e+00
8.800000000000000e-01 5.487538254136007e+00 1.001739022130776e+00
8.850000000000000e-01 5.626497314641444e+00 1.002240501909134e+00
8.900000000000000e-01 5.768973119126561e+00 1.002728831380099e+00
8.950000000000000e-01 5.915054719607133e+00 1.003204676826594e+00
9.000000000000000e-01 6.064833421838831e+00 1.003668484128376e+00
9.050000000000000e-01 6.218402842386253e+00 1.004120605583367e+00
9.100000000000000e-01 6.375858967136348e+00 1.004561354404643e+00
9.150000000000000e-01 6.537300211292723e+00 1.004991025717165e+00
9.200000000000000e-01 6.702827480888332e+00 1.005409903910255e+00
9.250000000000000e-01 6.872544235855034e+00 1.005818265057173e+00
9.300000000000000e-01 7.046556554689444e+00 1.006216377740045e+00
9.350000000000001e-01 7.224973200755413e+00 1.006604503409562e+00
9.400000000000001e-01 7.407905690264673e+00 1.006982896619207e+00
9.450000000000001e-01 7.595468361978146e+00 1.007351805225437e+00
9.500000000000001e-01 7.787778448671316e+00 1.007711470575994e+00
9.550000000000001e-01 7.984956150408610e+00 1.008062127691294e+00
9.600000000000000e-01 8.187124709672272e+00 1.008404005440051e+00
9.650000000000000e-01 8.394410488393007e+00 1.008737326709480e+00
9.700000000000000e-01 8.606943046930221e+00 1.009062308570302e+00
9.750000000000000e-01 8.824855225051540e+00 1.009379162436744e+00
9.800000000000000e-01 9.048283224961922e+00 1.009688094221707e+00
9.850000000000000e-01 9.277366696434507e+00 1.009989304487264e+00
9.900000000000000e-01 9.512248824096272e+00 1.010282988590659e+00
9.950000000000000e-01 9.753076416923058e+00 1.010569336825965e+00
1.000000000000000e+00 1.000000000000000e+01 1.010848534561528e+00
