0.000000000000000e+00 0.000000000000000e+00 7.953632302179247e-01
5.000000000000000e-03 3.369477419287315e-03 7.953640501980250e-01
1.000000000000000e-02 6.741060871647481e-03 7.953662346798716e-01
1.500000000000000e-02 1.011685770649257e-02 7.953698728196186e-01
2.000000000000000e-02 1.349897790673588e-02 7.953749830785791e-01
2.500000000000000e-02 1.688953540759990e-02 7.953815832034982e-01
3.000000000000000e-02 2.029064941789469e-02 7.953896859132631e-01
3.500000000000000e-02 2.370444574459234e-02 7.953993218511689e-01
4.000000000000000e-02 2.713305812152553e-02 7.954105192521643e-01
4.500000000000000e-02 3.057862954304063e-02 7.954233106817739e-01
5.000000000000000e-02 3.404331360343898e-02 7.954377332333831e-01
5.500000000000000e-02 3.752927584304335e-02 7.954538341273373e-01
6.000000000000000e-02 4.103869510173117e-02 7.954716586625132e-01
6.500000000000000e-02 4.457376488078044e-02 7.954912611530597e-01
7.000000000000001e-02 4.813669471387935e-02 7.955127067488648e-01
7.500000000000000e-02 5.172971154815675e-02 7.955360552862213e-01
8.000000000000000e-02 5.535506113609672e-02 7.955613815938127e-01
8.500000000000001e-02 5.901500943920686e-02 7.955887632271841e-01
9.000000000000000e-02 6.271184404431801e-02 7.956182905543437e-01
9.500000000000000e-02 6.644787559340060e-02 7.956500566820770e-01
1.000000000000000e-01 7.022543922779090e-02 7.956841551024957e-01
1.050000000000000e-01 7.404689604773053e-02 7.957206958610397e-01
1.100000000000000e-01 7.791463458813094e-02 7.957597961968903e-01
1.150000000000000e-01 8.183107231148547e-02 7.958015872743308e-01
1.200000000000000e-01 8.579865711886202e-02 7.958461989652694e-01
1.250000000000000e-01 8.981986887992111e-02 7.958937769263418e-01
1.300000000000000e-01 9.389722098291493e-02 7.959444764982891e-01
1.350000000000000e-01 9.803326190563690e-02 7.959984614538069e-01
1.400000000000000e-01 1.022305768083033e-01 7.960559190396032e-01
1.450000000000000e-01 1.064917891493625e-01 7.961170363710461e-01
1.500000000000000e-01 1.108195623252418e-01 7.961820240135976e-01
1.550000000000000e-01 1.152166013350572e-01 7.962511024319381e-01
1.600000000000000e-01 1.196856544713255e-01 7.963245021782999e-01
1.650000000000000e-01 1.242295150377370e-01 7.964024799710212e-01
1.700000000000000e-01 1.288510230950609e-01 7.964853035398179e-01
1.750000000000000e-01 1.335530672362758e-01 7.965732667286416e-01
1.800000000000000e-01 1.383385863920344e-01 7.966666761028957e-01
1.850000000000000e-01 1.432105716675912e-01 7.967658628695826e-01
1.900000000000000e-01 1.481720682123397e-01 7.968711840734116e-01
1.950000000000000e-01 1.532261771231311e-01 7.969830141603397e-01
2.000000000000000e-01 1.583760573825595e-01 7.971017650834838e-01
2.050000000000000e-01 1.636249278334301e-01 7.972278677287664e-01
2.100000000000000e-01 1.689760691906397e-01 7.973617777009567e-01
2.150000000000000e-01 1.744328260917313e-01 7.975039869397575e-01
2.200000000000000e-01 1.799986091874004e-01 7.976550321540854e-01
2.250000000000000e-01 1.856768972732633e-01 7.978154818638914e-01
2.300000000000000e-01 1.914712394642179e-01 7.979859229480235e-01
2.350000000000000e-01 1.973852574127551e-01 7.981670017244429e-01
2.400000000000000e-01 2.034226475726105e-01 7.983594044721899e-01
2.450000000000000e-01 2.095871835091678e-01 7.985638560030522e-01
2.500000000000000e-01 2.158827182580599e-01 7.987811403764348e-01
2.550000000000000e-01 2.223131867334419e-01 7.990120775248909e-01
2.600000000000000e-01 2.288826081874405e-01 7.992575515480779e-01
2.650000000000000e-01 2.355950887223172e-01 7.995185011209117e-01
2.700000000000000e-01 2.424548238569160e-01 7.997959148829183e-01
2.750000000000000e-01 2.494661011489995e-01 8.000908596328643e-01
2.800000000000000e-01 2.566333028751116e-01 8.004044507031868e-01
2.850000000000000e-01 2.639609087696434e-01 8.007378774182039e-01
2.900000000000000e-01 2.714534988248126e-01 8.010924079013507e-01
2.950000000000000e-01 2.791157561533084e-01 8.014693641585672e-01
3.000000000000000e-01 2.869524699153886e-01 8.018701635768627e-01
3.050000000000000e-01 2.949685383122613e-01 8.022962951052637e-01
3.100000000000000e-01 3.031689716476197e-01 8.027493167541724e-01
3.150000000000000e-01 3.115588954592450e-01 8.032308932625838e-01
3.200000000000000e-01 3.201435537226349e-01 8.037427536716553e-01
3.250000000000000e-01 3.289283121286580e-01 8.042867139438979e-01
3.300000000000000e-01 3.379186614372866e-01 8.048646980906156e-01
3.350000000000000e-01 3.471202209094989e-01 8.054786893098009e-01
3.400000000000000e-01 3.565387418195016e-01 8.061307708252449e-01
3.450000000000000e-01 3.661801110494620e-01 8.068231279213128e-01
3.500000000000000e-01 3.760503547690021e-01 8.075579984390561e-01
3.550000000000000e-01 3.861556422017504e-01 8.083377239622981e-01
3.600000000000000e-01 3.965022894813072e-01 8.091647375151012e-01
3.650000000000000e-01 4.070967635990345e-01 8.100415116242555e-01
3.700000000000000e-01 4.179456864461349e-01 8.109706138600256e-01
3.750000000000000e-01 4.290558389525505e-01 8.119546888294082e-01
3.800000000000000e-01 4.404341653252637e-01 8.129963961357247e-01
3.850000000000000e-01 4.520877773886537e-01 8.140984648686311e-01
3.900000000000000e-01 4.640239590296172e-01 8.152636829983863e-01
3.950000000000000e-01 4.762501707502353e-01 8.164948171457327e-01
4.000000000000000e-01 4.887740543308307e-01 8.177946540464469e-01
4.050000000000000e-01 5.016034376063282e-01 8.191660140865789e-01
4.100000000000000e-01 5.147463393589066e-01 8.206116541619101e-01
4.150000000000000e-01 5.282109743299990e-01 8.221342711477433e-01
4.200000000000000e-01 5.420057583547735e-01 8.237365500102358e-01
4.250000000000000e-01 5.561393136223041e-01 8.254210776528593e-01
4.300000000000000e-01 5.706204740647189e-01 8.271902779730310e-01
4.350000000000000e-01 5.854582908786964e-01 8.290464680156827e-01
4.400000000000000e-01 6.006620381827575e-01 8.309918369124767e-01
4.450000000000000e-01 6.162412188138907e-01 8.330283272603294e-01
4.500000000000000e-01 6.322055702671360e-01 8.351576183478195e-01
4.550000000000000e-01 6.485650707818353e-01 8.373811767698049e-01
4.600000000000000e-01 6.653299455783577e-01 8.397001914700435e-01
4.650000000000000e-01 6.825106732491932e-01 8.421154533160825e-01
4.700000000000000e-01 7.001179923084168e-01 8.446273449693258e-01
4.750000000000000e-01 7.181629079036070e-01 8.472358825395583e-01
4.800000000000000e-01 7.366566986944229e-01 8.499406556465657e-01
4.850000000000000e-01 7.556109239021327e-01 8.527407018618539e-01
4.900000000000000e-01 7.750374305345038e-01 8.556344575323030e-01
4.950000000000000e-01 7.949483607905672e-01 8.586197891448736e-01
5.000000000000000e-01 8.153561596498893e-01 8.616939860077284e-01
5.050000000000000e-01 8.362735826510871e-01 8.648536662876875e-01
5.100000000000000e-01 8.577137038644561e-01 8.680946723681474e-01
5.150000000000000e-01 8.796899240636907e-01 8.714120331109653e-01
5.200000000000000e-01 9.022159791018011e-01 8.747999796021463e-01
5.250000000000000e-01 9.253059484964714e-01 8.782519495556428e-01
5.300000000000000e-01 9.489742642302165e-01 8.817605464050483e-01
5.350000000000000e-01 9.732357197708378e-01 8.853174738068413e-01
5.400000000000000e-01 9.981054793178262e-01 8.889134856036441e-01
5.450000000000000e-01 1.023599087280478e+00 8.925383726069646e-01
5.500000000000000e-01 1.049732477993657e+00 8.961809816618365e-01
5.550000000000000e-01 1.076521985677273e+00 8.998292549095995e-01
5.600000000000001e-01 1.103984354645701e+00 9.034702808658110e-01
5.650000000000001e-01 1.132136749773522e+00 9.070903606431315e-01
5.700000000000001e-01 1.160996767224129e+00 9.106750976562882e-01
5.750000000000001e-01 1.190582445447902e+00 9.142095206227585e-01
5.800000000000000e-01 1.220912276456826e+00 9.176782485440680e-01
5.850000000000000e-01 1.252005217382601e+00 9.210657039918180e-01
5.900000000000000e-01 1.283880702325469e+00 9.243563801576157e-01
5.950000000000000e-01 1.316558654501151e+00 9.275351652562669e-01
6.000000000000000e-01 1.350059498693518e+00 9.305877261702491e-01
6.050000000000000e-01 1.384404174020732e+00 9.335009498341498e-01
6.100000000000000e-01 1.419614147022888e+00 9.362634362332287e-01
6.150000000000000e-01 1.455711425079295e+00 9.388660304397896e-01
6.200000000000000e-01 1.492718570163803e+00 9.413023731494854e-01
6.250000000000000e-01 1.530658712946775e+00 9.435694399862301e-01
6.300000000000000e-01 1.569555567252506e+00 9.456680302494831e-01
6.350000000000000e-01 1.609433444881138e+00 9.476031570197895e-01
6.400000000000000e-01 1.650317270804325e+00 9.493842843479967e-01
6.450000000000000e-01 1.692232598744148e+00 9.510253556755023e-01
6.500000000000000e-01 1.735205627145031e+00 9.525445627268065e-01
6.550000000000000e-01 1.779263215548615e+00 9.539638174765347e-01
6.600000000000000e-01 1.824432901381847e+00 9.553079119905666e-01
6.650000000000000e-01 1.870742917168772e+00 9.566033810142518e-01
6.700000000000000e-01 1.918222208176775e+00 9.578771173779101e-01
6.750000000000000e-01 1.966900450508319e+00 9.591548262140012e-01
6.800000000000000e-01 2.016808069649473e+00 9.604594352039839e-01
6.850000000000001e-01 2.067976259486829e+00 9.618095991236960e-01
6.900000000000001e-01 2.120437001804702e+00 9.632184434235921e-01
6.950000000000001e-01 2.174223086274785e+00 9.646926810231615e-01
7.000000000000001e-01 2.229368130950753e+00 9.662322088931644e-01
7.050000000000000e-01 2.285906603280654e+00 9.678302486450736e-01
7.100000000000000e-01 2.343873841650178e+00 9.694740423700065e-01
7.150000000000000e-01 2.403306077470301e+00 9.711460566999769e-01
7.200000000000000e-01 2.464240457823092e+00 9.728255905673299e-01
7.250000000000000e-01 2.526715068679855e+00 9.744906319876916e-01
7.300000000000000e-01 2.590768958706095e+00 9.761197733148991e-01
7.350000000000000e-01 2.656442163668210e+00 9.776939796222029e-01
7.400000000000000e-01 2.723775731457148e+00 9.791980166881783e-01
7.450000000000000e-01 2.792811747744667e+00 9.806213858943980e-01
7.500000000000000e-01 2.863593362288260e+00 9.819586803394185e-01
7.550000000000000e-01 2.936164815901156e+00 9.832093603469545e-01
7.600000000000000e-01 3.010571468104263e+00 9.843770322499386e-01
7.650000000000000e-01 3.086859825477351e+00 9.854683842149078e-01
7.700000000000000e-01 3.165077570727174e+00 9.864919716223010e-01
7.750000000000000e-01 3.245273592490716e+00 9.874570441673128e-01
7.800000000000000e-01 3.327498015892184e+00 9.883725696755413e-01
7.850000000000000e-01 3.411802233872832e+00 9.892465475657160e-01
7.900000000000000e-01 3.498238939313234e+00 9.900856354695625e-01
7.950000000000000e-01 3.586862157968046e+00 9.908950530315704e-01
8.000000000000000e-01 3.677727282233856e+00 9.916786891671509e-01
8.050000000000000e-01 3.770891105771243e+00 9.924393266832962e-01
8.100000000000001e-01 3.866411859002656e+00 9.931789071483449e-01
8.150000000000001e-01 3.964349245508326e+00 9.938987805995203e-01
8.200000000000001e-01 4.064764479342956e+00 9.945999096894418e-01
8.250000000000001e-01 4.167720323296481e+00 9.952830190764690e-01
8.300000000000001e-01 4.273281128122877e+00 9.959486947894133e-01
8.350000000000000e-01 4.381512872761445e+00 9.965974448112178e-01
8.400000000000000e-01 4.492483205575838e+00 9.972297331267895e-01
8.450000000000000e-01 4.606261486636447e+00 9.978459974494013e-01
8.500000000000000e-01 4.722918831072739e+00 9.984466578359501e-01
8.550000000000000e-01 4.842528153522501e+00 9.990321206603567e-01
8.600000000000000e-01 4.965164213705875e+00 9.996027804204805e-01
8.650000000000000e-01 5.090903663152626e+00 1.000159020615053e+00
8.700000000000000e-01 5.219825093111814e+00 1.000701214250616e+00
8.750000000000000e-01 5.352009083673925e+00 1.001229724209184e+00
8.800000000000000e-01 5.487538254136007e+00 1.001744903563323e+00
8.850000000000000e-01 5.626497314641444e+00 1.002247095868525e+00
8.900000000000000e-01 5.768973119126561e+00 1.002736635442428e+00
8.950000000000000e-01 5.915054719607133e+00 1.003213847633891e+00
9.000000000000000e-01 6.064833421838831e+00 1.003679049082933e+00
9.050000000000000e-01 6.218402842386253e+00 1.004132547972068e+00
9.100000000000000e-01 6.375858967136348e+00 1.004574644269410e+00
9.150000000000000e-01 6.537300211292723e+00 1.005005629963857e+00
9.200000000000000e-01 6.702827480888332e+00 1.005425789292679e+00
9.250000000000000e-01 6.872544235855034e+00 1.005835398961792e+00
9.300000000000000e-01 7.046556554689444e+00 1.006234728359007e+00
9.350000000000001e-01 7.224973200755413e+00 1.006624039760507e+00
9.400000000000001e-01 7.407905690264673e+00 1.007003588530808e+00
9.450000000000001e-01 7.595468361978146e+00 1.007373623316456e+00
9.500000000000001e-01 7.787778448671316e+00 1.007734386233682e+00
9.550000000000001e-01 7.984956150408610e+00 1.008086113050231e+00
9.600000000000000e-01 8.187124709672272e+00 1.008429033361592e+00
9.650000000000000e-01 8.394410488393007e+00 1.008763370761810e+00
9.700000000000000e-01 8.606943046930221e+00 1.009089343009101e+00
9.750000000000000e-01 8.824855225051540e+00 1.009407162186415e+00
9.800000000000000e-01 9.048283224961922e+00 1.009717034857169e+00
9.850000000000000e-01 9.277366696434507e+00 1.010019162216283e+00
9.900000000000000e-01 9.512248824096272e+00 1.010313740236699e+00
9.950000000000000e-01 9.753076416923058e+00 1.010600959811538e+00
1.000000000000000e+00 1.000000000000000e+01 1.010881006892043e+00
