0.000000000000000e+00 0.000000000000000e+00 6.805074532402079e-01
5.000000000000000e-03 3.369477419287315e-03 6.805141957377362e-01
1.000000000000000e-02 6.741060871647481e-03 6.805321532696945e-01
1.500000000000000e-02 1.011685770649257e-02 6.805620741275019e-01
2.000000000000000e-02 1.349897790673588e-02 6.806040691502155e-01
2.500000000000000e-02 1.688953540759990e-02 6.806582410440229e-01
3.000000000000000e-02 2.029064941789469e-02 6.807247113575039e-01
3.500000000000000e-02 2.370444574459234e-02 6.808036284158140e-01
4.000000000000000e-02 2.713305812152553e-02 6.808951913851399e-01
4.500000000000000e-02 3.057862954304063e-02 6.809996229741937e-01
5.000000000000000e-02 3.404331360343898e-02 6.811171495164966e-01
5.500000000000000e-02 3.752927584304335e-02 6.812480588080081e-01
6.000000000000000e-02 4.103869510173117e-02 6.813926584512227e-01
6.500000000000000e-02 4.457376488078044e-02 6.815512785859503e-01
7.000000000000001e-02 4.813669471387935e-02 6.817242989465915e-01
7.500000000000000e-02 5.172971154815675e-02 6.819121113307842e-01
8.000000000000000e-02 5.535506113609672e-02 6.821151691777130e-01
8.500000000000001e-02 5.901500943920686e-02 6.823339547263251e-01
9.000000000000000e-02 6.271184404431801e-02 6.825689421543915e-01
9.500000000000000e-02 6.644787559340060e-02 6.828206872927887e-01
1.000000000000000e-01 7.022543922779090e-02 6.830897843545728e-01
1.050000000000000e-01 7.404689604773053e-02 6.833768350013132e-01
1.100000000000000e-01 7.791463458813094e-02 6.836825034879693e-01
1.150000000000000e-01 8.183107231148547e-02 6.840074884283434e-01
1.200000000000000e-01 8.579865711886202e-02 6.843525249688601e-01
1.250000000000000e-01 8.981986887992111e-02 6.847183940275253e-01
1.300000000000000e-01 9.389722098291493e-02 6.851059174848741e-01
1.350000000000000e-01 9.803326190563690e-02 6.855159729707921e-01
1.400000000000000e-01 1.022305768083033e-01 6.859494671099099e-01
1.450000000000000e-01 1.064917891493625e-01 6.864073576798531e-01
1.500000000000000e-01 1.108195623252418e-01 6.868906647286132e-01
1.550000000000000e-01 1.152166013350572e-01 6.874004375037351e-01
1.600000000000000e-01 1.196856544713255e-01 6.879377896863238e-01
1.650000000000000e-01 1.242295150377370e-01 6.885038885518325e-01
1.700000000000000e-01 1.288510230950609e-01 6.890999376347907e-01
1.750000000000000e-01 1.335530672362758e-01 6.897272150152117e-01
1.800000000000000e-01 1.383385863920344e-01 6.903870426859023e-01
1.850000000000000e-01 1.432105716675912e-01 6.910807921255611e-01
1.900000000000000e-01 1.481720682123397e-01 6.918099135908329e-01
1.950000000000000e-01 1.532261771231311e-01 6.925758953408659e-01
2.000000000000000e-01 1.583760573825595e-01 6.933802882627114e-01
2.050000000000000e-01 1.636249278334301e-01 6.942247187260295e-01
2.100000000000000e-01 1.689760691906397e-01 6.951108468394321e-01
2.150000000000000e-01 1.744328260917313e-01 6.960404053625596e-01
2.200000000000000e-01 1.799986091874004e-01 6.970151979634172e-01
2.250000000000000e-01 1.856768972732633e-01 6.980370612937040e-01
2.300000000000000e-01 1.914712394642179e-01 6.991079107343595e-01
2.350000000000000e-01 1.973852574127551e-01 7.002297256894292e-01
2.400000000000000e-01 2.034226475726105e-01 7.014045126570603e-01
2.450000000000000e-01 2.095871835091678e-01 7.026343552327862e-01
2.500000000000000e-01 2.158827182580599e-01 7.039213952961590e-01
2.550000000000000e-01 2.223131867334419e-01 7.052677941731966e-01
2.600000000000000e-01 2.288826081874405e-01 7.066757835151639e-01
2.650000000000000e-01 2.355950887223172e-01 7.081476466104396e-01
2.700000000000000e-01 2.424548238569160e-01 7.096856676163731e-01
2.750000000000000e-01 2.494661011489995e-01 7.112921805546786e-01
2.800000000000000e-01 2.566333028751116e-01 7.129695660972187e-01
2.850000000000000e-01 2.639609087696434e-01 7.147201866301993e-01
2.900000000000000e-01 2.714534988248126e-01 7.165464187709795e-01
2.950000000000000e-01 2.791157561533084e-01 7.184506724062231e-01
3.000000000000000e-01 2.869524699153886e-01 7.204353160222297e-01
3.050000000000000e-01 2.949685383122613e-01 7.225026760014220e-01
3.100000000000000e-01 3.031689716476197e-01 7.246550854108255e-01
3.150000000000000e-01 3.115588954592450e-01 7.268948254294487e-01
3.200000000000000e-01 3.201435537226349e-01 7.292240642934774e-01
3.250000000000000e-01 3.289283121286580e-01 7.316449022985584e-01
3.300000000000000e-01 3.379186614372866e-01 7.341593763602094e-01
3.350000000000000e-01 3.471202209094989e-01 7.367693696832710e-01
3.400000000000000e-01 3.565387418195016e-01 7.394765821901896e-01
3.450000000000000e-01 3.661801110494620e-01 7.422825763573030e-01
3.500000000000000e-01 3.760503547690021e-01 7.451887495254482e-01
3.550000000000000e-01 3.861556422017504e-01 7.481962378185738e-01
3.600000000000000e-01 3.965022894813072e-01 7.513058888593663e-01
3.650000000000000e-01 4.070967635990345e-01 7.545182995566952e-01
3.700000000000000e-01 4.179456864461349e-01 7.578337926024630e-01
3.750000000000000e-01 4.290558389525505e-01 7.612523179962930e-01
3.800000000000000e-01 4.404341653252637e-01 7.647733937216107e-01
3.850000000000000e-01 4.520877773886537e-01 7.683961293832998e-01
3.900000000000000e-01 4.640239590296172e-01 7.721192383145643e-01
3.950000000000000e-01 4.762501707502353e-01 7.759409684463997e-01
4.000000000000000e-01 4.887740543308307e-01 7.798590140764955e-01
4.050000000000000e-01 5.016034376063282e-01 7.838704829241052e-01
4.100000000000000e-01 5.147463393589066e-01 7.879719007693069e-01
4.150000000000000e-01 5.282109743299990e-01 7.921592190742345e-01
4.200000000000000e-01 5.420057583547735e-01 7.964278007777660e-01
4.250000000000000e-01 5.561393136223041e-01 8.007723644350810e-01
4.300000000000000e-01 5.706204740647189e-01 8.051869367971346e-01
4.350000000000000e-01 5.854582908786964e-01 8.096648422306073e-01
4.400000000000000e-01 6.006620381827575e-01 8.141986979083118e-01
4.450000000000000e-01 6.162412188138907e-01 8.187804397097564e-01
4.500000000000000e-01 6.322055702671360e-01 8.234013435023323e-01
4.550000000000000e-01 6.485650707818353e-01 8.280520470195913e-01
4.600000000000000e-01 6.653299455783577e-01 8.327225832200521e-01
4.650000000000000e-01 6.825106732491932e-01 8.374024135706475e-01
4.700000000000000e-01 7.001179923084168e-01 8.420804814164536e-01
4.750000000000000e-01 7.181629079036070e-01 8.467452731131201e-01
4.800000000000000e-01 7.366566986944229e-01 8.513848971001352e-01
4.850000000000000e-01 7.556109239021327e-01 8.559871751852552e-01
4.900000000000000e-01 7.750374305345038e-01 8.605397492828278e-01
4.950000000000000e-01 7.949483607905672e-01 8.650302020398631e-01
5.000000000000000e-01 8.153561596498893e-01 8.694461919897573e-01
5.050000000000000e-01 8.362735826510871e-01 8.737756026177803e-01
5.100000000000000e-01 8.577137038644561e-01 8.780067048070647e-01
5.150000000000000e-01 8.796899240636907e-01 8.821283315193786e-01
5.200000000000000e-01 9.022159791018011e-01 8.861300630665577e-01
5.250000000000000e-01 9.253059484964714e-01 8.900024206398935e-01
5.300000000000000e-01 9.489742642302165e-01 8.937370649899768e-01
5.350000000000000e-01 9.732357197708378e-01 8.973269962585326e-01
5.400000000000000e-01 9.981054793178262e-01 9.007667499840573e-01
5.450000000000000e-01 1.023599087280478e+00 9.040525832637873e-01
5.500000000000000e-01 1.049732477993657e+00 9.071826440081487e-01
5.550000000000000e-01 1.076521985677273e+00 9.101571152434211e-01
5.600000000000001e-01 1.103984354645701e+00 9.129783255993995e-01
5.650000000000001e-01 1.132136749773522e+00 9.156508165771842e-01
5.700000000000001e-01 1.160996767224129e+00 9.181813570585674e-01
5.750000000000001e-01 1.190582445447902e+00 9.205788959292347e-01
5.800000000000000e-01 1.220912276456826e+00 9.228544447717226e-01
5.850000000000000e-01 1.252005217382601e+00 9.250208844446740e-01
5.900000000000000e-01 1.283880702325469e+00 9.270926920624557e-01
5.950000000000000e-01 1.316558654501151e+00 9.290855884208107e-01
6.000000000000000e-01 1.350059498693518e+00 9.310161101981923e-01
6.050000000000000e-01 1.384404174020732e+00 9.329011161279779e-01
6.100000000000000e-01 1.419614147022888e+00 9.347572415230301e-01
6.150000000000000e-01 1.455711425079295e+00 9.366003206992275e-01
6.200000000000000e-01 1.492718570163803e+00 9.384448015856413e-01
6.250000000000000e-01 1.530658712946775e+00 9.403031806901659e-01
6.300000000000000e-01 1.569555567252506e+00 9.421854891754172e-01
6.350000000000000e-01 1.609433444881138e+00 9.440988616905346e-01
6.400000000000000e-01 1.650317270804325e+00 9.460472184669999e-01
6.450000000000000e-01 1.692232598744148e+00 9.480310877821750e-01
6.500000000000000e-01 1.735205627145031e+00 9.500475901033818e-01
6.550000000000000e-01 1.779263215548615e+00 9.520905970727839e-01
6.600000000000000e-01 1.824432901381847e+00 9.541510681790623e-01
6.650000000000000e-01 1.870742917168772e+00 9.562175559008381e-01
6.700000000000000e-01 1.918222208176775e+00 9.582768569741686e-01
6.750000000000000e-01 1.966900450508319e+00 9.603147742058038e-01
6.800000000000000e-01 2.016808069649473e+00 9.623169412044944e-01
6.850000000000001e-01 2.067976259486829e+00 9.642696530635454e-01
6.900000000000001e-01 2.120437001804702e+00 9.661606410290328e-01
6.950000000000001e-01 2.174223086274785e+00 9.679797300042415e-01
7.000000000000001e-01 2.229368130950753e+00 9.697193253471190e-01
7.050000000000000e-01 2.285906603280654e+00 9.713746899218921e-01
7.100000000000000e-01 2.343873841650178e+00 9.729439927232670e-01
7.150000000000000e-01 2.403306077470301e+00 9.744281343213876e-01
7.200000000000000e-01 2.464240457823092e+00 9.758303785805645e-01
7.250000000000000e-01 2.526715068679855e+00 9.771558408097909e-01
7.300000000000000e-01 2.590768958706095e+00 9.784108962305096e-01
7.350000000000000e-01 2.656442163668210e+00 9.796025770369297e-01
7.400000000000000e-01 2.723775731457148e+00 9.807380207598124e-01
7.450000000000000e-01 2.792811747744667e+00 9.818240184718715e-01
7.500000000000000e-01 2.863593362288260e+00 9.828666916147404e-01
7.550000000000000e-01 2.936164815901156e+00 9.838713048547356e-01
7.600000000000000e-01 3.010571468104263e+00 9.848422033417358e-01
7.650000000000000e-01 3.086859825477351e+00 9.857828490757226e-01
7.700000000000000e-01 3.165077570727174e+00 9.866959242699205e-01
7.750000000000000e-01 3.245273592490716e+00 9.875834694591148e-01
7.800000000000000e-01 3.327498015892184e+00 9.884470291057560e-01
7.850000000000000e-01 3.411802233872832e+00 9.892877853441449e-01
7.900000000000000e-01 3.498238939313234e+00 9.901066689811160e-01
7.950000000000000e-01 3.586862157968046e+00 9.909044441694020e-01
8.000000000000000e-01 3.677727282233856e+00 9.916817683185528e-01
8.050000000000000e-01 3.770891105771243e+00 9.924392316291638e-01
8.100000000000001e-01 3.866411859002656e+00 9.931773815192277e-01
8.150000000000001e-01 3.964349245508326e+00 9.938967368132294e-01
8.200000000000001e-01 4.064764479342956e+00 9.945977955430084e-01
8.250000000000001e-01 4.167720323296481e+00 9.952810390614295e-01
8.300000000000001e-01 4.273281128122877e+00 9.959469341818464e-01
8.350000000000000e-01 4.381512872761445e+00 9.965959343341215e-01
8.400000000000000e-01 4.492483205575838e+00 9.972284802624347e-01
8.450000000000000e-01 4.606261486636447e+00 9.978450005208122e-01
8.500000000000000e-01 4.722918831072739e+00 9.984459118812425e-01
8.550000000000000e-01 4.842528153522501e+00 9.990316197019896e-01
8.600000000000000e-01 4.965164213705875e+00 9.996025182744513e-01
8.650000000000000e-01 5.090903663152626e+00 1.000158991155285e+00
8.700000000000000e-01 5.219825093111814e+00 1.000701411486272e+00
8.750000000000000e-01 5.352009083673925e+00 1.001230142302982e+00
8.800000000000000e-01 5.487538254136007e+00 1.001745536832846e+00
8.850000000000000e-01 5.626497314641444e+00 1.002247938783115e+00
8.900000000000000e-01 5.768973119126561e+00 1.002737682619119e+00
8.950000000000000e-01 5.915054719607133e+00 1.003215093833228e+00
9.000000000000000e-01 6.064833421838831e+00 1.003680489204880e+00
9.050000000000000e-01 6.218402842386253e+00 1.004134177052047e+00
9.100000000000000e-01 6.375858967136348e+00 1.004576457474448e+00
9.150000000000000e-01 6.537300211292723e+00 1.005007622588872e+00
9.200000000000000e-01 6.702827480888332e+00 1.005427956756869e+00
9.250000000000000e-01 6.872544235855034e+00 1.005837736805149e+00
9.300000000000000e-01 7.046556554689444e+00 1.006237232238932e+00
9.350000000000001e-01 7.224973200755413e+00 1.006626705448531e+00
9.400000000000001e-01 7.407905690264673e+00 1.007006411909419e+00
9.450000000000001e-01 7.595468361978146e+00 1.007376600376017e+00
9.500000000000001e-01 7.787778448671316e+00 1.007737513069447e+00
9.550000000000001e-01 7.984956150408610e+00 1.008089385859452e+00
9.600000000000000e-01 8.187124709672272e+00 1.008432448440710e+00
9.650000000000000e-01 8.394410488393007e+00 1.008766924503737e+00
9.700000000000000e-01 8.606943046930221e+00 1.009093031900575e+00
9.750000000000000e-01 8.824855225051540e+00 1.009410982805443e+00
9.800000000000000e-01 9.048283224961922e+00 1.009720983870537e+00
9.850000000000000e-01 9.277366696434507e+00 1.010023236377147e+00
9.900000000000000e-01 9.512248824096272e+00 1.010317936382244e+00
9.950000000000000e-01 9.753076416923058e+00 1.010605274860707e+00
1.000000000000000e+00 1.000000000000000e+01 1.010885437843325e+00
