0.000000000000000e+00 0.000000000000000e+00 7.164581345026612e-01
5.000000000000000e-03 3.369477419287315e-03 7.164629373157377e-01
1.000000000000000e-02 6.741060871647481e-03 7.164757399007352e-01
1.500000000000000e-02 1.011685770649257e-02 7.164970784815623e-01
2.000000000000000e-02 1.349897790673588e-02 7.165270179078669e-01
2.500000000000000e-02 1.688953540759990e-02 7.165656498881356e-01
3.000000000000000e-02 2.029064941789469e-02 7.166130572167960e-01
3.500000000000000e-02 2.370444574459234e-02 7.166693389629838e-01
4.000000000000000e-02 2.713305812152553e-02 7.167346400659133e-01
4.500000000000000e-02 3.057862954304063e-02 7.168091224551922e-01
5.000000000000000e-02 3.404331360343898e-02 7.168929535232595e-01
5.500000000000000e-02 3.752927584304335e-02 7.169863337671133e-01
6.000000000000000e-02 4.103869510173117e-02 7.170894887316982e-01
6.500000000000000e-02 4.457376488078044e-02 7.172026566397582e-01
7.000000000000001e-02 4.813669471387935e-02 7.173261085255230e-01
7.500000000000000e-02 5.172971154815675e-02 7.174601410551743e-01
8.000000000000000e-02 5.535506113609672e-02 7.176050618114089e-01
8.500000000000001e-02 5.901500943920686e-02 7.177612116968054e-01
9.000000000000000e-02 6.271184404431801e-02 7.179289643410433e-01
9.500000000000000e-02 6.644787559340060e-02 7.181087063705840e-01
1.000000000000000e-01 7.022543922779090e-02 7.183008563903290e-01
1.050000000000000e-01 7.404689604773053e-02 7.185058703837557e-01
1.100000000000000e-01 7.791463458813094e-02 7.187242183132341e-01
1.150000000000000e-01 8.183107231148547e-02 7.189563999749521e-01
1.200000000000000e-01 8.579865711886202e-02 7.192029609106434e-01
1.250000000000000e-01 8.981986887992111e-02 7.194644672651935e-01
1.300000000000000e-01 9.389722098291493e-02 7.197415100621860e-01
1.350000000000000e-01 9.803326190563690e-02 7.200347282968980e-01
1.400000000000000e-01 1.022305768083033e-01 7.203447896794667e-01
1.450000000000000e-01 1.064917891493625e-01 7.206723854687187e-01
1.500000000000000e-01 1.108195623252418e-01 7.210182584915745e-01
1.550000000000000e-01 1.152166013350572e-01 7.213831912979690e-01
1.600000000000000e-01 1.196856544713255e-01 7.217679857118300e-01
1.650000000000000e-01 1.242295150377370e-01 7.221734901906308e-01
1.700000000000000e-01 1.288510230950609e-01 7.226006085259802e-01
1.750000000000000e-01 1.335530672362758e-01 7.230502712491286e-01
1.800000000000000e-01 1.383385863920344e-01 7.235234449020524e-01
1.850000000000000e-01 1.432105716675912e-01 7.240211568460635e-01
1.900000000000000e-01 1.481720682123397e-01 7.245444752049195e-01
1.950000000000000e-01 1.532261771231311e-01 7.250944972209393e-01
2.000000000000000e-01 1.583760573825595e-01 7.256723786010787e-01
2.050000000000000e-01 1.636249278334301e-01 7.262793346207725e-01
2.100000000000000e-01 1.689760691906397e-01 7.269166097701734e-01
2.150000000000000e-01 1.744328260917313e-01 7.275854884631886e-01
2.200000000000000e-01 1.799986091874004e-01 7.282873260819123e-01
2.250000000000000e-01 1.856768972732633e-01 7.290235319276589e-01
2.300000000000000e-01 1.914712394642179e-01 7.297955401760701e-01
2.350000000000000e-01 1.973852574127551e-01 7.306048312746259e-01
2.400000000000000e-01 2.034226475726105e-01 7.314529600336540e-01
2.450000000000000e-01 2.095871835091678e-01 7.323415324988267e-01
2.500000000000000e-01 2.158827182580599e-01 7.332721761660527e-01
2.550000000000000e-01 2.223131867334419e-01 7.342465596295102e-01
2.600000000000000e-01 2.288826081874405e-01 7.352664213090355e-01
2.650000000000000e-01 2.355950887223172e-01 7.363335519594472e-01
2.700000000000000e-01 2.424548238569160e-01 7.374497617145966e-01
2.750000000000000e-01 2.494661011489995e-01 7.386168830003832e-01
2.800000000000000e-01 2.566333028751116e-01 7.398367925816288e-01
2.850000000000000e-01 2.639609087696434e-01 7.411114152131514e-01
2.900000000000000e-01 2.714534988248126e-01 7.424427070149404e-01
2.950000000000000e-01 2.791157561533084e-01 7.438326283305706e-01
3.000000000000000e-01 2.869524699153886e-01 7.452831277012396e-01
3.050000000000000e-01 2.949685383122613e-01 7.467961607794665e-01
3.100000000000000e-01 3.031689716476197e-01 7.483737048950823e-01
3.150000000000000e-01 3.115588954592450e-01 7.500177360925241e-01
3.200000000000000e-01 3.201435537226349e-01 7.517302100819769e-01
3.250000000000000e-01 3.289283121286580e-01 7.535130407878717e-01
3.300000000000000e-01 3.379186614372866e-01 7.553680715643371e-01
3.350000000000000e-01 3.471202209094989e-01 7.572970800228365e-01
3.400000000000000e-01 3.565387418195016e-01 7.593017618415808e-01
3.450000000000000e-01 3.661801110494620e-01 7.613837202767031e-01
3.500000000000000e-01 3.760503547690021e-01 7.635444536841605e-01
3.550000000000000e-01 3.861556422017504e-01 7.657853274873672e-01
3.600000000000000e-01 3.965022894813072e-01 7.681075577918540e-01
3.650000000000000e-01 4.070967635990345e-01 7.705121815473290e-01
3.700000000000000e-01 4.179456864461349e-01 7.730000350434918e-01
3.750000000000000e-01 4.290558389525505e-01 7.755717259903401e-01
3.800000000000000e-01 4.404341653252637e-01 7.782276081075928e-01
3.850000000000000e-01 4.520877773886537e-01 7.809677533233884e-01
3.900000000000000e-01 4.640239590296172e-01 7.837919242059236e-01
3.950000000000000e-01 4.762501707502353e-01 7.866995457996226e-01
4.000000000000000e-01 4.887740543308307e-01 7.896896777459080e-01
4.050000000000000e-01 5.016034376063282e-01 7.927609869962581e-01
4.100000000000000e-01 5.147463393589066e-01 7.959117217696372e-01
4.150000000000000e-01 5.282109743299990e-01 7.991396874009596e-01
4.200000000000000e-01 5.420057583547735e-01 8.024422248465646e-01
4.250000000000000e-01 5.561393136223041e-01 8.058161926884815e-01
4.300000000000000e-01 5.706204740647189e-01 8.092579535621525e-01
4.350000000000000e-01 5.854582908786964e-01 8.127633660001354e-01
4.400000000000000e-01 6.006620381827575e-01 8.163277827360524e-01
4.450000000000000e-01 6.162412188138907e-01 8.199460565402821e-01
4.500000000000000e-01 6.322055702671360e-01 8.236125546542571e-01
4.550000000000000e-01 6.485650707818353e-01 8.273211828453242e-01
4.600000000000000e-01 6.653299455783577e-01 8.310654200103893e-01
4.650000000000000e-01 6.825106732491932e-01 8.348383641056548e-01
4.700000000000000e-01 7.001179923084168e-01 8.386327899641043e-01
4.750000000000000e-01 7.181629079036070e-01 8.424412192760270e-01
4.800000000000000e-01 7.366566986944229e-01 8.462560026472238e-01
4.850000000000000e-01 7.556109239021327e-01 8.500694132144588e-01
4.900000000000000e-01 7.750374305345038e-01 8.538737507924870e-01
4.950000000000000e-01 7.949483607905672e-01 8.576614549611671e-01
5.000000000000000e-01 8.153561596498893e-01 8.614252248906260e-01
5.050000000000000e-01 8.362735826510871e-01 8.651581430696582e-01
5.100000000000000e-01 8.577137038644561e-01 8.688537994769631e-01
5.150000000000000e-01 8.796899240636907e-01 8.725064121524005e-01
5.200000000000000e-01 9.022159791018011e-01 8.761109396276443e-01
5.250000000000000e-01 9.253059484964714e-01 8.796631803078314e-01
5.300000000000000e-01 9.489742642302165e-01 8.831598537048448e-01
5.350000000000000e-01 9.732357197708378e-01 8.865986584540875e-01
5.400000000000000e-01 9.981054793178262e-01 8.899783023402434e-01
5.450000000000000e-01 1.023599087280478e+00 8.932985001449733e-01
5.500000000000000e-01 1.049732477993657e+00 8.965599360294665e-01
5.550000000000000e-01 1.076521985677273e+00 8.997641883796922e-01
5.600000000000001e-01 1.103984354645701e+00 9.029136165553389e-01
5.650000000000001e-01 1.132136749773522e+00 9.060112107568057e-01
5.700000000000001e-01 1.160996767224129e+00 9.090604081979347e-01
5.750000000000001e-01 1.190582445447902e+00 9.120648808630616e-01
5.800000000000000e-01 1.220912276456826e+00 9.150283022322313e-01
5.850000000000000e-01 1.252005217382601e+00 9.179541023565211e-01
5.900000000000000e-01 1.283880702325469e+00 9.208452224200159e-01
5.950000000000000e-01 1.316558654501151e+00 9.237038812896168e-01
6.000000000000000e-01 1.350059498693518e+00 9.265313673779660e-01
6.050000000000000e-01 1.384404174020732e+00 9.293278692814295e-01
6.100000000000000e-01 1.419614147022888e+00 9.320923579711140e-01
6.150000000000000e-01 1.455711425079295e+00 9.348225317040221e-01
6.200000000000000e-01 1.492718570163803e+00 9.375148322206828e-01
6.250000000000000e-01 1.530658712946775e+00 9.401645372051193e-01
6.300000000000000e-01 1.569555567252506e+00 9.427659294877400e-01
6.350000000000000e-01 1.609433444881138e+00 9.453125382622171e-01
6.400000000000000e-01 1.650317270804325e+00 9.477974419748892e-01
6.450000000000000e-01 1.692232598744148e+00 9.502136169650418e-01
6.500000000000000e-01 1.735205627145031e+00 9.525543109303386e-01
6.550000000000000e-01 1.779263215548615e+00 9.548134164752632e-01
6.600000000000000e-01 1.824432901381847e+00 9.569858179827392e-01
6.650000000000000e-01 1.870742917168772e+00 9.590676853477212e-01
6.700000000000000e-01 1.918222208176775e+00 9.610566910441922e-01
6.750000000000000e-01 1.966900450508319e+00 9.629521325805859e-01
6.800000000000000e-01 2.016808069649473e+00 9.647549502787417e-01
6.850000000000001e-01 2.067976259486829e+00 9.664676397473640e-01
6.900000000000001e-01 2.120437001804702e+00 9.680940683443202e-01
6.950000000000001e-01 2.174223086274785e+00 9.696392140736718e-01
7.000000000000001e-01 2.229368130950753e+00 9.711088524909673e-01
7.050000000000000e-01 2.285906603280654e+00 9.725092212740983e-01
7.100000000000000e-01 2.343873841650178e+00 9.738466925725759e-01
7.150000000000000e-01 2.403306077470301e+00 9.751274800582677e-01
7.200000000000000e-01 2.464240457823092e+00 9.763574013383333e-01
7.250000000000000e-01 2.526715068679855e+00 9.775417081198574e-01
7.300000000000000e-01 2.590768958706095e+00 9.786849875856115e-01
7.350000000000000e-01 2.656442163668210e+00 9.797911302243222e-01
7.400000000000000e-01 2.723775731457148e+00 9.808633529900005e-01
7.450000000000000e-01 2.792811747744667e+00 9.819042628380953e-01
7.500000000000000e-01 2.863593362288260e+00 9.829159445667268e-01
7.550000000000000e-01 2.936164815901156e+00 9.839000581470709e-01
7.600000000000000e-01 3.010571468104263e+00 9.848579336666369e-01
7.650000000000000e-01 3.086859825477351e+00 9.857906557804592e-01
7.700000000000000e-01 3.165077570727174e+00 9.866991333581198e-01
7.750000000000000e-01 3.245273592490716e+00 9.875841532174133e-01
7.800000000000000e-01 3.327498015892184e+00 9.884464191130575e-01
7.850000000000000e-01 3.411802233872832e+00 9.892865784378204e-01
7.900000000000000e-01 3.498238939313234e+00 9.901052395357249e-01
7.950000000000000e-01 3.586862157968046e+00 9.909029823738443e-01
8.000000000000000e-01 3.677727282233856e+00 9.916803648395612e-01
8.050000000000000e-01 3.770891105771243e+00 9.924379263462348e-01
8.100000000000001e-01 3.866411859002656e+00 9.931761898882172e-01
8.150000000000001e-01 3.964349245508326e+00 9.938956632571615e-01
8.200000000000001e-01 4.064764479342956e+00 9.945968398302913e-01
8.250000000000001e-01 4.167720323296481e+00 9.952801991501514e-01
8.300000000000001e-01 4.273281128122877e+00 9.959462074047478e-01
8.350000000000000e-01 4.381512872761445e+00 9.965953178583623e-01
8.400000000000000e-01 4.492483205575838e+00 9.972279712547426e-01
8.450000000000000e-01 4.606261486636447e+00 9.978445962015712e-01
8.500000000000000e-01 4.722918831072739e+00 9.984456095398229e-01
8.550000000000000e-01 4.842528153522501e+00 9.990314166996056e-01
8.600000000000000e-01 4.965164213705875e+00 9.996024120433531e-01
8.650000000000000e-01 5.090903663152626e+00 1.000158979196992e+00
8.700000000000000e-01 5.219825093111814e+00 1.000701491369620e+00
8.750000000000000e-01 5.352009083673925e+00 1.001230311662176e+00
8.800000000000000e-01 5.487538254136007e+00 1.001745793365566e+00
8.850000000000000e-01 5.626497314641444e+00 1.002248280248679e+00
8.900000000000000e-01 5.768973119126561e+00 1.002738106836713e+00
8.950000000000000e-01 5.915054719607133e+00 1.003215598680185e+00
9.000000000000000e-01 6.064833421838831e+00 1.003681072615020e+00
9.050000000000000e-01 6.218402842386253e+00 1.004134837014065e+00
9.100000000000000e-01 6.375858967136348e+00 1.004577192030363e+00
9.150000000000000e-01 6.537300211292723e+00 1.005008429832511e+00
9.200000000000000e-01 6.702827480888332e+00 1.005428834832413e+00
9.250000000000000e-01 6.872544235855034e+00 1.005838683905716e+00
9.300000000000000e-01 7.046556554689444e+00 1.006238246605206e+00
9.350000000000001e-01 7.224973200755413e+00 1.006627785367436e+00
9.400000000000001e-01 7.407905690264673e+00 1.007007555712830e+00
9.450000000000001e-01 7.595468361978146e+00 1.007377806439514e+00
9.500000000000001e-01 7.787778448671316e+00 1.007738779811105e+00
9.550000000000001e-01 7.984956150408610e+00 1.008090711738668e+00
9.600000000000000e-01 8.187124709672272e+00 1.008433831957068e+00
9.650000000000000e-01 8.394410488393007e+00 1.008768364195903e+00
9.700000000000000e-01 8.606943046930221e+00 1.009094526345227e+00
9.750000000000000e-01 8.824855225051540e+00 1.009412530616235e+00
9.800000000000000e-01 9.048283224961922e+00 1.009722583697092e+00
9.850000000000000e-01 9.277366696434507e+00 1.010024886904078e+00
9.900000000000000e-01 9.512248824096272e+00 1.010319636328208e+00
9.950000000000000e-01 9.753076416923058e+00 1.010607022977482e+00
1.000000000000000e+00 1.000000000000000e+01 1.010887232914918e+00
