0.000000000000000e+00 0.000000000000000e+00 9.724815994098289e-01
5.000000000000000e-03 3.369477419287315e-03 9.724815994399427e-01
1.000000000000000e-02 6.741060871647481e-03 9.724815994664560e-01
1.500000000000000e-02 1.011685770649257e-02 9.724815994757027e-01
2.000000000000000e-02 1.349897790673588e-02 9.724815994832330e-01
2.500000000000000e-02 1.688953540759990e-02 9.724815994955965e-01
3.000000000000000e-02 2.029064941789469e-02 9.724815995029903e-01
3.500000000000000e-02 2.370444574459234e-02 9.724815995062497e-01
4.000000000000000e-02 2.713305812152553e-02 9.724815995087958e-01
4.500000000000000e-02 3.057862954304063e-02 9.724815995131956e-01
5.000000000000000e-02 3.404331360343898e-02 9.724815995175005e-01
5.500000000000000e-02 3.752927584304335e-02 9.724815995200152e-01
6.000000000000000e-02 4.103869510173117e-02 9.724815995232763e-01
6.500000000000000e-02 4.457376488078044e-02 9.724815995257211e-01
7.000000000000001e-02 4.813669471387935e-02 9.724815995292557e-01
7.500000000000000e-02 5.172971154815675e-02 9.724815995333226e-01
8.000000000000000e-02 5.535506113609672e-02 9.724815995367708e-01
8.500000000000001e-02 5.901500943920686e-02 9.724815995406491e-01
9.000000000000000e-02 6.271184404431801e-02 9.724815995440969e-01
9.500000000000000e-02 6.644787559340060e-02 9.724815995492313e-01
1.000000000000000e-01 7.022543922779090e-02 9.724815995548574e-01
1.050000000000000e-01 7.404689604773053e-02 9.724815995595401e-01
1.100000000000000e-01 7.791463458813094e-02 9.724815995636421e-01
1.150000000000000e-01 8.183107231148547e-02 9.724815995673139e-01
1.200000000000000e-01 8.579865711886202e-02 9.724815995711052e-01
1.250000000000000e-01 8.981986887992111e-02 9.724815995755605e-01
1.300000000000000e-01 9.389722098291493e-02 9.724815995800039e-01
1.350000000000000e-01 9.803326190563690e-02 9.724815995845092e-01
1.400000000000000e-01 1.022305768083033e-01 9.724815995903728e-01
1.450000000000000e-01 1.064917891493625e-01 9.724815995978965e-01
1.500000000000000e-01 1.108195623252418e-01 9.724815996050050e-01
1.550000000000000e-01 1.152166013350572e-01 9.724815996108421e-01
1.600000000000000e-01 1.196856544713255e-01 9.724815996185173e-01
1.650000000000000e-01 1.242295150377370e-01 9.724815996283741e-01
1.700000000000000e-01 1.288510230950609e-01 9.724815996396134e-01
1.750000000000000e-01 1.335530672362758e-01 9.724815996524581e-01
1.800000000000000e-01 1.383385863920344e-01 9.724815996646007e-01
1.850000000000000e-01 1.432105716675912e-01 9.724815996756924e-01
1.900000000000000e-01 1.481720682123397e-01 9.724815996882620e-01
1.950000000000000e-01 1.532261771231311e-01 9.724815997012152e-01
2.000000000000000e-01 1.583760573825595e-01 9.724815997130614e-01
2.050000000000000e-01 1.636249278334301e-01 9.724815997263038e-01
2.100000000000000e-01 1.689760691906397e-01 9.724815997397137e-01
2.150000000000000e-01 1.744328260917313e-01 9.724815997540025e-01
2.200000000000000e-01 1.799986091874004e-01 9.724815997703798e-01
2.250000000000000e-01 1.856768972732633e-01 9.724815997864626e-01
2.300000000000000e-01 1.914712394642179e-01 9.724815998028364e-01
2.350000000000000e-01 1.973852574127551e-01 9.724815998182991e-01
2.400000000000000e-01 2.034226475726105e-01 9.724815998337121e-01
2.450000000000000e-01 2.095871835091678e-01 9.724815998500868e-01
2.500000000000000e-01 2.158827182580599e-01 9.724815998690938e-01
2.550000000000000e-01 2.223131867334419e-01 9.724815998928601e-01
2.600000000000000e-01 2.288826081874405e-01 9.724815999177219e-01
2.650000000000000e-01 2.355950887223172e-01 9.724815999424202e-01
2.700000000000000e-01 2.424548238569160e-01 9.724815999683704e-01
2.750000000000000e-01 2.494661011489995e-01 9.724815999959262e-01
2.800000000000000e-01 2.566333028751116e-01 9.724816000241521e-01
2.850000000000000e-01 2.639609087696434e-01 9.724816000537191e-01
2.900000000000000e-01 2.714534988248126e-01 9.724816000879777e-01
2.950000000000000e-01 2.791157561533084e-01 9.724816001219636e-01
3.000000000000000e-01 2.869524699153886e-01 9.724816001541896e-01
3.050000000000000e-01 2.949685383122613e-01 9.724816001884959e-01
3.100000000000000e-01 3.031689716476197e-01 9.724816002234057e-01
3.150000000000000e-01 3.115588954592450e-01 9.724816002583233e-01
3.200000000000000e-01 3.201435537226349e-01 9.724816002960909e-01
3.250000000000000e-01 3.289283121286580e-01 9.724816003390242e-01
3.300000000000000e-01 3.379186614372866e-01 9.724816003863747e-01
3.350000000000000e-01 3.471202209094989e-01 9.724816004385535e-01
3.400000000000000e-01 3.565387418195016e-01 9.724816004919653e-01
3.450000000000000e-01 3.661801110494620e-01 9.724816005449586e-01
3.500000000000000e-01 3.760503547690021e-01 9.724816006023166e-01
3.550000000000000e-01 3.861556422017504e-01 9.724816006646740e-01
3.600000000000000e-01 3.965022894813072e-01 9.724816007244312e-01
3.650000000000000e-01 4.070967635990345e-01 9.724816007852043e-01
3.700000000000000e-01 4.179456864461349e-01 9.724816008518757e-01
3.750000000000000e-01 4.290558389525505e-01 9.724816009215058e-01
3.800000000000000e-01 4.404341653252637e-01 9.724816009970352e-01
3.850000000000000e-01 4.520877773886537e-01 9.724816010780114e-01
3.900000000000000e-01 4.640239590296172e-01 9.724816011630180e-01
3.950000000000000e-01 4.762501707502353e-01 9.724816012510963e-01
4.000000000000000e-01 4.887740543308307e-01 9.724816013443602e-01
4.050000000000000e-01 5.016034376063282e-01 9.724816014387393e-01
4.100000000000000e-01 5.147463393589066e-01 9.724816015377880e-01
4.150000000000000e-01 5.282109743299990e-01 9.724816016466739e-01
4.200000000000000e-01 5.420057583547735e-01 9.724816017597427e-01
4.250000000000000e-01 5.561393136223041e-01 9.724816018748709e-01
4.300000000000000e-01 5.706204740647189e-01 9.724816019944053e-01
4.350000000000000e-01 5.854582908786964e-01 9.724816021282991e-01
4.400000000000000e-01 6.006620381827575e-01 9.724816022688991e-01
4.450000000000000e-01 6.162412188138907e-01 9.724816024148846e-01
4.500000000000000e-01 6.322055702671360e-01 9.724816025654341e-01
4.550000000000000e-01 6.485650707818353e-01 9.724816027203113e-01
4.600000000000000e-01 6.653299455783577e-01 9.724816028865755e-01
4.650000000000000e-01 6.825106732491932e-01 9.724816030589235e-01
4.700000000000000e-01 7.001179923084168e-01 9.724816032458351e-01
4.750000000000000e-01 7.181629079036070e-01 9.724816034417244e-01
4.800000000000000e-01 7.366566986944229e-01 9.724816036455101e-01
4.850000000000000e-01 7.556109239021327e-01 9.724816038593258e-01
4.900000000000000e-01 7.750374305345038e-01 9.724816040789720e-01
4.950000000000000e-01 7.949483607905672e-01 9.724816043162925e-01
5.000000000000000e-01 8.153561596498893e-01 9.724816045659477e-01
5.050000000000000e-01 8.362735826510871e-01 9.724816048285337e-01
5.100000000000000e-01 8.577137038644561e-01 9.724816051031335e-01
5.150000000000000e-01 8.796899240636907e-01 9.724816053845814e-01
5.200000000000000e-01 9.022159791018011e-01 9.724816056856533e-01
5.250000000000000e-01 9.253059484964714e-01 9.724816060102341e-01
5.300000000000000e-01 9.489742642302165e-01 9.724816063466647e-01
5.350000000000000e-01 9.732357197708378e-01 9.724816066905787e-01
5.400000000000000e-01 9.981054793178262e-01 9.724816070608292e-01
5.450000000000000e-01 1.023599087280478e+00 9.724816074542334e-01
5.500000000000000e-01 1.049732477993657e+00 9.724816078611432e-01
5.550000000000000e-01 1.076521985677273e+00 9.724816082946287e-01
5.600000000000001e-01 1.103984354645701e+00 9.724816087504895e-01
5.650000000000001e-01 1.132136749773522e+00 9.724816092334521e-01
5.700000000000001e-01 1.160996767224129e+00 9.724816097467026e-01
5.750000000000001e-01 1.190582445447902e+00 9.724816102883015e-01
5.800000000000000e-01 1.220912276456826e+00 9.724816108717302e-01
5.850000000000000e-01 1.252005217382601e+00 9.724816114933476e-01
5.900000000000000e-01 1.283880702325469e+00 9.724816121644561e-01
5.950000000000000e-01 1.316558654501151e+00 9.724816128995132e-01
6.000000000000000e-01 1.350059498693518e+00 9.724816137003971e-01
6.050000000000000e-01 1.384404174020732e+00 9.724816145997600e-01
6.100000000000000e-01 1.419614147022888e+00 9.724816156180910e-01
6.150000000000000e-01 1.455711425079295e+00 9.724816167894186e-01
6.200000000000000e-01 1.492718570163803e+00 9.724816181918958e-01
6.250000000000000e-01 1.530658712946775e+00 9.724816198955544e-01
6.300000000000000e-01 1.569555567252506e+00 9.724816220476579e-01
6.350000000000000e-01 1.609433444881138e+00 9.724816248893937e-01
6.400000000000000e-01 1.650317270804325e+00 9.724816287384812e-01
6.450000000000000e-01 1.692232598744148e+00 9.724816342045586e-01
6.500000000000000e-01 1.735205627145031e+00 9.724816422692432e-01
6.550000000000000e-01 1.779263215548615e+00 9.724816544741867e-01
6.600000000000000e-01 1.824432901381847e+00 9.724816736129591e-01
6.650000000000000e-01 1.870742917168772e+00 9.724817043659822e-01
6.700000000000000e-01 1.918222208176775e+00 9.724817545739136e-01
6.750000000000000e-01 1.966900450508319e+00 9.724818380863965e-01
6.800000000000000e-01 2.016808069649473e+00 9.724819786882389e-01
6.850000000000001e-01 2.067976259486829e+00 9.724822170892258e-01
6.900000000000001e-01 2.120437001804702e+00 9.724826239857897e-01
6.950000000000001e-01 2.174223086274785e+00 9.724833208658263e-01
7.000000000000001e-01 2.229368130950753e+00 9.724845156567787e-01
7.050000000000000e-01 2.285906603280654e+00 9.724865629283100e-01
7.100000000000000e-01 2.343873841650178e+00 9.724900592808614e-01
7.150000000000000e-01 2.403306077470301e+00 9.724960025959825e-01
7.200000000000000e-01 2.464240457823092e+00 9.725060484924658e-01
7.250000000000000e-01 2.526715068679855e+00 9.725228790998728e-01
7.300000000000000e-01 2.590768958706095e+00 9.725507388037874e-01
7.350000000000000e-01 2.656442163668210e+00 9.725962453312437e-01
7.400000000000000e-01 2.723775731457148e+00 9.726694531511809e-01
7.450000000000000e-01 2.792811747744667e+00 9.727848920254987e-01
7.500000000000000e-01 2.863593362288260e+00 9.729622585352797e-01
7.550000000000000e-01 2.936164815901156e+00 9.732265359292875e-01
7.600000000000000e-01 3.010571468104263e+00 9.736068814211485e-01
7.650000000000000e-01 3.086859825477351e+00 9.741323346922652e-01
7.700000000000000e-01 3.165077570727174e+00 9.748215748592765e-01
7.750000000000000e-01 3.245273592490716e+00 9.756663106294026e-01
7.800000000000000e-01 3.327498015892184e+00 9.766147235598958e-01
7.850000000000000e-01 3.411802233872832e+00 9.775685138045578e-01
7.900000000000000e-01 3.498238939313234e+00 9.784056009363093e-01
7.950000000000000e-01 3.586862157968046e+00 9.790260267618622e-01
8.000000000000000e-01 3.677727282233856e+00 9.794000375074604e-01
8.050000000000000e-01 3.770891105771243e+00 9.795914237875791e-01
8.100000000000001e-01 3.866411859002656e+00 9.797429866686576e-01
8.150000000000001e-01 3.964349245508326e+00 9.800329586513647e-01
8.200000000000001e-01 4.064764479342956e+00 9.806239322836557e-01
8.250000000000001e-01 4.167720323296481e+00 9.816238648385611e-01
8.300000000000001e-01 4.273281128122877e+00 9.830686859448736e-01
8.350000000000000e-01 4.381512872761445e+00 9.849250747651763e-01
8.400000000000000e-01 4.492483205575838e+00 9.871039450792113e-01
8.450000000000000e-01 4.606261486636447e+00 9.894739198894064e-01
8.500000000000000e-01 4.722918831072739e+00 9.918714094482629e-01
8.550000000000000e-01 4.842528153522501e+00 9.941145602532643e-01
8.600000000000000e-01 4.965164213705875e+00 9.960319682164248e-01
8.650000000000000e-01 5.090903663152626e+00 9.975071754573757e-01
8.700000000000000e-01 5.219825093111814e+00 9.985219153782326e-01
8.750000000000000e-01 5.352009083673925e+00 9.991705716364588e-01
8.800000000000000e-01 5.487538254136007e+00 9.996284101329825e-01
8.850000000000000e-01 5.626497314641444e+00 1.000083144299506e+00
8.900000000000000e-01 5.768973119126561e+00 1.000663740459172e+00
8.950000000000000e-01 5.915054719607133e+00 1.001403006673601e+00
9.000000000000000e-01 6.064833421838831e+00 1.002249062909305e+00
9.050000000000000e-01 6.218402842386253e+00 1.003111278505689e+00
9.100000000000000e-01 6.375858967136348e+00 1.003909759528733e+00
9.150000000000000e-01 6.537300211292723e+00 1.004603233315191e+00
9.200000000000000e-01 6.702827480888332e+00 1.005189642489799e+00
9.250000000000000e-01 6.872544235855034e+00 1.005690291134054e+00
9.300000000000000e-01 7.046556554689444e+00 1.006132272031468e+00
9.350000000000001e-01 7.224973200755413e+00 1.006537764664407e+00
9.400000000000001e-01 7.407905690264673e+00 1.006920983043206e+00
9.450000000000001e-01 7.595468361978146e+00 1.007289547268027e+00
9.500000000000001e-01 7.787778448671316e+00 1.007647020801940e+00
9.550000000000001e-01 7.984956150408610e+00 1.007994936403749e+00
9.600000000000000e-01 8.187124709672272e+00 1.008333966369821e+00
9.650000000000000e-01 8.394410488393007e+00 1.008664466383809e+00
9.700000000000000e-01 8.606943046930221e+00 1.008986687787434e+00
9.750000000000000e-01 8.824855225051540e+00 1.009300848832039e+00
9.800000000000000e-01 9.048283224961922e+00 1.009607155899382e+00
9.850000000000000e-01 9.277366696434507e+00 1.009905812353512e+00
9.900000000000000e-01 9.512248824096272e+00 1.010197052955743e+00
9.950000000000000e-01 9.753076416923058e+00 1.010481495493964e+00
1.000000000000000e+00 1.000000000000000e+01 1.010763852691673e+00
