0.000000000000000e+00 0.000000000000000e+00 8.623691386419581e-01
5.000000000000000e-03 3.369477419287315e-03 8.623703476787739e-01
1.000000000000000e-02 6.741060871647481e-03 8.623735836430929e-01
1.500000000000000e-02 1.011685770649257e-02 8.623790036284307e-01
2.000000000000000e-02 1.349897790673588e-02 8.623866121583160e-01
2.500000000000000e-02 1.688953540759990e-02 8.623964239481969e-01
3.000000000000000e-02 2.029064941789469e-02 8.624084620263480e-01
3.500000000000000e-02 2.370444574459234e-02 8.624227518066300e-01
4.000000000000000e-02 2.713305812152553e-02 8.624393263203107e-01
4.500000000000000e-02 3.057862954304063e-02 8.624582252723139e-01
5.000000000000000e-02 3.404331360343898e-02 8.624794926815460e-01
5.500000000000000e-02 3.752927584304335e-02 8.625031710686940e-01
6.000000000000000e-02 4.103869510173117e-02 8.625293188646304e-01
6.500000000000000e-02 4.457376488078044e-02 8.625579928840038e-01
7.000000000000001e-02 4.813669471387935e-02 8.625892607240777e-01
7.500000000000000e-02 5.172971154815675e-02 8.626231892353835e-01
8.000000000000000e-02 5.535506113609672e-02 8.626598537472865e-01
8.500000000000001e-02 5.901500943920686e-02 8.626993383469294e-01
9.000000000000000e-02 6.271184404431801e-02 8.627417319657963e-01
9.500000000000000e-02 6.644787559340060e-02 8.627871324036930e-01
1.000000000000000e-01 7.022543922779090e-02 8.628356294702458e-01
1.050000000000000e-01 7.404689604773053e-02 8.628873256895789e-01
1.100000000000000e-01 7.791463458813094e-02 8.629423405250525e-01
1.150000000000000e-01 8.183107231148547e-02 8.630007964730149e-01
1.200000000000000e-01 8.579865711886202e-02 8.630628096134243e-01
1.250000000000000e-01 8.981986887992111e-02 8.631285171535217e-01
1.300000000000000e-01 9.389722098291493e-02 8.631980597112320e-01
1.350000000000000e-01 9.803326190563690e-02 8.632715810886177e-01
1.400000000000000e-01 1.022305768083033e-01 8.633492319350822e-01
1.450000000000000e-01 1.064917891493625e-01 8.634311705827311e-01
1.500000000000000e-01 1.108195623252418e-01 8.635175642565808e-01
1.550000000000000e-01 1.152166013350572e-01 8.636085799175026e-01
1.600000000000000e-01 1.196856544713255e-01 8.637044081567067e-01
1.650000000000000e-01 1.242295150377370e-01 8.638052327280217e-01
1.700000000000000e-01 1.288510230950609e-01 8.639112525844431e-01
1.750000000000000e-01 1.335530672362758e-01 8.640226750949584e-01
1.800000000000000e-01 1.383385863920344e-01 8.641397033271326e-01
1.850000000000000e-01 1.432105716675912e-01 8.642625450626716e-01
1.900000000000000e-01 1.481720682123397e-01 8.643914202742140e-01
1.950000000000000e-01 1.532261771231311e-01 8.645265740224449e-01
2.000000000000000e-01 1.583760573825595e-01 8.646682353572177e-01
2.050000000000000e-01 1.636249278334301e-01 8.648166435219264e-01
2.100000000000000e-01 1.689760691906397e-01 8.649720433177920e-01
2.150000000000000e-01 1.744328260917313e-01 8.651346882442831e-01
2.200000000000000e-01 1.799986091874004e-01 8.653048327159805e-01
2.250000000000000e-01 1.856768972732633e-01 8.654827260677610e-01
2.300000000000000e-01 1.914712394642179e-01 8.656686384358573e-01
2.350000000000000e-01 1.973852574127551e-01 8.658628263287862e-01
2.400000000000000e-01 2.034226475726105e-01 8.660655605557146e-01
2.450000000000000e-01 2.095871835091678e-01 8.662771033904650e-01
2.500000000000000e-01 2.158827182580599e-01 8.664977037360668e-01
2.550000000000000e-01 2.223131867334419e-01 8.667276217288021e-01
2.600000000000000e-01 2.288826081874405e-01 8.669670993785431e-01
2.650000000000000e-01 2.355950887223172e-01 8.672163837415341e-01
2.700000000000000e-01 2.424548238569160e-01 8.674757115998359e-01
2.750000000000000e-01 2.494661011489995e-01 8.677452975040456e-01
2.800000000000000e-01 2.566333028751116e-01 8.680253412413567e-01
2.850000000000000e-01 2.639609087696434e-01 8.683160237223660e-01
2.900000000000000e-01 2.714534988248126e-01 8.686175115254797e-01
2.950000000000000e-01 2.791157561533084e-01 8.689299493256734e-01
3.000000000000000e-01 2.869524699153886e-01 8.692534377170567e-01
3.050000000000000e-01 2.949685383122613e-01 8.695880353170435e-01
3.100000000000000e-01 3.031689716476197e-01 8.699337985762189e-01
3.150000000000000e-01 3.115588954592450e-01 8.702907278386236e-01
3.200000000000000e-01 3.201435537226349e-01 8.706587494129371e-01
3.250000000000000e-01 3.289283121286580e-01 8.710377661665264e-01
3.300000000000000e-01 3.379186614372866e-01 8.714276179760316e-01
3.350000000000000e-01 3.471202209094989e-01 8.718280790149329e-01
3.400000000000000e-01 3.565387418195016e-01 8.722388582843278e-01
3.450000000000000e-01 3.661801110494620e-01 8.726595871005223e-01
3.500000000000000e-01 3.760503547690021e-01 8.730898327071300e-01
3.550000000000000e-01 3.861556422017504e-01 8.735290703827960e-01
3.600000000000000e-01 3.965022894813072e-01 8.739766969411489e-01
3.650000000000000e-01 4.070967635990345e-01 8.744320296792425e-01
3.700000000000000e-01 4.179456864461349e-01 8.748942870928729e-01
3.750000000000000e-01 4.290558389525505e-01 8.753626164064789e-01
3.800000000000000e-01 4.404341653252637e-01 8.758360762525936e-01
3.850000000000000e-01 4.520877773886537e-01 8.763136451797385e-01
3.900000000000000e-01 4.640239590296172e-01 8.767942463610525e-01
3.950000000000000e-01 4.762501707502353e-01 8.772767334569179e-01
4.000000000000000e-01 4.887740543308307e-01 8.777599255044991e-01
4.050000000000000e-01 5.016034376063282e-01 8.782426258596980e-01
4.100000000000000e-01 5.147463393589066e-01 8.787236285242296e-01
4.150000000000000e-01 5.282109743299990e-01 8.792017717049860e-01
4.200000000000000e-01 5.420057583547735e-01 8.796759600612836e-01
4.250000000000000e-01 5.561393136223041e-01 8.801451987334659e-01
4.300000000000000e-01 5.706204740647189e-01 8.806086589767989e-01
4.350000000000000e-01 5.854582908786964e-01 8.810657132650535e-01
4.400000000000000e-01 6.006620381827575e-01 8.815159920468569e-01
4.450000000000000e-01 6.162412188138907e-01 8.819594566270822e-01
4.500000000000000e-01 6.322055702671360e-01 8.823964491016874e-01
4.550000000000000e-01 6.485650707818353e-01 8.828277609189764e-01
4.600000000000000e-01 6.653299455783577e-01 8.832547032937795e-01
4.650000000000000e-01 6.825106732491932e-01 8.836791617875795e-01
4.700000000000000e-01 7.001179923084168e-01 8.841036568629983e-01
4.750000000000000e-01 7.181629079036070e-01 8.845313914865487e-01
4.800000000000000e-01 7.366566986944229e-01 8.849662894347208e-01
4.850000000000000e-01 7.556109239021327e-01 8.854130282596523e-01
4.900000000000000e-01 7.750374305345038e-01 8.858770380991660e-01
4.950000000000000e-01 7.949483607905672e-01 8.863644920175225e-01
5.000000000000000e-01 8.153561596498893e-01 8.868822941344056e-01
5.050000000000000e-01 8.362735826510871e-01 8.874380130509667e-01
5.100000000000000e-01 8.577137038644561e-01 8.880397935114975e-01
5.150000000000000e-01 8.796899240636907e-01 8.886962895441409e-01
5.200000000000000e-01 9.022159791018011e-01 8.894165483591349e-01
5.250000000000000e-01 9.253059484964714e-01 8.902098325526233e-01
5.300000000000000e-01 9.489742642302165e-01 8.910854764962407e-01
5.350000000000000e-01 9.732357197708378e-01 8.920527603472181e-01
5.400000000000000e-01 9.981054793178262e-01 8.931207060963214e-01
5.450000000000000e-01 1.023599087280478e+00 8.942978437765939e-01
5.500000000000000e-01 1.049732477993657e+00 8.955920513980793e-01
5.550000000000000e-01 1.076521985677273e+00 8.970104181326635e-01
5.600000000000001e-01 1.103984354645701e+00 8.985590338374585e-01
5.650000000000001e-01 1.132136749773522e+00 9.002427553554130e-01
5.700000000000001e-01 1.160996767224129e+00 9.020650555046048e-01
5.750000000000001e-01 1.190582445447902e+00 9.040279338770710e-01
5.800000000000000e-01 1.220912276456826e+00 9.061317909606668e-01
5.850000000000000e-01 1.252005217382601e+00 9.083752510740938e-01
5.900000000000000e-01 1.283880702325469e+00 9.107550118509453e-01
5.950000000000000e-01 1.316558654501151e+00 9.132657724102661e-01
6.000000000000000e-01 1.350059498693518e+00 9.159002098623320e-01
6.050000000000000e-01 1.384404174020732e+00 9.186489435482327e-01
6.100000000000000e-01 1.419614147022888e+00 9.215004692369044e-01
6.150000000000000e-01 1.455711425079295e+00 9.244410972615963e-01
6.200000000000000e-01 1.492718570163803e+00 9.274549334137231e-01
6.250000000000000e-01 1.530658712946775e+00 9.305239180430290e-01
6.300000000000000e-01 1.569555567252506e+00 9.336279221457974e-01
6.350000000000000e-01 1.609433444881138e+00 9.367448969222532e-01
6.400000000000000e-01 1.650317270804325e+00 9.398510866033782e-01
6.450000000000000e-01 1.692232598744148e+00 9.429213274490971e-01
6.500000000000000e-01 1.735205627145031e+00 9.459294618879682e-01
6.550000000000000e-01 1.779263215548615e+00 9.488488988447711e-01
6.600000000000000e-01 1.824432901381847e+00 9.516533473687016e-01
6.650000000000000e-01 1.870742917168772e+00 9.543177431312068e-01
6.700000000000000e-01 1.918222208176775e+00 9.568193727911436e-01
6.750000000000000e-01 1.966900450508319e+00 9.591391771636756e-01
6.800000000000000e-01 2.016808069649473e+00 9.612631784974334e-01
6.850000000000001e-01 2.067976259486829e+00 9.631839302020359e-01
6.900000000000001e-01 2.120437001804702e+00 9.649018339690282e-01
6.950000000000001e-01 2.174223086274785e+00 9.664261197589609e-01
7.000000000000001e-01 2.229368130950753e+00 9.677752547943432e-01
7.050000000000000e-01 2.285906603280654e+00 9.689765574104997e-01
7.100000000000000e-01 2.343873841650178e+00 9.700648559464229e-01
7.150000000000000e-01 2.403306077470301e+00 9.710801558948313e-01
7.200000000000000e-01 2.464240457823092e+00 9.720644463870404e-01
7.250000000000000e-01 2.526715068679855e+00 9.730579571452389e-01
7.300000000000000e-01 2.590768958706095e+00 9.740953253048202e-01
7.350000000000000e-01 2.656442163668210e+00 9.752022063093926e-01
7.400000000000000e-01 2.723775731457148e+00 9.763928392875953e-01
7.450000000000000e-01 2.792811747744667e+00 9.776689545770848e-01
7.500000000000000e-01 2.863593362288260e+00 9.790202125038802e-01
7.550000000000000e-01 2.936164815901156e+00 9.804261259200705e-01
7.600000000000000e-01 3.010571468104263e+00 9.818591859609583e-01
7.650000000000000e-01 3.086859825477351e+00 9.832887190901479e-01
7.700000000000000e-01 3.165077570727174e+00 9.846848856518488e-01
7.750000000000000e-01 3.245273592490716e+00 9.860222103450655e-01
7.800000000000000e-01 3.327498015892184e+00 9.872821261244663e-01
7.850000000000000e-01 3.411802233872832e+00 9.884542078451840e-01
7.900000000000000e-01 3.498238939313234e+00 9.895360357230581e-01
7.950000000000000e-01 3.586862157968046e+00 9.905319004957487e-01
8.000000000000000e-01 3.677727282233856e+00 9.914507707306257e-01
8.050000000000000e-01 3.770891105771243e+00 9.923040321423400e-01
8.100000000000001e-01 3.866411859002656e+00 9.931034620385404e-01
8.150000000000001e-01 3.964349245508326e+00 9.938597484238244e-01
8.200000000000001e-01 4.064764479342956e+00 9.945816648741111e-01
8.250000000000001e-01 4.167720323296481e+00 9.952758362426551e-01
8.300000000000001e-01 4.273281128122877e+00 9.959469223659047e-01
8.350000000000000e-01 4.381512872761445e+00 9.965980187389316e-01
8.400000000000000e-01 4.492483205575838e+00 9.972311063661802e-01
8.450000000000000e-01 4.606261486636447e+00 9.978474453011599e-01
8.500000000000000e-01 4.722918831072739e+00 9.984478679863079e-01
8.550000000000000e-01 4.842528153522501e+00 9.990329720532982e-01
8.600000000000000e-01 4.965164213705875e+00 9.996032339351748e-01
8.650000000000000e-01 5.090903663152626e+00 1.000159069459417e+00
8.700000000000000e-01 5.219825093111814e+00 1.000700863291544e+00
8.750000000000000e-01 5.352009083673925e+00 1.001228982065841e+00
8.800000000000000e-01 5.487538254136007e+00 1.001743779833799e+00
8.850000000000000e-01 5.626497314641444e+00 1.002245600240901e+00
8.900000000000000e-01 5.768973119126561e+00 1.002734777437355e+00
8.950000000000000e-01 5.915054719607133e+00 1.003211636540274e+00
9.000000000000000e-01 6.064833421838831e+00 1.003676493947404e+00
9.050000000000000e-01 6.218402842386253e+00 1.004129657601991e+00
9.100000000000000e-01 6.375858967136348e+00 1.004571427238860e+00
9.150000000000000e-01 6.537300211292723e+00 1.005002094620065e+00
9.200000000000000e-01 6.702827480888332e+00 1.005421943762400e+00
9.250000000000000e-01 6.872544235855034e+00 1.005831251157495e+00
9.300000000000000e-01 7.046556554689444e+00 1.006230285984874e+00
9.350000000000001e-01 7.224973200755413e+00 1.006619310318245e+00
9.400000000000001e-01 7.407905690264673e+00 1.006998579325286e+00
9.450000000000001e-01 7.595468361978146e+00 1.007368341461168e+00
9.500000000000001e-01 7.787778448671316e+00 1.007728838656039e+00
9.550000000000001e-01 7.984956150408610e+00 1.008080306496697e+00
9.600000000000000e-01 8.187124709672272e+00 1.008422974402661e+00
9.650000000000000e-01 8.394410488393007e+00 1.008757065796838e+00
9.700000000000000e-01 8.606943046930221e+00 1.009082798270984e+00
9.750000000000000e-01 8.824855225051540e+00 1.009400383746139e+00
9.800000000000000e-01 9.048283224961922e+00 1.009710028628217e+00
9.850000000000000e-01 9.277366696434507e+00 1.010011933958911e+00
9.900000000000000e-01 9.512248824096272e+00 1.010306295562093e+00
9.950000000000000e-01 9.753076416923058e+00 1.010593304185844e+00
1.000000000000000e+00 1.000000000000000e+01 1.010873145640275e+00
