0.000000000000000e+00 0.000000000000000e+00 9.638488722627818e-01
5.000000000000000e-03 3.369477419287315e-03 9.638488722722155e-01
1.000000000000000e-02 6.741060871647481e-03 9.638488722920414e-01
1.500000000000000e-02 1.011685770649257e-02 9.638488722997091e-01
2.000000000000000e-02 1.349897790673588e-02 9.638488723046922e-01
2.500000000000000e-02 1.688953540759990e-02 9.638488723129006e-01
3.000000000000000e-02 2.029064941789469e-02 9.638488723190939e-01
3.500000000000000e-02 2.370444574459234e-02 9.638488723232777e-01
4.000000000000000e-02 2.713305812152553e-02 9.638488723277562e-01
4.500000000000000e-02 3.057862954304063e-02 9.638488723320044e-01
5.000000000000000e-02 3.404331360343898e-02 9.638488723358529e-01
5.500000000000000e-02 3.752927584304335e-02 9.638488723391732e-01
6.000000000000000e-02 4.103869510173117e-02 9.638488723429651e-01
6.500000000000000e-02 4.457376488078044e-02 9.638488723497722e-01
7.000000000000001e-02 4.813669471387935e-02 9.638488723563314e-01
7.500000000000000e-02 5.172971154815675e-02 9.638488723608938e-01
8.000000000000000e-02 5.535506113609672e-02 9.638488723657358e-01
8.500000000000001e-02 5.901500943920686e-02 9.638488723706086e-01
9.000000000000000e-02 6.271184404431801e-02 9.638488723752655e-01
9.500000000000000e-02 6.644787559340060e-02 9.638488723792527e-01
1.000000000000000e-01 7.022543922779090e-02 9.638488723837895e-01
1.050000000000000e-01 7.404689604773053e-02 9.638488723878870e-01
1.100000000000000e-01 7.791463458813094e-02 9.638488723917402e-01
1.150000000000000e-01 8.183107231148547e-02 9.638488723986944e-01
1.200000000000000e-01 8.579865711886202e-02 9.638488724055019e-01
1.250000000000000e-01 8.981986887992111e-02 9.638488724119340e-01
1.300000000000000e-01 9.389722098291493e-02 9.638488724199047e-01
1.350000000000000e-01 9.803326190563690e-02 9.638488724273210e-01
1.400000000000000e-01 1.022305768083033e-01 9.638488724363992e-01
1.450000000000000e-01 1.064917891493625e-01 9.638488724475474e-01
1.500000000000000e-01 1.108195623252418e-01 9.638488724596378e-01
1.550000000000000e-01 1.152166013350572e-01 9.638488724740331e-01
1.600000000000000e-01 1.196856544713255e-01 9.638488724871241e-01
1.650000000000000e-01 1.242295150377370e-01 9.638488725004906e-01
1.700000000000000e-01 1.288510230950609e-01 9.638488725157108e-01
1.750000000000000e-01 1.335530672362758e-01 9.638488725298189e-01
1.800000000000000e-01 1.383385863920344e-01 9.638488725438084e-01
1.850000000000000e-01 1.432105716675912e-01 9.638488725584632e-01
1.900000000000000e-01 1.481720682123397e-01 9.638488725739610e-01
1.950000000000000e-01 1.532261771231311e-01 9.638488725898501e-01
2.000000000000000e-01 1.583760573825595e-01 9.638488726054816e-01
2.050000000000000e-01 1.636249278334301e-01 9.638488726229143e-01
2.100000000000000e-01 1.689760691906397e-01 9.638488726415437e-01
2.150000000000000e-01 1.744328260917313e-01 9.638488726617632e-01
2.200000000000000e-01 1.799986091874004e-01 9.638488726830751e-01
2.250000000000000e-01 1.856768972732633e-01 9.638488727038964e-01
2.300000000000000e-01 1.914712394642179e-01 9.638488727268859e-01
2.350000000000000e-01 1.973852574127551e-01 9.638488727503298e-01
2.400000000000000e-01 2.034226475726105e-01 9.638488727772314e-01
2.450000000000000e-01 2.095871835091678e-01 9.638488728062751e-01
2.500000000000000e-01 2.158827182580599e-01 9.638488728361024e-01
2.550000000000000e-01 2.223131867334419e-01 9.638488728695217e-01
2.600000000000000e-01 2.288826081874405e-01 9.638488729034418e-01
2.650000000000000e-01 2.355950887223172e-01 9.638488729363547e-01
2.700000000000000e-01 2.424548238569160e-01 9.638488729700269e-01
2.750000000000000e-01 2.494661011489995e-01 9.638488730057072e-01
2.800000000000000e-01 2.566333028751116e-01 9.638488730451369e-01
2.850000000000000e-01 2.639609087696434e-01 9.638488730851175e-01
2.900000000000000e-01 2.714534988248126e-01 9.638488731256946e-01
2.950000000000000e-01 2.791157561533084e-01 9.638488731707551e-01
3.000000000000000e-01 2.869524699153886e-01 9.638488732178933e-01
3.050000000000000e-01 2.949685383122613e-01 9.638488732699941e-01
3.100000000000000e-01 3.031689716476197e-01 9.638488733250690e-01
3.150000000000000e-01 3.115588954592450e-01 9.638488733802033e-01
3.200000000000000e-01 3.201435537226349e-01 9.638488734386912e-01
3.250000000000000e-01 3.289283121286580e-01 9.638488735024243e-01
3.300000000000000e-01 3.379186614372866e-01 9.638488735667323e-01
3.350000000000000e-01 3.471202209094989e-01 9.638488736345223e-01
3.400000000000000e-01 3.565387418195016e-01 9.638488737066201e-01
3.450000000000000e-01 3.661801110494620e-01 9.638488737825465e-01
3.500000000000000e-01 3.760503547690021e-01 9.638488738647257e-01
3.550000000000000e-01 3.861556422017504e-01 9.638488739461165e-01
3.600000000000000e-01 3.965022894813072e-01 9.638488740317257e-01
3.650000000000000e-01 4.070967635990345e-01 9.638488741227687e-01
3.700000000000000e-01 4.179456864461349e-01 9.638488742200710e-01
3.750000000000000e-01 4.290558389525505e-01 9.638488743241859e-01
3.800000000000000e-01 4.404341653252637e-01 9.638488744386646e-01
3.850000000000000e-01 4.520877773886537e-01 9.638488745576849e-01
3.900000000000000e-01 4.640239590296172e-01 9.638488746747248e-01
3.950000000000000e-01 4.762501707502353e-01 9.638488747991272e-01
4.000000000000000e-01 4.887740543308307e-01 9.638488749325486e-01
4.050000000000000e-01 5.016034376063282e-01 9.638488750791707e-01
4.100000000000000e-01 5.147463393589066e-01 9.638488752322899e-01
4.150000000000000e-01 5.282109743299990e-01 9.638488753959058e-01
4.200000000000000e-01 5.420057583547735e-01 9.638488755693748e-01
4.250000000000000e-01 5.561393136223041e-01 9.638488757495656e-01
4.300000000000000e-01 5.706204740647189e-01 9.638488759428113e-01
4.350000000000000e-01 5.854582908786964e-01 9.638488761437647e-01
4.400000000000000e-01 6.006620381827575e-01 9.638488763646992e-01
4.450000000000000e-01 6.162412188138907e-01 9.638488766032156e-01
4.500000000000000e-01 6.322055702671360e-01 9.638488768592092e-01
4.550000000000000e-01 6.485650707818353e-01 9.638488771360005e-01
4.600000000000000e-01 6.653299455783577e-01 9.638488774275312e-01
4.650000000000000e-01 6.825106732491932e-01 9.638488777462394e-01
4.700000000000000e-01 7.001179923084168e-01 9.638488780952894e-01
4.750000000000000e-01 7.181629079036070e-01 9.638488784811894e-01
4.800000000000000e-01 7.366566986944229e-01 9.638488789062404e-01
4.850000000000000e-01 7.556109239021327e-01 9.638488793714056e-01
4.900000000000000e-01 7.750374305345038e-01 9.638488798914416e-01
4.950000000000000e-01 7.949483607905672e-01 9.638488804865262e-01
5.000000000000000e-01 8.153561596498893e-01 9.638488811654331e-01
5.050000000000000e-01 8.362735826510871e-01 9.638488819283677e-01
5.100000000000000e-01 8.577137038644561e-01 9.638488828243726e-01
5.150000000000000e-01 8.796899240636907e-01 9.638488838853972e-01
5.200000000000000e-01 9.022159791018011e-01 9.638488851383361e-01
5.250000000000000e-01 9.253059484964714e-01 9.638488866580021e-01
5.300000000000000e-01 9.489742642302165e-01 9.638488885089351e-01
5.350000000000000e-01 9.732357197708378e-01 9.638488908129489e-01
5.400000000000000e-01 9.981054793178262e-01 9.638488937139819e-01
5.450000000000000e-01 1.023599087280478e+00 9.638488974034324e-01
5.500000000000000e-01 1.049732477993657e+00 9.638489021996142e-01
5.550000000000000e-01 1.076521985677273e+00 9.638489084681715e-01
5.600000000000001e-01 1.103984354645701e+00 9.638489168003284e-01
5.650000000000001e-01 1.132136749773522e+00 9.638489280189896e-01
5.700000000000001e-01 1.160996767224129e+00 9.638489432262277e-01
5.750000000000001e-01 1.190582445447902e+00 9.638489641619041e-01
5.800000000000000e-01 1.220912276456826e+00 9.638489931755128e-01
5.850000000000000e-01 1.252005217382601e+00 9.638490337242833e-01
5.900000000000000e-01 1.283880702325469e+00 9.638490909957511e-01
5.950000000000000e-01 1.316558654501151e+00 9.638491722359961e-01
6.000000000000000e-01 1.350059498693518e+00 9.638492883707868e-01
6.050000000000000e-01 1.384404174020732e+00 9.638494554450188e-01
6.100000000000000e-01 1.419614147022888e+00 9.638496966065466e-01
6.150000000000000e-01 1.455711425079295e+00 9.638500466835721e-01
6.200000000000000e-01 1.492718570163803e+00 9.638505566867537e-01
6.250000000000000e-01 1.530658712946775e+00 9.638513013566802e-01
6.300000000000000e-01 1.569555567252506e+00 9.638523922975378e-01
6.350000000000000e-01 1.609433444881138e+00 9.638539930015440e-01
6.400000000000000e-01 1.650317270804325e+00 9.638563433832231e-01
6.450000000000000e-01 1.692232598744148e+00 9.638597979945663e-01
6.500000000000000e-01 1.735205627145031e+00 9.638648733491550e-01
6.550000000000000e-01 1.779263215548615e+00 9.638723199356375e-01
6.600000000000000e-01 1.824432901381847e+00 9.638832283049613e-01
6.650000000000000e-01 1.870742917168772e+00 9.638991615221115e-01
6.700000000000000e-01 1.918222208176775e+00 9.639223384558392e-01
6.750000000000000e-01 1.966900450508319e+00 9.639558872124135e-01
6.800000000000000e-01 2.016808069649473e+00 9.640041431523452e-01
6.850000000000001e-01 2.067976259486829e+00 9.640729952307676e-01
6.900000000000001e-01 2.120437001804702e+00 9.641702885709723e-01
6.950000000000001e-01 2.174223086274785e+00 9.643061912121952e-01
7.000000000000001e-01 2.229368130950753e+00 9.644933903180168e-01
7.050000000000000e-01 2.285906603280654e+00 9.647469687207421e-01
7.100000000000000e-01 2.343873841650178e+00 9.650836855538966e-01
7.150000000000000e-01 2.403306077470301e+00 9.655203350538597e-01
7.200000000000000e-01 2.464240457823092e+00 9.660709594232518e-01
7.250000000000000e-01 2.526715068679855e+00 9.667426671299701e-01
7.300000000000000e-01 2.590768958706095e+00 9.675299208197607e-01
7.350000000000000e-01 2.656442163668210e+00 9.684082281587973e-01
7.400000000000000e-01 2.723775731457148e+00 9.693301174705474e-01
7.450000000000000e-01 2.792811747744667e+00 9.702275994090424e-01
7.500000000000000e-01 2.863593362288260e+00 9.710242501109219e-01
7.550000000000000e-01 2.936164815901156e+00 9.716560330456110e-01
7.600000000000000e-01 3.010571468104263e+00 9.720945780098312e-01
7.650000000000000e-01 3.086859825477351e+00 9.723633646914094e-01
7.700000000000000e-01 3.165077570727174e+00 9.725391004605118e-01
7.750000000000000e-01 3.245273592490716e+00 9.727369888025716e-01
7.800000000000000e-01 3.327498015892184e+00 9.730855424795049e-01
7.850000000000000e-01 3.411802233872832e+00 9.736999774037051e-01
7.900000000000000e-01 3.498238939313234e+00 9.746618378685182e-01
7.950000000000000e-01 3.586862157968046e+00 9.760083343023193e-01
8.000000000000000e-01 3.677727282233856e+00 9.777309093066460e-01
8.050000000000000e-01 3.770891105771243e+00 9.797803569010837e-01
8.100000000000001e-01 3.866411859002656e+00 9.820751296139573e-01
8.150000000000001e-01 3.964349245508326e+00 9.845097737547410e-01
8.200000000000001e-01 4.064764479342956e+00 9.869620916048616e-01
8.250000000000001e-01 4.167720323296481e+00 9.893007126279789e-01
8.300000000000001e-01 4.273281128122877e+00 9.913974152063033e-01
8.350000000000000e-01 4.381512872761445e+00 9.931476003812907e-01
8.400000000000000e-01 4.492483205575838e+00 9.944963571780193e-01
8.450000000000000e-01 4.606261486636447e+00 9.954597076833773e-01
8.500000000000000e-01 4.722918831072739e+00 9.961274877266838e-01
8.550000000000000e-01 4.842528153522501e+00 9.966404933575659e-01
8.600000000000000e-01 4.965164213705875e+00 9.971475426947477e-01
8.650000000000000e-01 5.090903663152626e+00 9.977596316084960e-01
8.700000000000000e-01 5.219825093111814e+00 9.985207259573009e-01
8.750000000000000e-01 5.352009083673925e+00 9.994064321697095e-01
8.800000000000000e-01 5.487538254136007e+00 1.000347899797216e+00
8.850000000000000e-01 5.626497314641444e+00 1.001266871344263e+00
8.900000000000000e-01 5.768973119126561e+00 1.002104957411286e+00
8.950000000000000e-01 5.915054719607133e+00 1.002836574468138e+00
9.000000000000000e-01 6.064833421838831e+00 1.003465406100230e+00
9.050000000000000e-01 6.218402842386253e+00 1.004011861486123e+00
9.100000000000000e-01 6.375858967136348e+00 1.004500257440331e+00
9.150000000000000e-01 6.537300211292723e+00 1.004950830592413e+00
9.200000000000000e-01 6.702827480888332e+00 1.005377159388035e+00
9.250000000000000e-01 6.872544235855034e+00 1.005786995933804e+00
9.300000000000000e-01 7.046556554689444e+00 1.006184240482353e+00
9.350000000000001e-01 7.224973200755413e+00 1.006570698805792e+00
9.400000000000001e-01 7.407905690264673e+00 1.006947204902090e+00
9.450000000000001e-01 7.595468361978146e+00 1.007314199176401e+00
9.500000000000001e-01 7.787778448671316e+00 1.007671979414692e+00
9.550000000000001e-01 7.984956150408610e+00 1.008020794753993e+00
9.600000000000000e-01 8.187124709672272e+00 1.008360876498577e+00
9.650000000000000e-01 8.394410488393007e+00 1.008692447112282e+00
9.700000000000000e-01 8.606943046930221e+00 1.009015722635831e+00
9.750000000000000e-01 8.824855225051540e+00 1.009330913358662e+00
9.800000000000000e-01 9.048283224961922e+00 1.009638224077636e+00
9.850000000000000e-01 9.277366696434507e+00 1.009937854266757e+00
9.900000000000000e-01 9.512248824096272e+00 1.010229998236020e+00
9.950000000000000e-01 9.753076416923058e+00 1.010514845385352e+00
1.000000000000000e+00 1.000000000000000e+01 1.010792581532107e+00
