0.000000000000000e+00 0.000000000000000e+00 6.864693208594046e-01
5.000000000000000e-03 3.369477419287315e-03 6.864756541674234e-01
1.000000000000000e-02 6.741060871647481e-03 6.864925211177449e-01
1.500000000000000e-02 1.011685770649257e-02 6.865206239715922e-01
2.000000000000000e-02 1.349897790673588e-02 6.865600676854791e-01
2.500000000000000e-02 1.688953540759990e-02 6.866109461638844e-01
3.000000000000000e-02 2.029064941789469e-02 6.866733833279405e-01
3.500000000000000e-02 2.370444574459234e-02 6.867475235004716e-01
4.000000000000000e-02 2.713305812152553e-02 6.868335330314538e-01
4.500000000000000e-02 3.057862954304063e-02 6.869316366310059e-01
5.000000000000000e-02 3.404331360343898e-02 6.870420571978965e-01
5.500000000000000e-02 3.752927584304335e-02 6.871650380011720e-01
6.000000000000000e-02 4.103869510173117e-02 6.873008939081502e-01
6.500000000000000e-02 4.457376488078044e-02 6.874499465545527e-01
7.000000000000001e-02 4.813669471387935e-02 6.876125322860656e-01
7.500000000000000e-02 5.172971154815675e-02 6.877890422592582e-01
8.000000000000000e-02 5.535506113609672e-02 6.879798900658952e-01
8.500000000000001e-02 5.901500943920686e-02 6.881855224044606e-01
9.000000000000000e-02 6.271184404431801e-02 6.884064230202986e-01
9.500000000000000e-02 6.644787559340060e-02 6.886431001042070e-01
1.000000000000000e-01 7.022543922779090e-02 6.888961110101885e-01
1.050000000000000e-01 7.404689604773053e-02 6.891660441670316e-01
1.100000000000000e-01 7.791463458813094e-02 6.894535162986131e-01
1.150000000000000e-01 8.183107231148547e-02 6.897591988705735e-01
1.200000000000000e-01 8.579865711886202e-02 6.900837906947962e-01
1.250000000000000e-01 8.981986887992111e-02 6.904280282215332e-01
1.300000000000000e-01 9.389722098291493e-02 6.907927066269071e-01
1.350000000000000e-01 9.803326190563690e-02 6.911786482565204e-01
1.400000000000000e-01 1.022305768083033e-01 6.915867226154691e-01
1.450000000000000e-01 1.064917891493625e-01 6.920178575557306e-01
1.500000000000000e-01 1.108195623252418e-01 6.924730080627637e-01
1.550000000000000e-01 1.152166013350572e-01 6.929531856153888e-01
1.600000000000000e-01 1.196856544713255e-01 6.934594616418842e-01
1.650000000000000e-01 1.242295150377370e-01 6.939929385763577e-01
1.700000000000000e-01 1.288510230950609e-01 6.945547837811091e-01
1.750000000000000e-01 1.335530672362758e-01 6.951462249619409e-01
1.800000000000000e-01 1.383385863920344e-01 6.957685219279485e-01
1.850000000000000e-01 1.432105716675912e-01 6.964230047539293e-01
1.900000000000000e-01 1.481720682123397e-01 6.971110676242440e-01
1.950000000000000e-01 1.532261771231311e-01 6.978341405576277e-01
2.000000000000000e-01 1.583760573825595e-01 6.985937284396724e-01
2.050000000000000e-01 1.636249278334301e-01 6.993914041324132e-01
2.100000000000000e-01 1.689760691906397e-01 7.002287744294176e-01
2.150000000000000e-01 1.744328260917313e-01 7.011075197199376e-01
2.200000000000000e-01 1.799986091874004e-01 7.020293968540066e-01
2.250000000000000e-01 1.856768972732633e-01 7.029961982730180e-01
2.300000000000000e-01 1.914712394642179e-01 7.040097835182407e-01
2.350000000000000e-01 1.973852574127551e-01 7.050720941429341e-01
2.400000000000000e-01 2.034226475726105e-01 7.061851058318421e-01
2.450000000000000e-01 2.095871835091678e-01 7.073508454095123e-01
2.500000000000000e-01 2.158827182580599e-01 7.085714278843273e-01
2.550000000000000e-01 2.223131867334419e-01 7.098490114899457e-01
2.600000000000000e-01 2.288826081874405e-01 7.111857783963887e-01
2.650000000000000e-01 2.355950887223172e-01 7.125839821608344e-01
2.700000000000000e-01 2.424548238569160e-01 7.140459350310159e-01
2.750000000000000e-01 2.494661011489995e-01 7.155739570416356e-01
2.800000000000000e-01 2.566333028751116e-01 7.171703981960358e-01
2.850000000000000e-01 2.639609087696434e-01 7.188376662619510e-01
2.900000000000000e-01 2.714534988248126e-01 7.205781786179861e-01
2.950000000000000e-01 2.791157561533084e-01 7.223943299461516e-01
3.000000000000000e-01 2.869524699153886e-01 7.242885280164403e-01
3.050000000000000e-01 2.949685383122613e-01 7.262631980497849e-01
3.100000000000000e-01 3.031689716476197e-01 7.283207220724796e-01
3.150000000000000e-01 3.115588954592450e-01 7.304634099071952e-01
3.200000000000000e-01 3.201435537226349e-01 7.326935281372627e-01
3.250000000000000e-01 3.289283121286580e-01 7.350133012554216e-01
3.300000000000000e-01 3.379186614372866e-01 7.374248537614053e-01
3.350000000000000e-01 3.471202209094989e-01 7.399301592853330e-01
3.400000000000000e-01 3.565387418195016e-01 7.425310393817104e-01
3.450000000000000e-01 3.661801110494620e-01 7.452291781495650e-01
3.500000000000000e-01 3.760503547690021e-01 7.480260963267024e-01
3.550000000000000e-01 3.861556422017504e-01 7.509230768135914e-01
3.600000000000000e-01 3.965022894813072e-01 7.539211038302239e-01
3.650000000000000e-01 4.070967635990345e-01 7.570208601226125e-01
3.700000000000000e-01 4.179456864461349e-01 7.602227276450169e-01
3.750000000000000e-01 4.290558389525505e-01 7.635267507329435e-01
3.800000000000000e-01 4.404341653252637e-01 7.669325890136052e-01
3.850000000000000e-01 4.520877773886537e-01 7.704394517723033e-01
3.900000000000000e-01 4.640239590296172e-01 7.740460353792676e-01
3.950000000000000e-01 4.762501707502353e-01 7.777505006187310e-01
4.000000000000000e-01 4.887740543308307e-01 7.815504345360359e-01
4.050000000000000e-01 5.016034376063282e-01 7.854428265330131e-01
4.100000000000000e-01 5.147463393589066e-01 7.894240392741277e-01
4.150000000000000e-01 5.282109743299990e-01 7.934897695017762e-01
4.200000000000000e-01 5.420057583547735e-01 7.976350232042307e-01
4.250000000000000e-01 5.561393136223041e-01 8.018540842315264e-01
4.300000000000000e-01 5.706204740647189e-01 8.061404999930353e-01
4.350000000000000e-01 5.854582908786964e-01 8.104870702370159e-01
4.400000000000000e-01 6.006620381827575e-01 8.148858498641919e-01
4.450000000000000e-01 6.162412188138907e-01 8.193281614373817e-01
4.500000000000000e-01 6.322055702671360e-01 8.238046215237872e-01
4.550000000000000e-01 6.485650707818353e-01 8.283051809001845e-01
4.600000000000000e-01 6.653299455783577e-01 8.328191805074981e-01
4.650000000000000e-01 6.825106732491932e-01 8.373354240778602e-01
4.700000000000000e-01 7.001179923084168e-01 8.418422684244834e-01
4.750000000000000e-01 7.181629079036070e-01 8.463277319253198e-01
4.800000000000000e-01 7.366566986944229e-01 8.507796213423158e-01
4.850000000000000e-01 7.556109239021327e-01 8.551856765877435e-01
4.900000000000000e-01 7.750374305345038e-01 8.595337324513043e-01
4.950000000000000e-01 7.949483607905672e-01 8.638118956202472e-01
5.000000000000000e-01 8.153561596498893e-01 8.680087345775216e-01
5.050000000000000e-01 8.362735826510871e-01 8.721134791648437e-01
5.100000000000000e-01 8.577137038644561e-01 8.761162257719409e-01
5.150000000000000e-01 8.796899240636907e-01 8.800081432892939e-01
5.200000000000000e-01 9.022159791018011e-01 8.837816741752209e-01
5.250000000000000e-01 9.253059484964714e-01 8.874307242810618e-01
5.300000000000000e-01 9.489742642302165e-01 8.909508344979761e-01
5.350000000000000e-01 9.732357197708378e-01 8.943393268871875e-01
5.400000000000000e-01 9.981054793178262e-01 8.975954177865614e-01
5.450000000000000e-01 1.023599087280478e+00 9.007202905042501e-01
5.500000000000000e-01 1.049732477993657e+00 9.037171206653269e-01
5.550000000000000e-01 1.076521985677273e+00 9.065910481128835e-01
5.600000000000001e-01 1.103984354645701e+00 9.093490905117538e-01
5.650000000000001e-01 1.132136749773522e+00 9.119999954744086e-01
5.700000000000001e-01 1.160996767224129e+00 9.145540301159977e-01
5.750000000000001e-01 1.190582445447902e+00 9.170227094138961e-01
5.800000000000000e-01 1.220912276456826e+00 9.194184675315674e-01
5.850000000000000e-01 1.252005217382601e+00 9.217542792709781e-01
5.900000000000000e-01 1.283880702325469e+00 9.240432419153223e-01
5.950000000000000e-01 1.316558654501151e+00 9.262981307595682e-01
6.000000000000000e-01 1.350059498693518e+00 9.285309444223506e-01
6.050000000000000e-01 1.384404174020732e+00 9.307524583946346e-01
6.100000000000000e-01 1.419614147022888e+00 9.329718070055880e-01
6.150000000000000e-01 1.455711425079295e+00 9.351961148720432e-01
6.200000000000000e-01 1.492718570163803e+00 9.374301987529327e-01
6.250000000000000e-01 1.530658712946775e+00 9.396763593836662e-01
6.300000000000000e-01 1.569555567252506e+00 9.419342801819406e-01
6.350000000000000e-01 1.609433444881138e+00 9.442010456125930e-01
6.400000000000000e-01 1.650317270804325e+00 9.464712864669835e-01
6.450000000000000e-01 1.692232598744148e+00 9.487374524490163e-01
6.500000000000000e-01 1.735205627145031e+00 9.509902045014553e-01
6.550000000000000e-01 1.779263215548615e+00 9.532189106616600e-01
6.600000000000000e-01 1.824432901381847e+00 9.554122205107465e-01
6.650000000000000e-01 1.870742917168772e+00 9.575586852761689e-01
6.700000000000000e-01 1.918222208176775e+00 9.596473843225238e-01
6.750000000000000e-01 1.966900450508319e+00 9.616685151399655e-01
6.800000000000000e-01 2.016808069649473e+00 9.636139039485661e-01
6.850000000000001e-01 2.067976259486829e+00 9.654773983345912e-01
6.900000000000001e-01 2.120437001804702e+00 9.672551120891817e-01
6.950000000000001e-01 2.174223086274785e+00 9.689455051462719e-01
7.000000000000001e-01 2.229368130950753e+00 9.705492970077497e-01
7.050000000000000e-01 2.285906603280654e+00 9.720692284503155e-01
7.100000000000000e-01 2.343873841650178e+00 9.735097013858690e-01
7.150000000000000e-01 2.403306077470301e+00 9.748763382454521e-01
7.200000000000000e-01 2.464240457823092e+00 9.761755083743502e-01
7.250000000000000e-01 2.526715068679855e+00 9.774138687182105e-01
7.300000000000000e-01 2.590768958706095e+00 9.785979597054574e-01
7.350000000000000e-01 2.656442163668210e+00 9.797338859548570e-01
7.400000000000000e-01 2.723775731457148e+00 9.808270973724249e-01
7.450000000000000e-01 2.792811747744667e+00 9.818822718509743e-01
7.500000000000000e-01 2.863593362288260e+00 9.829032884942143e-01
7.550000000000000e-01 2.936164815901156e+00 9.838932717615644e-01
7.600000000000000e-01 3.010571468104263e+00 9.848546829381136e-01
7.650000000000000e-01 3.086859825477351e+00 9.857894356613700e-01
7.700000000000000e-01 3.165077570727174e+00 9.866990158802960e-01
7.750000000000000e-01 3.245273592490716e+00 9.875845921510025e-01
7.800000000000000e-01 3.327498015892184e+00 9.884471081280154e-01
7.850000000000000e-01 3.411802233872832e+00 9.892873543321132e-01
7.900000000000000e-01 3.498238939313234e+00 9.901060200889176e-01
7.950000000000000e-01 3.586862157968046e+00 9.909037287569648e-01
8.000000000000000e-01 3.677727282233856e+00 9.916810602022821e-01
8.050000000000000e-01 3.770891105771243e+00 9.924385643371340e-01
8.100000000000001e-01 3.866411859002656e+00 9.931767688687126e-01
8.150000000000001e-01 3.964349245508326e+00 9.938961835636699e-01
8.200000000000001e-01 4.064764479342956e+00 9.945973025602076e-01
8.250000000000001e-01 4.167720323296481e+00 9.952806056585541e-01
8.300000000000001e-01 4.273281128122877e+00 9.959465591100159e-01
8.350000000000000e-01 4.381512872761445e+00 9.965956161727098e-01
8.400000000000000e-01 4.492483205575838e+00 9.972282175616621e-01
8.450000000000000e-01 4.606261486636447e+00 9.978447918495920e-01
8.500000000000000e-01 4.722918831072739e+00 9.984457558415011e-01
8.550000000000000e-01 4.842528153522501e+00 9.990315149320427e-01
8.600000000000000e-01 4.965164213705875e+00 9.996024634491081e-01
8.650000000000000e-01 5.090903663152626e+00 1.000158984985067e+00
8.700000000000000e-01 5.219825093111814e+00 1.000701452716436e+00
8.750000000000000e-01 5.352009083673925e+00 1.001230229712519e+00
8.800000000000000e-01 5.487538254136007e+00 1.001745669233508e+00
8.850000000000000e-01 5.626497314641444e+00 1.002248115018466e+00
8.900000000000000e-01 5.768973119126561e+00 1.002737901563620e+00
8.950000000000000e-01 5.915054719607133e+00 1.003215354391351e+00
9.000000000000000e-01 6.064833421838831e+00 1.003680790310252e+00
9.050000000000000e-01 6.218402842386253e+00 1.004134517666613e+00
9.100000000000000e-01 6.375858967136348e+00 1.004576836587676e+00
9.150000000000000e-01 6.537300211292723e+00 1.005008039216968e+00
9.200000000000000e-01 6.702827480888332e+00 1.005428409942028e+00
9.250000000000000e-01 6.872544235855034e+00 1.005838225614822e+00
9.300000000000000e-01 7.046556554689444e+00 1.006237755765119e+00
9.350000000000001e-01 7.224973200755413e+00 1.006627262807098e+00
9.400000000000001e-01 7.407905690264673e+00 1.007007002239429e+00
9.450000000000001e-01 7.595468361978146e+00 1.007377222839093e+00
9.500000000000001e-01 7.787778448671316e+00 1.007738166849141e+00
9.550000000000001e-01 7.984956150408610e+00 1.008090070160645e+00
9.600000000000000e-01 8.187124709672272e+00 1.008433162489022e+00
9.650000000000000e-01 8.394410488393007e+00 1.008767667544960e+00
9.700000000000000e-01 8.606943046930221e+00 1.009093803200118e+00
9.750000000000000e-01 8.824855225051540e+00 1.009411781647800e+00
9.800000000000000e-01 9.048283224961922e+00 1.009721809558765e+00
9.850000000000000e-01 9.277366696434507e+00 1.010024088232362e+00
9.900000000000000e-01 9.512248824096272e+00 1.010318813743132e+00
9.950000000000000e-01 9.753076416923058e+00 1.010606177083048e+00
1.000000000000000e+00 1.000000000000000e+01 1.010886364299534e+00
