0.000000000000000e+00 0.000000000000000e+00 9.096859678258530e-01
5.000000000000000e-03 3.369477419287315e-03 9.096860257301577e-01
1.000000000000000e-02 6.741060871647481e-03 9.096861820975527e-01
1.500000000000000e-02 1.011685770649257e-02 9.096864471909475e-01
2.000000000000000e-02 1.349897790673588e-02 9.096868192993058e-01
2.500000000000000e-02 1.688953540759990e-02 9.096872977605306e-01
3.000000000000000e-02 2.029064941789469e-02 9.096878859740930e-01
3.500000000000000e-02 2.370444574459234e-02 9.096885855765782e-01
4.000000000000000e-02 2.713305812152553e-02 9.096893985712213e-01
4.500000000000000e-02 3.057862954304063e-02 9.096903263687286e-01
5.000000000000000e-02 3.404331360343898e-02 9.096913713346889e-01
5.500000000000000e-02 3.752927584304335e-02 9.096925387245753e-01
6.000000000000000e-02 4.103869510173117e-02 9.096938309662163e-01
6.500000000000000e-02 4.457376488078044e-02 9.096952504265805e-01
7.000000000000001e-02 4.813669471387935e-02 9.096968024279651e-01
7.500000000000000e-02 5.172971154815675e-02 9.096984908519232e-01
8.000000000000000e-02 5.535506113609672e-02 9.097003202683508e-01
8.500000000000001e-02 5.901500943920686e-02 9.097022955514747e-01
9.000000000000000e-02 6.271184404431801e-02 9.097044243929292e-01
9.500000000000000e-02 6.644787559340060e-02 9.097067120826202e-01
1.000000000000000e-01 7.022543922779090e-02 9.097091657875230e-01
1.050000000000000e-01 7.404689604773053e-02 9.097117933448963e-01
1.100000000000000e-01 7.791463458813094e-02 9.097146013505681e-01
1.150000000000000e-01 8.183107231148547e-02 9.097176001787749e-01
1.200000000000000e-01 8.579865711886202e-02 9.097207983675617e-01
1.250000000000000e-01 8.981986887992111e-02 9.097242042039756e-01
1.300000000000000e-01 9.389722098291493e-02 9.097278299064712e-01
1.350000000000000e-01 9.803326190563690e-02 9.097316869462313e-01
1.400000000000000e-01 1.022305768083033e-01 9.097357867043038e-01
1.450000000000000e-01 1.064917891493625e-01 9.097401431318300e-01
1.500000000000000e-01 1.108195623252418e-01 9.097447677459700e-01
1.550000000000000e-01 1.152166013350572e-01 9.097496763424304e-01
1.600000000000000e-01 1.196856544713255e-01 9.097548862825826e-01
1.650000000000000e-01 1.242295150377370e-01 9.097604144867845e-01
1.700000000000000e-01 1.288510230950609e-01 9.097662799659990e-01
1.750000000000000e-01 1.335530672362758e-01 9.097725028413267e-01
1.800000000000000e-01 1.383385863920344e-01 9.097791029983252e-01
1.850000000000000e-01 1.432105716675912e-01 9.097861037917299e-01
1.900000000000000e-01 1.481720682123397e-01 9.097935299016506e-01
1.950000000000000e-01 1.532261771231311e-01 9.098014069056983e-01
2.000000000000000e-01 1.583760573825595e-01 9.098097635766006e-01
2.050000000000000e-01 1.636249278334301e-01 9.098186277693400e-01
2.100000000000000e-01 1.689760691906397e-01 9.098280342999375e-01
2.150000000000000e-01 1.744328260917313e-01 9.098380183080125e-01
2.200000000000000e-01 1.799986091874004e-01 9.098486181908498e-01
2.250000000000000e-01 1.856768972732633e-01 9.098598759658362e-01
2.300000000000000e-01 1.914712394642179e-01 9.098718350373149e-01
2.350000000000000e-01 1.973852574127551e-01 9.098845407298352e-01
2.400000000000000e-01 2.034226475726105e-01 9.098980435846583e-01
2.450000000000000e-01 2.095871835091678e-01 9.099124001447352e-01
2.500000000000000e-01 2.158827182580599e-01 9.099276673280331e-01
2.550000000000000e-01 2.223131867334419e-01 9.099439134270600e-01
2.600000000000000e-01 2.288826081874405e-01 9.099612088111010e-01
2.650000000000000e-01 2.355950887223172e-01 9.099796266955487e-01
2.700000000000000e-01 2.424548238569160e-01 9.099992464443039e-01
2.750000000000000e-01 2.494661011489995e-01 9.100201586621869e-01
2.800000000000000e-01 2.566333028751116e-01 9.100424611509327e-01
2.850000000000000e-01 2.639609087696434e-01 9.100662549879338e-01
2.900000000000000e-01 2.714534988248126e-01 9.100916543381468e-01
2.950000000000000e-01 2.791157561533084e-01 9.101187796804256e-01
3.000000000000000e-01 2.869524699153886e-01 9.101477682050990e-01
3.050000000000000e-01 2.949685383122613e-01 9.101787642044504e-01
3.100000000000000e-01 3.031689716476197e-01 9.102119243248198e-01
3.150000000000000e-01 3.115588954592450e-01 9.102474217887075e-01
3.200000000000000e-01 3.201435537226349e-01 9.102854395846149e-01
3.250000000000000e-01 3.289283121286580e-01 9.103261837897967e-01
3.300000000000000e-01 3.379186614372866e-01 9.103698753055941e-01
3.350000000000000e-01 3.471202209094989e-01 9.104167572915390e-01
3.400000000000000e-01 3.565387418195016e-01 9.104670935033209e-01
3.450000000000000e-01 3.661801110494620e-01 9.105211700990959e-01
3.500000000000000e-01 3.760503547690021e-01 9.105793007589602e-01
3.550000000000000e-01 3.861556422017504e-01 9.106418253926004e-01
3.600000000000000e-01 3.965022894813072e-01 9.107091198403753e-01
3.650000000000000e-01 4.070967635990345e-01 9.107815893244404e-01
3.700000000000000e-01 4.179456864461349e-01 9.108596746549427e-01
3.750000000000000e-01 4.290558389525505e-01 9.109438547637271e-01
3.800000000000000e-01 4.404341653252637e-01 9.110346598492292e-01
3.850000000000000e-01 4.520877773886537e-01 9.111326653306223e-01
3.900000000000000e-01 4.640239590296172e-01 9.112384817112622e-01
3.950000000000000e-01 4.762501707502353e-01 9.113527876114015e-01
4.000000000000000e-01 4.887740543308307e-01 9.114763158155923e-01
4.050000000000000e-01 5.016034376063282e-01 9.116098562242871e-01
4.100000000000000e-01 5.147463393589066e-01 9.117542681117743e-01
4.150000000000000e-01 5.282109743299990e-01 9.119104694904704e-01
4.200000000000000e-01 5.420057583547735e-01 9.120794591897706e-01
4.250000000000000e-01 5.561393136223041e-01 9.122623012961378e-01
4.300000000000000e-01 5.706204740647189e-01 9.124601326737311e-01
4.350000000000000e-01 5.854582908786964e-01 9.126741734789855e-01
4.400000000000000e-01 6.006620381827575e-01 9.129057018947949e-01
4.450000000000000e-01 6.162412188138907e-01 9.131560771583909e-01
4.500000000000000e-01 6.322055702671360e-01 9.134267187996049e-01
4.550000000000000e-01 6.485650707818353e-01 9.137190909498022e-01
4.600000000000000e-01 6.653299455783577e-01 9.140347163299423e-01
4.650000000000000e-01 6.825106732491932e-01 9.143751253196866e-01
4.700000000000000e-01 7.001179923084168e-01 9.147418519494860e-01
4.750000000000000e-01 7.181629079036070e-01 9.151364132240951e-01
4.800000000000000e-01 7.366566986944229e-01 9.155602368296881e-01
4.850000000000000e-01 7.556109239021327e-01 9.160146532013824e-01
4.900000000000000e-01 7.750374305345038e-01 9.165008257357586e-01
4.950000000000000e-01 7.949483607905672e-01 9.170196602131295e-01
5.000000000000000e-01 8.153561596498893e-01 9.175717737170251e-01
5.050000000000000e-01 8.362735826510871e-01 9.181573731096713e-01
5.100000000000000e-01 8.577137038644561e-01 9.187761449738198e-01
5.150000000000000e-01 8.796899240636907e-01 9.194271959667415e-01
5.200000000000000e-01 9.022159791018011e-01 9.201088953802941e-01
5.250000000000000e-01 9.253059484964714e-01 9.208187588180601e-01
5.300000000000000e-01 9.489742642302165e-01 9.215533915982500e-01
5.350000000000000e-01 9.732357197708378e-01 9.223083508200359e-01
5.400000000000000e-01 9.981054793178262e-01 9.230780815962850e-01
5.450000000000000e-01 1.023599087280478e+00 9.238559588634107e-01
5.500000000000000e-01 1.049732477993657e+00 9.246342963672797e-01
5.550000000000000e-01 1.076521985677273e+00 9.254044673072872e-01
5.600000000000001e-01 1.103984354645701e+00 9.261572061565607e-01
5.650000000000001e-01 1.132136749773522e+00 9.268829500775195e-01
5.700000000000001e-01 1.160996767224129e+00 9.275722996476438e-01
5.750000000000001e-01 1.190582445447902e+00 9.282166945540764e-01
5.800000000000000e-01 1.220912276456826e+00 9.288091581576704e-01
5.850000000000000e-01 1.252005217382601e+00 9.293450616125635e-01
5.900000000000000e-01 1.283880702325469e+00 9.298229589095581e-01
5.950000000000000e-01 1.316558654501151e+00 9.302453643537245e-01
6.000000000000000e-01 1.350059498693518e+00 9.306193172327598e-01
6.050000000000000e-01 1.384404174020732e+00 9.309567110700503e-01
6.100000000000000e-01 1.419614147022888e+00 9.312743288356284e-01
6.150000000000000e-01 1.455711425079295e+00 9.315934844349217e-01
6.200000000000000e-01 1.492718570163803e+00 9.319392840570211e-01
6.250000000000000e-01 1.530658712946775e+00 9.323395781831282e-01
6.300000000000000e-01 1.569555567252506e+00 9.328236432612583e-01
6.350000000000000e-01 1.609433444881138e+00 9.334206862101927e-01
6.400000000000000e-01 1.650317270804325e+00 9.341583453618578e-01
6.450000000000000e-01 1.692232598744148e+00 9.350613124433981e-01
6.500000000000000e-01 1.735205627145031e+00 9.361501101718377e-01
6.550000000000000e-01 1.779263215548615e+00 9.374400680563800e-01
6.600000000000000e-01 1.824432901381847e+00 9.389405811792925e-01
6.650000000000000e-01 1.870742917168772e+00 9.406546953221654e-01
6.700000000000000e-01 1.918222208176775e+00 9.425789681212617e-01
6.750000000000000e-01 1.966900450508319e+00 9.447035117136817e-01
6.800000000000000e-01 2.016808069649473e+00 9.470121543133642e-01
6.850000000000001e-01 2.067976259486829e+00 9.494827078382333e-01
6.900000000000001e-01 2.120437001804702e+00 9.520873428888060e-01
6.950000000000001e-01 2.174223086274785e+00 9.547930650153483e-01
7.000000000000001e-01 2.229368130950753e+00 9.575622921800493e-01
7.050000000000000e-01 2.285906603280654e+00 9.603535590852864e-01
7.100000000000000e-01 2.343873841650178e+00 9.631224146161799e-01
7.150000000000000e-01 2.403306077470301e+00 9.658226163679664e-01
7.200000000000000e-01 2.464240457823092e+00 9.684077488917412e-01
7.250000000000000e-01 2.526715068679855e+00 9.708333916412329e-01
7.300000000000000e-01 2.590768958706095e+00 9.730599188644794e-01
7.350000000000000e-01 2.656442163668210e+00 9.750559016300051e-01
7.400000000000000e-01 2.723775731457148e+00 9.768018784014585e-01
7.450000000000000e-01 2.792811747744667e+00 9.782939747484780e-01
7.500000000000000e-01 2.863593362288260e+00 9.795465579378799e-01
7.550000000000000e-01 2.936164815901156e+00 9.805929492692501e-01
7.600000000000000e-01 3.010571468104263e+00 9.814833470061504e-01
7.650000000000000e-01 3.086859825477351e+00 9.822796198118364e-01
7.700000000000000e-01 3.165077570727174e+00 9.830474330613732e-01
7.750000000000000e-01 3.245273592490716e+00 9.838470127199953e-01
7.800000000000000e-01 3.327498015892184e+00 9.847244085630977e-01
7.850000000000000e-01 3.411802233872832e+00 9.857051568714020e-01
7.900000000000000e-01 3.498238939313234e+00 9.867917323738231e-01
7.950000000000000e-01 3.586862157968046e+00 9.879652882165244e-01
8.000000000000000e-01 3.677727282233856e+00 9.891911796868493e-01
8.050000000000000e-01 3.770891105771243e+00 9.904269151709011e-01
8.100000000000001e-01 3.866411859002656e+00 9.916306768352905e-01
8.150000000000001e-01 3.964349245508326e+00 9.927685242866747e-01
8.200000000000001e-01 4.064764479342956e+00 9.938188556999286e-01
8.250000000000001e-01 4.167720323296481e+00 9.947735342754243e-01
8.300000000000001e-01 4.273281128122877e+00 9.956360344922027e-01
8.350000000000000e-01 4.381512872761445e+00 9.964177003532956e-01
8.400000000000000e-01 4.492483205575838e+00 9.971334940815305e-01
8.450000000000000e-01 4.606261486636447e+00 9.977984066118960e-01
8.500000000000000e-01 4.722918831072739e+00 9.984251708429116e-01
8.550000000000000e-01 4.842528153522501e+00 9.990233386839183e-01
8.600000000000000e-01 4.965164213705875e+00 9.995993803674025e-01
8.650000000000000e-01 5.090903663152626e+00 1.000157324772551e+00
8.700000000000000e-01 5.219825093111814e+00 1.000699530926587e+00
8.750000000000000e-01 5.352009083673925e+00 1.001227347145960e+00
8.800000000000000e-01 5.487538254136007e+00 1.001741572475365e+00
8.850000000000000e-01 5.626497314641444e+00 1.002242734564585e+00
8.900000000000000e-01 5.768973119126561e+00 1.002731236883589e+00
8.950000000000000e-01 5.915054719607133e+00 1.003207428205692e+00
9.000000000000000e-01 6.064833421838831e+00 1.003671632084964e+00
9.050000000000000e-01 6.218402842386253e+00 1.004124158208795e+00
9.100000000000000e-01 6.375858967136348e+00 1.004565306448091e+00
9.150000000000000e-01 6.537300211292723e+00 1.004995368272958e+00
9.200000000000000e-01 6.702827480888332e+00 1.005414627311443e+00
9.250000000000000e-01 6.872544235855034e+00 1.005823359653694e+00
9.300000000000000e-01 7.046556554689444e+00 1.006221834084144e+00
9.350000000000001e-01 7.224973200755413e+00 1.006610312291536e+00
9.400000000000001e-01 7.407905690264673e+00 1.006989049069140e+00
9.450000000000001e-01 7.595468361978146e+00 1.007358292508084e+00
9.500000000000001e-01 7.787778448671316e+00 1.007718284184542e+00
9.550000000000001e-01 7.984956150408610e+00 1.008069259341101e+00
9.600000000000000e-01 8.187124709672272e+00 1.008411447062538e+00
9.650000000000000e-01 8.394410488393007e+00 1.008745070446205e+00
9.700000000000000e-01 8.606943046930221e+00 1.009070346767211e+00
9.750000000000000e-01 8.824855225051540e+00 1.009387487638591e+00
9.800000000000000e-01 9.048283224961922e+00 1.009696699166642e+00
9.850000000000000e-01 9.277366696434507e+00 1.009998182101580e+00
9.900000000000000e-01 9.512248824096272e+00 1.010292131983695e+00
9.950000000000000e-01 9.753076416923058e+00 1.010578739285156e+00
1.000000000000000e+00 1.000000000000000e+01 1.010858189547603e+00
