0.000000000000000e+00 0.000000000000000e+00 9.017164888078546e-01
5.000000000000000e-03 3.369477419287315e-03 9.017166246741137e-01
1.000000000000000e-02 6.741060871647481e-03 9.017169891234859e-01
1.500000000000000e-02 1.011685770649257e-02 9.017176018640790e-01
2.000000000000000e-02 1.349897790673588e-02 9.017184614765136e-01
2.500000000000000e-02 1.688953540759990e-02 9.017195692202050e-01
3.000000000000000e-02 2.029064941789469e-02 9.017209306890285e-01
3.500000000000000e-02 2.370444574459234e-02 9.017225489107805e-01
4.000000000000000e-02 2.713305812152553e-02 9.017244301100583e-01
4.500000000000000e-02 3.057862954304063e-02 9.017265798548791e-01
5.000000000000000e-02 3.404331360343898e-02 9.017290011375867e-01
5.500000000000000e-02 3.752927584304335e-02 9.017316997997935e-01
6.000000000000000e-02 4.103869510173117e-02 9.017346855407353e-01
6.500000000000000e-02 4.457376488078044e-02 9.017379652144916e-01
7.000000000000001e-02 4.813669471387935e-02 9.017415485266967e-01
7.500000000000000e-02 5.172971154815675e-02 9.017454453835255e-01
8.000000000000000e-02 5.535506113609672e-02 9.017496675985541e-01
8.500000000000001e-02 5.901500943920686e-02 9.017542261925678e-01
9.000000000000000e-02 6.271184404431801e-02 9.017591340720424e-01
9.500000000000000e-02 6.644787559340060e-02 9.017644030880156e-01
1.000000000000000e-01 7.022543922779090e-02 9.017700503264825e-01
1.050000000000000e-01 7.404689604773053e-02 9.017760942942382e-01
1.100000000000000e-01 7.791463458813094e-02 9.017825515917243e-01
1.150000000000000e-01 8.183107231148547e-02 9.017894392809543e-01
1.200000000000000e-01 8.579865711886202e-02 9.017967770081790e-01
1.250000000000000e-01 8.981986887992111e-02 9.018045879332129e-01
1.300000000000000e-01 9.389722098291493e-02 9.018128939894586e-01
1.350000000000000e-01 9.803326190563690e-02 9.018217186337333e-01
1.400000000000000e-01 1.022305768083033e-01 9.018310865959813e-01
1.450000000000000e-01 1.064917891493625e-01 9.018410279030806e-01
1.500000000000000e-01 1.108195623252418e-01 9.018515712861710e-01
1.550000000000000e-01 1.152166013350572e-01 9.018627506229711e-01
1.600000000000000e-01 1.196856544713255e-01 9.018746002130223e-01
1.650000000000000e-01 1.242295150377370e-01 9.018871573252644e-01
1.700000000000000e-01 1.288510230950609e-01 9.019004584904825e-01
1.750000000000000e-01 1.335530672362758e-01 9.019145427923032e-01
1.800000000000000e-01 1.383385863920344e-01 9.019294592960190e-01
1.850000000000000e-01 1.432105716675912e-01 9.019452550047692e-01
1.900000000000000e-01 1.481720682123397e-01 9.019619766273970e-01
1.950000000000000e-01 1.532261771231311e-01 9.019796784640034e-01
2.000000000000000e-01 1.583760573825595e-01 9.019984225027160e-01
2.050000000000000e-01 1.636249278334301e-01 9.020182674649146e-01
2.100000000000000e-01 1.689760691906397e-01 9.020392813308972e-01
2.150000000000000e-01 1.744328260917313e-01 9.020615337351700e-01
2.200000000000000e-01 1.799986091874004e-01 9.020850997804616e-01
2.250000000000000e-01 1.856768972732633e-01 9.021100611816155e-01
2.300000000000000e-01 1.914712394642179e-01 9.021365043371311e-01
2.350000000000000e-01 1.973852574127551e-01 9.021645226941410e-01
2.400000000000000e-01 2.034226475726105e-01 9.021942141216781e-01
2.450000000000000e-01 2.095871835091678e-01 9.022256904116065e-01
2.500000000000000e-01 2.158827182580599e-01 9.022590606516501e-01
2.550000000000000e-01 2.223131867334419e-01 9.022944447725637e-01
2.600000000000000e-01 2.288826081874405e-01 9.023319781210716e-01
2.650000000000000e-01 2.355950887223172e-01 9.023718065161559e-01
2.700000000000000e-01 2.424548238569160e-01 9.024140811249824e-01
2.750000000000000e-01 2.494661011489995e-01 9.024589607021670e-01
2.800000000000000e-01 2.566333028751116e-01 9.025066227519343e-01
2.850000000000000e-01 2.639609087696434e-01 9.025572551279631e-01
2.900000000000000e-01 2.714534988248126e-01 9.026110629322538e-01
2.950000000000000e-01 2.791157561533084e-01 9.026682628067954e-01
3.000000000000000e-01 2.869524699153886e-01 9.027290912162558e-01
3.050000000000000e-01 2.949685383122613e-01 9.027938021262509e-01
3.100000000000000e-01 3.031689716476197e-01 9.028626641980334e-01
3.150000000000000e-01 3.115588954592450e-01 9.029359709198882e-01
3.200000000000000e-01 3.201435537226349e-01 9.030140360010163e-01
3.250000000000000e-01 3.289283121286580e-01 9.030971991709790e-01
3.300000000000000e-01 3.379186614372866e-01 9.031858272912697e-01
3.350000000000000e-01 3.471202209094989e-01 9.032803145524453e-01
3.400000000000000e-01 3.565387418195016e-01 9.033810771733376e-01
3.450000000000000e-01 3.661801110494620e-01 9.034885689118366e-01
3.500000000000000e-01 3.760503547690021e-01 9.036032770654258e-01
3.550000000000000e-01 3.861556422017504e-01 9.037257210567153e-01
3.600000000000000e-01 3.965022894813072e-01 9.038564678451504e-01
3.650000000000000e-01 4.070967635990345e-01 9.039961094052288e-01
3.700000000000000e-01 4.179456864461349e-01 9.041452890690014e-01
3.750000000000000e-01 4.290558389525505e-01 9.043046975269929e-01
3.800000000000000e-01 4.404341653252637e-01 9.044750566845770e-01
3.850000000000000e-01 4.520877773886537e-01 9.046571478874704e-01
3.900000000000000e-01 4.640239590296172e-01 9.048517948416477e-01
3.950000000000000e-01 4.762501707502353e-01 9.050598730303877e-01
4.000000000000000e-01 4.887740543308307e-01 9.052823039344599e-01
4.050000000000000e-01 5.016034376063282e-01 9.055200505800879e-01
4.100000000000000e-01 5.147463393589066e-01 9.057741347512838e-01
4.150000000000000e-01 5.282109743299990e-01 9.060456055474178e-01
4.200000000000000e-01 5.420057583547735e-01 9.063355555857545e-01
4.250000000000000e-01 5.561393136223041e-01 9.066451105508706e-01
4.300000000000000e-01 5.706204740647189e-01 9.069754021724050e-01
4.350000000000000e-01 5.854582908786964e-01 9.073275871816526e-01
4.400000000000000e-01 6.006620381827575e-01 9.077028018153132e-01
4.450000000000000e-01 6.162412188138907e-01 9.081021534398970e-01
4.500000000000000e-01 6.322055702671360e-01 9.085267127711523e-01
4.550000000000000e-01 6.485650707818353e-01 9.089774483262538e-01
4.600000000000000e-01 6.653299455783577e-01 9.094552276170669e-01
4.650000000000000e-01 6.825106732491932e-01 9.099607654914521e-01
4.700000000000000e-01 7.001179923084168e-01 9.104945534441828e-01
4.750000000000000e-01 7.181629079036070e-01 9.110568508660403e-01
4.800000000000000e-01 7.366566986944229e-01 9.116475907919085e-01
4.850000000000000e-01 7.556109239021327e-01 9.122663107820731e-01
4.900000000000000e-01 7.750374305345038e-01 9.129121242804256e-01
4.950000000000000e-01 7.949483607905672e-01 9.135835994562598e-01
5.000000000000000e-01 8.153561596498893e-01 9.142786998763135e-01
5.050000000000000e-01 8.362735826510871e-01 9.149947512763541e-01
5.100000000000000e-01 8.577137038644561e-01 9.157283289222686e-01
5.150000000000000e-01 8.796899240636907e-01 9.164752383485107e-01
5.200000000000000e-01 9.022159791018011e-01 9.172305327553639e-01
5.250000000000000e-01 9.253059484964714e-01 9.179884776058179e-01
5.300000000000000e-01 9.489742642302165e-01 9.187426381789829e-01
5.350000000000000e-01 9.732357197708378e-01 9.194860440299498e-01
5.400000000000000e-01 9.981054793178262e-01 9.202113339039770e-01
5.450000000000000e-01 1.023599087280478e+00 9.209110385853159e-01
5.500000000000000e-01 1.049732477993657e+00 9.215779854753321e-01
5.550000000000000e-01 1.076521985677273e+00 9.222057010273063e-01
5.600000000000001e-01 1.103984354645701e+00 9.227889050311022e-01
5.650000000000001e-01 1.132136749773522e+00 9.233241101947522e-01
5.700000000000001e-01 1.160996767224129e+00 9.238101796346362e-01
5.750000000000001e-01 1.190582445447902e+00 9.242488347542154e-01
5.800000000000000e-01 1.220912276456826e+00 9.246451289114084e-01
5.850000000000000e-01 1.252005217382601e+00 9.250077677123755e-01
5.900000000000000e-01 1.283880702325469e+00 9.253492099809638e-01
5.950000000000000e-01 1.316558654501151e+00 9.256855650686940e-01
6.000000000000000e-01 1.350059498693518e+00 9.260362461513366e-01
6.050000000000000e-01 1.384404174020732e+00 9.264233581610686e-01
6.100000000000000e-01 1.419614147022888e+00 9.268708905155579e-01
6.150000000000000e-01 1.455711425079295e+00 9.274037639757019e-01
6.200000000000000e-01 1.492718570163803e+00 9.280467471194929e-01
6.250000000000000e-01 1.530658712946775e+00 9.288233338735410e-01
6.300000000000000e-01 1.569555567252506e+00 9.297547135538367e-01
6.350000000000000e-01 1.609433444881138e+00 9.308588750915042e-01
6.400000000000000e-01 1.650317270804325e+00 9.321498214941126e-01
6.450000000000000e-01 1.692232598744148e+00 9.336369203546597e-01
6.500000000000000e-01 1.735205627145031e+00 9.353244625056708e-01
6.550000000000000e-01 1.779263215548615e+00 9.372114491425916e-01
6.600000000000000e-01 1.824432901381847e+00 9.392915474430990e-01
6.650000000000000e-01 1.870742917168772e+00 9.415531382353450e-01
6.700000000000000e-01 1.918222208176775e+00 9.439794244300054e-01
6.750000000000000e-01 1.966900450508319e+00 9.465486129883290e-01
6.800000000000000e-01 2.016808069649473e+00 9.492341865473757e-01
6.850000000000001e-01 2.067976259486829e+00 9.520052666350325e-01
6.900000000000001e-01 2.120437001804702e+00 9.548270731983808e-01
6.950000000000001e-01 2.174223086274785e+00 9.576615059924973e-01
7.000000000000001e-01 2.229368130950753e+00 9.604679054112856e-01
7.050000000000000e-01 2.285906603280654e+00 9.632040782864347e-01
7.100000000000000e-01 2.343873841650178e+00 9.658276883170385e-01
7.150000000000000e-01 2.403306077470301e+00 9.682981068041070e-01
7.200000000000000e-01 2.464240457823092e+00 9.705787837283071e-01
7.250000000000000e-01 2.526715068679855e+00 9.726401160502476e-01
7.300000000000000e-01 2.590768958706095e+00 9.744626433247900e-01
7.350000000000000e-01 2.656442163668210e+00 9.760401934495840e-01
7.400000000000000e-01 2.723775731457148e+00 9.773823757291439e-01
7.450000000000000e-01 2.792811747744667e+00 9.785156636242444e-01
7.500000000000000e-01 2.863593362288260e+00 9.794823405043388e-01
7.550000000000000e-01 2.936164815901156e+00 9.803368821941817e-01
7.600000000000000e-01 3.010571468104263e+00 9.811399062329483e-01
7.650000000000000e-01 3.086859825477351e+00 9.819504876053539e-01
7.700000000000000e-01 3.165077570727174e+00 9.828181958367227e-01
7.750000000000000e-01 3.245273592490716e+00 9.837764351139342e-01
7.800000000000000e-01 3.327498015892184e+00 9.848384697710295e-01
7.850000000000000e-01 3.411802233872832e+00 9.859969481017569e-01
7.900000000000000e-01 3.498238939313234e+00 9.872269672399159e-01
7.950000000000000e-01 3.586862157968046e+00 9.884919549308486e-01
8.000000000000000e-01 3.677727282233856e+00 9.897510583359470e-01
8.050000000000000e-01 3.770891105771243e+00 9.909664533581302e-01
8.100000000000001e-01 3.866411859002656e+00 9.921090894196950e-01
8.150000000000001e-01 3.964349245508326e+00 9.931618537504745e-01
8.200000000000001e-01 4.064764479342956e+00 9.941198594269294e-01
8.250000000000001e-01 4.167720323296481e+00 9.949883163618636e-01
8.300000000000001e-01 4.273281128122877e+00 9.957789874574829e-01
8.350000000000000e-01 4.381512872761445e+00 9.965063955506411e-01
8.400000000000000e-01 4.492483205575838e+00 9.971847240830426e-01
8.450000000000000e-01 4.606261486636447e+00 9.978258960096190e-01
8.500000000000000e-01 4.722918831072739e+00 9.984388395220494e-01
8.550000000000000e-01 4.842528153522501e+00 9.990296285974714e-01
8.600000000000000e-01 4.965164213705875e+00 9.996020815578719e-01
8.650000000000000e-01 5.090903663152626e+00 1.000158466437317e+00
8.700000000000000e-01 5.219825093111814e+00 1.000700103758659e+00
8.750000000000000e-01 5.352009083673925e+00 1.001227792077335e+00
8.800000000000000e-01 5.487538254136007e+00 1.001742067647601e+00
8.850000000000000e-01 5.626497314641444e+00 1.002243344303042e+00
8.900000000000000e-01 5.768973119126561e+00 1.002731980775921e+00
8.950000000000000e-01 5.915054719607133e+00 1.003208309886810e+00
9.000000000000000e-01 6.064833421838831e+00 1.003672650056435e+00
9.050000000000000e-01 6.218402842386253e+00 1.004125309515240e+00
9.100000000000000e-01 6.375858967136348e+00 1.004566587807428e+00
9.150000000000000e-01 6.537300211292723e+00 1.004996776390122e+00
9.200000000000000e-01 6.702827480888332e+00 1.005416158955992e+00
9.250000000000000e-01 6.872544235855034e+00 1.005825011675783e+00
9.300000000000000e-01 7.046556554689444e+00 1.006223603415983e+00
9.350000000000001e-01 7.224973200755413e+00 1.006612195945807e+00
9.400000000000001e-01 7.407905690264673e+00 1.006991044136883e+00
9.450000000000001e-01 7.595468361978146e+00 1.007360396156538e+00
9.500000000000001e-01 7.787778448671316e+00 1.007720493655040e+00
9.550000000000001e-01 7.984956150408610e+00 1.008071571947027e+00
9.600000000000000e-01 8.187124709672272e+00 1.008413860187348e+00
9.650000000000000e-01 8.394410488393007e+00 1.008747581541501e+00
9.700000000000000e-01 8.606943046930221e+00 1.009072953350877e+00
9.750000000000000e-01 8.824855225051540e+00 1.009390187292984e+00
9.800000000000000e-01 9.048283224961922e+00 1.009699489536837e+00
9.850000000000000e-01 9.277366696434507e+00 1.010001060893666e+00
9.900000000000000e-01 9.512248824096272e+00 1.010295096963121e+00
9.950000000000000e-01 9.753076416923058e+00 1.010581788275128e+00
1.000000000000000e+00 1.000000000000000e+01 1.010861320427525e+00
