0.000000000000000e+00 0.000000000000000e+00 9.739447706917754e-01
5.000000000000000e-03 3.369477419287315e-03 9.739447707119079e-01
1.000000000000000e-02 6.741060871647481e-03 9.739447707846564e-01
1.500000000000000e-02 1.011685770649257e-02 9.739447708068218e-01
2.000000000000000e-02 1.349897790673588e-02 9.739447708156169e-01
2.500000000000000e-02 1.688953540759990e-02 9.739447708218205e-01
3.000000000000000e-02 2.029064941789469e-02 9.739447708268412e-01
3.500000000000000e-02 2.370444574459234e-02 9.739447708311764e-01
4.000000000000000e-02 2.713305812152553e-02 9.739447708338571e-01
4.500000000000000e-02 3.057862954304063e-02 9.739447708359253e-01
5.000000000000000e-02 3.404331360343898e-02 9.739447708387415e-01
5.500000000000000e-02 3.752927584304335e-02 9.739447708425489e-01
6.000000000000000e-02 4.103869510173117e-02 9.739447708457695e-01
6.500000000000000e-02 4.457376488078044e-02 9.739447708498118e-01
7.000000000000001e-02 4.813669471387935e-02 9.739447708545461e-01
7.500000000000000e-02 5.172971154815675e-02 9.739447708605222e-01
8.000000000000000e-02 5.535506113609672e-02 9.739447708653240e-01
8.500000000000001e-02 5.901500943920686e-02 9.739447708680887e-01
9.000000000000000e-02 6.271184404431801e-02 9.739447708721626e-01
9.500000000000000e-02 6.644787559340060e-02 9.739447708766669e-01
1.000000000000000e-01 7.022543922779090e-02 9.739447708809020e-01
1.050000000000000e-01 7.404689604773053e-02 9.739447708856580e-01
1.100000000000000e-01 7.791463458813094e-02 9.739447708901264e-01
1.150000000000000e-01 8.183107231148547e-02 9.739447708940243e-01
1.200000000000000e-01 8.579865711886202e-02 9.739447708978488e-01
1.250000000000000e-01 8.981986887992111e-02 9.739447709022085e-01
1.300000000000000e-01 9.389722098291493e-02 9.739447709082802e-01
1.350000000000000e-01 9.803326190563690e-02 9.739447709149198e-01
1.400000000000000e-01 1.022305768083033e-01 9.739447709218445e-01
1.450000000000000e-01 1.064917891493625e-01 9.739447709305071e-01
1.500000000000000e-01 1.108195623252418e-01 9.739447709394106e-01
1.550000000000000e-01 1.152166013350572e-01 9.739447709470800e-01
1.600000000000000e-01 1.196856544713255e-01 9.739447709529049e-01
1.650000000000000e-01 1.242295150377370e-01 9.739447709598732e-01
1.700000000000000e-01 1.288510230950609e-01 9.739447709677881e-01
1.750000000000000e-01 1.335530672362758e-01 9.739447709765823e-01
1.800000000000000e-01 1.383385863920344e-01 9.739447709861129e-01
1.850000000000000e-01 1.432105716675912e-01 9.739447709953397e-01
1.900000000000000e-01 1.481720682123397e-01 9.739447710057961e-01
1.950000000000000e-01 1.532261771231311e-01 9.739447710185476e-01
2.000000000000000e-01 1.583760573825595e-01 9.739447710311188e-01
2.050000000000000e-01 1.636249278334301e-01 9.739447710421045e-01
2.100000000000000e-01 1.689760691906397e-01 9.739447710542868e-01
2.150000000000000e-01 1.744328260917313e-01 9.739447710661514e-01
2.200000000000000e-01 1.799986091874004e-01 9.739447710778588e-01
2.250000000000000e-01 1.856768972732633e-01 9.739447710932289e-01
2.300000000000000e-01 1.914712394642179e-01 9.739447711096926e-01
2.350000000000000e-01 1.973852574127551e-01 9.739447711255561e-01
2.400000000000000e-01 2.034226475726105e-01 9.739447711421872e-01
2.450000000000000e-01 2.095871835091678e-01 9.739447711588929e-01
2.500000000000000e-01 2.158827182580599e-01 9.739447711780824e-01
2.550000000000000e-01 2.223131867334419e-01 9.739447712001318e-01
2.600000000000000e-01 2.288826081874405e-01 9.739447712206626e-01
2.650000000000000e-01 2.355950887223172e-01 9.739447712399317e-01
2.700000000000000e-01 2.424548238569160e-01 9.739447712629893e-01
2.750000000000000e-01 2.494661011489995e-01 9.739447712873651e-01
2.800000000000000e-01 2.566333028751116e-01 9.739447713124308e-01
2.850000000000000e-01 2.639609087696434e-01 9.739447713394319e-01
2.900000000000000e-01 2.714534988248126e-01 9.739447713673338e-01
2.950000000000000e-01 2.791157561533084e-01 9.739447713986238e-01
3.000000000000000e-01 2.869524699153886e-01 9.739447714312093e-01
3.050000000000000e-01 2.949685383122613e-01 9.739447714631733e-01
3.100000000000000e-01 3.031689716476197e-01 9.739447714965156e-01
3.150000000000000e-01 3.115588954592450e-01 9.739447715291377e-01
3.200000000000000e-01 3.201435537226349e-01 9.739447715652813e-01
3.250000000000000e-01 3.289283121286580e-01 9.739447716061915e-01
3.300000000000000e-01 3.379186614372866e-01 9.739447716469886e-01
3.350000000000000e-01 3.471202209094989e-01 9.739447716916759e-01
3.400000000000000e-01 3.565387418195016e-01 9.739447717376003e-01
3.450000000000000e-01 3.661801110494620e-01 9.739447717850281e-01
3.500000000000000e-01 3.760503547690021e-01 9.739447718392359e-01
3.550000000000000e-01 3.861556422017504e-01 9.739447718964334e-01
3.600000000000000e-01 3.965022894813072e-01 9.739447719526707e-01
3.650000000000000e-01 4.070967635990345e-01 9.739447720092661e-01
3.700000000000000e-01 4.179456864461349e-01 9.739447720681025e-01
3.750000000000000e-01 4.290558389525505e-01 9.739447721309221e-01
3.800000000000000e-01 4.404341653252637e-01 9.739447721973374e-01
3.850000000000000e-01 4.520877773886537e-01 9.739447722680574e-01
3.900000000000000e-01 4.640239590296172e-01 9.739447723463026e-01
3.950000000000000e-01 4.762501707502353e-01 9.739447724302981e-01
4.000000000000000e-01 4.887740543308307e-01 9.739447725160395e-01
4.050000000000000e-01 5.016034376063282e-01 9.739447726057572e-01
4.100000000000000e-01 5.147463393589066e-01 9.739447726973771e-01
4.150000000000000e-01 5.282109743299990e-01 9.739447727896350e-01
4.200000000000000e-01 5.420057583547735e-01 9.739447728886829e-01
4.250000000000000e-01 5.561393136223041e-01 9.739447729983965e-01
4.300000000000000e-01 5.706204740647189e-01 9.739447731149269e-01
4.350000000000000e-01 5.854582908786964e-01 9.739447732328085e-01
4.400000000000000e-01 6.006620381827575e-01 9.739447733578448e-01
4.450000000000000e-01 6.162412188138907e-01 9.739447734903096e-01
4.500000000000000e-01 6.322055702671360e-01 9.739447736292466e-01
4.550000000000000e-01 6.485650707818353e-01 9.739447737719890e-01
4.600000000000000e-01 6.653299455783577e-01 9.739447739209072e-01
4.650000000000000e-01 6.825106732491932e-01 9.739447740818613e-01
4.700000000000000e-01 7.001179923084168e-01 9.739447742507484e-01
4.750000000000000e-01 7.181629079036070e-01 9.739447744329347e-01
4.800000000000000e-01 7.366566986944229e-01 9.739447746202534e-01
4.850000000000000e-01 7.556109239021327e-01 9.739447748144603e-01
4.900000000000000e-01 7.750374305345038e-01 9.739447750191457e-01
4.950000000000000e-01 7.949483607905672e-01 9.739447752309477e-01
5.000000000000000e-01 8.153561596498893e-01 9.739447754620821e-01
5.050000000000000e-01 8.362735826510871e-01 9.739447757030480e-01
5.100000000000000e-01 8.577137038644561e-01 9.739447759546976e-01
5.150000000000000e-01 8.796899240636907e-01 9.739447762181647e-01
5.200000000000000e-01 9.022159791018011e-01 9.739447764907221e-01
5.250000000000000e-01 9.253059484964714e-01 9.739447767867286e-01
5.300000000000000e-01 9.489742642302165e-01 9.739447770976112e-01
5.350000000000000e-01 9.732357197708378e-01 9.739447774162351e-01
5.400000000000000e-01 9.981054793178262e-01 9.739447777513404e-01
5.450000000000000e-01 1.023599087280478e+00 9.739447781117324e-01
5.500000000000000e-01 1.049732477993657e+00 9.739447784893659e-01
5.550000000000000e-01 1.076521985677273e+00 9.739447788787033e-01
5.600000000000001e-01 1.103984354645701e+00 9.739447792948172e-01
5.650000000000001e-01 1.132136749773522e+00 9.739447797315423e-01
5.700000000000001e-01 1.160996767224129e+00 9.739447801900079e-01
5.750000000000001e-01 1.190582445447902e+00 9.739447806764105e-01
5.800000000000000e-01 1.220912276456826e+00 9.739447811853644e-01
5.850000000000000e-01 1.252005217382601e+00 9.739447817281326e-01
5.900000000000000e-01 1.283880702325469e+00 9.739447823012289e-01
5.950000000000000e-01 1.316558654501151e+00 9.739447829084181e-01
6.000000000000000e-01 1.350059498693518e+00 9.739447835622237e-01
6.050000000000000e-01 1.384404174020732e+00 9.739447842570991e-01
6.100000000000000e-01 1.419614147022888e+00 9.739447850121425e-01
6.150000000000000e-01 1.455711425079295e+00 9.739447858384550e-01
6.200000000000000e-01 1.492718570163803e+00 9.739447867437406e-01
6.250000000000000e-01 1.530658712946775e+00 9.739447877704682e-01
6.300000000000000e-01 1.569555567252506e+00 9.739447889436349e-01
6.350000000000000e-01 1.609433444881138e+00 9.739447903180395e-01
6.400000000000000e-01 1.650317270804325e+00 9.739447920028810e-01
6.450000000000000e-01 1.692232598744148e+00 9.739447941131754e-01
6.500000000000000e-01 1.735205627145031e+00 9.739447968848415e-01
6.550000000000000e-01 1.779263215548615e+00 9.739448007194128e-01
6.600000000000000e-01 1.824432901381847e+00 9.739448062059346e-01
6.650000000000000e-01 1.870742917168772e+00 9.739448144491092e-01
6.700000000000000e-01 1.918222208176775e+00 9.739448273662518e-01
6.750000000000000e-01 1.966900450508319e+00 9.739448481804088e-01
6.800000000000000e-01 2.016808069649473e+00 9.739448827479026e-01
6.850000000000001e-01 2.067976259486829e+00 9.739449414772587e-01
6.900000000000001e-01 2.120437001804702e+00 9.739450427745101e-01
6.950000000000001e-01 2.174223086274785e+00 9.739452197331433e-01
7.000000000000001e-01 2.229368130950753e+00 9.739455311556442e-01
7.050000000000000e-01 2.285906603280654e+00 9.739460818578588e-01
7.100000000000000e-01 2.343873841650178e+00 9.739470587724536e-01
7.150000000000000e-01 2.403306077470301e+00 9.739487885373630e-01
7.200000000000000e-01 2.464240457823092e+00 9.739518389869541e-01
7.250000000000000e-01 2.526715068679855e+00 9.739571996156881e-01
7.300000000000000e-01 2.590768958706095e+00 9.739665566128646e-01
7.350000000000000e-01 2.656442163668210e+00 9.739826986428525e-01
7.400000000000000e-01 2.723775731457148e+00 9.740101780748116e-01
7.450000000000000e-01 2.792811747744667e+00 9.740563264613330e-01
7.500000000000000e-01 2.863593362288260e+00 9.741324855246672e-01
7.550000000000000e-01 2.936164815901156e+00 9.742551412947724e-01
7.600000000000000e-01 3.010571468104263e+00 9.744467686621668e-01
7.650000000000000e-01 3.086859825477351e+00 9.747361277564266e-01
7.700000000000000e-01 3.165077570727174e+00 9.751565929434808e-01
7.750000000000000e-01 3.245273592490716e+00 9.757391603482908e-01
7.800000000000000e-01 3.327498015892184e+00 9.764969118451994e-01
7.850000000000000e-01 3.411802233872832e+00 9.774034670225870e-01
7.900000000000000e-01 3.498238939313234e+00 9.783781914157905e-01
7.950000000000000e-01 3.586862157968046e+00 9.792961363505640e-01
8.000000000000000e-01 3.677727282233856e+00 9.800300591528260e-01
8.050000000000000e-01 3.770891105771243e+00 9.805084243076675e-01
8.100000000000001e-01 3.866411859002656e+00 9.807569742155633e-01
8.150000000000001e-01 3.964349245508326e+00 9.808993523542634e-01
8.200000000000001e-01 4.064764479342956e+00 9.811178063860891e-01
8.250000000000001e-01 4.167720323296481e+00 9.815958592341751e-01
8.300000000000001e-01 4.273281128122877e+00 9.824683524733253e-01
8.350000000000000e-01 4.381512872761445e+00 9.837947058259714e-01
8.400000000000000e-01 4.492483205575838e+00 9.855572363302959e-01
8.450000000000000e-01 4.606261486636447e+00 9.876744178859507e-01
8.500000000000000e-01 4.722918831072739e+00 9.900155649381710e-01
8.550000000000000e-01 4.842528153522501e+00 9.924116091346263e-01
8.600000000000000e-01 4.965164213705875e+00 9.946697342853673e-01
8.650000000000000e-01 5.090903663152626e+00 9.966046367371774e-01
8.700000000000000e-01 5.219825093111814e+00 9.980880776346258e-01
8.750000000000000e-01 5.352009083673925e+00 9.990974364703576e-01
8.800000000000000e-01 5.487538254136007e+00 9.997317993032051e-01
8.850000000000000e-01 5.626497314641444e+00 1.000176085092784e+00
8.900000000000000e-01 5.768973119126561e+00 1.000625177455795e+00
8.950000000000000e-01 5.915054719607133e+00 1.001207458247320e+00
9.000000000000000e-01 6.064833421838831e+00 1.001948251405718e+00
9.050000000000000e-01 6.218402842386253e+00 1.002787178513910e+00
9.100000000000000e-01 6.375858967136348e+00 1.003629977580293e+00
9.150000000000000e-01 6.537300211292723e+00 1.004399559326134e+00
9.200000000000000e-01 6.702827480888332e+00 1.005061017156652e+00
9.250000000000000e-01 6.872544235855034e+00 1.005618086688133e+00
9.300000000000000e-01 7.046556554689444e+00 1.006094935785799e+00
9.350000000000001e-01 7.224973200755413e+00 1.006518690411970e+00
9.400000000000001e-01 7.407905690264673e+00 1.006910104004320e+00
9.450000000000001e-01 7.595468361978146e+00 1.007281786236856e+00
9.500000000000001e-01 7.787778448671316e+00 1.007640190986061e+00
9.550000000000001e-01 7.984956150408610e+00 1.007988222849246e+00
9.600000000000000e-01 8.187124709672272e+00 1.008327105871843e+00
9.650000000000000e-01 8.394410488393007e+00 1.008657387306046e+00
9.700000000000000e-01 8.606943046930221e+00 1.008979376583856e+00
9.750000000000000e-01 8.824855225051540e+00 1.009293307614789e+00
9.800000000000000e-01 9.048283224961922e+00 1.009599392219986e+00
9.850000000000000e-01 9.277366696434507e+00 1.009897852338160e+00
9.900000000000000e-01 9.512248824096272e+00 1.010189097204702e+00
9.950000000000000e-01 9.753076416923058e+00 1.010475567993657e+00
1.000000000000000e+00 1.000000000000000e+01 1.010781220813816e+00
