0.000000000000000e+00 0.000000000000000e+00 9.333305782564753e-01
5.000000000000000e-03 3.369477419287315e-03 9.333305793178757e-01
1.000000000000000e-02 6.741060871647481e-03 9.333305816778471e-01
1.500000000000000e-02 1.011685770649257e-02 9.333305848954490e-01
2.000000000000000e-02 1.349897790673588e-02 9.333305894272526e-01
2.500000000000000e-02 1.688953540759990e-02 9.333305955275760e-01
3.000000000000000e-02 2.029064941789469e-02 9.333306031791780e-01
3.500000000000000e-02 2.370444574459234e-02 9.333306124048971e-01
4.000000000000000e-02 2.713305812152553e-02 9.333306231182225e-01
4.500000000000000e-02 3.057862954304063e-02 9.333306353766968e-01
5.000000000000000e-02 3.404331360343898e-02 9.333306492215627e-01
5.500000000000000e-02 3.752927584304335e-02 9.333306646319149e-01
6.000000000000000e-02 4.103869510173117e-02 9.333306817392344e-01
6.500000000000000e-02 4.457376488078044e-02 9.333307005902429e-01
7.000000000000001e-02 4.813669471387935e-02 9.333307213702947e-01
7.500000000000000e-02 5.172971154815675e-02 9.333307440061540e-01
8.000000000000000e-02 5.535506113609672e-02 9.333307684606833e-01
8.500000000000001e-02 5.901500943920686e-02 9.333307949317764e-01
9.000000000000000e-02 6.271184404431801e-02 9.333308236088862e-01
9.500000000000000e-02 6.644787559340060e-02 9.333308544107981e-01
1.000000000000000e-01 7.022543922779090e-02 9.333308875089152e-01
1.050000000000000e-01 7.404689604773053e-02 9.333309230344754e-01
1.100000000000000e-01 7.791463458813094e-02 9.333309610826670e-01
1.150000000000000e-01 8.183107231148547e-02 9.333310017379786e-01
1.200000000000000e-01 8.579865711886202e-02 9.333310453731265e-01
1.250000000000000e-01 8.981986887992111e-02 9.333310921557387e-01
1.300000000000000e-01 9.389722098291493e-02 9.333311421238354e-01
1.350000000000000e-01 9.803326190563690e-02 9.333311953511955e-01
1.400000000000000e-01 1.022305768083033e-01 9.333312522101678e-01
1.450000000000000e-01 1.064917891493625e-01 9.333313131476205e-01
1.500000000000000e-01 1.108195623252418e-01 9.333313782571635e-01
1.550000000000000e-01 1.152166013350572e-01 9.333314478722086e-01
1.600000000000000e-01 1.196856544713255e-01 9.333315221609957e-01
1.650000000000000e-01 1.242295150377370e-01 9.333316013030082e-01
1.700000000000000e-01 1.288510230950609e-01 9.333316855590319e-01
1.750000000000000e-01 1.335530672362758e-01 9.333317755019473e-01
1.800000000000000e-01 1.383385863920344e-01 9.333318716347538e-01
1.850000000000000e-01 1.432105716675912e-01 9.333319742724341e-01
1.900000000000000e-01 1.481720682123397e-01 9.333320838575034e-01
1.950000000000000e-01 1.532261771231311e-01 9.333322013330834e-01
2.000000000000000e-01 1.583760573825595e-01 9.333323269428830e-01
2.050000000000000e-01 1.636249278334301e-01 9.333324612754635e-01
2.100000000000000e-01 1.689760691906397e-01 9.333326052973984e-01
2.150000000000000e-01 1.744328260917313e-01 9.333327595251029e-01
2.200000000000000e-01 1.799986091874004e-01 9.333329249991629e-01
2.250000000000000e-01 1.856768972732633e-01 9.333331026347598e-01
2.300000000000000e-01 1.914712394642179e-01 9.333332930461350e-01
2.350000000000000e-01 1.973852574127551e-01 9.333334973077324e-01
2.400000000000000e-01 2.034226475726105e-01 9.333337170947428e-01
2.450000000000000e-01 2.095871835091678e-01 9.333339535906892e-01
2.500000000000000e-01 2.158827182580599e-01 9.333342085158505e-01
2.550000000000000e-01 2.223131867334419e-01 9.333344833050142e-01
2.600000000000000e-01 2.288826081874405e-01 9.333347798909747e-01
2.650000000000000e-01 2.355950887223172e-01 9.333351004702368e-01
2.700000000000000e-01 2.424548238569160e-01 9.333354469620103e-01
2.750000000000000e-01 2.494661011489995e-01 9.333358218471247e-01
2.800000000000000e-01 2.566333028751116e-01 9.333362279577178e-01
2.850000000000000e-01 2.639609087696434e-01 9.333366686136808e-01
2.900000000000000e-01 2.714534988248126e-01 9.333371469695264e-01
2.950000000000000e-01 2.791157561533084e-01 9.333376675303930e-01
3.000000000000000e-01 2.869524699153886e-01 9.333382342770834e-01
3.050000000000000e-01 2.949685383122613e-01 9.333388514430083e-01
3.100000000000000e-01 3.031689716476197e-01 9.333395247905156e-01
3.150000000000000e-01 3.115588954592450e-01 9.333402611444541e-01
3.200000000000000e-01 3.201435537226349e-01 9.333410673208831e-01
3.250000000000000e-01 3.289283121286580e-01 9.333419502249949e-01
3.300000000000000e-01 3.379186614372866e-01 9.333429189698981e-01
3.350000000000000e-01 3.471202209094989e-01 9.333439833583876e-01
3.400000000000000e-01 3.565387418195016e-01 9.333451550571906e-01
3.450000000000000e-01 3.661801110494620e-01 9.333464464496131e-01
3.500000000000000e-01 3.760503547690021e-01 9.333478718479643e-01
3.550000000000000e-01 3.861556422017504e-01 9.333494478323889e-01
3.600000000000000e-01 3.965022894813072e-01 9.333511923824619e-01
3.650000000000000e-01 4.070967635990345e-01 9.333531269578631e-01
3.700000000000000e-01 4.179456864461349e-01 9.333552754982124e-01
3.750000000000000e-01 4.290558389525505e-01 9.333576658535663e-01
3.800000000000000e-01 4.404341653252637e-01 9.333603295098065e-01
3.850000000000000e-01 4.520877773886537e-01 9.333633027827811e-01
3.900000000000000e-01 4.640239590296172e-01 9.333666266342592e-01
3.950000000000000e-01 4.762501707502353e-01 9.333703483263146e-01
4.000000000000000e-01 4.887740543308307e-01 9.333745231956220e-01
4.050000000000000e-01 5.016034376063282e-01 9.333792134080711e-01
4.100000000000000e-01 5.147463393589066e-01 9.333844920333726e-01
4.150000000000000e-01 5.282109743299990e-01 9.333904417849751e-01
4.200000000000000e-01 5.420057583547735e-01 9.333971598358772e-01
4.250000000000000e-01 5.561393136223041e-01 9.334047587661486e-01
4.300000000000000e-01 5.706204740647189e-01 9.334133655035608e-01
4.350000000000000e-01 5.854582908786964e-01 9.334231308621466e-01
4.400000000000000e-01 6.006620381827575e-01 9.334342278583205e-01
4.450000000000000e-01 6.162412188138907e-01 9.334468576171373e-01
4.500000000000000e-01 6.322055702671360e-01 9.334612538816353e-01
4.550000000000000e-01 6.485650707818353e-01 9.334776856598086e-01
4.600000000000000e-01 6.653299455783577e-01 9.334964695485676e-01
4.650000000000000e-01 6.825106732491932e-01 9.335179692335432e-01
4.700000000000000e-01 7.001179923084168e-01 9.335426086859863e-01
4.750000000000000e-01 7.181629079036070e-01 9.335708820699783e-01
4.800000000000000e-01 7.366566986944229e-01 9.336033576642466e-01
4.850000000000000e-01 7.556109239021327e-01 9.336407006662458e-01
4.900000000000000e-01 7.750374305345038e-01 9.336836776032282e-01
4.950000000000000e-01 7.949483607905672e-01 9.337331740374952e-01
5.000000000000000e-01 8.153561596498893e-01 9.337902191238653e-01
5.050000000000000e-01 8.362735826510871e-01 9.338559896600331e-01
5.100000000000000e-01 8.577137038644561e-01 9.339318436199109e-01
5.150000000000000e-01 8.796899240636907e-01 9.340193383181468e-01
5.200000000000000e-01 9.022159791018011e-01 9.341202401302762e-01
5.250000000000000e-01 9.253059484964714e-01 9.342365663042093e-01
5.300000000000000e-01 9.489742642302165e-01 9.343705889265790e-01
5.350000000000000e-01 9.732357197708378e-01 9.345248472278364e-01
5.400000000000000e-01 9.981054793178262e-01 9.347021800029963e-01
5.450000000000000e-01 1.023599087280478e+00 9.349056994122122e-01
5.500000000000000e-01 1.049732477993657e+00 9.351387838353152e-01
5.550000000000000e-01 1.076521985677273e+00 9.354050678692505e-01
5.600000000000001e-01 1.103984354645701e+00 9.357083489071563e-01
5.650000000000001e-01 1.132136749773522e+00 9.360525101902684e-01
5.700000000000001e-01 1.160996767224129e+00 9.364414134446697e-01
5.750000000000001e-01 1.190582445447902e+00 9.368786731373839e-01
5.800000000000000e-01 1.220912276456826e+00 9.373674321910604e-01
5.850000000000000e-01 1.252005217382601e+00 9.379100919951646e-01
5.900000000000000e-01 1.283880702325469e+00 9.385078934297622e-01
5.950000000000000e-01 1.316558654501151e+00 9.391604932943634e-01
6.000000000000000e-01 1.350059498693518e+00 9.398655427906507e-01
6.050000000000000e-01 1.384404174020732e+00 9.406181601863530e-01
6.100000000000000e-01 1.419614147022888e+00 9.414104700250163e-01
6.150000000000000e-01 1.455711425079295e+00 9.422313488593000e-01
6.200000000000000e-01 1.492718570163803e+00 9.430663198010192e-01
6.250000000000000e-01 1.530658712946775e+00 9.438977575830387e-01
6.300000000000000e-01 1.569555567252506e+00 9.447056734355147e-01
6.350000000000000e-01 1.609433444881138e+00 9.454690811154238e-01
6.400000000000000e-01 1.650317270804325e+00 9.461678959010618e-01
6.450000000000000e-01 1.692232598744148e+00 9.467854073252421e-01
6.500000000000000e-01 1.735205627145031e+00 9.473111085836879e-01
6.550000000000000e-01 1.779263215548615e+00 9.477433694651828e-01
6.600000000000000e-01 1.824432901381847e+00 9.480914670907057e-01
6.650000000000000e-01 1.870742917168772e+00 9.483765777409187e-01
6.700000000000000e-01 1.918222208176775e+00 9.486313617742627e-01
6.750000000000000e-01 1.966900450508319e+00 9.488980003702173e-01
6.800000000000000e-01 2.016808069649473e+00 9.492249302406540e-01
6.850000000000001e-01 2.067976259486829e+00 9.496627666955716e-01
6.900000000000001e-01 2.120437001804702e+00 9.502599631208121e-01
6.950000000000001e-01 2.174223086274785e+00 9.510587622567144e-01
7.000000000000001e-01 2.229368130950753e+00 9.520919333318828e-01
7.050000000000000e-01 2.285906603280654e+00 9.533805813235748e-01
7.100000000000000e-01 2.343873841650178e+00 9.549330426075204e-01
7.150000000000000e-01 2.403306077470301e+00 9.567446942527313e-01
7.200000000000000e-01 2.464240457823092e+00 9.587984475002472e-01
7.250000000000000e-01 2.526715068679855e+00 9.610657119199051e-01
7.300000000000000e-01 2.590768958706095e+00 9.635076488661647e-01
7.350000000000000e-01 2.656442163668210e+00 9.660765830207405e-01
7.400000000000000e-01 2.723775731457148e+00 9.687175267275455e-01
7.450000000000000e-01 2.792811747744667e+00 9.713698811720504e-01
7.500000000000000e-01 2.863593362288260e+00 9.739694957643673e-01
7.550000000000000e-01 2.936164815901156e+00 9.764513762797800e-01
7.600000000000000e-01 3.010571468104263e+00 9.787534008573503e-01
7.650000000000000e-01 3.086859825477351e+00 9.808213443707962e-01
7.700000000000000e-01 3.165077570727174e+00 9.826151846360335e-01
7.750000000000000e-01 3.245273592490716e+00 9.841159841110989e-01
7.800000000000000e-01 3.327498015892184e+00 9.853317475981169e-01
7.850000000000000e-01 3.411802233872832e+00 9.862999958923406e-01
7.900000000000000e-01 3.498238939313234e+00 9.870849485279621e-01
7.950000000000000e-01 3.586862157968046e+00 9.877684847026154e-01
8.000000000000000e-01 3.677727282233856e+00 9.884361320239807e-01
8.050000000000000e-01 3.770891105771243e+00 9.891613248060201e-01
8.100000000000001e-01 3.866411859002656e+00 9.899921139530248e-01
8.150000000000001e-01 3.964349245508326e+00 9.909439418626618e-01
8.200000000000001e-01 4.064764479342956e+00 9.920002712633862e-01
8.250000000000001e-01 4.167720323296481e+00 9.931205009253760e-01
8.300000000000001e-01 4.273281128122877e+00 9.942525243080652e-01
8.350000000000000e-01 4.381512872761445e+00 9.953461283474888e-01
8.400000000000000e-01 4.492483205575838e+00 9.963635321514103e-01
8.450000000000000e-01 4.606261486636447e+00 9.972846736353056e-01
8.500000000000000e-01 4.722918831072739e+00 9.981068530018085e-01
8.550000000000000e-01 4.842528153522501e+00 9.988402110219011e-01
8.600000000000000e-01 4.965164213705875e+00 9.995015110059378e-01
8.650000000000000e-01 5.090903663152626e+00 1.000108542228681e+00
8.700000000000000e-01 5.219825093111814e+00 1.000676494122732e+00
8.750000000000000e-01 5.352009083673925e+00 1.001216505688753e+00
8.800000000000000e-01 5.487538254136007e+00 1.001735811511251e+00
8.850000000000000e-01 5.626497314641444e+00 1.002238667061140e+00
8.900000000000000e-01 5.768973119126561e+00 1.002727401587387e+00
8.950000000000000e-01 5.915054719607133e+00 1.003203257177068e+00
9.000000000000000e-01 6.064833421838831e+00 1.003666930963002e+00
9.050000000000000e-01 6.218402842386253e+00 1.004118873750015e+00
9.100000000000000e-01 6.375858967136348e+00 1.004559433520224e+00
9.150000000000000e-01 6.537300211292723e+00 1.004988916426216e+00
9.200000000000000e-01 6.702827480888332e+00 1.005407609956529e+00
9.250000000000000e-01 6.872544235855034e+00 1.005815790903784e+00
9.300000000000000e-01 7.046556554689444e+00 1.006213727927340e+00
9.350000000000001e-01 7.224973200755413e+00 1.006601682400620e+00
9.400000000000001e-01 7.407905690264673e+00 1.006979908768257e+00
9.450000000000001e-01 7.595468361978146e+00 1.007348654774121e+00
9.500000000000001e-01 7.787778448671316e+00 1.007708161655248e+00
9.550000000000001e-01 7.984956150408610e+00 1.008058664324206e+00
9.600000000000000e-01 8.187124709672272e+00 1.008400391544793e+00
9.650000000000000e-01 8.394410488393007e+00 1.008733566102183e+00
9.700000000000000e-01 8.606943046930221e+00 1.009058404967849e+00
9.750000000000000e-01 8.824855225051540e+00 1.009375119459480e+00
9.800000000000000e-01 9.048283224961922e+00 1.009683915396060e+00
9.850000000000000e-01 9.277366696434507e+00 1.009984993248304e+00
9.900000000000000e-01 9.512248824096272e+00 1.010278548284569e+00
9.950000000000000e-01 9.753076416923058e+00 1.010564770712444e+00
1.000000000000000e+00 1.000000000000000e+01 1.010843845816126e+00
