0.000000000000000e+00 0.000000000000000e+00 8.374385901098382e-01
5.000000000000000e-03 3.369477419287315e-03 8.374387401174009e-01
1.000000000000000e-02 6.741060871647481e-03 8.374391446834174e-01
1.500000000000000e-02 1.011685770649257e-02 8.374398262156539e-01
2.000000000000000e-02 1.349897790673588e-02 8.374407827617815e-01
2.500000000000000e-02 1.688953540759990e-02 8.374420149547126e-01
3.000000000000000e-02 2.029064941789469e-02 8.374435279867311e-01
3.500000000000000e-02 2.370444574459234e-02 8.374453295186621e-01
4.000000000000000e-02 2.713305812152553e-02 8.374474195179602e-01
4.500000000000000e-02 3.057862954304063e-02 8.374498038702041e-01
5.000000000000000e-02 3.404331360343898e-02 8.374524915513986e-01
5.500000000000000e-02 3.752927584304335e-02 8.374554904732510e-01
6.000000000000000e-02 4.103869510173117e-02 8.374588064032181e-01
6.500000000000000e-02 4.457376488078044e-02 8.374624504347542e-01
7.000000000000001e-02 4.813669471387935e-02 8.374664328435389e-01
7.500000000000000e-02 5.172971154815675e-02 8.374707639230012e-01
8.000000000000000e-02 5.535506113609672e-02 8.374754562739103e-01
8.500000000000001e-02 5.901500943920686e-02 8.374805216725911e-01
9.000000000000000e-02 6.271184404431801e-02 8.374859769165341e-01
9.500000000000000e-02 6.644787559340060e-02 8.374918364381722e-01
1.000000000000000e-01 7.022543922779090e-02 8.374981190791516e-01
1.050000000000000e-01 7.404689604773053e-02 8.375048429080271e-01
1.100000000000000e-01 7.791463458813094e-02 8.375120270665231e-01
1.150000000000000e-01 8.183107231148547e-02 8.375196945750146e-01
1.200000000000000e-01 8.579865711886202e-02 8.375278663488342e-01
1.250000000000000e-01 8.981986887992111e-02 8.375365669504405e-01
1.300000000000000e-01 9.389722098291493e-02 8.375458235054263e-01
1.350000000000000e-01 9.803326190563690e-02 8.375556690269891e-01
1.400000000000000e-01 1.022305768083033e-01 8.375661338175961e-01
1.450000000000000e-01 1.064917891493625e-01 8.375772497782705e-01
1.500000000000000e-01 1.108195623252418e-01 8.375890543502755e-01
1.550000000000000e-01 1.152166013350572e-01 8.376015852856674e-01
1.600000000000000e-01 1.196856544713255e-01 8.376148866430295e-01
1.650000000000000e-01 1.242295150377370e-01 8.376290038273536e-01
1.700000000000000e-01 1.288510230950609e-01 8.376439886870616e-01
1.750000000000000e-01 1.335530672362758e-01 8.376598966077552e-01
1.800000000000000e-01 1.383385863920344e-01 8.376767836192661e-01
1.850000000000000e-01 1.432105716675912e-01 8.376947144927421e-01
1.900000000000000e-01 1.481720682123397e-01 8.377137560668400e-01
1.950000000000000e-01 1.532261771231311e-01 8.377339849980021e-01
2.000000000000000e-01 1.583760573825595e-01 8.377554867235854e-01
2.050000000000000e-01 1.636249278334301e-01 8.377783492047051e-01
2.100000000000000e-01 1.689760691906397e-01 8.378026722685992e-01
2.150000000000000e-01 1.744328260917313e-01 8.378285591871286e-01
2.200000000000000e-01 1.799986091874004e-01 8.378561257059161e-01
2.250000000000000e-01 1.856768972732633e-01 8.378855058216563e-01
2.300000000000000e-01 1.914712394642179e-01 8.379168386466329e-01
2.350000000000000e-01 1.973852574127551e-01 8.379502807172545e-01
2.400000000000000e-01 2.034226475726105e-01 8.379860001815034e-01
2.450000000000000e-01 2.095871835091678e-01 8.380241784014673e-01
2.500000000000000e-01 2.158827182580599e-01 8.380650294830359e-01
2.550000000000000e-01 2.223131867334419e-01 8.381087827638802e-01
2.600000000000000e-01 2.288826081874405e-01 8.381556797594754e-01
2.650000000000000e-01 2.355950887223172e-01 8.382059974595271e-01
2.700000000000000e-01 2.424548238569160e-01 8.382600464454553e-01
2.750000000000000e-01 2.494661011489995e-01 8.383181583031368e-01
2.800000000000000e-01 2.566333028751116e-01 8.383807004275206e-01
2.850000000000000e-01 2.639609087696434e-01 8.384480858458263e-01
2.900000000000000e-01 2.714534988248126e-01 8.385207638479982e-01
2.950000000000000e-01 2.791157561533084e-01 8.385992316470450e-01
3.000000000000000e-01 2.869524699153886e-01 8.386840384453760e-01
3.050000000000000e-01 2.949685383122613e-01 8.387757871985522e-01
3.100000000000000e-01 3.031689716476197e-01 8.388751464051721e-01
3.150000000000000e-01 3.115588954592450e-01 8.389828463756586e-01
3.200000000000000e-01 3.201435537226349e-01 8.390996931031621e-01
3.250000000000000e-01 3.289283121286580e-01 8.392265738520518e-01
3.300000000000000e-01 3.379186614372866e-01 8.393644553112364e-01
3.350000000000000e-01 3.471202209094989e-01 8.395144049140432e-01
3.400000000000000e-01 3.565387418195016e-01 8.396775858131501e-01
3.450000000000000e-01 3.661801110494620e-01 8.398552653014935e-01
3.500000000000000e-01 3.760503547690021e-01 8.400488347720677e-01
3.550000000000000e-01 3.861556422017504e-01 8.402597969442195e-01
3.600000000000000e-01 3.965022894813072e-01 8.404897872309448e-01
3.650000000000000e-01 4.070967635990345e-01 8.407405848813942e-01
3.700000000000000e-01 4.179456864461349e-01 8.410140977030124e-01
3.750000000000000e-01 4.290558389525505e-01 8.413123931294144e-01
3.800000000000000e-01 4.404341653252637e-01 8.416376965042246e-01
3.850000000000000e-01 4.520877773886537e-01 8.419923753377531e-01
3.900000000000000e-01 4.640239590296172e-01 8.423789758245676e-01
3.950000000000000e-01 4.762501707502353e-01 8.428002084805126e-01
4.000000000000000e-01 4.887740543308307e-01 8.432589301098078e-01
4.050000000000000e-01 5.016034376063282e-01 8.437581825274810e-01
4.100000000000000e-01 5.147463393589066e-01 8.443011670956415e-01
4.150000000000000e-01 5.282109743299990e-01 8.448912161719562e-01
4.200000000000000e-01 5.420057583547735e-01 8.455318322064392e-01
4.250000000000000e-01 5.561393136223041e-01 8.462266575587897e-01
4.300000000000000e-01 5.706204740647189e-01 8.469794255034567e-01
4.350000000000000e-01 5.854582908786964e-01 8.477939948559370e-01
4.400000000000000e-01 6.006620381827575e-01 8.486743266738094e-01
4.450000000000000e-01 6.162412188138907e-01 8.496244050575423e-01
4.500000000000000e-01 6.322055702671360e-01 8.506482515209707e-01
4.550000000000000e-01 6.485650707818353e-01 8.517499277833104e-01
4.600000000000000e-01 6.653299455783577e-01 8.529334366684823e-01
4.650000000000000e-01 6.825106732491932e-01 8.542026819884546e-01
4.700000000000000e-01 7.001179923084168e-01 8.555614966492476e-01
4.750000000000000e-01 7.181629079036070e-01 8.570135713058551e-01
4.800000000000000e-01 7.366566986944229e-01 8.585623426696696e-01
4.850000000000000e-01 7.556109239021327e-01 8.602109886254945e-01
4.900000000000000e-01 7.750374305345038e-01 8.619624303270716e-01
4.950000000000000e-01 7.949483607905672e-01 8.638192200508537e-01
5.000000000000000e-01 8.153561596498893e-01 8.657834307161061e-01
5.050000000000000e-01 8.362735826510871e-01 8.678566527669334e-01
5.100000000000000e-01 8.577137038644561e-01 8.700399876721671e-01
5.150000000000000e-01 8.796899240636907e-01 8.723339357068506e-01
5.200000000000000e-01 9.022159791018011e-01 8.747382673662993e-01
5.250000000000000e-01 9.253059484964714e-01 8.772519873609480e-01
5.300000000000000e-01 9.489742642302165e-01 8.798733414529559e-01
5.350000000000000e-01 9.732357197708378e-01 8.825997562591507e-01
5.400000000000000e-01 9.981054793178262e-01 8.854277110801951e-01
5.450000000000000e-01 1.023599087280478e+00 8.883526338217149e-01
5.500000000000000e-01 1.049732477993657e+00 8.913688701383673e-01
5.550000000000000e-01 1.076521985677273e+00 8.944696830239933e-01
5.600000000000001e-01 1.103984354645701e+00 8.976472226387917e-01
5.650000000000001e-01 1.132136749773522e+00 9.008924568664560e-01
5.700000000000001e-01 1.160996767224129e+00 9.041950957861664e-01
5.750000000000001e-01 1.190582445447902e+00 9.075435474039463e-01
5.800000000000000e-01 1.220912276456826e+00 9.109249175995806e-01
5.850000000000000e-01 1.252005217382601e+00 9.143250453152107e-01
5.900000000000000e-01 1.283880702325469e+00 9.177285643243233e-01
5.950000000000000e-01 1.316558654501151e+00 9.211189920269477e-01
6.000000000000000e-01 1.350059498693518e+00 9.244788548468528e-01
6.050000000000000e-01 1.384404174020732e+00 9.277898654824095e-01
6.100000000000000e-01 1.419614147022888e+00 9.310331662879290e-01
6.150000000000000e-01 1.455711425079295e+00 9.341896518101527e-01
6.200000000000000e-01 1.492718570163803e+00 9.372403807130567e-01
6.250000000000000e-01 1.530658712946775e+00 9.401670840782199e-01
6.300000000000000e-01 1.569555567252506e+00 9.429527721019344e-01
6.350000000000000e-01 1.609433444881138e+00 9.455824332936996e-01
6.400000000000000e-01 1.650317270804325e+00 9.480438089821434e-01
6.450000000000000e-01 1.692232598744148e+00 9.503282108507164e-01
6.500000000000000e-01 1.735205627145031e+00 9.524313311620690e-01
6.550000000000000e-01 1.779263215548615e+00 9.543539759305408e-01
6.600000000000000e-01 1.824432901381847e+00 9.561026336557829e-01
6.650000000000000e-01 1.870742917168772e+00 9.576897806441707e-01
6.700000000000000e-01 1.918222208176775e+00 9.591338235385436e-01
6.750000000000000e-01 1.966900450508319e+00 9.604585952688663e-01
6.800000000000000e-01 2.016808069649473e+00 9.616923551945716e-01
6.850000000000001e-01 2.067976259486829e+00 9.628662971861631e-01
6.900000000000001e-01 2.120437001804702e+00 9.640126356060349e-01
6.950000000000001e-01 2.174223086274785e+00 9.651624088489806e-01
7.000000000000001e-01 2.229368130950753e+00 9.663432005822247e-01
7.050000000000000e-01 2.285906603280654e+00 9.675770172783388e-01
7.100000000000000e-01 2.343873841650178e+00 9.688785674127466e-01
7.150000000000000e-01 2.403306077470301e+00 9.702541587884252e-01
7.200000000000000e-01 2.464240457823092e+00 9.717013683212505e-01
7.250000000000000e-01 2.526715068679855e+00 9.732095512864710e-01
7.300000000000000e-01 2.590768958706095e+00 9.747611560155379e-01
7.350000000000000e-01 2.656442163668210e+00 9.763337082916358e-01
7.400000000000000e-01 2.723775731457148e+00 9.779022402707638e-01
7.450000000000000e-01 2.792811747744667e+00 9.794418742755697e-01
7.500000000000000e-01 2.863593362288260e+00 9.809302439410870e-01
7.550000000000000e-01 2.936164815901156e+00 9.823494530414021e-01
7.600000000000000e-01 3.010571468104263e+00 9.836873392819478e-01
7.650000000000000e-01 3.086859825477351e+00 9.849379202877778e-01
7.700000000000000e-01 3.165077570727174e+00 9.861010341594192e-01
7.750000000000000e-01 3.245273592490716e+00 9.871813197029201e-01
7.800000000000000e-01 3.327498015892184e+00 9.881867811683210e-01
7.850000000000000e-01 3.411802233872832e+00 9.891272253378448e-01
7.900000000000000e-01 3.498238939313234e+00 9.900128370572476e-01
7.950000000000000e-01 3.586862157968046e+00 9.908530837688704e-01
8.000000000000000e-01 3.677727282233856e+00 9.916560361371173e-01
8.050000000000000e-01 3.770891105771243e+00 9.924280913728002e-01
8.100000000000001e-01 3.866411859002656e+00 9.931740133421776e-01
8.150000000000001e-01 3.964349245508326e+00 9.938971706742770e-01
8.200000000000001e-01 4.064764479342956e+00 9.945998581129528e-01
8.250000000000001e-01 4.167720323296481e+00 9.952836145720885e-01
8.300000000000001e-01 4.273281128122877e+00 9.959494880277154e-01
8.350000000000000e-01 4.381512872761445e+00 9.965982298882311e-01
8.400000000000000e-01 4.492483205575838e+00 9.972304232764001e-01
8.450000000000000e-01 4.606261486636447e+00 9.978465600173665e-01
8.500000000000000e-01 4.722918831072739e+00 9.984470829359651e-01
8.550000000000000e-01 4.842528153522501e+00 9.990324072465984e-01
8.600000000000000e-01 4.965164213705875e+00 9.996029305836667e-01
8.650000000000000e-01 5.090903663152626e+00 1.000159037431094e+00
8.700000000000000e-01 5.219825093111814e+00 1.000701101034731e+00
8.750000000000000e-01 5.352009083673925e+00 1.001229484279300e+00
8.800000000000000e-01 5.487538254136007e+00 1.001744540172442e+00
8.850000000000000e-01 5.626497314641444e+00 1.002246612188367e+00
8.900000000000000e-01 5.768973119126561e+00 1.002736034561264e+00
8.950000000000000e-01 5.915054719607133e+00 1.003213132557910e+00
9.000000000000000e-01 6.064833421838831e+00 1.003678222738377e+00
9.050000000000000e-01 6.218402842386253e+00 1.004131613207474e+00
9.100000000000000e-01 6.375858967136348e+00 1.004573603857800e+00
9.150000000000000e-01 6.537300211292723e+00 1.005004486604879e+00
9.200000000000000e-01 6.702827480888332e+00 1.005424545614670e+00
9.250000000000000e-01 6.872544235855034e+00 1.005834057523785e+00
9.300000000000000e-01 7.046556554689444e+00 1.006233291652672e+00
9.350000000000001e-01 7.224973200755413e+00 1.006622510212025e+00
9.400000000000001e-01 7.407905690264673e+00 1.007001968502701e+00
9.450000000000001e-01 7.595468361978146e+00 1.007371915109352e+00
9.500000000000001e-01 7.787778448671316e+00 1.007732592088023e+00
9.550000000000001e-01 7.984956150408610e+00 1.008084235147938e+00
9.600000000000000e-01 8.187124709672272e+00 1.008427073827674e+00
9.650000000000000e-01 8.394410488393007e+00 1.008761331665927e+00
9.700000000000000e-01 8.606943046930221e+00 1.009087226367074e+00
9.750000000000000e-01 8.824855225051540e+00 1.009404969961702e+00
9.800000000000000e-01 9.048283224961922e+00 1.009714768962288e+00
9.850000000000000e-01 9.277366696434507e+00 1.010016824514195e+00
9.900000000000000e-01 9.512248824096272e+00 1.010311332542153e+00
9.950000000000000e-01 9.753076416923058e+00 1.010598483892375e+00
1.000000000000000e+00 1.000000000000000e+01 1.010878464470456e+00
