0.000000000000000e+00 0.000000000000000e+00 9.534672715074545e-01
5.000000000000000e-03 3.369477419287315e-03 9.534672715395175e-01
1.000000000000000e-02 6.741060871647481e-03 9.534672715712239e-01
1.500000000000000e-02 1.011685770649257e-02 9.534672715814573e-01
2.000000000000000e-02 1.349897790673588e-02 9.534672715860304e-01
2.500000000000000e-02 1.688953540759990e-02 9.534672715908096e-01
3.000000000000000e-02 2.029064941789469e-02 9.534672715950968e-01
3.500000000000000e-02 2.370444574459234e-02 9.534672716001639e-01
4.000000000000000e-02 2.713305812152553e-02 9.534672716057484e-01
4.500000000000000e-02 3.057862954304063e-02 9.534672716174003e-01
5.000000000000000e-02 3.404331360343898e-02 9.534672716287470e-01
5.500000000000000e-02 3.752927584304335e-02 9.534672716382745e-01
6.000000000000000e-02 4.103869510173117e-02 9.534672716479459e-01
6.500000000000000e-02 4.457376488078044e-02 9.534672716593220e-01
7.000000000000001e-02 4.813669471387935e-02 9.534672716707219e-01
7.500000000000000e-02 5.172971154815675e-02 9.534672716801202e-01
8.000000000000000e-02 5.535506113609672e-02 9.534672716909942e-01
8.500000000000001e-02 5.901500943920686e-02 9.534672717031012e-01
9.000000000000000e-02 6.271184404431801e-02 9.534672717179439e-01
9.500000000000000e-02 6.644787559340060e-02 9.534672717366219e-01
1.000000000000000e-01 7.022543922779090e-02 9.534672717551138e-01
1.050000000000000e-01 7.404689604773053e-02 9.534672717754568e-01
1.100000000000000e-01 7.791463458813094e-02 9.534672717977344e-01
1.150000000000000e-01 8.183107231148547e-02 9.534672718206307e-01
1.200000000000000e-01 8.579865711886202e-02 9.534672718442404e-01
1.250000000000000e-01 8.981986887992111e-02 9.534672718685882e-01
1.300000000000000e-01 9.389722098291493e-02 9.534672718928957e-01
1.350000000000000e-01 9.803326190563690e-02 9.534672719219173e-01
1.400000000000000e-01 1.022305768083033e-01 9.534672719531818e-01
1.450000000000000e-01 1.064917891493625e-01 9.534672719856343e-01
1.500000000000000e-01 1.108195623252418e-01 9.534672720223027e-01
1.550000000000000e-01 1.152166013350572e-01 9.534672720603040e-01
1.600000000000000e-01 1.196856544713255e-01 9.534672721003908e-01
1.650000000000000e-01 1.242295150377370e-01 9.534672721408490e-01
1.700000000000000e-01 1.288510230950609e-01 9.534672721837365e-01
1.750000000000000e-01 1.335530672362758e-01 9.534672722316120e-01
1.800000000000000e-01 1.383385863920344e-01 9.534672722807271e-01
1.850000000000000e-01 1.432105716675912e-01 9.534672723355327e-01
1.900000000000000e-01 1.481720682123397e-01 9.534672723974882e-01
1.950000000000000e-01 1.532261771231311e-01 9.534672724622052e-01
2.000000000000000e-01 1.583760573825595e-01 9.534672725281601e-01
2.050000000000000e-01 1.636249278334301e-01 9.534672725950682e-01
2.100000000000000e-01 1.689760691906397e-01 9.534672726708275e-01
2.150000000000000e-01 1.744328260917313e-01 9.534672727503886e-01
2.200000000000000e-01 1.799986091874004e-01 9.534672728390757e-01
2.250000000000000e-01 1.856768972732633e-01 9.534672729348058e-01
2.300000000000000e-01 1.914712394642179e-01 9.534672730320060e-01
2.350000000000000e-01 1.973852574127551e-01 9.534672731371188e-01
2.400000000000000e-01 2.034226475726105e-01 9.534672732492555e-01
2.450000000000000e-01 2.095871835091678e-01 9.534672733696771e-01
2.500000000000000e-01 2.158827182580599e-01 9.534672735047541e-01
2.550000000000000e-01 2.223131867334419e-01 9.534672736542454e-01
2.600000000000000e-01 2.288826081874405e-01 9.534672738160300e-01
2.650000000000000e-01 2.355950887223172e-01 9.534672739925754e-01
2.700000000000000e-01 2.424548238569160e-01 9.534672741774590e-01
2.750000000000000e-01 2.494661011489995e-01 9.534672743734961e-01
2.800000000000000e-01 2.566333028751116e-01 9.534672745868868e-01
2.850000000000000e-01 2.639609087696434e-01 9.534672748276596e-01
2.900000000000000e-01 2.714534988248126e-01 9.534672750848874e-01
2.950000000000000e-01 2.791157561533084e-01 9.534672753608183e-01
3.000000000000000e-01 2.869524699153886e-01 9.534672756714363e-01
3.050000000000000e-01 2.949685383122613e-01 9.534672760195475e-01
3.100000000000000e-01 3.031689716476197e-01 9.534672764005282e-01
3.150000000000000e-01 3.115588954592450e-01 9.534672768207614e-01
3.200000000000000e-01 3.201435537226349e-01 9.534672772831512e-01
3.250000000000000e-01 3.289283121286580e-01 9.534672777781524e-01
3.300000000000000e-01 3.379186614372866e-01 9.534672783324953e-01
3.350000000000000e-01 3.471202209094989e-01 9.534672789460455e-01
3.400000000000000e-01 3.565387418195016e-01 9.534672796349953e-01
3.450000000000000e-01 3.661801110494620e-01 9.534672804227673e-01
3.500000000000000e-01 3.760503547690021e-01 9.534672813159017e-01
3.550000000000000e-01 3.861556422017504e-01 9.534672823008886e-01
3.600000000000000e-01 3.965022894813072e-01 9.534672833910849e-01
3.650000000000000e-01 4.070967635990345e-01 9.534672846482080e-01
3.700000000000000e-01 4.179456864461349e-01 9.534672860803534e-01
3.750000000000000e-01 4.290558389525505e-01 9.534672877074565e-01
3.800000000000000e-01 4.404341653252637e-01 9.534672895520910e-01
3.850000000000000e-01 4.520877773886537e-01 9.534672916771686e-01
3.900000000000000e-01 4.640239590296172e-01 9.534672941263005e-01
3.950000000000000e-01 4.762501707502353e-01 9.534672969461097e-01
4.000000000000000e-01 4.887740543308307e-01 9.534673002152015e-01
4.050000000000000e-01 5.016034376063282e-01 9.534673039942502e-01
4.100000000000000e-01 5.147463393589066e-01 9.534673084235878e-01
4.150000000000000e-01 5.282109743299990e-01 9.534673136049129e-01
4.200000000000000e-01 5.420057583547735e-01 9.534673197040947e-01
4.250000000000000e-01 5.561393136223041e-01 9.534673269077912e-01
4.300000000000000e-01 5.706204740647189e-01 9.534673354142612e-01
4.350000000000000e-01 5.854582908786964e-01 9.534673455229015e-01
4.400000000000000e-01 6.006620381827575e-01 9.534673575714318e-01
4.450000000000000e-01 6.162412188138907e-01 9.534673720281268e-01
4.500000000000000e-01 6.322055702671360e-01 9.534673893945211e-01
4.550000000000000e-01 6.485650707818353e-01 9.534674103712604e-01
4.600000000000000e-01 6.653299455783577e-01 9.534674357816374e-01
4.650000000000000e-01 6.825106732491932e-01 9.534674666635032e-01
4.700000000000000e-01 7.001179923084168e-01 9.534675044032231e-01
4.750000000000000e-01 7.181629079036070e-01 9.534675505737704e-01
4.800000000000000e-01 7.366566986944229e-01 9.534676074257601e-01
4.850000000000000e-01 7.556109239021327e-01 9.534676776291756e-01
4.900000000000000e-01 7.750374305345038e-01 9.534677645643179e-01
4.950000000000000e-01 7.949483607905672e-01 9.534678727550316e-01
5.000000000000000e-01 8.153561596498893e-01 9.534680076925449e-01
5.050000000000000e-01 8.362735826510871e-01 9.534681767926219e-01
5.100000000000000e-01 8.577137038644561e-01 9.534683893139790e-01
5.150000000000000e-01 8.796899240636907e-01 9.534686572231487e-01
5.200000000000000e-01 9.022159791018011e-01 9.534689963784795e-01
5.250000000000000e-01 9.253059484964714e-01 9.534694266685694e-01
5.300000000000000e-01 9.489742642302165e-01 9.534699746165203e-01
5.350000000000000e-01 9.732357197708378e-01 9.534706744635508e-01
5.400000000000000e-01 9.981054793178262e-01 9.534715704262983e-01
5.450000000000000e-01 1.023599087280478e+00 9.534727213512559e-01
5.500000000000000e-01 1.049732477993657e+00 9.534742029084552e-01
5.550000000000000e-01 1.076521985677273e+00 9.534761147076287e-01
5.600000000000001e-01 1.103984354645701e+00 9.534785879906961e-01
5.650000000000001e-01 1.132136749773522e+00 9.534817926875938e-01
5.700000000000001e-01 1.160996767224129e+00 9.534859535241563e-01
5.750000000000001e-01 1.190582445447902e+00 9.534913644438238e-01
5.800000000000000e-01 1.220912276456826e+00 9.534984079061961e-01
5.850000000000000e-01 1.252005217382601e+00 9.535075875183823e-01
5.900000000000000e-01 1.283880702325469e+00 9.535195579012870e-01
5.950000000000000e-01 1.316558654501151e+00 9.535351687216740e-01
6.000000000000000e-01 1.350059498693518e+00 9.535555272908620e-01
6.050000000000000e-01 1.384404174020732e+00 9.535820583380342e-01
6.100000000000000e-01 1.419614147022888e+00 9.536165891488394e-01
6.150000000000000e-01 1.455711425079295e+00 9.536614585636068e-01
6.200000000000000e-01 1.492718570163803e+00 9.537196175593045e-01
6.250000000000000e-01 1.530658712946775e+00 9.537947576034865e-01
6.300000000000000e-01 1.569555567252506e+00 9.538914571070410e-01
6.350000000000000e-01 1.609433444881138e+00 9.540152843897340e-01
6.400000000000000e-01 1.650317270804325e+00 9.541728852465076e-01
6.450000000000000e-01 1.692232598744148e+00 9.543720336459335e-01
6.500000000000000e-01 1.735205627145031e+00 9.546215234036202e-01
6.550000000000000e-01 1.779263215548615e+00 9.549308840133532e-01
6.600000000000000e-01 1.824432901381847e+00 9.553098981190200e-01
6.650000000000000e-01 1.870742917168772e+00 9.557677424174752e-01
6.700000000000000e-01 1.918222208176775e+00 9.563116830746972e-01
6.750000000000000e-01 1.966900450508319e+00 9.569454178635537e-01
6.800000000000000e-01 2.016808069649473e+00 9.576670637358016e-01
6.850000000000001e-01 2.067976259486829e+00 9.584668753766612e-01
6.900000000000001e-01 2.120437001804702e+00 9.593252135630813e-01
6.950000000000001e-01 2.174223086274785e+00 9.602115794557027e-01
7.000000000000001e-01 2.229368130950753e+00 9.610856274076700e-01
7.050000000000000e-01 2.285906603280654e+00 9.619011260380950e-01
7.100000000000000e-01 2.343873841650178e+00 9.626133676055568e-01
7.150000000000000e-01 2.403306077470301e+00 9.631891576488080e-01
7.200000000000000e-01 2.464240457823092e+00 9.636169580363561e-01
7.250000000000000e-01 2.526715068679855e+00 9.639140514075429e-01
7.300000000000000e-01 2.590768958706095e+00 9.641281170464135e-01
7.350000000000000e-01 2.656442163668210e+00 9.643321753435699e-01
7.400000000000000e-01 2.723775731457148e+00 9.646139562808864e-01
7.450000000000000e-01 2.792811747744667e+00 9.650624829127062e-01
7.500000000000000e-01 2.863593362288260e+00 9.657551958183166e-01
7.550000000000000e-01 2.936164815901156e+00 9.667481866157828e-01
7.600000000000000e-01 3.010571468104263e+00 9.680706931555259e-01
7.650000000000000e-01 3.086859825477351e+00 9.697236755008963e-01
7.700000000000000e-01 3.165077570727174e+00 9.716814679749107e-01
7.750000000000000e-01 3.245273592490716e+00 9.738952725006307e-01
7.800000000000000e-01 3.327498015892184e+00 9.762974480642551e-01
7.850000000000000e-01 3.411802233872832e+00 9.788059127383196e-01
7.900000000000000e-01 3.498238939313234e+00 9.813284408492329e-01
7.950000000000000e-01 3.586862157968046e+00 9.837673212056703e-01
8.000000000000000e-01 3.677727282233856e+00 9.860256693007440e-01
8.050000000000000e-01 3.770891105771243e+00 9.880170191821734e-01
8.100000000000001e-01 3.866411859002656e+00 9.896787096033346e-01
8.150000000000001e-01 3.964349245508326e+00 9.909867525241168e-01
8.200000000000001e-01 4.064764479342956e+00 9.919666457695080e-01
8.250000000000001e-01 4.167720323296481e+00 9.926935095458949e-01
8.300000000000001e-01 4.273281128122877e+00 9.932778333045760e-01
8.350000000000000e-01 4.381512872761445e+00 9.938392034589411e-01
8.400000000000000e-01 4.492483205575838e+00 9.944763108678588e-01
8.450000000000000e-01 4.606261486636447e+00 9.952438230794156e-01
8.500000000000000e-01 4.722918831072739e+00 9.961440943952985e-01
8.550000000000000e-01 4.842528153522501e+00 9.971356188661078e-01
8.600000000000000e-01 4.965164213705875e+00 9.981535538144376e-01
8.650000000000000e-01 5.090903663152626e+00 9.991334819228913e-01
8.700000000000000e-01 5.219825093111814e+00 1.000029546131273e+00
8.750000000000000e-01 5.352009083673925e+00 1.000821887406910e+00
8.800000000000000e-01 5.487538254136007e+00 1.001513694304678e+00
8.850000000000000e-01 5.626497314641444e+00 1.002122221151550e+00
8.900000000000000e-01 5.768973119126561e+00 1.002669109635212e+00
8.950000000000000e-01 5.915054719607133e+00 1.003173623246540e+00
9.000000000000000e-01 6.064833421838831e+00 1.003649749126786e+00
9.050000000000000e-01 6.218402842386253e+00 1.004106204524827e+00
9.100000000000000e-01 6.375858967136348e+00 1.004547797104789e+00
9.150000000000000e-01 6.537300211292723e+00 1.004976950537189e+00
9.200000000000000e-01 6.702827480888332e+00 1.005394844779298e+00
9.250000000000000e-01 6.872544235855034e+00 1.005802092212715e+00
9.300000000000000e-01 7.046556554689444e+00 1.006199074308331e+00
9.350000000000001e-01 7.224973200755413e+00 1.006586086205171e+00
9.400000000000001e-01 7.407905690264673e+00 1.006963391109539e+00
9.450000000000001e-01 7.595468361978146e+00 1.007331238455336e+00
9.500000000000001e-01 7.787778448671316e+00 1.007689869383529e+00
9.550000000000001e-01 7.984956150408610e+00 1.008039518314633e+00
9.600000000000000e-01 8.187124709672272e+00 1.008380413451578e+00
9.650000000000000e-01 8.394410488393007e+00 1.008712777018691e+00
9.700000000000000e-01 8.606943046930221e+00 1.009036825439351e+00
9.750000000000000e-01 8.824855225051540e+00 1.009352769497712e+00
9.800000000000000e-01 9.048283224961922e+00 1.009660814493699e+00
9.850000000000000e-01 9.277366696434507e+00 1.009961160393048e+00
9.900000000000000e-01 9.512248824096272e+00 1.010254001972837e+00
9.950000000000000e-01 9.753076416923058e+00 1.010539528962768e+00
1.000000000000000e+00 1.000000000000000e+01 1.010817926183323e+00
