0.000000000000000e+00 0.000000000000000e+00 8.594381976618175e-01
5.000000000000000e-03 3.369477419287315e-03 8.594394237098648e-01
1.000000000000000e-02 6.741060871647481e-03 8.594426929190780e-01
1.500000000000000e-02 1.011685770649257e-02 8.594481469748074e-01
2.000000000000000e-02 1.349897790673588e-02 8.594558086134231e-01
2.500000000000000e-02 1.688953540759990e-02 8.594656912833644e-01
3.000000000000000e-02 2.029064941789469e-02 8.594778162792116e-01
3.500000000000000e-02 2.370444574459234e-02 8.594922152137227e-01
4.000000000000000e-02 2.713305812152553e-02 8.595089151952721e-01
4.500000000000000e-02 3.057862954304063e-02 8.595279564053567e-01
5.000000000000000e-02 3.404331360343898e-02 8.595493747668090e-01
5.500000000000000e-02 3.752927584304335e-02 8.595732193434773e-01
6.000000000000000e-02 4.103869510173117e-02 8.595995427104156e-01
6.500000000000000e-02 4.457376488078044e-02 8.596284024286831e-01
7.000000000000001e-02 4.813669471387935e-02 8.596598593617213e-01
7.500000000000000e-02 5.172971154815675e-02 8.596939902824992e-01
8.000000000000000e-02 5.535506113609672e-02 8.597308653114624e-01
8.500000000000001e-02 5.901500943920686e-02 8.597705611326885e-01
9.000000000000000e-02 6.271184404431801e-02 8.598131696917191e-01
9.500000000000000e-02 6.644787559340060e-02 8.598587773983287e-01
1.000000000000000e-01 7.022543922779090e-02 8.599074774465365e-01
1.050000000000000e-01 7.404689604773053e-02 8.599593682305090e-01
1.100000000000000e-01 7.791463458813094e-02 8.600145646044077e-01
1.150000000000000e-01 8.183107231148547e-02 8.600731815006454e-01
1.200000000000000e-01 8.579865711886202e-02 8.601353403730889e-01
1.250000000000000e-01 8.981986887992111e-02 8.602011630180978e-01
1.300000000000000e-01 9.389722098291493e-02 8.602707870680830e-01
1.350000000000000e-01 9.803326190563690e-02 8.603443517011315e-01
1.400000000000000e-01 1.022305768083033e-01 8.604219949879249e-01
1.450000000000000e-01 1.064917891493625e-01 8.605038721223957e-01
1.500000000000000e-01 1.108195623252418e-01 8.605901359674160e-01
1.550000000000000e-01 1.152166013350572e-01 8.606809526700850e-01
1.600000000000000e-01 1.196856544713255e-01 8.607764880530377e-01
1.650000000000000e-01 1.242295150377370e-01 8.608769230674279e-01
1.700000000000000e-01 1.288510230950609e-01 8.609824372603891e-01
1.750000000000000e-01 1.335530672362758e-01 8.610932087748188e-01
1.800000000000000e-01 1.383385863920344e-01 8.612094358181970e-01
1.850000000000000e-01 1.432105716675912e-01 8.613313202951342e-01
1.900000000000000e-01 1.481720682123397e-01 8.614590608936187e-01
1.950000000000000e-01 1.532261771231311e-01 8.615928512757941e-01
2.000000000000000e-01 1.583760573825595e-01 8.617329072776281e-01
2.050000000000000e-01 1.636249278334301e-01 8.618794456033119e-01
2.100000000000000e-01 1.689760691906397e-01 8.620326822939676e-01
2.150000000000000e-01 1.744328260917313e-01 8.621928356367576e-01
2.200000000000000e-01 1.799986091874004e-01 8.623601170970204e-01
2.250000000000000e-01 1.856768972732633e-01 8.625347468686330e-01
2.300000000000000e-01 1.914712394642179e-01 8.627169388421511e-01
2.350000000000000e-01 1.973852574127551e-01 8.629069075658318e-01
2.400000000000000e-01 2.034226475726105e-01 8.631048720576576e-01
2.450000000000000e-01 2.095871835091678e-01 8.633110385538331e-01
2.500000000000000e-01 2.158827182580599e-01 8.635256037615151e-01
2.550000000000000e-01 2.223131867334419e-01 8.637487586280476e-01
2.600000000000000e-01 2.288826081874405e-01 8.639806760787693e-01
2.650000000000000e-01 2.355950887223172e-01 8.642215279368284e-01
2.700000000000000e-01 2.424548238569160e-01 8.644714733450225e-01
2.750000000000000e-01 2.494661011489995e-01 8.647306414559510e-01
2.800000000000000e-01 2.566333028751116e-01 8.649991489115839e-01
2.850000000000000e-01 2.639609087696434e-01 8.652770749340957e-01
2.900000000000000e-01 2.714534988248126e-01 8.655644932382299e-01
2.950000000000000e-01 2.791157561533084e-01 8.658614550763969e-01
3.000000000000000e-01 2.869524699153886e-01 8.661679361468901e-01
3.050000000000000e-01 2.949685383122613e-01 8.664839014243106e-01
3.100000000000000e-01 3.031689716476197e-01 8.668092912090776e-01
3.150000000000000e-01 3.115588954592450e-01 8.671439830061511e-01
3.200000000000000e-01 3.201435537226349e-01 8.674878060968360e-01
3.250000000000000e-01 3.289283121286580e-01 8.678405415458657e-01
3.300000000000000e-01 3.379186614372866e-01 8.682019271798377e-01
3.350000000000000e-01 3.471202209094989e-01 8.685716332106653e-01
3.400000000000000e-01 3.565387418195016e-01 8.689492731020431e-01
3.450000000000000e-01 3.661801110494620e-01 8.693344085225371e-01
3.500000000000000e-01 3.760503547690021e-01 8.697265283016780e-01
3.550000000000000e-01 3.861556422017504e-01 8.701250714776598e-01
3.600000000000000e-01 3.965022894813072e-01 8.705294148727093e-01
3.650000000000000e-01 4.070967635990345e-01 8.709388759161053e-01
3.700000000000000e-01 4.179456864461349e-01 8.713527329167183e-01
3.750000000000000e-01 4.290558389525505e-01 8.717702109372223e-01
3.800000000000000e-01 4.404341653252637e-01 8.721905077445168e-01
3.850000000000000e-01 4.520877773886537e-01 8.726128049178854e-01
3.900000000000000e-01 4.640239590296172e-01 8.730362697898798e-01
3.950000000000000e-01 4.762501707502353e-01 8.734600947521213e-01
4.000000000000000e-01 4.887740543308307e-01 8.738835068548071e-01
4.050000000000000e-01 5.016034376063282e-01 8.743057932453706e-01
4.100000000000000e-01 5.147463393589066e-01 8.747263461333907e-01
4.150000000000000e-01 5.282109743299990e-01 8.751446818505031e-01
4.200000000000000e-01 5.420057583547735e-01 8.755604853331146e-01
4.250000000000000e-01 5.561393136223041e-01 8.759736585082557e-01
4.300000000000000e-01 5.706204740647189e-01 8.763843538579558e-01
4.350000000000000e-01 5.854582908786964e-01 8.767930297255115e-01
4.400000000000000e-01 6.006620381827575e-01 8.772005002920402e-01
4.450000000000000e-01 6.162412188138907e-01 8.776079801637893e-01
4.500000000000000e-01 6.322055702671360e-01 8.780171368566114e-01
4.550000000000000e-01 6.485650707818353e-01 8.784301329361698e-01
4.600000000000000e-01 6.653299455783577e-01 8.788496700181085e-01
4.650000000000000e-01 6.825106732491932e-01 8.792790241709224e-01
4.700000000000000e-01 7.001179923084168e-01 8.797220637937748e-01
4.750000000000000e-01 7.181629079036070e-01 8.801832764024030e-01
4.800000000000000e-01 7.366566986944229e-01 8.806677726137377e-01
4.850000000000000e-01 7.556109239021327e-01 8.811812557152193e-01
4.900000000000000e-01 7.750374305345038e-01 8.817300106119119e-01
4.950000000000000e-01 7.949483607905672e-01 8.823208751336543e-01
5.000000000000000e-01 8.153561596498893e-01 8.829611490252955e-01
5.050000000000000e-01 8.362735826510871e-01 8.836585167259361e-01
5.100000000000000e-01 8.577137038644561e-01 8.844209904301625e-01
5.150000000000000e-01 8.796899240636907e-01 8.852567810048992e-01
5.200000000000000e-01 9.022159791018011e-01 8.861741374545451e-01
5.250000000000000e-01 9.253059484964714e-01 8.871812457799663e-01
5.300000000000000e-01 9.489742642302165e-01 8.882861161930583e-01
5.350000000000000e-01 9.732357197708378e-01 8.894963852020835e-01
5.400000000000000e-01 9.981054793178262e-01 8.908191284260113e-01
5.450000000000000e-01 1.023599087280478e+00 8.922607538721198e-01
5.500000000000000e-01 1.049732477993657e+00 8.938268810148867e-01
5.550000000000000e-01 1.076521985677273e+00 8.955221396988530e-01
5.600000000000001e-01 1.103984354645701e+00 8.973499782102812e-01
5.650000000000001e-01 1.132136749773522e+00 8.993125616221606e-01
5.700000000000001e-01 1.160996767224129e+00 9.014107015044088e-01
5.750000000000001e-01 1.190582445447902e+00 9.036437272287080e-01
5.800000000000000e-01 1.220912276456826e+00 9.060093163080261e-01
5.850000000000000e-01 1.252005217382601e+00 9.085033702219495e-01
5.900000000000000e-01 1.283880702325469e+00 9.111199672677301e-01
5.950000000000000e-01 1.316558654501151e+00 9.138513415154472e-01
6.000000000000000e-01 1.350059498693518e+00 9.166878346326328e-01
6.050000000000000e-01 1.384404174020732e+00 9.196178227877785e-01
6.100000000000000e-01 1.419614147022888e+00 9.226276563617978e-01
6.150000000000000e-01 1.455711425079295e+00 9.257016466583486e-01
6.200000000000000e-01 1.492718570163803e+00 9.288221100171066e-01
6.250000000000000e-01 1.530658712946775e+00 9.319694625970634e-01
6.300000000000000e-01 1.569555567252506e+00 9.351223650466925e-01
6.350000000000000e-01 1.609433444881138e+00 9.382579285763630e-01
6.400000000000000e-01 1.650317270804325e+00 9.413520042445620e-01
6.450000000000000e-01 1.692232598744148e+00 9.443795831197590e-01
6.500000000000000e-01 1.735205627145031e+00 9.473153338199907e-01
6.550000000000000e-01 1.779263215548615e+00 9.501343007072252e-01
6.600000000000000e-01 1.824432901381847e+00 9.528127781538299e-01
6.650000000000000e-01 1.870742917168772e+00 9.553293629140879e-01
6.700000000000000e-01 1.918222208176775e+00 9.576661649751013e-01
6.750000000000000e-01 1.966900450508319e+00 9.598101256217049e-01
6.800000000000000e-01 2.016808069649473e+00 9.617543505733722e-01
6.850000000000001e-01 2.067976259486829e+00 9.634993199086671e-01
6.900000000000001e-01 2.120437001804702e+00 9.650537939555097e-01
6.950000000000001e-01 2.174223086274785e+00 9.664352086778943e-01
7.000000000000001e-01 2.229368130950753e+00 9.676693610360532e-01
7.050000000000000e-01 2.285906603280654e+00 9.687892375437249e-01
7.100000000000000e-01 2.343873841650178e+00 9.698329421409014e-01
7.150000000000000e-01 2.403306077470301e+00 9.708408225451987e-01
7.200000000000000e-01 2.464240457823092e+00 9.718520518592914e-01
7.250000000000000e-01 2.526715068679855e+00 9.729010582909365e-01
7.300000000000000e-01 2.590768958706095e+00 9.740142742323835e-01
7.350000000000000e-01 2.656442163668210e+00 9.752076722538082e-01
7.400000000000000e-01 2.723775731457148e+00 9.764854650324947e-01
7.450000000000000e-01 2.792811747744667e+00 9.778401843313564e-01
7.500000000000000e-01 2.863593362288260e+00 9.792541504654186e-01
7.550000000000000e-01 2.936164815901156e+00 9.807021332696400e-01
7.600000000000000e-01 3.010571468104263e+00 9.821548219938309e-01
7.650000000000000e-01 3.086859825477351e+00 9.835825939670469e-01
7.700000000000000e-01 3.165077570727174e+00 9.849590240834126e-01
7.750000000000000e-01 3.245273592490716e+00 9.862636248865750e-01
7.800000000000000e-01 3.327498015892184e+00 9.874834514554937e-01
7.850000000000000e-01 3.411802233872832e+00 9.886134253420846e-01
7.900000000000000e-01 3.498238939313234e+00 9.896554816865977e-01
7.950000000000000e-01 3.586862157968046e+00 9.906168616226565e-01
8.000000000000000e-01 3.677727282233856e+00 9.915080004336678e-01
8.050000000000000e-01 3.770891105771243e+00 9.923404695845685e-01
8.100000000000001e-01 3.866411859002656e+00 9.931253267474814e-01
8.150000000000001e-01 3.964349245508326e+00 9.938720572324028e-01
8.200000000000001e-01 4.064764479342956e+00 9.945881137887245e-01
8.250000000000001e-01 4.167720323296481e+00 9.952789313624106e-01
8.300000000000001e-01 4.273281128122877e+00 9.959482340353216e-01
8.350000000000000e-01 4.381512872761445e+00 9.965984581035776e-01
8.400000000000000e-01 4.492483205575838e+00 9.972311632406388e-01
8.450000000000000e-01 4.606261486636447e+00 9.978473634869256e-01
8.500000000000000e-01 4.722918831072739e+00 9.984477595654980e-01
8.550000000000000e-01 4.842528153522501e+00 9.990328843136927e-01
8.600000000000000e-01 4.965164213705875e+00 9.996031848603241e-01
8.650000000000000e-01 5.090903663152626e+00 1.000159064852275e+00
8.700000000000000e-01 5.219825093111814e+00 1.000700904311273e+00
8.750000000000000e-01 5.352009083673925e+00 1.001229068257970e+00
8.800000000000000e-01 5.487538254136007e+00 1.001743910243519e+00
8.850000000000000e-01 5.626497314641444e+00 1.002245773786630e+00
8.900000000000000e-01 5.768973119126561e+00 1.002734993024896e+00
8.950000000000000e-01 5.915054719607133e+00 1.003211893094242e+00
9.000000000000000e-01 6.064833421838831e+00 1.003676790418659e+00
9.050000000000000e-01 6.218402842386253e+00 1.004129992968763e+00
9.100000000000000e-01 6.375858967136348e+00 1.004571800506370e+00
9.150000000000000e-01 6.537300211292723e+00 1.005002504819839e+00
9.200000000000000e-01 6.702827480888332e+00 1.005422389951543e+00
9.250000000000000e-01 6.872544235855034e+00 1.005831732417973e+00
9.300000000000000e-01 7.046556554689444e+00 1.006230801422817e+00
9.350000000000001e-01 7.224973200755413e+00 1.006619859063277e+00
9.400000000000001e-01 7.407905690264673e+00 1.006999160529867e+00
9.450000000000001e-01 7.595468361978146e+00 1.007368954299963e+00
9.500000000000001e-01 7.787778448671316e+00 1.007729482325301e+00
9.550000000000001e-01 7.984956150408610e+00 1.008080980213673e+00
9.600000000000000e-01 8.187124709672272e+00 1.008423677405015e+00
9.650000000000000e-01 8.394410488393007e+00 1.008757797342090e+00
9.700000000000000e-01 8.606943046930221e+00 1.009083557635967e+00
9.750000000000000e-01 8.824855225051540e+00 1.009401170226472e+00
9.800000000000000e-01 9.048283224961922e+00 1.009710841537790e+00
9.850000000000000e-01 9.277366696434507e+00 1.010012772629395e+00
9.900000000000000e-01 9.512248824096272e+00 1.010307159342454e+00
9.950000000000000e-01 9.753076416923058e+00 1.010594192441874e+00
1.000000000000000e+00 1.000000000000000e+01 1.010874057754141e+00
