0.000000000000000e+00 0.000000000000000e+00 7.106910912925313e-01
5.000000000000000e-03 3.369477419287315e-03 7.106965295564007e-01
1.000000000000000e-02 6.741060871647481e-03 7.107110095536425e-01
1.500000000000000e-02 1.011685770649257e-02 7.107351357344137e-01
2.000000000000000e-02 1.349897790673588e-02 7.107690053767504e-01
2.500000000000000e-02 1.688953540759990e-02 7.108127029188139e-01
3.000000000000000e-02 2.029064941789469e-02 7.108663148424545e-01
3.500000000000000e-02 2.370444574459234e-02 7.109299464193722e-01
4.000000000000000e-02 2.713305812152553e-02 7.110037749240029e-01
4.500000000000000e-02 3.057862954304063e-02 7.110879747183200e-01
5.000000000000000e-02 3.404331360343898e-02 7.111827298506717e-01
5.500000000000000e-02 3.752927584304335e-02 7.112882619035299e-01
6.000000000000000e-02 4.103869510173117e-02 7.114048042930250e-01
6.500000000000000e-02 4.457376488078044e-02 7.115326393218123e-01
7.000000000000001e-02 4.813669471387935e-02 7.116720571049415e-01
7.500000000000000e-02 5.172971154815675e-02 7.118233783282536e-01
8.000000000000000e-02 5.535506113609672e-02 7.119869498908750e-01
8.500000000000001e-02 5.901500943920686e-02 7.121631330190502e-01
9.000000000000000e-02 6.271184404431801e-02 7.123523453186578e-01
9.500000000000000e-02 6.644787559340060e-02 7.125550115050193e-01
1.000000000000000e-01 7.022543922779090e-02 7.127715908088708e-01
1.050000000000000e-01 7.404689604773053e-02 7.130025748444234e-01
1.100000000000000e-01 7.791463458813094e-02 7.132484639957196e-01
1.150000000000000e-01 8.183107231148547e-02 7.135098161938183e-01
1.200000000000000e-01 8.579865711886202e-02 7.137872178162783e-01
1.250000000000000e-01 8.981986887992111e-02 7.140812814339758e-01
1.300000000000000e-01 9.389722098291493e-02 7.143926512088776e-01
1.350000000000000e-01 9.803326190563690e-02 7.147220007751327e-01
1.400000000000000e-01 1.022305768083033e-01 7.150700568921708e-01
1.450000000000000e-01 1.064917891493625e-01 7.154375764928588e-01
1.500000000000000e-01 1.108195623252418e-01 7.158253333045551e-01
1.550000000000000e-01 1.152166013350572e-01 7.162341421891726e-01
1.600000000000000e-01 1.196856544713255e-01 7.166648922841325e-01
1.650000000000000e-01 1.242295150377370e-01 7.171184946328706e-01
1.700000000000000e-01 1.288510230950609e-01 7.175958625745441e-01
1.750000000000000e-01 1.335530672362758e-01 7.180979906203697e-01
1.800000000000000e-01 1.383385863920344e-01 7.186259112797494e-01
1.850000000000000e-01 1.432105716675912e-01 7.191806799124826e-01
1.900000000000000e-01 1.481720682123397e-01 7.197634148278503e-01
1.950000000000000e-01 1.532261771231311e-01 7.203752604354422e-01
2.000000000000000e-01 1.583760573825595e-01 7.210174135268383e-01
2.050000000000000e-01 1.636249278334301e-01 7.216911172178677e-01
2.100000000000000e-01 1.689760691906397e-01 7.223976426273888e-01
2.150000000000000e-01 1.744328260917313e-01 7.231383258744646e-01
2.200000000000000e-01 1.799986091874004e-01 7.239145299678149e-01
2.250000000000000e-01 1.856768972732633e-01 7.247276603946573e-01
2.300000000000000e-01 1.914712394642179e-01 7.255791837778589e-01
2.350000000000000e-01 1.973852574127551e-01 7.264705830182580e-01
2.400000000000000e-01 2.034226475726105e-01 7.274033982538964e-01
2.450000000000000e-01 2.095871835091678e-01 7.283792137376727e-01
2.500000000000000e-01 2.158827182580599e-01 7.293996270167278e-01
2.550000000000000e-01 2.223131867334419e-01 7.304662989349303e-01
2.600000000000000e-01 2.288826081874405e-01 7.315809134599938e-01
2.650000000000000e-01 2.355950887223172e-01 7.327451700767733e-01
2.700000000000000e-01 2.424548238569160e-01 7.339608289999218e-01
2.750000000000000e-01 2.494661011489995e-01 7.352296532544303e-01
2.800000000000000e-01 2.566333028751116e-01 7.365534202348344e-01
2.850000000000000e-01 2.639609087696434e-01 7.379339563457600e-01
2.900000000000000e-01 2.714534988248126e-01 7.393730694952094e-01
2.950000000000000e-01 2.791157561533084e-01 7.408725742555844e-01
3.000000000000000e-01 2.869524699153886e-01 7.424343204622235e-01
3.050000000000000e-01 2.949685383122613e-01 7.440601189174102e-01
3.100000000000000e-01 3.031689716476197e-01 7.457517686602981e-01
3.150000000000000e-01 3.115588954592450e-01 7.475110861392371e-01
3.200000000000000e-01 3.201435537226349e-01 7.493398244470403e-01
3.250000000000000e-01 3.289283121286580e-01 7.512396934948564e-01
3.300000000000000e-01 3.379186614372866e-01 7.532124032378941e-01
3.350000000000000e-01 3.471202209094989e-01 7.552595802943876e-01
3.400000000000000e-01 3.565387418195016e-01 7.573827603449950e-01
3.450000000000000e-01 3.661801110494620e-01 7.595834498604773e-01
3.500000000000000e-01 3.760503547690021e-01 7.618630588688181e-01
3.550000000000000e-01 3.861556422017504e-01 7.642228504995431e-01
3.600000000000000e-01 3.965022894813072e-01 7.666640096954428e-01
3.650000000000000e-01 4.070967635990345e-01 7.691876223815013e-01
3.700000000000000e-01 4.179456864461349e-01 7.717945788417245e-01
3.750000000000000e-01 4.290558389525505e-01 7.744856028992370e-01
3.800000000000000e-01 4.404341653252637e-01 7.772613038327989e-01
3.850000000000000e-01 4.520877773886537e-01 7.801220930828605e-01
3.900000000000000e-01 4.640239590296172e-01 7.830681169989872e-01
3.950000000000000e-01 4.762501707502353e-01 7.860993172149326e-01
4.000000000000000e-01 4.887740543308307e-01 7.892154513246405e-01
4.050000000000000e-01 5.016034376063282e-01 7.924159939707859e-01
4.100000000000000e-01 5.147463393589066e-01 7.957000813480094e-01
4.150000000000000e-01 5.282109743299990e-01 7.990665689296130e-01
4.200000000000000e-01 5.420057583547735e-01 8.025140549508788e-01
4.250000000000000e-01 5.561393136223041e-01 8.060407923857169e-01
4.300000000000000e-01 5.706204740647189e-01 8.096446100137228e-01
4.350000000000000e-01 5.854582908786964e-01 8.133229373088877e-01
4.400000000000000e-01 6.006620381827575e-01 8.170728525907038e-01
4.450000000000000e-01 6.162412188138907e-01 8.208910504586018e-01
4.500000000000000e-01 6.322055702671360e-01 8.247737553482045e-01
4.550000000000000e-01 6.485650707818353e-01 8.287166690127148e-01
4.600000000000000e-01 6.653299455783577e-01 8.327149790042281e-01
4.650000000000000e-01 6.825106732491932e-01 8.367633927993351e-01
4.700000000000000e-01 7.001179923084168e-01 8.408561418051800e-01
4.750000000000000e-01 7.181629079036070e-01 8.449869362164391e-01
4.800000000000000e-01 7.366566986944229e-01 8.491489144953160e-01
4.850000000000000e-01 7.556109239021327e-01 8.533346176343787e-01
4.900000000000000e-01 7.750374305345038e-01 8.575359858194040e-01
4.950000000000000e-01 7.949483607905672e-01 8.617443823492291e-01
5.000000000000000e-01 8.153561596498893e-01 8.659506182698068e-01
5.050000000000000e-01 8.362735826510871e-01 8.701449793170409e-01
5.100000000000000e-01 8.577137038644561e-01 8.743172581372889e-01
5.150000000000000e-01 8.796899240636907e-01 8.784567931533207e-01
5.200000000000000e-01 9.022159791018011e-01 8.825525257941487e-01
5.250000000000000e-01 9.253059484964714e-01 8.865930744683970e-01
5.300000000000000e-01 9.489742642302165e-01 8.905668317701875e-01
5.350000000000000e-01 9.732357197708378e-01 8.944620841382787e-01
5.400000000000000e-01 9.981054793178262e-01 8.982671568943624e-01
5.450000000000000e-01 1.023599087280478e+00 9.019705851339925e-01
5.500000000000000e-01 1.049732477993657e+00 9.055613114939278e-01
5.550000000000000e-01 1.076521985677273e+00 9.090289104204092e-01
5.600000000000001e-01 1.103984354645701e+00 9.123638374509389e-01
5.650000000000001e-01 1.132136749773522e+00 9.155577001882381e-01
5.700000000000001e-01 1.160996767224129e+00 9.186035455002229e-01
5.750000000000001e-01 1.190582445447902e+00 9.214961549038869e-01
5.800000000000000e-01 1.220912276456826e+00 9.242323372226974e-01
5.850000000000000e-01 1.252005217382601e+00 9.268112045801677e-01
5.900000000000000e-01 1.283880702325469e+00 9.292344148493247e-01
5.950000000000000e-01 1.316558654501151e+00 9.315063611443961e-01
6.000000000000000e-01 1.350059498693518e+00 9.336342872279776e-01
6.050000000000000e-01 1.384404174020732e+00 9.356283072805299e-01
6.100000000000000e-01 1.419614147022888e+00 9.375013098128241e-01
6.150000000000000e-01 1.455711425079295e+00 9.392687290051428e-01
6.200000000000000e-01 1.492718570163803e+00 9.409481726875363e-01
6.250000000000000e-01 1.530658712946775e+00 9.425589045493825e-01
6.300000000000000e-01 1.569555567252506e+00 9.441211886838623e-01
6.350000000000000e-01 1.609433444881138e+00 9.456555165794953e-01
6.400000000000000e-01 1.650317270804325e+00 9.471817491751119e-01
6.450000000000000e-01 1.692232598744148e+00 9.487182183475782e-01
6.500000000000000e-01 1.735205627145031e+00 9.502808418332808e-01
6.550000000000000e-01 1.779263215548615e+00 9.518823117750389e-01
6.600000000000000e-01 1.824432901381847e+00 9.535314187395070e-01
6.650000000000000e-01 1.870742917168772e+00 9.552325694349374e-01
6.700000000000000e-01 1.918222208176775e+00 9.569855471952643e-01
6.750000000000000e-01 1.966900450508319e+00 9.587855497825361e-01
6.800000000000000e-01 2.016808069649473e+00 9.606235198604662e-01
6.850000000000001e-01 2.067976259486829e+00 9.624867607171513e-01
6.900000000000001e-01 2.120437001804702e+00 9.643598050195894e-01
6.950000000000001e-01 2.174223086274785e+00 9.662254795913549e-01
7.000000000000001e-01 2.229368130950753e+00 9.680660869269067e-01
7.050000000000000e-01 2.285906603280654e+00 9.698646073112404e-01
7.100000000000000e-01 2.343873841650178e+00 9.716058170739386e-01
7.150000000000000e-01 2.403306077470301e+00 9.732772213879757e-01
7.200000000000000e-01 2.464240457823092e+00 9.748697157508399e-01
7.250000000000000e-01 2.526715068679855e+00 9.763779185898692e-01
7.300000000000000e-01 2.590768958706095e+00 9.778001555664165e-01
7.350000000000000e-01 2.656442163668210e+00 9.791381188445428e-01
7.400000000000000e-01 2.723775731457148e+00 9.803962647779255e-01
7.450000000000000e-01 2.792811747744667e+00 9.815810437752412e-01
7.500000000000000e-01 2.863593362288260e+00 9.827000707055182e-01
7.550000000000000e-01 2.936164815901156e+00 9.837613405064856e-01
7.600000000000000e-01 3.010571468104263e+00 9.847725731561672e-01
7.650000000000000e-01 3.086859825477351e+00 9.857407401148749e-01
7.700000000000000e-01 3.165077570727174e+00 9.866717882858510e-01
7.750000000000000e-01 3.245273592490716e+00 9.875705451945029e-01
7.800000000000000e-01 3.327498015892184e+00 9.884407662945299e-01
7.850000000000000e-01 3.411802233872832e+00 9.892852747551624e-01
7.900000000000000e-01 3.498238939313234e+00 9.901061450864647e-01
7.950000000000000e-01 3.586862157968046e+00 9.909048913013081e-01
8.000000000000000e-01 3.677727282233856e+00 9.916826336511806e-01
8.050000000000000e-01 3.770891105771243e+00 9.924402312735301e-01
8.100000000000001e-01 3.866411859002656e+00 9.931783786032893e-01
8.150000000000001e-01 3.964349245508326e+00 9.938976699941642e-01
8.200000000000001e-01 4.064764479342956e+00 9.945986398873266e-01
8.250000000000001e-01 4.167720323296481e+00 9.952817860666162e-01
8.300000000000001e-01 4.273281128122877e+00 9.959475822603702e-01
8.350000000000000e-01 4.381512872761445e+00 9.965964845904687e-01
8.400000000000000e-01 4.492483205575838e+00 9.972289347497484e-01
8.450000000000000e-01 4.606261486636447e+00 9.978453615728792e-01
8.500000000000000e-01 4.722918831072739e+00 9.984461818758679e-01
8.550000000000000e-01 4.842528153522501e+00 9.990318009842619e-01
8.600000000000000e-01 4.965164213705875e+00 9.996026131346737e-01
8.650000000000000e-01 5.090903663152626e+00 1.000159001824094e+00
8.700000000000000e-01 5.219825093111814e+00 1.000701340134701e+00
8.750000000000000e-01 5.352009083673925e+00 1.001229991043796e+00
8.800000000000000e-01 5.487538254136007e+00 1.001745307722147e+00
8.850000000000000e-01 5.626497314641444e+00 1.002247633821959e+00
8.900000000000000e-01 5.768973119126561e+00 1.002737303755101e+00
8.950000000000000e-01 5.915054719607133e+00 1.003214642962015e+00
9.000000000000000e-01 6.064833421838831e+00 1.003679968171694e+00
9.050000000000000e-01 6.218402842386253e+00 1.004133587653100e+00
9.100000000000000e-01 6.375858967136348e+00 1.004575801458338e+00
9.150000000000000e-01 6.537300211292723e+00 1.005006901657922e+00
9.200000000000000e-01 6.702827480888332e+00 1.005427172568438e+00
9.250000000000000e-01 6.872544235855034e+00 1.005836890972892e+00
9.300000000000000e-01 7.046556554689444e+00 1.006236326334024e+00
9.350000000000001e-01 7.224973200755413e+00 1.006625741000854e+00
9.400000000000001e-01 7.407905690264673e+00 1.007005390408710e+00
9.450000000000001e-01 7.595468361978146e+00 1.007375523272983e+00
9.500000000000001e-01 7.787778448671316e+00 1.007736381776844e+00
9.550000000000001e-01 7.984956150408610e+00 1.008088201753132e+00
9.600000000000000e-01 8.187124709672272e+00 1.008431212860639e+00
9.650000000000000e-01 8.394410488393007e+00 1.008765638754977e+00
9.700000000000000e-01 8.606943046930221e+00 1.009091697254241e+00
9.750000000000000e-01 8.824855225051540e+00 1.009409600499626e+00
9.800000000000000e-01 9.048283224961922e+00 1.009719555111211e+00
9.850000000000000e-01 9.277366696434507e+00 1.010021762339034e+00
9.900000000000000e-01 9.512248824096272e+00 1.010316418209664e+00
9.950000000000000e-01 9.753076416923058e+00 1.010603713668401e+00
1.000000000000000e+00 1.000000000000000e+01 1.010883834717252e+00
