0.000000000000000e+00 0.000000000000000e+00 7.594768491658743e-01
5.000000000000000e-03 3.369477419287315e-03 7.594791985525025e-01
1.000000000000000e-02 6.741060871647481e-03 7.594854792147648e-01
1.500000000000000e-02 1.011685770649257e-02 7.594959812899204e-01
2.000000000000000e-02 1.349897790673588e-02 7.595107174641705e-01
2.500000000000000e-02 1.688953540759990e-02 7.595297193862871e-01
3.000000000000000e-02 2.029064941789469e-02 7.595530413026533e-01
3.500000000000000e-02 2.370444574459234e-02 7.595807408740521e-01
4.000000000000000e-02 2.713305812152553e-02 7.596128800363954e-01
4.500000000000000e-02 3.057862954304063e-02 7.596495375655818e-01
5.000000000000000e-02 3.404331360343898e-02 7.596908071979928e-01
5.500000000000000e-02 3.752927584304335e-02 7.597367879016151e-01
6.000000000000000e-02 4.103869510173117e-02 7.597875874883788e-01
6.500000000000000e-02 4.457376488078044e-02 7.598433313807725e-01
7.000000000000001e-02 4.813669471387935e-02 7.599041581936248e-01
7.500000000000000e-02 5.172971154815675e-02 7.599702125999490e-01
8.000000000000000e-02 5.535506113609672e-02 7.600416517546046e-01
8.500000000000001e-02 5.901500943920686e-02 7.601186517979484e-01
9.000000000000000e-02 6.271184404431801e-02 7.602014010075435e-01
9.500000000000000e-02 6.644787559340060e-02 7.602900951990731e-01
1.000000000000000e-01 7.022543922779090e-02 7.603849463237339e-01
1.050000000000000e-01 7.404689604773053e-02 7.604861868969386e-01
1.100000000000000e-01 7.791463458813094e-02 7.605940617824062e-01
1.150000000000000e-01 8.183107231148547e-02 7.607088252389287e-01
1.200000000000000e-01 8.579865711886202e-02 7.608307503970582e-01
1.250000000000000e-01 8.981986887992111e-02 7.609601333338866e-01
1.300000000000000e-01 9.389722098291493e-02 7.610972850583845e-01
1.350000000000000e-01 9.803326190563690e-02 7.612425277363687e-01
1.400000000000000e-01 1.022305768083033e-01 7.613962030166036e-01
1.450000000000000e-01 1.064917891493625e-01 7.615586788279596e-01
1.500000000000000e-01 1.108195623252418e-01 7.617303444656049e-01
1.550000000000000e-01 1.152166013350572e-01 7.619116026447618e-01
1.600000000000000e-01 1.196856544713255e-01 7.621028725592636e-01
1.650000000000000e-01 1.242295150377370e-01 7.623046023266096e-01
1.700000000000000e-01 1.288510230950609e-01 7.625172724000856e-01
1.750000000000000e-01 1.335530672362758e-01 7.627413823818454e-01
1.800000000000000e-01 1.383385863920344e-01 7.629774439745263e-01
1.850000000000000e-01 1.432105716675912e-01 7.632259960070885e-01
1.900000000000000e-01 1.481720682123397e-01 7.634876167538868e-01
1.950000000000000e-01 1.532261771231311e-01 7.637629150559672e-01
2.000000000000000e-01 1.583760573825595e-01 7.640525224942317e-01
2.050000000000000e-01 1.636249278334301e-01 7.643570950828006e-01
2.100000000000000e-01 1.689760691906397e-01 7.646773132664207e-01
2.150000000000000e-01 1.744328260917313e-01 7.650138926332785e-01
2.200000000000000e-01 1.799986091874004e-01 7.653675954344433e-01
2.250000000000000e-01 1.856768972732633e-01 7.657392192767343e-01
2.300000000000000e-01 1.914712394642179e-01 7.661295939265736e-01
2.350000000000000e-01 1.973852574127551e-01 7.665395837543361e-01
2.400000000000000e-01 2.034226475726105e-01 7.669700786573989e-01
2.450000000000000e-01 2.095871835091678e-01 7.674220077751845e-01
2.500000000000000e-01 2.158827182580599e-01 7.678963387650392e-01
2.550000000000000e-01 2.223131867334419e-01 7.683940801922845e-01
2.600000000000000e-01 2.288826081874405e-01 7.689162871032428e-01
2.650000000000000e-01 2.355950887223172e-01 7.694640556467521e-01
2.700000000000000e-01 2.424548238569160e-01 7.700385285256984e-01
2.750000000000000e-01 2.494661011489995e-01 7.706408911163867e-01
2.800000000000000e-01 2.566333028751116e-01 7.712723745581198e-01
2.850000000000000e-01 2.639609087696434e-01 7.719342546969622e-01
2.900000000000000e-01 2.714534988248126e-01 7.726278534423044e-01
2.950000000000000e-01 2.791157561533084e-01 7.733545388063985e-01
3.000000000000000e-01 2.869524699153886e-01 7.741157253810346e-01
3.050000000000000e-01 2.949685383122613e-01 7.749128743828476e-01
3.100000000000000e-01 3.031689716476197e-01 7.757474935932068e-01
3.150000000000000e-01 3.115588954592450e-01 7.766211370279779e-01
3.200000000000000e-01 3.201435537226349e-01 7.775354043615130e-01
3.250000000000000e-01 3.289283121286580e-01 7.784919400567470e-01
3.300000000000000e-01 3.379186614372866e-01 7.794924321732563e-01
3.350000000000000e-01 3.471202209094989e-01 7.805386108140568e-01
3.400000000000000e-01 3.565387418195016e-01 7.816322461706172e-01
3.450000000000000e-01 3.661801110494620e-01 7.827751461213397e-01
3.500000000000000e-01 3.760503547690021e-01 7.839691533352812e-01
3.550000000000000e-01 3.861556422017504e-01 7.852161418291311e-01
3.600000000000000e-01 3.965022894813072e-01 7.865180129216987e-01
3.650000000000000e-01 4.070967635990345e-01 7.878766905264049e-01
3.700000000000000e-01 4.179456864461349e-01 7.892941157185773e-01
3.750000000000000e-01 4.290558389525505e-01 7.907722405108188e-01
3.800000000000000e-01 4.404341653252637e-01 7.923130207664757e-01
3.850000000000000e-01 4.520877773886537e-01 7.939184081784365e-01
3.900000000000000e-01 4.640239590296172e-01 7.955903412383294e-01
3.950000000000000e-01 4.762501707502353e-01 7.973307351198985e-01
4.000000000000000e-01 4.887740543308307e-01 7.991414704002048e-01
4.050000000000000e-01 5.016034376063282e-01 8.010243805436716e-01
4.100000000000000e-01 5.147463393589066e-01 8.029812380772335e-01
4.150000000000000e-01 5.282109743299990e-01 8.050137393904373e-01
4.200000000000000e-01 5.420057583547735e-01 8.071234881027676e-01
4.250000000000000e-01 5.561393136223041e-01 8.093119769522613e-01
4.300000000000000e-01 5.706204740647189e-01 8.115805681752573e-01
4.350000000000000e-01 5.854582908786964e-01 8.139304723674475e-01
4.400000000000000e-01 6.006620381827575e-01 8.163627258418729e-01
4.450000000000000e-01 6.162412188138907e-01 8.188781665306435e-01
4.500000000000000e-01 6.322055702671360e-01 8.214774085143941e-01
4.550000000000000e-01 6.485650707818353e-01 8.241608153070523e-01
4.600000000000000e-01 6.653299455783577e-01 8.269284720734241e-01
4.650000000000000e-01 6.825106732491932e-01 8.297801570130684e-01
4.700000000000000e-01 7.001179923084168e-01 8.327153122052424e-01
4.750000000000000e-01 7.181629079036070e-01 8.357330142751334e-01
4.800000000000000e-01 7.366566986944229e-01 8.388319453094193e-01
4.850000000000000e-01 7.556109239021327e-01 8.420103645170640e-01
4.900000000000000e-01 7.750374305345038e-01 8.452660811962296e-01
4.950000000000000e-01 7.949483607905672e-01 8.485964296268244e-01
5.000000000000000e-01 8.153561596498893e-01 8.519982465566656e-01
5.050000000000000e-01 8.362735826510871e-01 8.554678519835256e-01
5.100000000000000e-01 8.577137038644561e-01 8.590010339516646e-01
5.150000000000000e-01 8.796899240636907e-01 8.625930380766061e-01
5.200000000000000e-01 9.022159791018011e-01 8.662385624838053e-01
5.250000000000000e-01 9.253059484964714e-01 8.699317587950249e-01
5.300000000000000e-01 9.489742642302165e-01 8.736662397223194e-01
5.350000000000000e-01 9.732357197708378e-01 8.774350937376907e-01
5.400000000000000e-01 9.981054793178262e-01 8.812309071834631e-01
5.450000000000000e-01 1.023599087280478e+00 8.850457940833691e-01
5.500000000000000e-01 1.049732477993657e+00 8.888714338180423e-01
5.550000000000000e-01 1.076521985677273e+00 8.926991167522457e-01
5.600000000000001e-01 1.103984354645701e+00 8.965197978545090e-01
5.650000000000001e-01 1.132136749773522e+00 9.003241583388516e-01
5.700000000000001e-01 1.160996767224129e+00 9.041026753825366e-01
5.750000000000001e-01 1.190582445447902e+00 9.078457000239757e-01
5.800000000000000e-01 1.220912276456826e+00 9.115435434007194e-01
5.850000000000000e-01 1.252005217382601e+00 9.151865715168866e-01
5.900000000000000e-01 1.283880702325469e+00 9.187653086896684e-01
5.950000000000000e-01 1.316558654501151e+00 9.222705496656102e-01
6.000000000000000e-01 1.350059498693518e+00 9.256934800680203e-01
6.050000000000000e-01 1.384404174020732e+00 9.290258042937606e-01
6.100000000000000e-01 1.419614147022888e+00 9.322598791964904e-01
6.150000000000000e-01 1.455711425079295e+00 9.353888508809568e-01
6.200000000000000e-01 1.492718570163803e+00 9.384067907379954e-01
6.250000000000000e-01 1.530658712946775e+00 9.413088255708232e-01
6.300000000000000e-01 1.569555567252506e+00 9.440912554483296e-01
6.350000000000000e-01 1.609433444881138e+00 9.467516519604677e-01
6.400000000000000e-01 1.650317270804325e+00 9.492889290569866e-01
6.450000000000000e-01 1.692232598744148e+00 9.517033788287209e-01
6.500000000000000e-01 1.735205627145031e+00 9.539966656007155e-01
6.550000000000000e-01 1.779263215548615e+00 9.561717736239973e-01
6.600000000000000e-01 1.824432901381847e+00 9.582329064338579e-01
6.650000000000000e-01 1.870742917168772e+00 9.601853394033780e-01
6.700000000000000e-01 1.918222208176775e+00 9.620352308398161e-01
6.750000000000000e-01 1.966900450508319e+00 9.637894007171306e-01
6.800000000000000e-01 2.016808069649473e+00 9.654550893245747e-01
6.850000000000001e-01 2.067976259486829e+00 9.670397102737457e-01
6.900000000000001e-01 2.120437001804702e+00 9.685506130822824e-01
6.950000000000001e-01 2.174223086274785e+00 9.699948697552624e-01
7.000000000000001e-01 2.229368130950753e+00 9.713790974528066e-01
7.050000000000000e-01 2.285906603280654e+00 9.727093257348221e-01
7.100000000000000e-01 2.343873841650178e+00 9.739909124793724e-01
7.150000000000000e-01 2.403306077470301e+00 9.752285079706581e-01
7.200000000000000e-01 2.464240457823092e+00 9.764260624579988e-01
7.250000000000000e-01 2.526715068679855e+00 9.775868692246863e-01
7.300000000000000e-01 2.590768958706095e+00 9.787136332255602e-01
7.350000000000000e-01 2.656442163668210e+00 9.798085547766109e-01
7.400000000000000e-01 2.723775731457148e+00 9.808734184974112e-01
7.450000000000000e-01 2.792811747744667e+00 9.819096794153866e-01
7.500000000000000e-01 2.863593362288260e+00 9.829185404242888e-01
7.550000000000000e-01 2.936164815901156e+00 9.839010177114177e-01
7.600000000000000e-01 3.010571468104263e+00 9.848579929564307e-01
7.650000000000000e-01 3.086859825477351e+00 9.857902528077106e-01
7.700000000000000e-01 3.165077570727174e+00 9.866985172517395e-01
7.750000000000000e-01 3.245273592490716e+00 9.875834590273789e-01
7.800000000000000e-01 3.327498015892184e+00 9.884457163116982e-01
7.850000000000000e-01 3.411802233872832e+00 9.892859006708090e-01
7.900000000000000e-01 3.498238939313234e+00 9.901046018806010e-01
7.950000000000000e-01 3.586862157968046e+00 9.909023908000716e-01
8.000000000000000e-01 3.677727282233856e+00 9.916798211023383e-01
8.050000000000000e-01 3.770891105771243e+00 9.924374303721083e-01
8.100000000000001e-01 3.866411859002656e+00 9.931757408688965e-01
8.150000000000001e-01 3.964349245508326e+00 9.938952601201333e-01
8.200000000000001e-01 4.064764479342956e+00 9.945964814281999e-01
8.250000000000001e-01 4.167720323296481e+00 9.952798843316619e-01
8.300000000000001e-01 4.273281128122877e+00 9.959459350388689e-01
8.350000000000000e-01 4.381512872761445e+00 9.965950868417763e-01
8.400000000000000e-01 4.492483205575838e+00 9.972277805133947e-01
8.450000000000000e-01 4.606261486636447e+00 9.978444446904762e-01
8.500000000000000e-01 4.722918831072739e+00 9.984454962423777e-01
8.550000000000000e-01 4.842528153522501e+00 9.990313406267900e-01
8.600000000000000e-01 4.965164213705875e+00 9.996023722329237e-01
8.650000000000000e-01 5.090903663152626e+00 1.000158974712699e+00
8.700000000000000e-01 5.219825093111814e+00 1.000701521300446e+00
8.750000000000000e-01 5.352009083673925e+00 1.001230375121599e+00
8.800000000000000e-01 5.487538254136007e+00 1.001745889490852e+00
8.850000000000000e-01 5.626497314641444e+00 1.002248408200192e+00
8.900000000000000e-01 5.768973119126561e+00 1.002738265797249e+00
8.950000000000000e-01 5.915054719607133e+00 1.003215787854329e+00
9.000000000000000e-01 6.064833421838831e+00 1.003681291228527e+00
9.050000000000000e-01 6.218402842386253e+00 1.004135084313251e+00
9.100000000000000e-01 6.375858967136348e+00 1.004577467281526e+00
9.150000000000000e-01 6.537300211292723e+00 1.005008732321363e+00
9.200000000000000e-01 6.702827480888332e+00 1.005429163863536e+00
9.250000000000000e-01 6.872544235855034e+00 1.005839038802028e+00
9.300000000000000e-01 7.046556554689444e+00 1.006238626707452e+00
9.350000000000001e-01 7.224973200755413e+00 1.006628190033686e+00
9.400000000000001e-01 7.407905690264673e+00 1.007007984317999e+00
9.450000000000001e-01 7.595468361978146e+00 1.007378258374895e+00
9.500000000000001e-01 7.787778448671316e+00 1.007739254483913e+00
9.550000000000001e-01 7.984956150408610e+00 1.008091208571605e+00
9.600000000000000e-01 8.187124709672272e+00 1.008434350387893e+00
9.650000000000000e-01 8.394410488393007e+00 1.008768903677020e+00
9.700000000000000e-01 8.606943046930221e+00 1.009095086343287e+00
9.750000000000000e-01 8.824855225051540e+00 1.009413110611741e+00
9.800000000000000e-01 9.048283224961922e+00 1.009723183184028e+00
9.850000000000000e-01 9.277366696434507e+00 1.010025505389540e+00
9.900000000000000e-01 9.512248824096272e+00 1.010320273332046e+00
9.950000000000000e-01 9.753076416923058e+00 1.010607678031959e+00
1.000000000000000e+00 1.000000000000000e+01 1.010887905564376e+00
