0.000000000000000e+00 0.000000000000000e+00 9.512196018780282e-01
5.000000000000000e-03 3.369477419287315e-03 9.512196018796617e-01
1.000000000000000e-02 6.741060871647481e-03 9.512196018804494e-01
1.500000000000000e-02 1.011685770649257e-02 9.512196018933435e-01
2.000000000000000e-02 1.349897790673588e-02 9.512196019016986e-01
2.500000000000000e-02 1.688953540759990e-02 9.512196019056169e-01
3.000000000000000e-02 2.029064941789469e-02 9.512196019104837e-01
3.500000000000000e-02 2.370444574459234e-02 9.512196019184732e-01
4.000000000000000e-02 2.713305812152553e-02 9.512196019295094e-01
4.500000000000000e-02 3.057862954304063e-02 9.512196019407629e-01
5.000000000000000e-02 3.404331360343898e-02 9.512196019546562e-01
5.500000000000000e-02 3.752927584304335e-02 9.512196019743414e-01
6.000000000000000e-02 4.103869510173117e-02 9.512196019972323e-01
6.500000000000000e-02 4.457376488078044e-02 9.512196020241358e-01
7.000000000000001e-02 4.813669471387935e-02 9.512196020530734e-01
7.500000000000000e-02 5.172971154815675e-02 9.512196020846623e-01
8.000000000000000e-02 5.535506113609672e-02 9.512196021177328e-01
8.500000000000001e-02 5.901500943920686e-02 9.512196021452467e-01
9.000000000000000e-02 6.271184404431801e-02 9.512196021790676e-01
9.500000000000000e-02 6.644787559340060e-02 9.512196022234212e-01
1.000000000000000e-01 7.022543922779090e-02 9.512196022708598e-01
1.050000000000000e-01 7.404689604773053e-02 9.512196023167437e-01
1.100000000000000e-01 7.791463458813094e-02 9.512196023647982e-01
1.150000000000000e-01 8.183107231148547e-02 9.512196024131657e-01
1.200000000000000e-01 8.579865711886202e-02 9.512196024630493e-01
1.250000000000000e-01 8.981986887992111e-02 9.512196025188489e-01
1.300000000000000e-01 9.389722098291493e-02 9.512196025816505e-01
1.350000000000000e-01 9.803326190563690e-02 9.512196026465576e-01
1.400000000000000e-01 1.022305768083033e-01 9.512196027143885e-01
1.450000000000000e-01 1.064917891493625e-01 9.512196027825014e-01
1.500000000000000e-01 1.108195623252418e-01 9.512196028582053e-01
1.550000000000000e-01 1.152166013350572e-01 9.512196029373675e-01
1.600000000000000e-01 1.196856544713255e-01 9.512196030221894e-01
1.650000000000000e-01 1.242295150377370e-01 9.512196031248868e-01
1.700000000000000e-01 1.288510230950609e-01 9.512196032343556e-01
1.750000000000000e-01 1.335530672362758e-01 9.512196033496132e-01
1.800000000000000e-01 1.383385863920344e-01 9.512196034760553e-01
1.850000000000000e-01 1.432105716675912e-01 9.512196036123169e-01
1.900000000000000e-01 1.481720682123397e-01 9.512196037548480e-01
1.950000000000000e-01 1.532261771231311e-01 9.512196039075670e-01
2.000000000000000e-01 1.583760573825595e-01 9.512196040683482e-01
2.050000000000000e-01 1.636249278334301e-01 9.512196042407841e-01
2.100000000000000e-01 1.689760691906397e-01 9.512196044250283e-01
2.150000000000000e-01 1.744328260917313e-01 9.512196046168262e-01
2.200000000000000e-01 1.799986091874004e-01 9.512196048170639e-01
2.250000000000000e-01 1.856768972732633e-01 9.512196050445054e-01
2.300000000000000e-01 1.914712394642179e-01 9.512196052955454e-01
2.350000000000000e-01 1.973852574127551e-01 9.512196055693233e-01
2.400000000000000e-01 2.034226475726105e-01 9.512196058629852e-01
2.450000000000000e-01 2.095871835091678e-01 9.512196061765901e-01
2.500000000000000e-01 2.158827182580599e-01 9.512196065272224e-01
2.550000000000000e-01 2.223131867334419e-01 9.512196069063416e-01
2.600000000000000e-01 2.288826081874405e-01 9.512196073168675e-01
2.650000000000000e-01 2.355950887223172e-01 9.512196077673890e-01
2.700000000000000e-01 2.424548238569160e-01 9.512196082449906e-01
2.750000000000000e-01 2.494661011489995e-01 9.512196087472887e-01
2.800000000000000e-01 2.566333028751116e-01 9.512196093155219e-01
2.850000000000000e-01 2.639609087696434e-01 9.512196099438355e-01
2.900000000000000e-01 2.714534988248126e-01 9.512196106364872e-01
2.950000000000000e-01 2.791157561533084e-01 9.512196114008123e-01
3.000000000000000e-01 2.869524699153886e-01 9.512196122458184e-01
3.050000000000000e-01 2.949685383122613e-01 9.512196131892388e-01
3.100000000000000e-01 3.031689716476197e-01 9.512196142255396e-01
3.150000000000000e-01 3.115588954592450e-01 9.512196153617368e-01
3.200000000000000e-01 3.201435537226349e-01 9.512196166180349e-01
3.250000000000000e-01 3.289283121286580e-01 9.512196180327307e-01
3.300000000000000e-01 3.379186614372866e-01 9.512196196035738e-01
3.350000000000000e-01 3.471202209094989e-01 9.512196213812425e-01
3.400000000000000e-01 3.565387418195016e-01 9.512196233845100e-01
3.450000000000000e-01 3.661801110494620e-01 9.512196256071355e-01
3.500000000000000e-01 3.760503547690021e-01 9.512196280937385e-01
3.550000000000000e-01 3.861556422017504e-01 9.512196309352267e-01
3.600000000000000e-01 3.965022894813072e-01 9.512196341882007e-01
3.650000000000000e-01 4.070967635990345e-01 9.512196378523313e-01
3.700000000000000e-01 4.179456864461349e-01 9.512196420199269e-01
3.750000000000000e-01 4.290558389525505e-01 9.512196467767140e-01
3.800000000000000e-01 4.404341653252637e-01 9.512196522575791e-01
3.850000000000000e-01 4.520877773886537e-01 9.512196585637719e-01
3.900000000000000e-01 4.640239590296172e-01 9.512196658291211e-01
3.950000000000000e-01 4.762501707502353e-01 9.512196742438210e-01
4.000000000000000e-01 4.887740543308307e-01 9.512196839824836e-01
4.050000000000000e-01 5.016034376063282e-01 9.512196953179002e-01
4.100000000000000e-01 5.147463393589066e-01 9.512197085391080e-01
4.150000000000000e-01 5.282109743299990e-01 9.512197240421810e-01
4.200000000000000e-01 5.420057583547735e-01 9.512197422547666e-01
4.250000000000000e-01 5.561393136223041e-01 9.512197637418431e-01
4.300000000000000e-01 5.706204740647189e-01 9.512197891438775e-01
4.350000000000000e-01 5.854582908786964e-01 9.512198192470126e-01
4.400000000000000e-01 6.006620381827575e-01 9.512198551190415e-01
4.450000000000000e-01 6.162412188138907e-01 9.512198979210075e-01
4.500000000000000e-01 6.322055702671360e-01 9.512199492236761e-01
4.550000000000000e-01 6.485650707818353e-01 9.512200108279618e-01
4.600000000000000e-01 6.653299455783577e-01 9.512200851433380e-01
4.650000000000000e-01 6.825106732491932e-01 9.512201751704268e-01
4.700000000000000e-01 7.001179923084168e-01 9.512202843089279e-01
4.750000000000000e-01 7.181629079036070e-01 9.512204172540816e-01
4.800000000000000e-01 7.366566986944229e-01 9.512205796471499e-01
4.850000000000000e-01 7.556109239021327e-01 9.512207786882579e-01
4.900000000000000e-01 7.750374305345038e-01 9.512210234718725e-01
4.950000000000000e-01 7.949483607905672e-01 9.512213251855662e-01
5.000000000000000e-01 8.153561596498893e-01 9.512216985905952e-01
5.050000000000000e-01 8.362735826510871e-01 9.512221618003676e-01
5.100000000000000e-01 8.577137038644561e-01 9.512227381742614e-01
5.150000000000000e-01 8.796899240636907e-01 9.512234576970583e-01
5.200000000000000e-01 9.022159791018011e-01 9.512243578310818e-01
5.250000000000000e-01 9.253059484964714e-01 9.512254875997362e-01
5.300000000000000e-01 9.489742642302165e-01 9.512269089114163e-01
5.350000000000000e-01 9.732357197708378e-01 9.512287011117001e-01
5.400000000000000e-01 9.981054793178262e-01 9.512309672245494e-01
5.450000000000000e-01 1.023599087280478e+00 9.512338376661268e-01
5.500000000000000e-01 1.049732477993657e+00 9.512374815846798e-01
5.550000000000000e-01 1.076521985677273e+00 9.512421165504377e-01
5.600000000000001e-01 1.103984354645701e+00 9.512480200109541e-01
5.650000000000001e-01 1.132136749773522e+00 9.512555516829085e-01
5.700000000000001e-01 1.160996767224129e+00 9.512651714245626e-01
5.750000000000001e-01 1.190582445447902e+00 9.512774671246674e-01
5.800000000000000e-01 1.220912276456826e+00 9.512931955844820e-01
5.850000000000000e-01 1.252005217382601e+00 9.513133178506001e-01
5.900000000000000e-01 1.283880702325469e+00 9.513390556223671e-01
5.950000000000000e-01 1.316558654501151e+00 9.513719617885978e-01
6.000000000000000e-01 1.350059498693518e+00 9.514139840576944e-01
6.050000000000000e-01 1.384404174020732e+00 9.514675597498050e-01
6.100000000000000e-01 1.419614147022888e+00 9.515357218483312e-01
6.150000000000000e-01 1.455711425079295e+00 9.516221852909590e-01
6.200000000000000e-01 1.492718570163803e+00 9.517314596250753e-01
6.250000000000000e-01 1.530658712946775e+00 9.518689513275964e-01
6.300000000000000e-01 1.569555567252506e+00 9.520409928740118e-01
6.350000000000000e-01 1.609433444881138e+00 9.522548407907128e-01
6.400000000000000e-01 1.650317270804325e+00 9.525185903251654e-01
6.450000000000000e-01 1.692232598744148e+00 9.528408808075866e-01
6.500000000000000e-01 1.735205627145031e+00 9.532304093857439e-01
6.550000000000000e-01 1.779263215548615e+00 9.536952227992683e-01
6.600000000000000e-01 1.824432901381847e+00 9.542416252444893e-01
6.650000000000000e-01 1.870742917168772e+00 9.548727236798982e-01
6.700000000000000e-01 1.918222208176775e+00 9.555867671828785e-01
6.750000000000000e-01 1.966900450508319e+00 9.563753335941629e-01
6.800000000000000e-01 2.016808069649473e+00 9.572215974764997e-01
6.850000000000001e-01 2.067976259486829e+00 9.580993440698431e-01
6.900000000000001e-01 2.120437001804702e+00 9.589735228240965e-01
6.950000000000001e-01 2.174223086274785e+00 9.598030144119059e-01
7.000000000000001e-01 2.229368130950753e+00 9.605460828038941e-01
7.050000000000000e-01 2.285906603280654e+00 9.611682851625158e-01
7.100000000000000e-01 2.343873841650178e+00 9.616513605883820e-01
7.150000000000000e-01 2.403306077470301e+00 9.620006570710993e-01
7.200000000000000e-01 2.464240457823092e+00 9.622486863225194e-01
7.250000000000000e-01 2.526715068679855e+00 9.624533529288303e-01
7.300000000000000e-01 2.590768958706095e+00 9.626908993168705e-01
7.350000000000000e-01 2.656442163668210e+00 9.630451745555884e-01
7.400000000000000e-01 2.723775731457148e+00 9.635958290550120e-01
7.450000000000000e-01 2.792811747744667e+00 9.644080010424916e-01
7.500000000000000e-01 2.863593362288260e+00 9.655251619298457e-01
7.550000000000000e-01 2.936164815901156e+00 9.669656158261994e-01
7.600000000000000e-01 3.010571468104263e+00 9.687222111880958e-01
7.650000000000000e-01 3.086859825477351e+00 9.707643321460977e-01
7.700000000000000e-01 3.165077570727174e+00 9.730411742728342e-01
7.750000000000000e-01 3.245273592490716e+00 9.754855273421394e-01
7.800000000000000e-01 3.327498015892184e+00 9.780176193760488e-01
7.850000000000000e-01 3.411802233872832e+00 9.805489729509455e-01
7.900000000000000e-01 3.498238939313234e+00 9.829867692384630e-01
7.950000000000000e-01 3.586862157968046e+00 9.852398361492908e-01
8.000000000000000e-01 3.677727282233856e+00 9.872275691540850e-01
8.050000000000000e-01 3.770891105771243e+00 9.888921106869680e-01
8.100000000000001e-01 3.866411859002656e+00 9.902117317232080e-01
8.150000000000001e-01 3.964349245508326e+00 9.912106244009550e-01
8.200000000000001e-01 4.064764479342956e+00 9.919593131781784e-01
8.250000000000001e-01 4.167720323296481e+00 9.925622353614408e-01
8.300000000000001e-01 4.273281128122877e+00 9.931342096331547e-01
8.350000000000000e-01 4.381512872761445e+00 9.937727971491715e-01
8.400000000000000e-01 4.492483205575838e+00 9.945359285898780e-01
8.450000000000000e-01 4.606261486636447e+00 9.954323303241914e-01
8.500000000000000e-01 4.722918831072739e+00 9.964272464650379e-01
8.550000000000000e-01 4.842528153522501e+00 9.974601193726397e-01
8.600000000000000e-01 4.965164213705875e+00 9.984667719707708e-01
8.650000000000000e-01 5.090903663152626e+00 9.993978829456970e-01
8.700000000000000e-01 5.219825093111814e+00 1.000228278890877e+00
8.750000000000000e-01 5.352009083673925e+00 1.000956212220002e+00
8.800000000000000e-01 5.487538254136007e+00 1.001595873444995e+00
8.850000000000000e-01 5.626497314641444e+00 1.002168020826270e+00
8.900000000000000e-01 5.768973119126561e+00 1.002692613909643e+00
8.950000000000000e-01 5.915054719607133e+00 1.003185017310847e+00
9.000000000000000e-01 6.064833421838831e+00 1.003655304804049e+00
9.050000000000000e-01 6.218402842386253e+00 1.004109287054853e+00
9.100000000000000e-01 6.375858967136348e+00 1.004549999172405e+00
9.150000000000000e-01 6.537300211292723e+00 1.004978941222534e+00
9.200000000000000e-01 6.702827480888332e+00 1.005396873751949e+00
9.250000000000000e-01 6.872544235855034e+00 1.005804241269139e+00
9.300000000000000e-01 7.046556554689444e+00 1.006201365613353e+00
9.350000000000001e-01 7.224973200755413e+00 1.006588523064523e+00
9.400000000000001e-01 7.407905690264673e+00 1.006965971537373e+00
9.450000000000001e-01 7.595468361978146e+00 1.007333959186534e+00
9.500000000000001e-01 7.787778448671316e+00 1.007692726931847e+00
9.550000000000001e-01 7.984956150408610e+00 1.008042509221227e+00
9.600000000000000e-01 8.187124709672272e+00 1.008383534335864e+00
9.650000000000000e-01 8.394410488393007e+00 1.008716024586090e+00
9.700000000000000e-01 8.606943046930221e+00 1.009040196480649e+00
9.750000000000000e-01 8.824855225051540e+00 1.009356260886996e+00
9.800000000000000e-01 9.048283224961922e+00 1.009664423186127e+00
9.850000000000000e-01 9.277366696434507e+00 1.009964883422653e+00
9.900000000000000e-01 9.512248824096272e+00 1.010257836450381e+00
9.950000000000000e-01 9.753076416923058e+00 1.010543472073586e+00
1.000000000000000e+00 1.000000000000000e+01 1.010821975184404e+00
