0.000000000000000e+00 0.000000000000000e+00 9.699928483510828e-01
5.000000000000000e-03 3.369477419287315e-03 9.699928483711865e-01
1.000000000000000e-02 6.741060871647481e-03 9.699928483885291e-01
1.500000000000000e-02 1.011685770649257e-02 9.699928483945371e-01
2.000000000000000e-02 1.349897790673588e-02 9.699928483998118e-01
2.500000000000000e-02 1.688953540759990e-02 9.699928484019505e-01
3.000000000000000e-02 2.029064941789469e-02 9.699928484047668e-01
3.500000000000000e-02 2.370444574459234e-02 9.699928484083193e-01
4.000000000000000e-02 2.713305812152553e-02 9.699928484140057e-01
4.500000000000000e-02 3.057862954304063e-02 9.699928484188312e-01
5.000000000000000e-02 3.404331360343898e-02 9.699928484227776e-01
5.500000000000000e-02 3.752927584304335e-02 9.699928484259809e-01
6.000000000000000e-02 4.103869510173117e-02 9.699928484301826e-01
6.500000000000000e-02 4.457376488078044e-02 9.699928484340090e-01
7.000000000000001e-02 4.813669471387935e-02 9.699928484374462e-01
7.500000000000000e-02 5.172971154815675e-02 9.699928484402465e-01
8.000000000000000e-02 5.535506113609672e-02 9.699928484445317e-01
8.500000000000001e-02 5.901500943920686e-02 9.699928484482828e-01
9.000000000000000e-02 6.271184404431801e-02 9.699928484513227e-01
9.500000000000000e-02 6.644787559340060e-02 9.699928484558378e-01
1.000000000000000e-01 7.022543922779090e-02 9.699928484601437e-01
1.050000000000000e-01 7.404689604773053e-02 9.699928484648291e-01
1.100000000000000e-01 7.791463458813094e-02 9.699928484701412e-01
1.150000000000000e-01 8.183107231148547e-02 9.699928484767913e-01
1.200000000000000e-01 8.579865711886202e-02 9.699928484845003e-01
1.250000000000000e-01 8.981986887992111e-02 9.699928484899146e-01
1.300000000000000e-01 9.389722098291493e-02 9.699928484951987e-01
1.350000000000000e-01 9.803326190563690e-02 9.699928485013212e-01
1.400000000000000e-01 1.022305768083033e-01 9.699928485091467e-01
1.450000000000000e-01 1.064917891493625e-01 9.699928485180032e-01
1.500000000000000e-01 1.108195623252418e-01 9.699928485267328e-01
1.550000000000000e-01 1.152166013350572e-01 9.699928485374412e-01
1.600000000000000e-01 1.196856544713255e-01 9.699928485476440e-01
1.650000000000000e-01 1.242295150377370e-01 9.699928485549348e-01
1.700000000000000e-01 1.288510230950609e-01 9.699928485646038e-01
1.750000000000000e-01 1.335530672362758e-01 9.699928485766516e-01
1.800000000000000e-01 1.383385863920344e-01 9.699928485889494e-01
1.850000000000000e-01 1.432105716675912e-01 9.699928486022278e-01
1.900000000000000e-01 1.481720682123397e-01 9.699928486154158e-01
1.950000000000000e-01 1.532261771231311e-01 9.699928486304389e-01
2.000000000000000e-01 1.583760573825595e-01 9.699928486455985e-01
2.050000000000000e-01 1.636249278334301e-01 9.699928486607021e-01
2.100000000000000e-01 1.689760691906397e-01 9.699928486764263e-01
2.150000000000000e-01 1.744328260917313e-01 9.699928486920830e-01
2.200000000000000e-01 1.799986091874004e-01 9.699928487091813e-01
2.250000000000000e-01 1.856768972732633e-01 9.699928487262804e-01
2.300000000000000e-01 1.914712394642179e-01 9.699928487442149e-01
2.350000000000000e-01 1.973852574127551e-01 9.699928487628411e-01
2.400000000000000e-01 2.034226475726105e-01 9.699928487833208e-01
2.450000000000000e-01 2.095871835091678e-01 9.699928488070383e-01
2.500000000000000e-01 2.158827182580599e-01 9.699928488305283e-01
2.550000000000000e-01 2.223131867334419e-01 9.699928488570335e-01
2.600000000000000e-01 2.288826081874405e-01 9.699928488838013e-01
2.650000000000000e-01 2.355950887223172e-01 9.699928489113364e-01
2.700000000000000e-01 2.424548238569160e-01 9.699928489419719e-01
2.750000000000000e-01 2.494661011489995e-01 9.699928489718321e-01
2.800000000000000e-01 2.566333028751116e-01 9.699928490037418e-01
2.850000000000000e-01 2.639609087696434e-01 9.699928490392563e-01
2.900000000000000e-01 2.714534988248126e-01 9.699928490757748e-01
2.950000000000000e-01 2.791157561533084e-01 9.699928491116435e-01
3.000000000000000e-01 2.869524699153886e-01 9.699928491462377e-01
3.050000000000000e-01 2.949685383122613e-01 9.699928491838352e-01
3.100000000000000e-01 3.031689716476197e-01 9.699928492257586e-01
3.150000000000000e-01 3.115588954592450e-01 9.699928492698028e-01
3.200000000000000e-01 3.201435537226349e-01 9.699928493179342e-01
3.250000000000000e-01 3.289283121286580e-01 9.699928493689016e-01
3.300000000000000e-01 3.379186614372866e-01 9.699928494228734e-01
3.350000000000000e-01 3.471202209094989e-01 9.699928494813087e-01
3.400000000000000e-01 3.565387418195016e-01 9.699928495416500e-01
3.450000000000000e-01 3.661801110494620e-01 9.699928496028429e-01
3.500000000000000e-01 3.760503547690021e-01 9.699928496654411e-01
3.550000000000000e-01 3.861556422017504e-01 9.699928497300410e-01
3.600000000000000e-01 3.965022894813072e-01 9.699928497982760e-01
3.650000000000000e-01 4.070967635990345e-01 9.699928498691771e-01
3.700000000000000e-01 4.179456864461349e-01 9.699928499452570e-01
3.750000000000000e-01 4.290558389525505e-01 9.699928500301368e-01
3.800000000000000e-01 4.404341653252637e-01 9.699928501203421e-01
3.850000000000000e-01 4.520877773886537e-01 9.699928502125819e-01
3.900000000000000e-01 4.640239590296172e-01 9.699928503093188e-01
3.950000000000000e-01 4.762501707502353e-01 9.699928504064771e-01
4.000000000000000e-01 4.887740543308307e-01 9.699928505052765e-01
4.050000000000000e-01 5.016034376063282e-01 9.699928506139529e-01
4.100000000000000e-01 5.147463393589066e-01 9.699928507325787e-01
4.150000000000000e-01 5.282109743299990e-01 9.699928508543516e-01
4.200000000000000e-01 5.420057583547735e-01 9.699928509786230e-01
4.250000000000000e-01 5.561393136223041e-01 9.699928511151616e-01
4.300000000000000e-01 5.706204740647189e-01 9.699928512592492e-01
4.350000000000000e-01 5.854582908786964e-01 9.699928514089498e-01
4.400000000000000e-01 6.006620381827575e-01 9.699928515627262e-01
4.450000000000000e-01 6.162412188138907e-01 9.699928517218012e-01
4.500000000000000e-01 6.322055702671360e-01 9.699928518930063e-01
4.550000000000000e-01 6.485650707818353e-01 9.699928520719204e-01
4.600000000000000e-01 6.653299455783577e-01 9.699928522647606e-01
4.650000000000000e-01 6.825106732491932e-01 9.699928524647630e-01
4.700000000000000e-01 7.001179923084168e-01 9.699928526726158e-01
4.750000000000000e-01 7.181629079036070e-01 9.699928528907953e-01
4.800000000000000e-01 7.366566986944229e-01 9.699928531168879e-01
4.850000000000000e-01 7.556109239021327e-01 9.699928533635611e-01
4.900000000000000e-01 7.750374305345038e-01 9.699928536207337e-01
4.950000000000000e-01 7.949483607905672e-01 9.699928538901286e-01
5.000000000000000e-01 8.153561596498893e-01 9.699928541722088e-01
5.050000000000000e-01 8.362735826510871e-01 9.699928544619864e-01
5.100000000000000e-01 8.577137038644561e-01 9.699928547771092e-01
5.150000000000000e-01 8.796899240636907e-01 9.699928551143572e-01
5.200000000000000e-01 9.022159791018011e-01 9.699928554622343e-01
5.250000000000000e-01 9.253059484964714e-01 9.699928558250538e-01
5.300000000000000e-01 9.489742642302165e-01 9.699928562174056e-01
5.350000000000000e-01 9.732357197708378e-01 9.699928566353913e-01
5.400000000000000e-01 9.981054793178262e-01 9.699928570725760e-01
5.450000000000000e-01 1.023599087280478e+00 9.699928575455137e-01
5.500000000000000e-01 1.049732477993657e+00 9.699928580509619e-01
5.550000000000000e-01 1.076521985677273e+00 9.699928585946804e-01
5.600000000000001e-01 1.103984354645701e+00 9.699928591880811e-01
5.650000000000001e-01 1.132136749773522e+00 9.699928598319043e-01
5.700000000000001e-01 1.160996767224129e+00 9.699928605488548e-01
5.750000000000001e-01 1.190582445447902e+00 9.699928613476271e-01
5.800000000000000e-01 1.220912276456826e+00 9.699928622516278e-01
5.850000000000000e-01 1.252005217382601e+00 9.699928633031493e-01
5.900000000000000e-01 1.283880702325469e+00 9.699928645319289e-01
5.950000000000000e-01 1.316558654501151e+00 9.699928660201054e-01
6.000000000000000e-01 1.350059498693518e+00 9.699928678641266e-01
6.050000000000000e-01 1.384404174020732e+00 9.699928701963936e-01
6.100000000000000e-01 1.419614147022888e+00 9.699928732721128e-01
6.150000000000000e-01 1.455711425079295e+00 9.699928774118284e-01
6.200000000000000e-01 1.492718570163803e+00 9.699928831532386e-01
6.250000000000000e-01 1.530658712946775e+00 9.699928913889023e-01
6.300000000000000e-01 1.569555567252506e+00 9.699929034039591e-01
6.350000000000000e-01 1.609433444881138e+00 9.699929213947149e-01
6.400000000000000e-01 1.650317270804325e+00 9.699929489068154e-01
6.450000000000000e-01 1.692232598744148e+00 9.699929914646402e-01
6.500000000000000e-01 1.735205627145031e+00 9.699930583984636e-01
6.550000000000000e-01 1.779263215548615e+00 9.699931648700879e-01
6.600000000000000e-01 1.824432901381847e+00 9.699933352668699e-01
6.650000000000000e-01 1.870742917168772e+00 9.699936102499113e-01
6.700000000000000e-01 1.918222208176775e+00 9.699940562866268e-01
6.750000000000000e-01 1.966900450508319e+00 9.699947810719717e-01
6.800000000000000e-01 2.016808069649473e+00 9.699959614113892e-01
6.850000000000001e-01 2.067976259486829e+00 9.699978847185521e-01
6.900000000000001e-01 2.120437001804702e+00 9.700010131510850e-01
6.950000000000001e-01 2.174223086274785e+00 9.700060882731322e-01
7.000000000000001e-01 2.229368130950753e+00 9.700142883248363e-01
7.050000000000000e-01 2.285906603280654e+00 9.700274617139499e-01
7.100000000000000e-01 2.343873841650178e+00 9.700484706268130e-01
7.150000000000000e-01 2.403306077470301e+00 9.700816577613316e-01
7.200000000000000e-01 2.464240457823092e+00 9.701334622972859e-01
7.250000000000000e-01 2.526715068679855e+00 9.702132145954208e-01
7.300000000000000e-01 2.590768958706095e+00 9.703339672098270e-01
7.350000000000000e-01 2.656442163668210e+00 9.705130059682429e-01
7.400000000000000e-01 2.723775731457148e+00 9.707717094796127e-01
7.450000000000000e-01 2.792811747744667e+00 9.711344304050180e-01
7.500000000000000e-01 2.863593362288260e+00 9.716255334356741e-01
7.550000000000000e-01 2.936164815901156e+00 9.722629971914447e-01
7.600000000000000e-01 3.010571468104263e+00 9.730475576920412e-01
7.650000000000000e-01 3.086859825477351e+00 9.739496160203847e-01
7.700000000000000e-01 3.165077570727174e+00 9.749012408363643e-01
7.750000000000000e-01 3.245273592490716e+00 9.758032381293358e-01
7.800000000000000e-01 3.327498015892184e+00 9.765522309141176e-01
7.850000000000000e-01 3.411802233872832e+00 9.770803643869316e-01
7.900000000000000e-01 3.498238939313234e+00 9.773892347267972e-01
7.950000000000000e-01 3.586862157968046e+00 9.775598908974233e-01
8.000000000000000e-01 3.677727282233856e+00 9.777333926665319e-01
8.050000000000000e-01 3.770891105771243e+00 9.780718382590396e-01
8.100000000000001e-01 3.866411859002656e+00 9.787169955578350e-01
8.150000000000001e-01 3.964349245508326e+00 9.797603459621306e-01
8.200000000000001e-01 4.064764479342956e+00 9.812302178793945e-01
8.250000000000001e-01 4.167720323296481e+00 9.830943122544201e-01
8.300000000000001e-01 4.273281128122877e+00 9.852710664805534e-01
8.350000000000000e-01 4.381512872761445e+00 9.876420502439249e-01
8.400000000000000e-01 4.492483205575838e+00 9.900615056343157e-01
8.450000000000000e-01 4.606261486636447e+00 9.923666882157601e-01
8.500000000000000e-01 4.722918831072739e+00 9.943975908296019e-01
8.550000000000000e-01 4.842528153522501e+00 9.960304882263809e-01
8.600000000000000e-01 4.965164213705875e+00 9.972168319562259e-01
8.650000000000000e-01 5.090903663152626e+00 9.980069590324727e-01
8.700000000000000e-01 5.219825093111814e+00 9.985391046252307e-01
8.750000000000000e-01 5.352009083673925e+00 9.989913931067259e-01
8.800000000000000e-01 5.487538254136007e+00 9.995169421514501e-01
8.850000000000000e-01 5.626497314641444e+00 1.000193554013747e+00
8.900000000000000e-01 5.768973119126561e+00 1.001011198539910e+00
8.950000000000000e-01 5.915054719607133e+00 1.001898360751533e+00
9.000000000000000e-01 6.064833421838831e+00 1.002767529347870e+00
9.050000000000000e-01 6.218402842386253e+00 1.003553890871436e+00
9.100000000000000e-01 6.375858967136348e+00 1.004231413110225e+00
9.150000000000000e-01 6.537300211292723e+00 1.004807044861505e+00
9.200000000000000e-01 6.702827480888332e+00 1.005304525922875e+00
9.250000000000000e-01 6.872544235855034e+00 1.005749562361079e+00
9.300000000000000e-01 7.046556554689444e+00 1.006161906668130e+00
9.350000000000001e-01 7.224973200755413e+00 1.006553800290202e+00
9.400000000000001e-01 7.407905690264673e+00 1.006931691535362e+00
9.450000000000001e-01 7.595468361978146e+00 1.007298583562152e+00
9.500000000000001e-01 7.787778448671316e+00 1.007655786308412e+00
9.550000000000001e-01 7.984956150408610e+00 1.008003898782576e+00
9.600000000000000e-01 8.187124709672272e+00 1.008343258812791e+00
9.650000000000000e-01 8.394410488393007e+00 1.008674117397890e+00
9.700000000000000e-01 8.606943046930221e+00 1.008996697118772e+00
9.750000000000000e-01 8.824855225051540e+00 1.009311209319062e+00
9.800000000000000e-01 9.048283224961922e+00 1.009617858666256e+00
9.850000000000000e-01 9.277366696434507e+00 1.009916844552872e+00
9.900000000000000e-01 9.512248824096272e+00 1.010208363901252e+00
9.950000000000000e-01 9.753076416923058e+00 1.010492637439605e+00
1.000000000000000e+00 1.000000000000000e+01 1.010770185614913e+00
