0.000000000000000e+00 0.000000000000000e+00 9.475051280443073e-01
5.000000000000000e-03 3.369477419287315e-03 9.475051280484583e-01
1.000000000000000e-02 6.741060871647481e-03 9.475051280568727e-01
1.500000000000000e-02 1.011685770649257e-02 9.475051280750617e-01
2.000000000000000e-02 1.349897790673588e-02 9.475051280993088e-01
2.500000000000000e-02 1.688953540759990e-02 9.475051281239679e-01
3.000000000000000e-02 2.029064941789469e-02 9.475051281695124e-01
3.500000000000000e-02 2.370444574459234e-02 9.475051282355319e-01
4.000000000000000e-02 2.713305812152553e-02 9.475051283063756e-01
4.500000000000000e-02 3.057862954304063e-02 9.475051283848529e-01
5.000000000000000e-02 3.404331360343898e-02 9.475051284733271e-01
5.500000000000000e-02 3.752927584304335e-02 9.475051285585546e-01
6.000000000000000e-02 4.103869510173117e-02 9.475051286558012e-01
6.500000000000000e-02 4.457376488078044e-02 9.475051287681783e-01
7.000000000000001e-02 4.813669471387935e-02 9.475051288929738e-01
7.500000000000000e-02 5.172971154815675e-02 9.475051290350953e-01
8.000000000000000e-02 5.535506113609672e-02 9.475051291835155e-01
8.500000000000001e-02 5.901500943920686e-02 9.475051293468493e-01
9.000000000000000e-02 6.271184404431801e-02 9.475051295244353e-01
9.500000000000000e-02 6.644787559340060e-02 9.475051297105589e-01
1.000000000000000e-01 7.022543922779090e-02 9.475051299142949e-01
1.050000000000000e-01 7.404689604773053e-02 9.475051301311579e-01
1.100000000000000e-01 7.791463458813094e-02 9.475051303648712e-01
1.150000000000000e-01 8.183107231148547e-02 9.475051306133934e-01
1.200000000000000e-01 8.579865711886202e-02 9.475051308858675e-01
1.250000000000000e-01 8.981986887992111e-02 9.475051311619800e-01
1.300000000000000e-01 9.389722098291493e-02 9.475051314594181e-01
1.350000000000000e-01 9.803326190563690e-02 9.475051317934825e-01
1.400000000000000e-01 1.022305768083033e-01 9.475051321477037e-01
1.450000000000000e-01 1.064917891493625e-01 9.475051325318776e-01
1.500000000000000e-01 1.108195623252418e-01 9.475051329369605e-01
1.550000000000000e-01 1.152166013350572e-01 9.475051333610282e-01
1.600000000000000e-01 1.196856544713255e-01 9.475051338146130e-01
1.650000000000000e-01 1.242295150377370e-01 9.475051343037801e-01
1.700000000000000e-01 1.288510230950609e-01 9.475051348386493e-01
1.750000000000000e-01 1.335530672362758e-01 9.475051354240508e-01
1.800000000000000e-01 1.383385863920344e-01 9.475051360554756e-01
1.850000000000000e-01 1.432105716675912e-01 9.475051367335759e-01
1.900000000000000e-01 1.481720682123397e-01 9.475051374545526e-01
1.950000000000000e-01 1.532261771231311e-01 9.475051382206436e-01
2.000000000000000e-01 1.583760573825595e-01 9.475051390286878e-01
2.050000000000000e-01 1.636249278334301e-01 9.475051399103257e-01
2.100000000000000e-01 1.689760691906397e-01 9.475051408721192e-01
2.150000000000000e-01 1.744328260917313e-01 9.475051419002440e-01
2.200000000000000e-01 1.799986091874004e-01 9.475051430010045e-01
2.250000000000000e-01 1.856768972732633e-01 9.475051442051504e-01
2.300000000000000e-01 1.914712394642179e-01 9.475051455199432e-01
2.350000000000000e-01 1.973852574127551e-01 9.475051469335846e-01
2.400000000000000e-01 2.034226475726105e-01 9.475051484680105e-01
2.450000000000000e-01 2.095871835091678e-01 9.475051501464301e-01
2.500000000000000e-01 2.158827182580599e-01 9.475051519694826e-01
2.550000000000000e-01 2.223131867334419e-01 9.475051539486804e-01
2.600000000000000e-01 2.288826081874405e-01 9.475051561143689e-01
2.650000000000000e-01 2.355950887223172e-01 9.475051584481448e-01
2.700000000000000e-01 2.424548238569160e-01 9.475051609961833e-01
2.750000000000000e-01 2.494661011489995e-01 9.475051637739424e-01
2.800000000000000e-01 2.566333028751116e-01 9.475051668340203e-01
2.850000000000000e-01 2.639609087696434e-01 9.475051702299986e-01
2.900000000000000e-01 2.714534988248126e-01 9.475051739669249e-01
2.950000000000000e-01 2.791157561533084e-01 9.475051780936223e-01
3.000000000000000e-01 2.869524699153886e-01 9.475051826622883e-01
3.050000000000000e-01 2.949685383122613e-01 9.475051876961323e-01
3.100000000000000e-01 3.031689716476197e-01 9.475051932270085e-01
3.150000000000000e-01 3.115588954592450e-01 9.475051993902985e-01
3.200000000000000e-01 3.201435537226349e-01 9.475052062346118e-01
3.250000000000000e-01 3.289283121286580e-01 9.475052138877936e-01
3.300000000000000e-01 3.379186614372866e-01 9.475052224901470e-01
3.350000000000000e-01 3.471202209094989e-01 9.475052321184479e-01
3.400000000000000e-01 3.565387418195016e-01 9.475052428430539e-01
3.450000000000000e-01 3.661801110494620e-01 9.475052548741381e-01
3.500000000000000e-01 3.760503547690021e-01 9.475052685049491e-01
3.550000000000000e-01 3.861556422017504e-01 9.475052838832946e-01
3.600000000000000e-01 3.965022894813072e-01 9.475053012859950e-01
3.650000000000000e-01 4.070967635990345e-01 9.475053209855459e-01
3.700000000000000e-01 4.179456864461349e-01 9.475053434338611e-01
3.750000000000000e-01 4.290558389525505e-01 9.475053690600849e-01
3.800000000000000e-01 4.404341653252637e-01 9.475053983218432e-01
3.850000000000000e-01 4.520877773886537e-01 9.475054318685232e-01
3.900000000000000e-01 4.640239590296172e-01 9.475054703431554e-01
3.950000000000000e-01 4.762501707502353e-01 9.475055146675307e-01
4.000000000000000e-01 4.887740543308307e-01 9.475055658166973e-01
4.050000000000000e-01 5.016034376063282e-01 9.475056250584895e-01
4.100000000000000e-01 5.147463393589066e-01 9.475056938078664e-01
4.150000000000000e-01 5.282109743299990e-01 9.475057737911805e-01
4.200000000000000e-01 5.420057583547735e-01 9.475058671557278e-01
4.250000000000000e-01 5.561393136223041e-01 9.475059763228545e-01
4.300000000000000e-01 5.706204740647189e-01 9.475061044793850e-01
4.350000000000000e-01 5.854582908786964e-01 9.475062552150882e-01
4.400000000000000e-01 6.006620381827575e-01 9.475064329826386e-01
4.450000000000000e-01 6.162412188138907e-01 9.475066431314958e-01
4.500000000000000e-01 6.322055702671360e-01 9.475068924136325e-01
4.550000000000000e-01 6.485650707818353e-01 9.475071891323291e-01
4.600000000000000e-01 6.653299455783577e-01 9.475075427189413e-01
4.650000000000000e-01 6.825106732491932e-01 9.475079655579224e-01
4.700000000000000e-01 7.001179923084168e-01 9.475084725531182e-01
4.750000000000000e-01 7.181629079036070e-01 9.475090819908111e-01
4.800000000000000e-01 7.366566986944229e-01 9.475098167925154e-01
4.850000000000000e-01 7.556109239021327e-01 9.475107045363622e-01
4.900000000000000e-01 7.750374305345038e-01 9.475117803656761e-01
4.950000000000000e-01 7.949483607905672e-01 9.475130871244560e-01
5.000000000000000e-01 8.153561596498893e-01 9.475146781157608e-01
5.050000000000000e-01 8.362735826510871e-01 9.475166205081184e-01
5.100000000000000e-01 8.577137038644561e-01 9.475189964211687e-01
5.150000000000000e-01 8.796899240636907e-01 9.475219098933267e-01
5.200000000000000e-01 9.022159791018011e-01 9.475254901146246e-01
5.250000000000000e-01 9.253059484964714e-01 9.475298976222215e-01
5.300000000000000e-01 9.489742642302165e-01 9.475353354937217e-01
5.350000000000000e-01 9.732357197708378e-01 9.475420549491121e-01
5.400000000000000e-01 9.981054793178262e-01 9.475503714139143e-01
5.450000000000000e-01 1.023599087280478e+00 9.475606806893543e-01
5.500000000000000e-01 1.049732477993657e+00 9.475734731508492e-01
5.550000000000000e-01 1.076521985677273e+00 9.475893646879745e-01
5.600000000000001e-01 1.103984354645701e+00 9.476091215655443e-01
5.650000000000001e-01 1.132136749773522e+00 9.476336920016353e-01
5.700000000000001e-01 1.160996767224129e+00 9.476642578793653e-01
5.750000000000001e-01 1.190582445447902e+00 9.477022743631198e-01
5.800000000000000e-01 1.220912276456826e+00 9.477495267389984e-01
5.850000000000000e-01 1.252005217382601e+00 9.478082069003674e-01
5.900000000000000e-01 1.283880702325469e+00 9.478809683567487e-01
5.950000000000000e-01 1.316558654501151e+00 9.479710033746095e-01
6.000000000000000e-01 1.350059498693518e+00 9.480821309189008e-01
6.050000000000000e-01 1.384404174020732e+00 9.482188372991885e-01
6.100000000000000e-01 1.419614147022888e+00 9.483863211899303e-01
6.150000000000000e-01 1.455711425079295e+00 9.485905189403854e-01
6.200000000000000e-01 1.492718570163803e+00 9.488380164626453e-01
6.250000000000000e-01 1.530658712946775e+00 9.491358944773294e-01
6.300000000000000e-01 1.569555567252506e+00 9.494914856496813e-01
6.350000000000000e-01 1.609433444881138e+00 9.499119015220346e-01
6.400000000000000e-01 1.650317270804325e+00 9.504033578827014e-01
6.450000000000000e-01 1.692232598744148e+00 9.509703406839333e-01
6.500000000000000e-01 1.735205627145031e+00 9.516144904673568e-01
6.550000000000000e-01 1.779263215548615e+00 9.523332544512720e-01
6.600000000000000e-01 1.824432901381847e+00 9.531185583848127e-01
6.650000000000000e-01 1.870742917168772e+00 9.539556462466500e-01
6.700000000000000e-01 1.918222208176775e+00 9.548223338908491e-01
6.750000000000000e-01 1.966900450508319e+00 9.556892817426181e-01
6.800000000000000e-01 2.016808069649473e+00 9.565218915003622e-01
6.850000000000001e-01 2.067976259486829e+00 9.572840787000672e-01
6.900000000000001e-01 2.120437001804702e+00 9.579438310846516e-01
6.950000000000001e-01 2.174223086274785e+00 9.584799355907453e-01
7.000000000000001e-01 2.229368130950753e+00 9.588884588731799e-01
7.050000000000000e-01 2.285906603280654e+00 9.591871291135635e-01
7.100000000000000e-01 2.343873841650178e+00 9.594161466833139e-01
7.150000000000000e-01 2.403306077470301e+00 9.596348810558497e-01
7.200000000000000e-01 2.464240457823092e+00 9.599149638590552e-01
7.250000000000000e-01 2.526715068679855e+00 9.603312110829321e-01
7.300000000000000e-01 2.590768958706095e+00 9.609523029946391e-01
7.350000000000000e-01 2.656442163668210e+00 9.618329744576767e-01
7.400000000000000e-01 2.723775731457148e+00 9.630087590397717e-01
7.450000000000000e-01 2.792811747744667e+00 9.644935061223247e-01
7.500000000000000e-01 2.863593362288260e+00 9.662792827046195e-01
7.550000000000000e-01 2.936164815901156e+00 9.683379741728744e-01
7.600000000000000e-01 3.010571468104263e+00 9.706238663397978e-01
7.650000000000000e-01 3.086859825477351e+00 9.730766464403003e-01
7.700000000000000e-01 3.165077570727174e+00 9.756245122723186e-01
7.750000000000000e-01 3.245273592490716e+00 9.781873629085740e-01
7.800000000000000e-01 3.327498015892184e+00 9.806803871041795e-01
7.850000000000000e-01 3.411802233872832e+00 9.830187724940733e-01
7.900000000000000e-01 3.498238939313234e+00 9.851245111017488e-01
7.950000000000000e-01 3.586862157968046e+00 9.869358917750510e-01
8.000000000000000e-01 3.677727282233856e+00 9.884188563254105e-01
8.050000000000000e-01 3.770891105771243e+00 9.895772589861485e-01
8.100000000000001e-01 3.866411859002656e+00 9.904574600103996e-01
8.150000000000001e-01 3.964349245508326e+00 9.911431583008871e-01
8.200000000000001e-01 4.064764479342956e+00 9.917394825034853e-01
8.250000000000001e-01 4.167720323296481e+00 9.923498673305321e-01
8.300000000000001e-01 4.273281128122877e+00 9.930527331970296e-01
8.350000000000000e-01 4.381512872761445e+00 9.938855381163064e-01
8.400000000000000e-01 4.492483205575838e+00 9.948411260001213e-01
8.450000000000000e-01 4.606261486636447e+00 9.958767624525975e-01
8.500000000000000e-01 4.722918831072739e+00 9.969317888879294e-01
8.550000000000000e-01 4.842528153522501e+00 9.979471876406586e-01
8.600000000000000e-01 4.965164213705875e+00 9.988804969322188e-01
8.650000000000000e-01 5.090903663152626e+00 9.997122313873875e-01
8.700000000000000e-01 5.219825093111814e+00 1.000443844808034e+00
8.750000000000000e-01 5.352009083673925e+00 1.001090390473727e+00
8.800000000000000e-01 5.487538254136007e+00 1.001672067484251e+00
8.850000000000000e-01 5.626497314641444e+00 1.002207808350740e+00
8.900000000000000e-01 5.768973119126561e+00 1.002712076035932e+00
8.950000000000000e-01 5.915054719607133e+00 1.003194367643398e+00
9.000000000000000e-01 6.064833421838831e+00 1.003660204423276e+00
9.050000000000000e-01 6.218402842386253e+00 1.004112508521247e+00
9.100000000000000e-01 6.375858967136348e+00 1.004552750286108e+00
9.150000000000000e-01 6.537300211292723e+00 1.004981690778065e+00
9.200000000000000e-01 6.702827480888332e+00 1.005399782660246e+00
9.250000000000000e-01 6.872544235855034e+00 1.005807356483449e+00
9.300000000000000e-01 7.046556554689444e+00 1.006204696473195e+00
9.350000000000001e-01 7.224973200755413e+00 1.006592067852501e+00
9.400000000000001e-01 7.407905690264673e+00 1.006969725693043e+00
9.450000000000001e-01 7.595468361978146e+00 1.007337917573959e+00
9.500000000000001e-01 7.787778448671316e+00 1.007696884398526e+00
9.550000000000001e-01 7.984956150408610e+00 1.008046860719614e+00
9.600000000000000e-01 8.187124709672272e+00 1.008388074944780e+00
9.650000000000000e-01 8.394410488393007e+00 1.008720749511663e+00
9.700000000000000e-01 8.606943046930221e+00 1.009045101053547e+00
9.750000000000000e-01 8.824855225051540e+00 1.009361340559141e+00
9.800000000000000e-01 9.048283224961922e+00 1.009669673527404e+00
9.850000000000000e-01 9.277366696434507e+00 1.009970300117710e+00
9.900000000000000e-01 9.512248824096272e+00 1.010263415295518e+00
9.950000000000000e-01 9.753076416923058e+00 1.010549208973706e+00
1.000000000000000e+00 1.000000000000000e+01 1.010827866149768e+00
