0.000000000000000e+00 0.000000000000000e+00 3.085086594469079e-01
5.000000000000000e-03 3.369477419287315e-03 3.085086594497449e-01
1.000000000000000e-02 6.741060871647481e-03 3.085086594521737e-01
1.500000000000000e-02 1.011685770649257e-02 3.085086594554111e-01
2.000000000000000e-02 1.349897790673588e-02 3.085086594564116e-01
2.500000000000000e-02 1.688953540759990e-02 3.085086594573916e-01
3.000000000000000e-02 2.029064941789469e-02 3.085086594583570e-01
3.500000000000000e-02 2.370444574459234e-02 3.085086594596472e-01
4.000000000000000e-02 2.713305812152553e-02 3.085086594609102e-01
4.500000000000000e-02 3.057862954304063e-02 3.085086594619582e-01
5.000000000000000e-02 3.404331360343898e-02 3.085086594626630e-01
5.500000000000000e-02 3.752927584304335e-02 3.085086594632990e-01
6.000000000000000e-02 4.103869510173117e-02 3.085086594639045e-01
6.500000000000000e-02 4.457376488078044e-02 3.085086594645284e-01
7.000000000000001e-02 4.813669471387935e-02 3.085086594653737e-01
7.500000000000000e-02 5.172971154815675e-02 3.085086594657471e-01
8.000000000000000e-02 5.535506113609672e-02 3.085086594661487e-01
8.500000000000001e-02 5.901500943920686e-02 3.085086594665836e-01
9.000000000000000e-02 6.271184404431801e-02 3.085086594672433e-01
9.500000000000000e-02 6.644787559340060e-02 3.085086594680242e-01
1.000000000000000e-01 7.022543922779090e-02 3.085086594687263e-01
1.050000000000000e-01 7.404689604773053e-02 3.085086594695681e-01
1.100000000000000e-01 7.791463458813094e-02 3.085086594704112e-01
1.150000000000000e-01 8.183107231148547e-02 3.085086594713425e-01
1.200000000000000e-01 8.579865711886202e-02 3.085086594722311e-01
1.250000000000000e-01 8.981986887992111e-02 3.085086594730465e-01
1.300000000000000e-01 9.389722098291493e-02 3.085086594736672e-01
1.350000000000000e-01 9.803326190563690e-02 3.085086594742398e-01
1.400000000000000e-01 1.022305768083033e-01 3.085086594750259e-01
1.450000000000000e-01 1.064917891493625e-01 3.085086594760872e-01
1.500000000000000e-01 1.108195623252418e-01 3.085086594772313e-01
1.550000000000000e-01 1.152166013350572e-01 3.085086594783277e-01
1.600000000000000e-01 1.196856544713255e-01 3.085086594793174e-01
1.650000000000000e-01 1.242295150377370e-01 3.085086594802094e-01
1.700000000000000e-01 1.288510230950609e-01 3.085086594813602e-01
1.750000000000000e-01 1.335530672362758e-01 3.085086594828282e-01
1.800000000000000e-01 1.383385863920344e-01 3.085086594843082e-01
1.850000000000000e-01 1.432105716675912e-01 3.085086594858628e-01
1.900000000000000e-01 1.481720682123397e-01 3.085086594875589e-01
1.950000000000000e-01 1.532261771231311e-01 3.085086594890572e-01
2.000000000000000e-01 1.583760573825595e-01 3.085086594906664e-01
2.050000000000000e-01 1.636249278334301e-01 3.085086594928099e-01
2.100000000000000e-01 1.689760691906397e-01 3.085086594950939e-01
2.150000000000000e-01 1.744328260917313e-01 3.085086594973784e-01
2.200000000000000e-01 1.799986091874004e-01 3.085086595000915e-01
2.250000000000000e-01 1.856768972732633e-01 3.085086595025452e-01
2.300000000000000e-01 1.914712394642179e-01 3.085086595045305e-01
2.350000000000000e-01 1.973852574127551e-01 3.085086595069053e-01
2.400000000000000e-01 2.034226475726105e-01 3.085086595094781e-01
2.450000000000000e-01 2.095871835091678e-01 3.085086595125203e-01
2.500000000000000e-01 2.158827182580599e-01 3.085086595158530e-01
2.550000000000000e-01 2.223131867334419e-01 3.085086595187328e-01
2.600000000000000e-01 2.288826081874405e-01 3.085086595218201e-01
2.650000000000000e-01 2.355950887223172e-01 3.085086595249321e-01
2.700000000000000e-01 2.424548238569160e-01 3.085086595283500e-01
2.750000000000000e-01 2.494661011489995e-01 3.085086595314854e-01
2.800000000000000e-01 2.566333028751116e-01 3.085086595345419e-01
2.850000000000000e-01 2.639609087696434e-01 3.085086595382463e-01
2.900000000000000e-01 2.714534988248126e-01 3.085086595425563e-01
2.950000000000000e-01 2.791157561533084e-01 3.085086595478299e-01
3.000000000000000e-01 2.869524699153886e-01 3.085086595530487e-01
3.050000000000000e-01 2.949685383122613e-01 3.085086595581138e-01
3.100000000000000e-01 3.031689716476197e-01 3.085086595634393e-01
3.150000000000000e-01 3.115588954592450e-01 3.085086595689455e-01
3.200000000000000e-01 3.201435537226349e-01 3.085086595749336e-01
3.250000000000000e-01 3.289283121286580e-01 3.085086595809463e-01
3.300000000000000e-01 3.379186614372866e-01 3.085086595878623e-01
3.350000000000000e-01 3.471202209094989e-01 3.085086595952091e-01
3.400000000000000e-01 3.565387418195016e-01 3.085086596018816e-01
3.450000000000000e-01 3.661801110494620e-01 3.085086596087452e-01
3.500000000000000e-01 3.760503547690021e-01 3.085086596157081e-01
3.550000000000000e-01 3.861556422017504e-01 3.085086596230519e-01
3.600000000000000e-01 3.965022894813072e-01 3.085086596313039e-01
3.650000000000000e-01 4.070967635990345e-01 3.085086596403711e-01
3.700000000000000e-01 4.179456864461349e-01 3.085086596502972e-01
3.750000000000000e-01 4.290558389525505e-01 3.085086596610740e-01
3.800000000000000e-01 4.404341653252637e-01 3.085086596720540e-01
3.850000000000000e-01 4.520877773886537e-01 3.085086596836410e-01
3.900000000000000e-01 4.640239590296172e-01 3.085086596958627e-01
3.950000000000000e-01 4.762501707502353e-01 3.085086597085536e-01
4.000000000000000e-01 4.887740543308307e-01 3.085086597210317e-01
4.050000000000000e-01 5.016034376063282e-01 3.085086597336221e-01
4.100000000000000e-01 5.147463393589066e-01 3.085086597474235e-01
4.150000000000000e-01 5.282109743299990e-01 3.085086597618502e-01
4.200000000000000e-01 5.420057583547735e-01 3.085086597774787e-01
4.250000000000000e-01 5.561393136223041e-01 3.085086597948513e-01
4.300000000000000e-01 5.706204740647189e-01 3.085086598134720e-01
4.350000000000000e-01 5.854582908786964e-01 3.085086598321833e-01
4.400000000000000e-01 6.006620381827575e-01 3.085086598519399e-01
4.450000000000000e-01 6.162412188138907e-01 3.085086598717667e-01
4.500000000000000e-01 6.322055702671360e-01 3.085086598919637e-01
4.550000000000000e-01 6.485650707818353e-01 3.085086599146001e-01
4.600000000000000e-01 6.653299455783577e-01 3.085086599391540e-01
4.650000000000000e-01 6.825106732491932e-01 3.085086599643197e-01
4.700000000000000e-01 7.001179923084168e-01 3.085086599896934e-01
4.750000000000000e-01 7.181629079036070e-01 3.085086600182001e-01
4.800000000000000e-01 7.366566986944229e-01 3.085086600484068e-01
4.850000000000000e-01 7.556109239021327e-01 3.085086600797466e-01
4.900000000000000e-01 7.750374305345038e-01 3.085086601119574e-01
4.950000000000000e-01 7.949483607905672e-01 3.085086601450639e-01
5.000000000000000e-01 8.153561596498893e-01 3.085086601811137e-01
5.050000000000000e-01 8.362735826510871e-01 3.085086602186489e-01
5.100000000000000e-01 8.577137038644561e-01 3.085086602595524e-01
5.150000000000000e-01 8.796899240636907e-01 3.085086603022273e-01
5.200000000000000e-01 9.022159791018011e-01 3.085086603465611e-01
5.250000000000000e-01 9.253059484964714e-01 3.085086603933095e-01
5.300000000000000e-01 9.489742642302165e-01 3.085086604415320e-01
5.350000000000000e-01 9.732357197708378e-01 3.085086604942860e-01
5.400000000000000e-01 9.981054793178262e-01 3.085086605497430e-01
5.450000000000000e-01 1.023599087280478e+00 3.085086606080510e-01
5.500000000000000e-01 1.049732477993657e+00 3.085086606691773e-01
5.550000000000000e-01 1.076521985677273e+00 3.085086607320839e-01
5.600000000000001e-01 1.103984354645701e+00 3.085086608000817e-01
5.650000000000001e-01 1.132136749773522e+00 3.085086608735180e-01
5.700000000000001e-01 1.160996767224129e+00 3.085086609496323e-01
5.750000000000001e-01 1.190582445447902e+00 3.085086610277358e-01
5.800000000000000e-01 1.220912276456826e+00 3.085086611123650e-01
5.850000000000000e-01 1.252005217382601e+00 3.085086612025527e-01
5.900000000000000e-01 1.283880702325469e+00 3.085086612957299e-01
5.950000000000000e-01 1.316558654501151e+00 3.085086613953565e-01
6.000000000000000e-01 1.350059498693518e+00 3.085086615002391e-01
6.050000000000000e-01 1.384404174020732e+00 3.085086616109977e-01
6.100000000000000e-01 1.419614147022888e+00 3.085086617284326e-01
6.150000000000000e-01 1.455711425079295e+00 3.085086618516452e-01
6.200000000000000e-01 1.492718570163803e+00 3.085086619828392e-01
6.250000000000000e-01 1.530658712946775e+00 3.085086621208189e-01
6.300000000000000e-01 1.569555567252506e+00 3.085086622666737e-01
6.350000000000000e-01 1.609433444881138e+00 3.085086624213987e-01
6.400000000000000e-01 1.650317270804325e+00 3.085086625840918e-01
6.450000000000000e-01 1.692232598744148e+00 3.085086627570100e-01
6.500000000000000e-01 1.735205627145031e+00 3.085086629390329e-01
6.550000000000000e-01 1.779263215548615e+00 3.085086631316985e-01
6.600000000000000e-01 1.824432901381847e+00 3.085086633360942e-01
6.650000000000000e-01 1.870742917168772e+00 3.085086635501894e-01
6.700000000000000e-01 1.918222208176775e+00 3.085086637790361e-01
6.750000000000000e-01 1.966900450508319e+00 3.085086640203886e-01
6.800000000000000e-01 2.016808069649473e+00 3.085086642730144e-01
6.850000000000001e-01 2.067976259486829e+00 3.085086645465945e-01
6.900000000000001e-01 2.120437001804702e+00 3.085086648341730e-01
6.950000000000001e-01 2.174223086274785e+00 3.085086651360652e-01
7.000000000000001e-01 2.229368130950753e+00 3.085086654716621e-01
7.050000000000000e-01 2.285906603280654e+00 3.085086658310581e-01
7.100000000000000e-01 2.343873841650178e+00 3.085086662148488e-01
7.150000000000000e-01 2.403306077470301e+00 3.085086666706341e-01
7.200000000000000e-01 2.464240457823092e+00 3.085086672086749e-01
7.250000000000000e-01 2.526715068679855e+00 3.085086678341437e-01
7.300000000000000e-01 2.590768958706095e+00 3.085086686986193e-01
7.350000000000000e-01 2.656442163668210e+00 3.085086700297927e-01
7.400000000000000e-01 2.723775731457148e+00 3.085086720406486e-01
7.450000000000000e-01 2.792811747744667e+00 3.085086754994381e-01
7.500000000000000e-01 2.863593362288260e+00 3.085086826167396e-01
7.550000000000000e-01 2.936164815901156e+00 3.085086973440342e-01
7.600000000000000e-01 3.010571468104263e+00 3.085087271760401e-01
7.650000000000000e-01 3.086859825477351e+00 3.085087922977650e-01
7.700000000000000e-01 3.165077570727174e+00 3.085089426221633e-01
7.750000000000000e-01 3.245273592490716e+00 3.085092784180493e-01
7.800000000000000e-01 3.327498015892184e+00 3.085099984227960e-01
7.850000000000000e-01 3.411802233872832e+00 3.085115516839572e-01
7.900000000000000e-01 3.498238939313234e+00 3.085149476544008e-01
7.950000000000000e-01 3.586862157968046e+00 3.085221792260793e-01
8.000000000000000e-01 3.677727282233856e+00 3.085367622002215e-01
8.050000000000000e-01 3.770891105771243e+00 3.085648160157832e-01
8.100000000000001e-01 3.866411859002656e+00 3.086172018529211e-01
8.150000000000001e-01 3.964349245508326e+00 3.087116215713352e-01
8.200000000000001e-01 4.064764479342956e+00 3.088702834389900e-01
8.250000000000001e-01 4.167720323296481e+00 3.091078219692266e-01
8.300000000000001e-01 4.273281128122877e+00 3.094124398338239e-01
8.350000000000000e-01 4.381512872761445e+00 3.097367075587029e-01
8.400000000000000e-01 4.492483205575838e+00 3.100138380948325e-01
8.450000000000000e-01 4.606261486636447e+00 3.101941931178554e-01
8.500000000000000e-01 4.722918831072739e+00 3.102770728852994e-01
8.550000000000000e-01 4.842528153522501e+00 3.103152121419337e-01
8.600000000000000e-01 4.965164213705875e+00 3.103902101575756e-01
8.650000000000000e-01 5.090903663152626e+00 3.105774313676199e-01
8.700000000000000e-01 5.219825093111814e+00 3.109218455324578e-01
8.750000000000000e-01 5.352009083673925e+00 3.114315418047342e-01
8.800000000000000e-01 5.487538254136007e+00 3.120806032331640e-01
8.850000000000000e-01 5.626497314641444e+00 3.128124746940739e-01
8.900000000000000e-01 5.768973119126561e+00 3.135454087564197e-01
8.950000000000000e-01 5.915054719607133e+00 3.141887344692191e-01
9.000000000000000e-01 6.064833421838831e+00 3.146727341910311e-01
9.050000000000000e-01 6.218402842386253e+00 3.149793082299445e-01
9.100000000000000e-01 6.375858967136348e+00 3.151511886365725e-01
9.150000000000000e-01 6.537300211292723e+00 3.152681549864675e-01
9.200000000000000e-01 6.702827480888332e+00 3.154037110103019e-01
9.250000000000000e-01 6.872544235855034e+00 3.155915056444474e-01
9.300000000000000e-01 7.046556554689444e+00 3.158214355254337e-01
9.350000000000001e-01 7.224973200755413e+00 3.160607992947650e-01
9.400000000000001e-01 7.407905690264673e+00 3.162798712335074e-01
9.450000000000001e-01 7.595468361978146e+00 3.164651876715737e-01
9.500000000000001e-01 7.787778448671316e+00 3.166183675002520e-01
9.550000000000001e-01 7.984956150408610e+00 3.167482006681571e-01
9.600000000000000e-01 8.187124709672272e+00 3.168637859006744e-01
9.650000000000000e-01 8.394410488393007e+00 3.169715829073916e-01
9.700000000000000e-01 8.606943046930221e+00 3.170757063486765e-01
9.750000000000000e-01 8.824855225051540e+00 3.171821289579441e-01
9.800000000000000e-01 9.048283224961922e+00 3.173286329977903e-01
9.850000000000000e-01 9.277366696434507e+00 3.178734972790331e-01
9.900000000000000e-01 9.512248824096272e+00 3.224419043911918e-01
9.950000000000000e-01 9.753076416923058e+00 3.821366652958861e-01
1.000000000000000e+00 1.000000000000000e+01 6.903372112635581e+00
