0.000000000000000e+00 0.000000000000000e+00 6.818819158703063e-01
5.000000000000000e-03 3.369477419287315e-03 6.818884879350977e-01
1.000000000000000e-02 6.741060871647481e-03 6.819060122307290e-01
1.500000000000000e-02 1.011685770649257e-02 6.819352266355175e-01
2.000000000000000e-02 1.349897790673588e-02 6.819762199436223e-01
2.500000000000000e-02 1.688953540759990e-02 6.820291197588009e-01
3.000000000000000e-02 2.029064941789469e-02 6.820940265471349e-01
3.500000000000000e-02 2.370444574459234e-02 6.821710894833470e-01
4.000000000000000e-02 2.713305812152553e-02 6.822605001294453e-01
4.500000000000000e-02 3.057862954304063e-02 6.823624598718404e-01
5.000000000000000e-02 3.404331360343898e-02 6.824772288309483e-01
5.500000000000000e-02 3.752927584304335e-02 6.826050757167003e-01
6.000000000000000e-02 4.103869510173117e-02 6.827462829001987e-01
6.500000000000000e-02 4.457376488078044e-02 6.829012041998813e-01
7.000000000000001e-02 4.813669471387935e-02 6.830701993890314e-01
7.500000000000000e-02 5.172971154815675e-02 6.832536495996858e-01
8.000000000000000e-02 5.535506113609672e-02 6.834520030076487e-01
8.500000000000001e-02 5.901500943920686e-02 6.836657225822483e-01
9.000000000000000e-02 6.271184404431801e-02 6.838952995002943e-01
9.500000000000000e-02 6.644787559340060e-02 6.841412713533923e-01
1.000000000000000e-01 7.022543922779090e-02 6.844042073300660e-01
1.050000000000000e-01 7.404689604773053e-02 6.846847224421083e-01
1.100000000000000e-01 7.791463458813094e-02 6.849834592189333e-01
1.150000000000000e-01 8.183107231148547e-02 6.853010994975527e-01
1.200000000000000e-01 8.579865711886202e-02 6.856383810669355e-01
1.250000000000000e-01 8.981986887992111e-02 6.859960668844439e-01
1.300000000000000e-01 9.389722098291493e-02 6.863749698390512e-01
1.350000000000000e-01 9.803326190563690e-02 6.867759559484951e-01
1.400000000000000e-01 1.022305768083033e-01 6.871999178574718e-01
1.450000000000000e-01 1.064917891493625e-01 6.876478094118539e-01
1.500000000000000e-01 1.108195623252418e-01 6.881206333379204e-01
1.550000000000000e-01 1.152166013350572e-01 6.886194267250014e-01
1.600000000000000e-01 1.196856544713255e-01 6.891452975106587e-01
1.650000000000000e-01 1.242295150377370e-01 6.896993980416979e-01
1.700000000000000e-01 1.288510230950609e-01 6.902829230181727e-01
1.750000000000000e-01 1.335530672362758e-01 6.908971426148892e-01
1.800000000000000e-01 1.383385863920344e-01 6.915433680822919e-01
1.850000000000000e-01 1.432105716675912e-01 6.922229625712609e-01
1.900000000000000e-01 1.481720682123397e-01 6.929373698542090e-01
1.950000000000000e-01 1.532261771231311e-01 6.936880744337508e-01
2.000000000000000e-01 1.583760573825595e-01 6.944766188728405e-01
2.050000000000000e-01 1.636249278334301e-01 6.953046277324056e-01
2.100000000000000e-01 1.689760691906397e-01 6.961737644910460e-01
2.150000000000000e-01 1.744328260917313e-01 6.970857538346112e-01
2.200000000000000e-01 1.799986091874004e-01 6.980424071300212e-01
2.250000000000000e-01 1.856768972732633e-01 6.990455757008643e-01
2.300000000000000e-01 1.914712394642179e-01 7.000971684825694e-01
2.350000000000000e-01 1.973852574127551e-01 7.011991813601272e-01
2.400000000000000e-01 2.034226475726105e-01 7.023536485593113e-01
2.450000000000000e-01 2.095871835091678e-01 7.035626518185952e-01
2.500000000000000e-01 2.158827182580599e-01 7.048283616207719e-01
2.550000000000000e-01 2.223131867334419e-01 7.061529902208510e-01
2.600000000000000e-01 2.288826081874405e-01 7.075387753385509e-01
2.650000000000000e-01 2.355950887223172e-01 7.089880297665957e-01
2.700000000000000e-01 2.424548238569160e-01 7.105031145579296e-01
2.750000000000000e-01 2.494661011489995e-01 7.120863948321220e-01
2.800000000000000e-01 2.566333028751116e-01 7.137402807389408e-01
2.850000000000000e-01 2.639609087696434e-01 7.154672332063220e-01
2.900000000000000e-01 2.714534988248126e-01 7.172696983464459e-01
2.950000000000000e-01 2.791157561533084e-01 7.191501104825089e-01
3.000000000000000e-01 2.869524699153886e-01 7.211109373512384e-01
3.050000000000000e-01 2.949685383122613e-01 7.231546367472976e-01
3.100000000000000e-01 3.031689716476197e-01 7.252835928786083e-01
3.150000000000000e-01 3.115588954592450e-01 7.275001433793310e-01
3.200000000000000e-01 3.201435537226349e-01 7.298066072198361e-01
3.250000000000000e-01 3.289283121286580e-01 7.322052196942291e-01
3.300000000000000e-01 3.379186614372866e-01 7.346980685054110e-01
3.350000000000000e-01 3.471202209094989e-01 7.372871167764304e-01
3.400000000000000e-01 3.565387418195016e-01 7.399742253348588e-01
3.450000000000000e-01 3.661801110494620e-01 7.427610882696103e-01
3.500000000000000e-01 3.760503547690021e-01 7.456491526631245e-01
3.550000000000000e-01 3.861556422017504e-01 7.486396115098407e-01
3.600000000000000e-01 3.965022894813072e-01 7.517334241413722e-01
3.650000000000000e-01 4.070967635990345e-01 7.549312828285091e-01
3.700000000000000e-01 4.179456864461349e-01 7.582335376739722e-01
3.750000000000000e-01 4.290558389525505e-01 7.616401316843401e-01
3.800000000000000e-01 4.404341653252637e-01 7.651505684209227e-01
3.850000000000000e-01 4.520877773886537e-01 7.687639141307437e-01
3.900000000000000e-01 4.640239590296172e-01 7.724787866408556e-01
3.950000000000000e-01 4.762501707502353e-01 7.762932912593075e-01
4.000000000000000e-01 4.887740543308307e-01 7.802049557600491e-01
4.050000000000000e-01 5.016034376063282e-01 7.842106815109590e-01
4.100000000000000e-01 5.147463393589066e-01 7.883066960093916e-01
4.150000000000000e-01 5.282109743299990e-01 7.924885439166927e-01
4.200000000000000e-01 5.420057583547735e-01 7.967510663739107e-01
4.250000000000000e-01 5.561393136223041e-01 8.010883839768789e-01
4.300000000000000e-01 5.706204740647189e-01 8.054938858888363e-01
4.350000000000000e-01 5.854582908786964e-01 8.099602126051783e-01
4.400000000000000e-01 6.006620381827575e-01 8.144792586176941e-01
4.450000000000000e-01 6.162412188138907e-01 8.190421772912746e-01
4.500000000000000e-01 6.322055702671360e-01 8.236394049922545e-01
4.550000000000000e-01 6.485650707818353e-01 8.282606954588152e-01
4.600000000000000e-01 6.653299455783577e-01 8.328951710777799e-01
4.650000000000000e-01 6.825106732491932e-01 8.375313888725586e-01
4.700000000000000e-01 7.001179923084168e-01 8.421574234295490e-01
4.750000000000000e-01 7.181629079036070e-01 8.467609667279896e-01
4.800000000000000e-01 7.366566986944229e-01 8.513294454552133e-01
4.850000000000000e-01 7.556109239021327e-01 8.558501556474138e-01
4.900000000000000e-01 7.750374305345038e-01 8.603104141681467e-01
4.950000000000000e-01 7.949483607905672e-01 8.646977259526683e-01
5.000000000000000e-01 8.153561596498893e-01 8.689999653576888e-01
5.050000000000000e-01 8.362735826510871e-01 8.732055692860534e-01
5.100000000000000e-01 8.577137038644561e-01 8.773037390403920e-01
5.150000000000000e-01 8.796899240636907e-01 8.812846471042495e-01
5.200000000000000e-01 9.022159791018011e-01 8.851396442749534e-01
5.250000000000000e-01 9.253059484964714e-01 8.888614618043130e-01
5.300000000000000e-01 9.489742642302165e-01 8.924444024742195e-01
5.350000000000000e-01 9.732357197708378e-01 8.958845138853104e-01
5.400000000000000e-01 9.981054793178262e-01 8.991797367174695e-01
5.450000000000000e-01 1.023599087280478e+00 9.023300203882301e-01
5.500000000000000e-01 1.049732477993657e+00 9.053373984525276e-01
5.550000000000000e-01 1.076521985677273e+00 9.082060163212886e-01
5.600000000000001e-01 1.103984354645701e+00 9.109421044922561e-01
5.650000000000001e-01 1.132136749773522e+00 9.135538915420803e-01
5.700000000000001e-01 1.160996767224129e+00 9.160514526670307e-01
5.750000000000001e-01 1.190582445447902e+00 9.184464916007350e-01
5.800000000000000e-01 1.220912276456826e+00 9.207520562700365e-01
5.850000000000000e-01 1.252005217382601e+00 9.229821915250603e-01
5.900000000000000e-01 1.283880702325469e+00 9.251515356044838e-01
5.950000000000000e-01 1.316558654501151e+00 9.272748705344666e-01
6.000000000000000e-01 1.350059498693518e+00 9.293666402296230e-01
6.050000000000000e-01 1.384404174020732e+00 9.314404534500152e-01
6.100000000000000e-01 1.419614147022888e+00 9.335085917257286e-01
6.150000000000000e-01 1.455711425079295e+00 9.355815446321326e-01
6.200000000000000e-01 1.492718570163803e+00 9.376675961262243e-01
6.250000000000000e-01 1.530658712946775e+00 9.397724857939861e-01
6.300000000000000e-01 1.569555567252506e+00 9.418991675969470e-01
6.350000000000000e-01 1.609433444881138e+00 9.440476858758352e-01
6.400000000000000e-01 1.650317270804325e+00 9.462151838685554e-01
6.450000000000000e-01 1.692232598744148e+00 9.483960538165623e-01
6.500000000000000e-01 1.735205627145031e+00 9.505822299768524e-01
6.550000000000000e-01 1.779263215548615e+00 9.527636167935210e-01
6.600000000000000e-01 1.824432901381847e+00 9.549286345782900e-01
6.650000000000000e-01 1.870742917168772e+00 9.570648549967515e-01
6.700000000000000e-01 1.918222208176775e+00 9.591596893823068e-01
6.750000000000000e-01 1.966900450508319e+00 9.612010855203492e-01
6.800000000000000e-01 2.016808069649473e+00 9.631781842649918e-01
6.850000000000001e-01 2.067976259486829e+00 9.650818872830852e-01
6.900000000000001e-01 2.120437001804702e+00 9.669052921537140e-01
6.950000000000001e-01 2.174223086274785e+00 9.686439611945181e-01
7.000000000000001e-01 2.229368130950753e+00 9.702960051596961e-01
7.050000000000000e-01 2.285906603280654e+00 9.718619809040144e-01
7.100000000000000e-01 2.343873841650178e+00 9.733446210039666e-01
7.150000000000000e-01 2.403306077470301e+00 9.747484304816452e-01
7.200000000000000e-01 2.464240457823092e+00 9.760791985275282e-01
7.250000000000000e-01 2.526715068679855e+00 9.773434793957456e-01
7.300000000000000e-01 2.590768958706095e+00 9.785480954640245e-01
7.350000000000000e-01 2.656442163668210e+00 9.796997071823497e-01
7.400000000000000e-01 2.723775731457148e+00 9.808044809671279e-01
7.450000000000000e-01 2.792811747744667e+00 9.818678696691843e-01
7.500000000000000e-01 2.863593362288260e+00 9.828945040429518e-01
7.550000000000000e-01 2.936164815901156e+00 9.838881803402206e-01
7.600000000000000e-01 3.010571468104263e+00 9.848519205387848e-01
7.650000000000000e-01 3.086859825477351e+00 9.857880784161810e-01
7.700000000000000e-01 3.165077570727174e+00 9.866984661656176e-01
7.750000000000000e-01 3.245273592490716e+00 9.875844811574075e-01
7.800000000000000e-01 3.327498015892184e+00 9.884472190325756e-01
7.850000000000000e-01 3.411802233872832e+00 9.892875659343576e-01
7.900000000000000e-01 3.498238939313234e+00 9.901062681460046e-01
7.950000000000000e-01 3.586862157968046e+00 9.909039811178590e-01
8.000000000000000e-01 3.677727282233856e+00 9.916813017977708e-01
8.050000000000000e-01 3.770891105771243e+00 9.924387886732060e-01
8.100000000000001e-01 3.866411859002656e+00 9.931769735021982e-01
8.150000000000001e-01 3.964349245508326e+00 9.938963678459621e-01
8.200000000000001e-01 4.064764479342956e+00 9.945974665835953e-01
8.250000000000001e-01 4.167720323296481e+00 9.952807497962208e-01
8.300000000000001e-01 4.273281128122877e+00 9.959466838287196e-01
8.350000000000000e-01 4.381512872761445e+00 9.965957219618725e-01
8.400000000000000e-01 4.492483205575838e+00 9.972283049085859e-01
8.450000000000000e-01 4.606261486636447e+00 9.978448612316060e-01
8.500000000000000e-01 4.722918831072739e+00 9.984458077238516e-01
8.550000000000000e-01 4.842528153522501e+00 9.990315497675764e-01
8.600000000000000e-01 4.965164213705875e+00 9.996024816784623e-01
8.650000000000000e-01 5.090903663152626e+00 1.000158987036988e+00
8.700000000000000e-01 5.219825093111814e+00 1.000701439008117e+00
8.750000000000000e-01 5.352009083673925e+00 1.001230200649936e+00
8.800000000000000e-01 5.487538254136007e+00 1.001745625211744e+00
8.850000000000000e-01 5.626497314641444e+00 1.002248056422028e+00
8.900000000000000e-01 5.768973119126561e+00 1.002737828766740e+00
8.950000000000000e-01 5.915054719607133e+00 1.003215267758283e+00
9.000000000000000e-01 6.064833421838831e+00 1.003680690195557e+00
9.050000000000000e-01 6.218402842386253e+00 1.004134404415437e+00
9.100000000000000e-01 6.375858967136348e+00 1.004576710536013e+00
9.150000000000000e-01 6.537300211292723e+00 1.005007900691920e+00
9.200000000000000e-01 6.702827480888332e+00 1.005428259262058e+00
9.250000000000000e-01 6.872544235855034e+00 1.005838063089996e+00
9.300000000000000e-01 7.046556554689444e+00 1.006237581697340e+00
9.350000000000001e-01 7.224973200755413e+00 1.006627077490333e+00
9.400000000000001e-01 7.407905690264673e+00 1.007006805959932e+00
9.450000000000001e-01 7.595468361978146e+00 1.007377015875618e+00
9.500000000000001e-01 7.787778448671316e+00 1.007737949473151e+00
9.550000000000001e-01 7.984956150408610e+00 1.008089842636510e+00
9.600000000000000e-01 8.187124709672272e+00 1.008432925074217e+00
9.650000000000000e-01 8.394410488393007e+00 1.008767420490254e+00
9.700000000000000e-01 8.606943046930221e+00 1.009093546749756e+00
9.750000000000000e-01 8.824855225051540e+00 1.009411516039681e+00
9.800000000000000e-01 9.048283224961922e+00 1.009721535024618e+00
9.850000000000000e-01 9.277366696434507e+00 1.010023804997910e+00
9.900000000000000e-01 9.512248824096272e+00 1.010318522028257e+00
9.950000000000000e-01 9.753076416923058e+00 1.010605877101947e+00
1.000000000000000e+00 1.000000000000000e+01 1.010886056260875e+00
