0.000000000000000e+00 0.000000000000000e+00 9.684864202675899e-01
5.000000000000000e-03 3.369477419287315e-03 9.684864202916017e-01
1.000000000000000e-02 6.741060871647481e-03 9.684864203747707e-01
1.500000000000000e-02 1.011685770649257e-02 9.684864204039842e-01
2.000000000000000e-02 1.349897790673588e-02 9.684864204174879e-01
2.500000000000000e-02 1.688953540759990e-02 9.684864204264979e-01
3.000000000000000e-02 2.029064941789469e-02 9.684864204338436e-01
3.500000000000000e-02 2.370444574459234e-02 9.684864204388447e-01
4.000000000000000e-02 2.713305812152553e-02 9.684864204446727e-01
4.500000000000000e-02 3.057862954304063e-02 9.684864204501292e-01
5.000000000000000e-02 3.404331360343898e-02 9.684864204565643e-01
5.500000000000000e-02 3.752927584304335e-02 9.684864204636037e-01
6.000000000000000e-02 4.103869510173117e-02 9.684864204681446e-01
6.500000000000000e-02 4.457376488078044e-02 9.684864204739712e-01
7.000000000000001e-02 4.813669471387935e-02 9.684864204788293e-01
7.500000000000000e-02 5.172971154815675e-02 9.684864204825844e-01
8.000000000000000e-02 5.535506113609672e-02 9.684864204868751e-01
8.500000000000001e-02 5.901500943920686e-02 9.684864204911626e-01
9.000000000000000e-02 6.271184404431801e-02 9.684864204953242e-01
9.500000000000000e-02 6.644787559340060e-02 9.684864205003723e-01
1.000000000000000e-01 7.022543922779090e-02 9.684864205070589e-01
1.050000000000000e-01 7.404689604773053e-02 9.684864205128791e-01
1.100000000000000e-01 7.791463458813094e-02 9.684864205182889e-01
1.150000000000000e-01 8.183107231148547e-02 9.684864205224307e-01
1.200000000000000e-01 8.579865711886202e-02 9.684864205271433e-01
1.250000000000000e-01 8.981986887992111e-02 9.684864205341143e-01
1.300000000000000e-01 9.389722098291493e-02 9.684864205401007e-01
1.350000000000000e-01 9.803326190563690e-02 9.684864205456769e-01
1.400000000000000e-01 1.022305768083033e-01 9.684864205527765e-01
1.450000000000000e-01 1.064917891493625e-01 9.684864205622841e-01
1.500000000000000e-01 1.108195623252418e-01 9.684864205727349e-01
1.550000000000000e-01 1.152166013350572e-01 9.684864205856752e-01
1.600000000000000e-01 1.196856544713255e-01 9.684864205979363e-01
1.650000000000000e-01 1.242295150377370e-01 9.684864206093614e-01
1.700000000000000e-01 1.288510230950609e-01 9.684864206210223e-01
1.750000000000000e-01 1.335530672362758e-01 9.684864206328886e-01
1.800000000000000e-01 1.383385863920344e-01 9.684864206457910e-01
1.850000000000000e-01 1.432105716675912e-01 9.684864206582182e-01
1.900000000000000e-01 1.481720682123397e-01 9.684864206729962e-01
1.950000000000000e-01 1.532261771231311e-01 9.684864206891970e-01
2.000000000000000e-01 1.583760573825595e-01 9.684864207050892e-01
2.050000000000000e-01 1.636249278334301e-01 9.684864207212431e-01
2.100000000000000e-01 1.689760691906397e-01 9.684864207376744e-01
2.150000000000000e-01 1.744328260917313e-01 9.684864207549797e-01
2.200000000000000e-01 1.799986091874004e-01 9.684864207713513e-01
2.250000000000000e-01 1.856768972732633e-01 9.684864207882579e-01
2.300000000000000e-01 1.914712394642179e-01 9.684864208066125e-01
2.350000000000000e-01 1.973852574127551e-01 9.684864208255980e-01
2.400000000000000e-01 2.034226475726105e-01 9.684864208467511e-01
2.450000000000000e-01 2.095871835091678e-01 9.684864208708553e-01
2.500000000000000e-01 2.158827182580599e-01 9.684864208988511e-01
2.550000000000000e-01 2.223131867334419e-01 9.684864209285854e-01
2.600000000000000e-01 2.288826081874405e-01 9.684864209589819e-01
2.650000000000000e-01 2.355950887223172e-01 9.684864209894278e-01
2.700000000000000e-01 2.424548238569160e-01 9.684864210197529e-01
2.750000000000000e-01 2.494661011489995e-01 9.684864210539395e-01
2.800000000000000e-01 2.566333028751116e-01 9.684864210906932e-01
2.850000000000000e-01 2.639609087696434e-01 9.684864211260510e-01
2.900000000000000e-01 2.714534988248126e-01 9.684864211610019e-01
2.950000000000000e-01 2.791157561533084e-01 9.684864211980386e-01
3.000000000000000e-01 2.869524699153886e-01 9.684864212379781e-01
3.050000000000000e-01 2.949685383122613e-01 9.684864212791383e-01
3.100000000000000e-01 3.031689716476197e-01 9.684864213233494e-01
3.150000000000000e-01 3.115588954592450e-01 9.684864213722780e-01
3.200000000000000e-01 3.201435537226349e-01 9.684864214244192e-01
3.250000000000000e-01 3.289283121286580e-01 9.684864214787311e-01
3.300000000000000e-01 3.379186614372866e-01 9.684864215369036e-01
3.350000000000000e-01 3.471202209094989e-01 9.684864215996349e-01
3.400000000000000e-01 3.565387418195016e-01 9.684864216636850e-01
3.450000000000000e-01 3.661801110494620e-01 9.684864217247060e-01
3.500000000000000e-01 3.760503547690021e-01 9.684864217885973e-01
3.550000000000000e-01 3.861556422017504e-01 9.684864218585055e-01
3.600000000000000e-01 3.965022894813072e-01 9.684864219307115e-01
3.650000000000000e-01 4.070967635990345e-01 9.684864220092244e-01
3.700000000000000e-01 4.179456864461349e-01 9.684864220951444e-01
3.750000000000000e-01 4.290558389525505e-01 9.684864221848143e-01
3.800000000000000e-01 4.404341653252637e-01 9.684864222772364e-01
3.850000000000000e-01 4.520877773886537e-01 9.684864223751616e-01
3.900000000000000e-01 4.640239590296172e-01 9.684864224738902e-01
3.950000000000000e-01 4.762501707502353e-01 9.684864225790091e-01
4.000000000000000e-01 4.887740543308307e-01 9.684864226940952e-01
4.050000000000000e-01 5.016034376063282e-01 9.684864228110597e-01
4.100000000000000e-01 5.147463393589066e-01 9.684864229306852e-01
4.150000000000000e-01 5.282109743299990e-01 9.684864230561584e-01
4.200000000000000e-01 5.420057583547735e-01 9.684864231950483e-01
4.250000000000000e-01 5.561393136223041e-01 9.684864233407260e-01
4.300000000000000e-01 5.706204740647189e-01 9.684864234923063e-01
4.350000000000000e-01 5.854582908786964e-01 9.684864236491096e-01
4.400000000000000e-01 6.006620381827575e-01 9.684864238113275e-01
4.450000000000000e-01 6.162412188138907e-01 9.684864239849076e-01
4.500000000000000e-01 6.322055702671360e-01 9.684864241658109e-01
4.550000000000000e-01 6.485650707818353e-01 9.684864243624851e-01
4.600000000000000e-01 6.653299455783577e-01 9.684864245673395e-01
4.650000000000000e-01 6.825106732491932e-01 9.684864247807992e-01
4.700000000000000e-01 7.001179923084168e-01 9.684864250047988e-01
4.750000000000000e-01 7.181629079036070e-01 9.684864252340468e-01
4.800000000000000e-01 7.366566986944229e-01 9.684864254835963e-01
4.850000000000000e-01 7.556109239021327e-01 9.684864257479495e-01
4.900000000000000e-01 7.750374305345038e-01 9.684864260266791e-01
4.950000000000000e-01 7.949483607905672e-01 9.684864263204293e-01
5.000000000000000e-01 8.153561596498893e-01 9.684864266240223e-01
5.050000000000000e-01 8.362735826510871e-01 9.684864269499588e-01
5.100000000000000e-01 8.577137038644561e-01 9.684864273017910e-01
5.150000000000000e-01 8.796899240636907e-01 9.684864276721883e-01
5.200000000000000e-01 9.022159791018011e-01 9.684864280605128e-01
5.250000000000000e-01 9.253059484964714e-01 9.684864284843895e-01
5.300000000000000e-01 9.489742642302165e-01 9.684864289418426e-01
5.350000000000000e-01 9.732357197708378e-01 9.684864294273267e-01
5.400000000000000e-01 9.981054793178262e-01 9.684864299613529e-01
5.450000000000000e-01 1.023599087280478e+00 9.684864305443370e-01
5.500000000000000e-01 1.049732477993657e+00 9.684864311887879e-01
5.550000000000000e-01 1.076521985677273e+00 9.684864319111585e-01
5.600000000000001e-01 1.103984354645701e+00 9.684864327225925e-01
5.650000000000001e-01 1.132136749773522e+00 9.684864336622795e-01
5.700000000000001e-01 1.160996767224129e+00 9.684864347547536e-01
5.750000000000001e-01 1.190582445447902e+00 9.684864360547646e-01
5.800000000000000e-01 1.220912276456826e+00 9.684864376455778e-01
5.850000000000000e-01 1.252005217382601e+00 9.684864396124876e-01
5.900000000000000e-01 1.283880702325469e+00 9.684864421342960e-01
5.950000000000000e-01 1.316558654501151e+00 9.684864454341021e-01
6.000000000000000e-01 1.350059498693518e+00 9.684864498429689e-01
6.050000000000000e-01 1.384404174020732e+00 9.684864559307640e-01
6.100000000000000e-01 1.419614147022888e+00 9.684864644629037e-01
6.150000000000000e-01 1.455711425079295e+00 9.684864766963877e-01
6.200000000000000e-01 1.492718570163803e+00 9.684864946272198e-01
6.250000000000000e-01 1.530658712946775e+00 9.684865211968438e-01
6.300000000000000e-01 1.569555567252506e+00 9.684865612571942e-01
6.350000000000000e-01 1.609433444881138e+00 9.684866224193651e-01
6.400000000000000e-01 1.650317270804325e+00 9.684867164690223e-01
6.450000000000000e-01 1.692232598744148e+00 9.684868626375542e-01
6.500000000000000e-01 1.735205627145031e+00 9.684870912739740e-01
6.550000000000000e-01 1.779263215548615e+00 9.684874502102702e-01
6.600000000000000e-01 1.824432901381847e+00 9.684880166369051e-01
6.650000000000000e-01 1.870742917168772e+00 9.684889127125608e-01
6.700000000000000e-01 1.918222208176775e+00 9.684903308897654e-01
6.750000000000000e-01 1.966900450508319e+00 9.684925771331355e-01
6.800000000000000e-01 2.016808069649473e+00 9.684961319903976e-01
6.850000000000001e-01 2.067976259486829e+00 9.685017425376224e-01
6.900000000000001e-01 2.120437001804702e+00 9.685105672982510e-01
6.950000000000001e-01 2.174223086274785e+00 9.685243826222552e-01
7.000000000000001e-01 2.229368130950753e+00 9.685458710454823e-01
7.050000000000000e-01 2.285906603280654e+00 9.685790232439758e-01
7.100000000000000e-01 2.343873841650178e+00 9.686296543292580e-01
7.150000000000000e-01 2.403306077470301e+00 9.687060295061640e-01
7.200000000000000e-01 2.464240457823092e+00 9.688195613936260e-01
7.250000000000000e-01 2.526715068679855e+00 9.689853522494689e-01
7.300000000000000e-01 2.590768958706095e+00 9.692221991670108e-01
7.350000000000000e-01 2.656442163668210e+00 9.695517477092794e-01
7.400000000000000e-01 2.723775731457148e+00 9.699963921709394e-01
7.450000000000000e-01 2.792811747744667e+00 9.705749888928805e-01
7.500000000000000e-01 2.863593362288260e+00 9.712952540654404e-01
7.550000000000000e-01 2.936164815901156e+00 9.721431961040976e-01
7.600000000000000e-01 3.010571468104263e+00 9.730734202640978e-01
7.650000000000000e-01 3.086859825477351e+00 9.740077143941220e-01
7.700000000000000e-01 3.165077570727174e+00 9.748490334328693e-01
7.750000000000000e-01 3.245273592490716e+00 9.755111204007557e-01
7.800000000000000e-01 3.327498015892184e+00 9.759534340643639e-01
7.850000000000000e-01 3.411802233872832e+00 9.762048014873710e-01
7.900000000000000e-01 3.498238939313234e+00 9.763633059695831e-01
7.950000000000000e-01 3.586862157968046e+00 9.765721239964148e-01
8.000000000000000e-01 3.677727282233856e+00 9.769825189469149e-01
8.050000000000000e-01 3.770891105771243e+00 9.777186366478232e-01
8.100000000000001e-01 3.866411859002656e+00 9.788542257614772e-01
8.150000000000001e-01 3.964349245508326e+00 9.804042925529052e-01
8.200000000000001e-01 4.064764479342956e+00 9.823291642621109e-01
8.250000000000001e-01 4.167720323296481e+00 9.845452621515816e-01
8.300000000000001e-01 4.273281128122877e+00 9.869363865338225e-01
8.350000000000000e-01 4.381512872761445e+00 9.893625866435226e-01
8.400000000000000e-01 4.492483205575838e+00 9.916697863234879e-01
8.450000000000000e-01 4.606261486636447e+00 9.937074811265300e-01
8.500000000000000e-01 4.722918831072739e+00 9.953585763655389e-01
8.550000000000000e-01 4.842528153522501e+00 9.965745527738451e-01
8.600000000000000e-01 4.965164213705875e+00 9.973982974714664e-01
8.650000000000000e-01 5.090903663152626e+00 9.979567457954693e-01
8.700000000000000e-01 5.219825093111814e+00 9.984195045617654e-01
8.750000000000000e-01 5.352009083673925e+00 9.989394764859336e-01
8.800000000000000e-01 5.487538254136007e+00 9.996031278263935e-01
8.850000000000000e-01 5.626497314641444e+00 1.000413057204340e+00
8.900000000000000e-01 5.768973119126561e+00 1.001307268718658e+00
8.950000000000000e-01 5.915054719607133e+00 1.002200126291137e+00
9.000000000000000e-01 6.064833421838831e+00 1.003021528518354e+00
9.050000000000000e-01 6.218402842386253e+00 1.003737175712562e+00
9.100000000000000e-01 6.375858967136348e+00 1.004347227645504e+00
9.150000000000000e-01 6.537300211292723e+00 1.004872268429532e+00
9.200000000000000e-01 6.702827480888332e+00 1.005338087916988e+00
9.250000000000000e-01 6.872544235855034e+00 1.005766159476186e+00
9.300000000000000e-01 7.046556554689444e+00 1.006170646942333e+00
9.350000000000001e-01 7.224973200755413e+00 1.006559420023711e+00
9.400000000000001e-01 7.407905690264673e+00 1.006936307024114e+00
9.450000000000001e-01 7.595468361978146e+00 1.007303017370747e+00
9.500000000000001e-01 7.787778448671316e+00 1.007660317394094e+00
9.550000000000001e-01 7.984956150408610e+00 1.008008608284116e+00
9.600000000000000e-01 8.187124709672272e+00 1.008348164871444e+00
9.650000000000000e-01 8.394410488393007e+00 1.008679220514660e+00
9.700000000000000e-01 8.606943046930221e+00 1.009001993484088e+00
9.750000000000000e-01 8.824855225051540e+00 1.009316694260304e+00
9.800000000000000e-01 9.048283224961922e+00 1.009623527415405e+00
9.850000000000000e-01 9.277366696434507e+00 1.009922692190603e+00
9.900000000000000e-01 9.512248824096272e+00 1.010214383286255e+00
9.950000000000000e-01 9.753076416923058e+00 1.010498797115792e+00
1.000000000000000e+00 1.000000000000000e+01 1.010776196418361e+00
