0.000000000000000e+00 0.000000000000000e+00 9.266603411153647e-01
5.000000000000000e-03 3.369477419287315e-03 9.266603446232976e-01
1.000000000000000e-02 6.741060871647481e-03 9.266603545790000e-01
1.500000000000000e-02 1.011685770649257e-02 9.266603725592396e-01
2.000000000000000e-02 1.349897790673588e-02 9.266603977781468e-01
2.500000000000000e-02 1.688953540759990e-02 9.266604296163228e-01
3.000000000000000e-02 2.029064941789469e-02 9.266604687162913e-01
3.500000000000000e-02 2.370444574459234e-02 9.266605152815203e-01
4.000000000000000e-02 2.713305812152553e-02 9.266605693609368e-01
4.500000000000000e-02 3.057862954304063e-02 9.266606310308781e-01
5.000000000000000e-02 3.404331360343898e-02 9.266607005373665e-01
5.500000000000000e-02 3.752927584304335e-02 9.266607777245256e-01
6.000000000000000e-02 4.103869510173117e-02 9.266608633398404e-01
6.500000000000000e-02 4.457376488078044e-02 9.266609579480579e-01
7.000000000000001e-02 4.813669471387935e-02 9.266610612184031e-01
7.500000000000000e-02 5.172971154815675e-02 9.266611736731926e-01
8.000000000000000e-02 5.535506113609672e-02 9.266612957834180e-01
8.500000000000001e-02 5.901500943920686e-02 9.266614279097419e-01
9.000000000000000e-02 6.271184404431801e-02 9.266615708213399e-01
9.500000000000000e-02 6.644787559340060e-02 9.266617243931720e-01
1.000000000000000e-01 7.022543922779090e-02 9.266618895907824e-01
1.050000000000000e-01 7.404689604773053e-02 9.266620670519710e-01
1.100000000000000e-01 7.791463458813094e-02 9.266622570719741e-01
1.150000000000000e-01 8.183107231148547e-02 9.266624606048308e-01
1.200000000000000e-01 8.579865711886202e-02 9.266626781243048e-01
1.250000000000000e-01 8.981986887992111e-02 9.266629101779478e-01
1.300000000000000e-01 9.389722098291493e-02 9.266631576104611e-01
1.350000000000000e-01 9.803326190563690e-02 9.266634212821623e-01
1.400000000000000e-01 1.022305768083033e-01 9.266637025233748e-01
1.450000000000000e-01 1.064917891493625e-01 9.266640023263012e-01
1.500000000000000e-01 1.108195623252418e-01 9.266643218827677e-01
1.550000000000000e-01 1.152166013350572e-01 9.266646623403322e-01
1.600000000000000e-01 1.196856544713255e-01 9.266650248101654e-01
1.650000000000000e-01 1.242295150377370e-01 9.266654112078437e-01
1.700000000000000e-01 1.288510230950609e-01 9.266658228855144e-01
1.750000000000000e-01 1.335530672362758e-01 9.266662616896377e-01
1.800000000000000e-01 1.383385863920344e-01 9.266667291798752e-01
1.850000000000000e-01 1.432105716675912e-01 9.266672271881885e-01
1.900000000000000e-01 1.481720682123397e-01 9.266677580552574e-01
1.950000000000000e-01 1.532261771231311e-01 9.266683238626278e-01
2.000000000000000e-01 1.583760573825595e-01 9.266689271342635e-01
2.050000000000000e-01 1.636249278334301e-01 9.266695709329152e-01
2.100000000000000e-01 1.689760691906397e-01 9.266702578014758e-01
2.150000000000000e-01 1.744328260917313e-01 9.266709913107161e-01
2.200000000000000e-01 1.799986091874004e-01 9.266717758610411e-01
2.250000000000000e-01 1.856768972732633e-01 9.266726149723358e-01
2.300000000000000e-01 1.914712394642179e-01 9.266735125265356e-01
2.350000000000000e-01 1.973852574127551e-01 9.266744728627199e-01
2.400000000000000e-01 2.034226475726105e-01 9.266755013582393e-01
2.450000000000000e-01 2.095871835091678e-01 9.266766037989485e-01
2.500000000000000e-01 2.158827182580599e-01 9.266777858181965e-01
2.550000000000000e-01 2.223131867334419e-01 9.266790541024933e-01
2.600000000000000e-01 2.288826081874405e-01 9.266804169502835e-01
2.650000000000000e-01 2.355950887223172e-01 9.266818821636722e-01
2.700000000000000e-01 2.424548238569160e-01 9.266834585326785e-01
2.750000000000000e-01 2.494661011489995e-01 9.266851562569945e-01
2.800000000000000e-01 2.566333028751116e-01 9.266869858402182e-01
2.850000000000000e-01 2.639609087696434e-01 9.266889588776320e-01
2.900000000000000e-01 2.714534988248126e-01 9.266910894199725e-01
2.950000000000000e-01 2.791157561533084e-01 9.266933933469491e-01
3.000000000000000e-01 2.869524699153886e-01 9.266958859384433e-01
3.050000000000000e-01 2.949685383122613e-01 9.266985847175571e-01
3.100000000000000e-01 3.031689716476197e-01 9.267015106679020e-01
3.150000000000000e-01 3.115588954592450e-01 9.267046874619920e-01
3.200000000000000e-01 3.201435537226349e-01 9.267081396664750e-01
3.250000000000000e-01 3.289283121286580e-01 9.267118951800467e-01
3.300000000000000e-01 3.379186614372866e-01 9.267159851052825e-01
3.350000000000000e-01 3.471202209094989e-01 9.267204443138716e-01
3.400000000000000e-01 3.565387418195016e-01 9.267253128339822e-01
3.450000000000000e-01 3.661801110494620e-01 9.267306336925274e-01
3.500000000000000e-01 3.760503547690021e-01 9.267364575732370e-01
3.550000000000000e-01 3.861556422017504e-01 9.267428393199029e-01
3.600000000000000e-01 3.965022894813072e-01 9.267498410327086e-01
3.650000000000000e-01 4.070967635990345e-01 9.267575332022264e-01
3.700000000000000e-01 4.179456864461349e-01 9.267659937910649e-01
3.750000000000000e-01 4.290558389525505e-01 9.267753133201269e-01
3.800000000000000e-01 4.404341653252637e-01 9.267855908889647e-01
3.850000000000000e-01 4.520877773886537e-01 9.267969409086383e-01
3.900000000000000e-01 4.640239590296172e-01 9.268094907654648e-01
3.950000000000000e-01 4.762501707502353e-01 9.268233840940523e-01
4.000000000000000e-01 4.887740543308307e-01 9.268387883874575e-01
4.050000000000000e-01 5.016034376063282e-01 9.268558884016499e-01
4.100000000000000e-01 5.147463393589066e-01 9.268748938311291e-01
4.150000000000000e-01 5.282109743299990e-01 9.268960425569390e-01
4.200000000000000e-01 5.420057583547735e-01 9.269196073596784e-01
4.250000000000000e-01 5.561393136223041e-01 9.269458967628881e-01
4.300000000000000e-01 5.706204740647189e-01 9.269752565571258e-01
4.350000000000000e-01 5.854582908786964e-01 9.270080854733105e-01
4.400000000000000e-01 6.006620381827575e-01 9.270448312301477e-01
4.450000000000000e-01 6.162412188138907e-01 9.270860034073011e-01
4.500000000000000e-01 6.322055702671360e-01 9.271321819955786e-01
4.550000000000000e-01 6.485650707818353e-01 9.271840182046880e-01
4.600000000000000e-01 6.653299455783577e-01 9.272422566761025e-01
4.650000000000000e-01 6.825106732491932e-01 9.273077337323042e-01
4.700000000000000e-01 7.001179923084168e-01 9.273813937850746e-01
4.750000000000000e-01 7.181629079036070e-01 9.274643069775124e-01
4.800000000000000e-01 7.366566986944229e-01 9.275576660954837e-01
4.850000000000000e-01 7.556109239021327e-01 9.276628170555544e-01
4.900000000000000e-01 7.750374305345038e-01 9.277812618107905e-01
4.950000000000000e-01 7.949483607905672e-01 9.279146639535317e-01
5.000000000000000e-01 8.153561596498893e-01 9.280648795750920e-01
5.050000000000000e-01 8.362735826510871e-01 9.282339416442841e-01
5.100000000000000e-01 8.577137038644561e-01 9.284240734135840e-01
5.150000000000000e-01 8.796899240636907e-01 9.286376997797056e-01
5.200000000000000e-01 9.022159791018011e-01 9.288774074338112e-01
5.250000000000000e-01 9.253059484964714e-01 9.291459492548505e-01
5.300000000000000e-01 9.489742642302165e-01 9.294462116485459e-01
5.350000000000000e-01 9.732357197708378e-01 9.297811315069039e-01
5.400000000000000e-01 9.981054793178262e-01 9.301536591487998e-01
5.450000000000000e-01 1.023599087280478e+00 9.305666493647576e-01
5.500000000000000e-01 1.049732477993657e+00 9.310226988361030e-01
5.550000000000000e-01 1.076521985677273e+00 9.315240258578663e-01
5.600000000000001e-01 1.103984354645701e+00 9.320722533498849e-01
5.650000000000001e-01 1.132136749773522e+00 9.326681303243003e-01
5.700000000000001e-01 1.160996767224129e+00 9.333113068690839e-01
5.750000000000001e-01 1.190582445447902e+00 9.340000231262654e-01
5.800000000000000e-01 1.220912276456826e+00 9.347307473915671e-01
5.850000000000000e-01 1.252005217382601e+00 9.354979300861110e-01
5.900000000000000e-01 1.283880702325469e+00 9.362937763640915e-01
5.950000000000000e-01 1.316558654501151e+00 9.371080518408418e-01
6.000000000000000e-01 1.350059498693518e+00 9.379281515694017e-01
6.050000000000000e-01 1.384404174020732e+00 9.387394308134503e-01
6.100000000000000e-01 1.419614147022888e+00 9.395257554502515e-01
6.150000000000000e-01 1.455711425079295e+00 9.402704634536551e-01
6.200000000000000e-01 1.492718570163803e+00 9.409577851450219e-01
6.250000000000000e-01 1.530658712946775e+00 9.415745323922526e-01
6.300000000000000e-01 1.569555567252506e+00 9.421119531342464e-01
6.350000000000000e-01 1.609433444881138e+00 9.425676389616888e-01
6.400000000000000e-01 1.650317270804325e+00 9.429471408204829e-01
6.450000000000000e-01 1.692232598744148e+00 9.432649312355413e-01
6.500000000000000e-01 1.735205627145031e+00 9.435445296902315e-01
6.550000000000000e-01 1.779263215548615e+00 9.438176823489574e-01
6.600000000000000e-01 1.824432901381847e+00 9.441225620454750e-01
6.650000000000000e-01 1.870742917168772e+00 9.445011749020683e-01
6.700000000000000e-01 1.918222208176775e+00 9.449963327998875e-01
6.750000000000000e-01 1.966900450508319e+00 9.456485426084779e-01
6.800000000000000e-01 2.016808069649473e+00 9.464931128933485e-01
6.850000000000001e-01 2.067976259486829e+00 9.475577651198708e-01
6.900000000000001e-01 2.120437001804702e+00 9.488609602889584e-01
6.950000000000001e-01 2.174223086274785e+00 9.504109798741134e-01
7.000000000000001e-01 2.229368130950753e+00 9.522056485504606e-01
7.050000000000000e-01 2.285906603280654e+00 9.542325391148939e-01
7.100000000000000e-01 2.343873841650178e+00 9.564695242759893e-01
7.150000000000000e-01 2.403306077470301e+00 9.588855731417372e-01
7.200000000000000e-01 2.464240457823092e+00 9.614417116045239e-01
7.250000000000000e-01 2.526715068679855e+00 9.640920977271279e-01
7.300000000000000e-01 2.590768958706095e+00 9.667852261193576e-01
7.350000000000000e-01 2.656442163668210e+00 9.694653546646791e-01
7.400000000000000e-01 2.723775731457148e+00 9.720743263831341e-01
7.450000000000000e-01 2.792811747744667e+00 9.745540219631215e-01
7.500000000000000e-01 2.863593362288260e+00 9.768496955706096e-01
7.550000000000000e-01 2.936164815901156e+00 9.789143605759560e-01
7.600000000000000e-01 3.010571468104263e+00 9.807141179782061e-01
7.650000000000000e-01 3.086859825477351e+00 9.822338168518054e-01
7.700000000000000e-01 3.165077570727174e+00 9.834818033064783e-01
7.750000000000000e-01 3.245273592490716e+00 9.844920462783049e-01
7.800000000000000e-01 3.327498015892184e+00 9.853220149623626e-01
7.850000000000000e-01 3.411802233872832e+00 9.860455594738146e-01
7.900000000000000e-01 3.498238939313234e+00 9.867415506032088e-01
7.950000000000000e-01 3.586862157968046e+00 9.874805903489068e-01
8.000000000000000e-01 3.677727282233856e+00 9.883130120799396e-01
8.050000000000000e-01 3.770891105771243e+00 9.892612227750018e-01
8.100000000000001e-01 3.866411859002656e+00 9.903182616131597e-01
8.150000000000001e-01 3.964349245508326e+00 9.914527110919976e-01
8.200000000000001e-01 4.064764479342956e+00 9.926183803286293e-01
8.250000000000001e-01 4.167720323296481e+00 9.937659867256807e-01
8.300000000000001e-01 4.273281128122877e+00 9.948537192889404e-01
8.350000000000000e-01 4.381512872761445e+00 9.958541714500262e-01
8.400000000000000e-01 4.492483205575838e+00 9.967564820789447e-01
8.450000000000000e-01 4.606261486636447e+00 9.975641229978164e-01
8.500000000000000e-01 4.722918831072739e+00 9.982900003776999e-01
8.550000000000000e-01 4.842528153522501e+00 9.989509580772200e-01
8.600000000000000e-01 4.965164213705875e+00 9.995633565787709e-01
8.650000000000000e-01 5.090903663152626e+00 1.000140512725261e+00
8.700000000000000e-01 5.219825093111814e+00 1.000691916831286e+00
8.750000000000000e-01 5.352009083673925e+00 1.001223635383485e+00
8.800000000000000e-01 5.487538254136007e+00 1.001739220671467e+00
8.850000000000000e-01 5.626497314641444e+00 1.002240634696149e+00
8.900000000000000e-01 5.768973119126561e+00 1.002728952685202e+00
8.950000000000000e-01 5.915054719607133e+00 1.003204807384161e+00
9.000000000000000e-01 6.064833421838831e+00 1.003668630922135e+00
9.050000000000000e-01 6.218402842386253e+00 1.004120770517701e+00
9.100000000000000e-01 6.375858967136348e+00 1.004561537693850e+00
9.150000000000000e-01 6.537300211292723e+00 1.004991227072713e+00
9.200000000000000e-01 6.702827480888332e+00 1.005410122914639e+00
9.250000000000000e-01 6.872544235855034e+00 1.005818501269864e+00
9.300000000000000e-01 7.046556554689444e+00 1.006216630724418e+00
9.350000000000001e-01 7.224973200755413e+00 1.006604772738884e+00
9.400000000000001e-01 7.407905690264673e+00 1.006983181877648e+00
9.450000000000001e-01 7.595468361978146e+00 1.007352106008010e+00
9.500000000000001e-01 7.787778448671316e+00 1.007711786488295e+00
9.550000000000001e-01 7.984956150408610e+00 1.008062458349219e+00
9.600000000000000e-01 8.187124709672272e+00 1.008404350469515e+00
9.650000000000000e-01 8.394410488393007e+00 1.008737685746138e+00
9.700000000000000e-01 8.606943046930221e+00 1.009062681259287e+00
9.750000000000000e-01 8.824855225051540e+00 1.009379548432405e+00
9.800000000000000e-01 9.048283224961922e+00 1.009688493187360e+00
9.850000000000000e-01 9.277366696434507e+00 1.009989716094946e+00
9.900000000000000e-01 9.512248824096272e+00 1.010283412520896e+00
9.950000000000000e-01 9.753076416923058e+00 1.010569772767538e+00
1.000000000000000e+00 1.000000000000000e+01 1.010848982211253e+00
