0.000000000000000e+00 0.000000000000000e+00 6.937848479159302e-01
5.000000000000000e-03 3.369477419287315e-03 6.937907762550148e-01
1.000000000000000e-02 6.741060871647481e-03 6.938066174439984e-01
1.500000000000000e-02 1.011685770649257e-02 6.938330839414381e-01
2.000000000000000e-02 1.349897790673588e-02 6.938702145534674e-01
2.500000000000000e-02 1.688953540759990e-02 6.939181097623929e-01
3.000000000000000e-02 2.029064941789469e-02 6.939768816944751e-01
3.500000000000000e-02 2.370444574459234e-02 6.940466609067243e-01
4.000000000000000e-02 2.713305812152553e-02 6.941276260462705e-01
4.500000000000000e-02 3.057862954304063e-02 6.942199683089970e-01
5.000000000000000e-02 3.404331360343898e-02 6.943239006058692e-01
5.500000000000000e-02 3.752927584304335e-02 6.944396718756236e-01
6.000000000000000e-02 4.103869510173117e-02 6.945675560984246e-01
6.500000000000000e-02 4.457376488078044e-02 6.947078600765332e-01
7.000000000000001e-02 4.813669471387935e-02 6.948609116108578e-01
7.500000000000000e-02 5.172971154815675e-02 6.950270651510676e-01
8.000000000000000e-02 5.535506113609672e-02 6.952067211166261e-01
8.500000000000001e-02 5.901500943920686e-02 6.954002995915171e-01
9.000000000000000e-02 6.271184404431801e-02 6.956082475905109e-01
9.500000000000000e-02 6.644787559340060e-02 6.958310601292438e-01
1.000000000000000e-01 7.022543922779090e-02 6.960692518497087e-01
1.050000000000000e-01 7.404689604773053e-02 6.963233704548804e-01
1.100000000000000e-01 7.791463458813094e-02 6.965940146342711e-01
1.150000000000000e-01 8.183107231148547e-02 6.968818045948719e-01
1.200000000000000e-01 8.579865711886202e-02 6.971873997251506e-01
1.250000000000000e-01 8.981986887992111e-02 6.975115104095286e-01
1.300000000000000e-01 9.389722098291493e-02 6.978548689003070e-01
1.350000000000000e-01 9.803326190563690e-02 6.982182532881175e-01
1.400000000000000e-01 1.022305768083033e-01 6.986024962590254e-01
1.450000000000000e-01 1.064917891493625e-01 6.990084559381547e-01
1.500000000000000e-01 1.108195623252418e-01 6.994370419689572e-01
1.550000000000000e-01 1.152166013350572e-01 6.998892205866266e-01
1.600000000000000e-01 1.196856544713255e-01 7.003659843635863e-01
1.650000000000000e-01 1.242295150377370e-01 7.008683814360134e-01
1.700000000000000e-01 1.288510230950609e-01 7.013975229964194e-01
1.750000000000000e-01 1.335530672362758e-01 7.019545511073769e-01
1.800000000000000e-01 1.383385863920344e-01 7.025406656588410e-01
1.850000000000000e-01 1.432105716675912e-01 7.031571344391180e-01
1.900000000000000e-01 1.481720682123397e-01 7.038052573418980e-01
1.950000000000000e-01 1.532261771231311e-01 7.044863909146084e-01
2.000000000000000e-01 1.583760573825595e-01 7.052019695864548e-01
2.050000000000000e-01 1.636249278334301e-01 7.059534668695470e-01
2.100000000000000e-01 1.689760691906397e-01 7.067424058048278e-01
2.150000000000000e-01 1.744328260917313e-01 7.075703907800852e-01
2.200000000000000e-01 1.799986091874004e-01 7.084390736729379e-01
2.250000000000000e-01 1.856768972732633e-01 7.093501472005009e-01
2.300000000000000e-01 1.914712394642179e-01 7.103053870431089e-01
2.350000000000000e-01 1.973852574127551e-01 7.113066318023374e-01
2.400000000000000e-01 2.034226475726105e-01 7.123557475366711e-01
2.450000000000000e-01 2.095871835091678e-01 7.134546646500982e-01
2.500000000000000e-01 2.158827182580599e-01 7.146053950088969e-01
2.550000000000000e-01 2.223131867334419e-01 7.158099844836616e-01
2.600000000000000e-01 2.288826081874405e-01 7.170705088311867e-01
2.650000000000000e-01 2.355950887223172e-01 7.183891154055070e-01
2.700000000000000e-01 2.424548238569160e-01 7.197680074066620e-01
2.750000000000000e-01 2.494661011489995e-01 7.212093988956531e-01
2.800000000000000e-01 2.566333028751116e-01 7.227155296574067e-01
2.850000000000000e-01 2.639609087696434e-01 7.242886954566228e-01
2.900000000000000e-01 2.714534988248126e-01 7.259312176780666e-01
2.950000000000000e-01 2.791157561533084e-01 7.276454000342780e-01
3.000000000000000e-01 2.869524699153886e-01 7.294335398029359e-01
3.050000000000000e-01 2.949685383122613e-01 7.312979541653971e-01
3.100000000000000e-01 3.031689716476197e-01 7.332409558576958e-01
3.150000000000000e-01 3.115588954592450e-01 7.352647987592089e-01
3.200000000000000e-01 3.201435537226349e-01 7.373716600327740e-01
3.250000000000000e-01 3.289283121286580e-01 7.395636663574165e-01
3.300000000000000e-01 3.379186614372866e-01 7.418428973837337e-01
3.350000000000000e-01 3.471202209094989e-01 7.442113291072626e-01
3.400000000000000e-01 3.565387418195016e-01 7.466707758127920e-01
3.450000000000000e-01 3.661801110494620e-01 7.492228819461639e-01
3.500000000000000e-01 3.760503547690021e-01 7.518691240050568e-01
3.550000000000000e-01 3.861556422017504e-01 7.546107952947080e-01
3.600000000000000e-01 3.965022894813072e-01 7.574489801644569e-01
3.650000000000000e-01 4.070967635990345e-01 7.603844943636620e-01
3.700000000000000e-01 4.179456864461349e-01 7.634178279435748e-01
3.750000000000000e-01 4.290558389525505e-01 7.665491214796823e-01
3.800000000000000e-01 4.404341653252637e-01 7.697781254471292e-01
3.850000000000000e-01 4.520877773886537e-01 7.731041802199344e-01
3.900000000000000e-01 4.640239590296172e-01 7.765261842888438e-01
3.950000000000000e-01 4.762501707502353e-01 7.800425518830044e-01
4.000000000000000e-01 4.887740543308307e-01 7.836511800513878e-01
4.050000000000000e-01 5.016034376063282e-01 7.873494028360610e-01
4.100000000000000e-01 5.147463393589066e-01 7.911339593199672e-01
4.150000000000000e-01 5.282109743299990e-01 7.950009577126618e-01
4.200000000000000e-01 5.420057583547735e-01 7.989458491325400e-01
4.250000000000000e-01 5.561393136223041e-01 8.029634044430496e-01
4.300000000000000e-01 5.706204740647189e-01 8.070476992635124e-01
4.350000000000000e-01 5.854582908786964e-01 8.111921065006136e-01
4.400000000000000e-01 6.006620381827575e-01 8.153892987257300e-01
4.450000000000000e-01 6.162412188138907e-01 8.196312615545306e-01
4.500000000000000e-01 6.322055702671360e-01 8.239093196922026e-01
4.550000000000000e-01 6.485650707818353e-01 8.282141770533133e-01
4.600000000000000e-01 6.653299455783577e-01 8.325359723012458e-01
4.650000000000000e-01 6.825106732491932e-01 8.368643509215340e-01
4.700000000000000e-01 7.001179923084168e-01 8.411885546583334e-01
4.750000000000000e-01 7.181629079036070e-01 8.454975287576183e-01
4.800000000000000e-01 7.366566986944229e-01 8.497800469821544e-01
4.850000000000000e-01 7.556109239021327e-01 8.540248537881454e-01
4.900000000000000e-01 7.750374305345038e-01 8.582208223874903e-01
4.950000000000000e-01 7.949483607905672e-01 8.623571266734934e-01
5.000000000000000e-01 8.153561596498893e-01 8.664234241794780e-01
5.050000000000000e-01 8.362735826510871e-01 8.704100463942319e-01
5.100000000000000e-01 8.577137038644561e-01 8.743081919083556e-01
5.150000000000000e-01 8.796899240636907e-01 8.781101170515502e-01
5.200000000000000e-01 9.022159791018011e-01 8.818093179492937e-01
5.250000000000000e-01 9.253059484964714e-01 8.854006973299819e-01
5.300000000000000e-01 9.489742642302165e-01 8.888807090051514e-01
5.350000000000000e-01 9.732357197708378e-01 8.922474727808192e-01
5.400000000000000e-01 9.981054793178262e-01 8.955008526890921e-01
5.450000000000000e-01 1.023599087280478e+00 8.986424919009925e-01
5.500000000000000e-01 1.049732477993657e+00 9.016757985278907e-01
5.550000000000000e-01 1.076521985677273e+00 9.046058777590383e-01
5.600000000000001e-01 1.103984354645701e+00 9.074394074166681e-01
5.650000000000001e-01 1.132136749773522e+00 9.101844560162158e-01
5.700000000000001e-01 1.160996767224129e+00 9.128502447516095e-01
5.750000000000001e-01 1.190582445447902e+00 9.154468574131712e-01
5.800000000000000e-01 1.220912276456826e+00 9.179849049927202e-01
5.850000000000000e-01 1.252005217382601e+00 9.204751545180829e-01
5.900000000000000e-01 1.283880702325469e+00 9.229281343486183e-01
5.950000000000000e-01 1.316558654501151e+00 9.253537306000488e-01
6.000000000000000e-01 1.350059498693518e+00 9.277607913855397e-01
6.050000000000000e-01 1.384404174020732e+00 9.301567569902131e-01
6.100000000000000e-01 1.419614147022888e+00 9.325473347689009e-01
6.150000000000000e-01 1.455711425079295e+00 9.349362373111850e-01
6.200000000000000e-01 1.492718570163803e+00 9.373250011104370e-01
6.250000000000000e-01 1.530658712946775e+00 9.397129004911882e-01
6.300000000000000e-01 1.569555567252506e+00 9.420969678243718e-01
6.350000000000000e-01 1.609433444881138e+00 9.444721260934287e-01
6.400000000000000e-01 1.650317270804325e+00 9.468314337615159e-01
6.450000000000000e-01 1.692232598744148e+00 9.491664348513759e-01
6.500000000000000e-01 1.735205627145031e+00 9.514675995572320e-01
6.550000000000000e-01 1.779263215548615e+00 9.537248331033273e-01
6.600000000000000e-01 1.824432901381847e+00 9.559280236498827e-01
6.650000000000000e-01 1.870742917168772e+00 9.580675946500479e-01
6.700000000000000e-01 1.918222208176775e+00 9.601350240452663e-01
6.750000000000000e-01 1.966900450508319e+00 9.621232928268921e-01
6.800000000000000e-01 2.016808069649473e+00 9.640272293158829e-01
6.850000000000001e-01 2.067976259486829e+00 9.658437231334920e-01
6.900000000000001e-01 2.120437001804702e+00 9.675717938246903e-01
6.950000000000001e-01 2.174223086274785e+00 9.692125124310910e-01
7.000000000000001e-01 2.229368130950753e+00 9.707687884464552e-01
7.050000000000000e-01 2.285906603280654e+00 9.722450476573420e-01
7.100000000000000e-01 2.343873841650178e+00 9.736468364936303e-01
7.150000000000000e-01 2.403306077470301e+00 9.749803941587643e-01
7.200000000000000e-01 2.464240457823092e+00 9.762522341295287e-01
7.250000000000000e-01 2.526715068679855e+00 9.774687716529615e-01
7.300000000000000e-01 2.590768958706095e+00 9.786360245805136e-01
7.350000000000000e-01 2.656442163668210e+00 9.797594029541933e-01
7.400000000000000e-01 2.723775731457148e+00 9.808435902622542e-01
7.450000000000000e-01 2.792811747744667e+00 9.818925082235904e-01
7.500000000000000e-01 2.863593362288260e+00 9.829093488893170e-01
7.550000000000000e-01 2.936164815901156e+00 9.838966535788519e-01
7.600000000000000e-01 3.010571468104263e+00 9.848564176885302e-01
7.650000000000000e-01 3.086859825477351e+00 9.857902030136966e-01
7.700000000000000e-01 3.165077570727174e+00 9.866992437645729e-01
7.750000000000000e-01 3.245273592490716e+00 9.875845376772198e-01
7.800000000000000e-01 3.327498015892184e+00 9.884469184525908e-01
7.850000000000000e-01 3.411802233872832e+00 9.892871094989714e-01
7.900000000000000e-01 3.498238939313234e+00 9.901057613296883e-01
7.950000000000000e-01 3.586862157968046e+00 9.909034760613706e-01
8.000000000000000e-01 3.677727282233856e+00 9.916808225749736e-01
8.050000000000000e-01 3.770891105771243e+00 9.924383454257740e-01
8.100000000000001e-01 3.866411859002656e+00 9.931765698645006e-01
8.150000000000001e-01 3.964349245508326e+00 9.938960046036334e-01
8.200000000000001e-01 4.064764479342956e+00 9.945971433621890e-01
8.250000000000001e-01 4.167720323296481e+00 9.952804657899789e-01
8.300000000000001e-01 4.273281128122877e+00 9.959464380939308e-01
8.350000000000000e-01 4.381512872761445e+00 9.965955135265868e-01
8.400000000000000e-01 4.492483205575838e+00 9.972281328104234e-01
8.450000000000000e-01 4.606261486636447e+00 9.978447245294778e-01
8.500000000000000e-01 4.722918831072739e+00 9.984457055009374e-01
8.550000000000000e-01 4.842528153522501e+00 9.990314811316059e-01
8.600000000000000e-01 4.965164213705875e+00 9.996024457612498e-01
8.650000000000000e-01 5.090903663152626e+00 1.000158982993783e+00
8.700000000000000e-01 5.219825093111814e+00 1.000701466016933e+00
8.750000000000000e-01 5.352009083673925e+00 1.001230257910888e+00
8.800000000000000e-01 5.487538254136007e+00 1.001745711946408e+00
8.850000000000000e-01 5.626497314641444e+00 1.002248171872820e+00
8.900000000000000e-01 5.768973119126561e+00 1.002737972196320e+00
8.950000000000000e-01 5.915054719607133e+00 1.003215438448968e+00
9.000000000000000e-01 6.064833421838831e+00 1.003680887448763e+00
9.050000000000000e-01 6.218402842386253e+00 1.004134627551134e+00
9.100000000000000e-01 6.375858967136348e+00 1.004576958892199e+00
9.150000000000000e-01 6.537300211292723e+00 1.005008173624112e+00
9.200000000000000e-01 6.702827480888332e+00 1.005428556142796e+00
9.250000000000000e-01 6.872544235855034e+00 1.005838383308365e+00
9.300000000000000e-01 7.046556554689444e+00 1.006237924658509e+00
9.350000000000001e-01 7.224973200755413e+00 1.006627442615104e+00
9.400000000000001e-01 7.407905690264673e+00 1.007007192684306e+00
9.450000000000001e-01 7.595468361978146e+00 1.007377423650372e+00
9.500000000000001e-01 7.787778448671316e+00 1.007738377763429e+00
9.550000000000001e-01 7.984956150408610e+00 1.008090290921429e+00
9.600000000000000e-01 8.187124709672272e+00 1.008433392846480e+00
9.650000000000000e-01 8.394410488393007e+00 1.008767907255777e+00
9.700000000000000e-01 8.606943046930221e+00 1.009094052027310e+00
9.750000000000000e-01 8.824855225051540e+00 1.009412039360537e+00
9.800000000000000e-01 9.048283224961922e+00 1.009722075932208e+00
9.850000000000000e-01 9.277366696434507e+00 1.010024363047496e+00
9.900000000000000e-01 9.512248824096272e+00 1.010319096786612e+00
9.950000000000000e-01 9.753076416923058e+00 1.010606468147043e+00
1.000000000000000e+00 1.000000000000000e+01 1.010886663181579e+00
