0.000000000000000e+00 0.000000000000000e+00 1.145384217373832e-03
3.125000000000000e-03 3.369263549427258e-03 1.145392440043791e-03
6.250000000000000e-03 6.739349689698711e-03 1.145425212448591e-03
9.375000000000001e-03 1.011108121249049e-02 1.145479871958906e-03
1.250000000000000e-02 1.348528131119160e-02 1.145556479929520e-03
1.562500000000000e-02 1.686277378188298e-02 1.145655119346080e-03
1.875000000000000e-02 2.024438322446370e-02 1.145775889294449e-03
2.187500000000000e-02 2.363093524397333e-02 1.145918913512450e-03
2.500000000000000e-02 2.702325665215984e-02 1.146084344888109e-03
2.812500000000000e-02 3.042217566934200e-02 1.146272357674909e-03
3.125000000000000e-02 3.382852212661575e-02 1.146483152771144e-03
3.437500000000000e-02 3.724312766845378e-02 1.146716954218460e-03
3.750000000000001e-02 4.066682595574785e-02 1.146974011092822e-03
4.062500000000000e-02 4.410045286934348e-02 1.147254597194468e-03
4.375000000000000e-02 4.754484671411652e-02 1.147559011661635e-03
4.687500000000000e-02 5.100084842364160e-02 1.147887579311726e-03
5.000000000000000e-02 5.446930176550237e-02 1.148240651099135e-03
5.312500000000001e-02 5.795105354729364e-02 1.148618604580736e-03
5.625000000000000e-02 6.144695382336569e-02 1.149021844421877e-03
5.937500000000000e-02 6.495785610236132e-02 1.149450802937684e-03
6.250000000000000e-02 6.848461755559625e-02 1.149905940672916e-03
6.562500000000000e-02 7.202809922633362e-02 1.150387747021517e-03
6.875000000000001e-02 7.558916624000402e-02 1.150896740887380e-03
7.187500000000001e-02 7.916868801542200e-02 1.151433471387792e-03
7.500000000000001e-02 8.276753847705080e-02 1.151998518601117e-03
7.812500000000000e-02 8.638659626836727e-02 1.152592494360349e-03
8.125000000000000e-02 9.002674496637868e-02 1.153216043094260e-03
8.437500000000001e-02 9.368887329734420e-02 1.153869842717971e-03
8.750000000000001e-02 9.737387535375355e-02 1.154554605574904e-03
9.062500000000001e-02 1.010826508126157e-01 1.155271079432152e-03
9.375000000000000e-02 1.048161051551108e-01 1.156020048531482e-03
9.687500000000000e-02 1.085751498876601e-01 1.156802334698289e-03
1.000000000000000e-01 1.123607027644654e-01 1.157618798510953e-03
1.031250000000000e-01 1.161736880115753e-01 1.158470340533246e-03
1.062500000000000e-01 1.200150365525305e-01 1.159357902612528e-03
1.093750000000000e-01 1.238856862356450e-01 1.160282469246700e-03
1.125000000000000e-01 1.277865820629775e-01 1.161245069023015e-03
1.156250000000000e-01 1.317186764210495e-01 1.162246776132046e-03
1.187500000000000e-01 1.356829293133661e-01 1.163288711960307e-03
1.218750000000000e-01 1.396803085947971e-01 1.164372046765216e-03
1.250000000000000e-01 1.437117902078738e-01 1.165498001436306e-03
1.281250000000000e-01 1.477783584210617e-01 1.166667849346822e-03
1.312500000000000e-01 1.518810060690650e-01 1.167882918300064e-03
1.343750000000000e-01 1.560207347952229e-01 1.169144592575087e-03
1.375000000000000e-01 1.601985552960564e-01 1.170454315076639e-03
1.406250000000000e-01 1.644154875680252e-01 1.171813589594469e-03
1.437500000000000e-01 1.686725611565558e-01 1.173223983177448e-03
1.468750000000000e-01 1.729708154074000e-01 1.174687128628205e-03
1.500000000000000e-01 1.773112997203869e-01 1.176204727124349e-03
1.531250000000000e-01 1.816950738056289e-01 1.177778550972613e-03
1.562500000000000e-01 1.861232079422458e-01 1.179410446502638e-03
1.593750000000000e-01 1.905967832396682e-01 1.181102337107459e-03
1.625000000000000e-01 1.951168919015860e-01 1.182856226438120e-03
1.656250000000000e-01 1.996846374926046e-01 1.184674201760244e-03
1.687500000000000e-01 2.043011352076760e-01 1.186558437480760e-03
1.718750000000000e-01 2.089675121443681e-01 1.188511198853454e-03
1.750000000000000e-01 2.136849075780412e-01 1.190534845872378e-03
1.781250000000000e-01 2.184544732399964e-01 1.192631837362666e-03
1.812500000000000e-01 2.232773735986666e-01 1.194804735278716e-03
1.843750000000000e-01 2.281547861439151e-01 1.197056209220200e-03
1.875000000000000e-01 2.330879016745160e-01 1.199389041176857e-03
1.906250000000000e-01 2.380779245888810e-01 1.201806130513501e-03
1.937500000000000e-01 2.431260731791094e-01 1.204310499207230e-03
1.968750000000000e-01 2.482335799284277e-01 1.206905297349306e-03
2.000000000000000e-01 2.534016918120952e-01 1.209593808924743e-03
2.031250000000000e-01 2.586316706018478e-01 1.212379457883157e-03
2.062500000000000e-01 2.639247931739538e-01 1.215265814514977e-03
2.093750000000000e-01 2.692823518209576e-01 1.218256602147675e-03
2.125000000000000e-01 2.747056545671873e-01 1.221355704177206e-03
2.156250000000000e-01 2.801960254881028e-01 1.224567171450354e-03
2.187500000000000e-01 2.857548050335636e-01 1.227895230014266e-03
2.218750000000000e-01 2.913833503550930e-01 1.231344289249887e-03
2.250000000000000e-01 2.970830356372213e-01 1.234918950406544e-03
2.281250000000000e-01 3.028552524329863e-01 1.238624015555348e-03
2.312500000000000e-01 3.087014100036755e-01 1.242464496979510e-03
2.343750000000000e-01 3.146229356628902e-01 1.246445627020006e-03
2.375000000000000e-01 3.206212751250189e-01 1.250572868395350e-03
2.406250000000000e-01 3.266978928582008e-01 1.254851925014457e-03
2.437500000000000e-01 3.328542724418705e-01 1.259288753301695e-03
2.468750000000000e-01 3.390919169289667e-01 1.263889574053304e-03
2.500000000000000e-01 3.454123492128958e-01 1.268660884844249e-03
2.531250000000000e-01 3.518171123993401e-01 1.273609473004349e-03
2.562500000000000e-01 3.583077701830001e-01 1.278742429182169e-03
2.593750000000000e-01 3.648859072293631e-01 1.284067161514540e-03
2.625000000000000e-01 3.715531295615936e-01 1.289591410418793e-03
2.656250000000000e-01 3.783110649526354e-01 1.295323264023765e-03
2.687500000000000e-01 3.851613633226258e-01 1.301271174254245e-03
2.718750000000000e-01 3.921056971417164e-01 1.307443973581906e-03
2.750000000000000e-01 3.991457618383991e-01 1.313850892453676e-03
2.781250000000000e-01 4.062832762134377e-01 1.320501577406069e-03
2.812500000000000e-01 4.135199828595055e-01 1.327406109870986e-03
2.843750000000000e-01 4.208576485866312e-01 1.334575025675016e-03
2.875000000000000e-01 4.282980648535585e-01 1.342019335230107e-03
2.906250000000000e-01 4.358430482051222e-01 1.349750544408659e-03
2.937500000000000e-01 4.434944407157500e-01 1.357780676090436e-03
2.968750000000000e-01 4.512541104391968e-01 1.366122292362216e-03
3.000000000000000e-01 4.591239518646220e-01 1.374788517343568e-03
3.031250000000000e-01 4.671058863791195e-01 1.383793060603537e-03
3.062500000000000e-01 4.752018627368176e-01 1.393150241123214e-03
3.093750000000000e-01 4.834138575346580e-01 1.402875011747875e-03
3.125000000000000e-01 4.917438756949728e-01 1.412982984059727e-03
3.156250000000000e-01 5.001939509549778e-01 1.423490453587804e-03
3.187500000000000e-01 5.087661463633005e-01 1.434414425255331e-03
3.218750000000000e-01 5.174625547836644e-01 1.445772638946533e-03
3.250000000000000e-01 5.262852994058529e-01 1.457583595054355e-03
3.281250000000000e-01 5.352365342640750e-01 1.469866579847550e-03
3.312500000000000e-01 5.443184447628656e-01 1.482641690470029e-03
3.343750000000000e-01 5.535332482106405e-01 1.495929859356868e-03
3.375000000000000e-01 5.628831943610435e-01 1.509752877819913e-03
3.406250000000000e-01 5.723705659622137e-01 1.524133418521104e-03
3.437500000000000e-01 5.819976793141081e-01 1.539095056513517e-03
3.468750000000000e-01 5.917668848340161e-01 1.554662288488250e-03
3.500000000000000e-01 6.016805676304035e-01 1.570860549819826e-03
3.531250000000000e-01 6.117411480852264e-01 1.587716228953403e-03
3.562500000000000e-01 6.219510824448572e-01 1.605256678623971e-03
3.593750000000000e-01 6.323128634197650e-01 1.623510223340810e-03
3.625000000000000e-01 6.428290207931012e-01 1.642506162509993e-03
3.656250000000000e-01 6.535021220383342e-01 1.662274768504062e-03
3.687500000000000e-01 6.643347729460869e-01 1.682847278921467e-03
3.718750000000000e-01 6.753296182603294e-01 1.704255882209870e-03
3.750000000000000e-01 6.864893423240808e-01 1.726533695757715e-03
3.781250000000000e-01 6.978166697347804e-01 1.749714735488930e-03
3.812500000000000e-01 7.093143660094854e-01 1.773833875927789e-03
3.843750000000000e-01 7.209852382600603e-01 1.798926799636855e-03
3.875000000000000e-01 7.328321358785219e-01 1.825029934872932e-03
3.906250000000000e-01 7.448579512327029e-01 1.852180380257251e-03
3.937500000000000e-01 7.570656203724140e-01 1.880415815220047e-03
3.968750000000000e-01 7.694581237462648e-01 1.909774394960751e-03
4.000000000000000e-01 7.820384869293291e-01 1.940294628667914e-03
4.031250000000000e-01 7.948097813618253e-01 1.972015239773565e-03
4.062500000000000e-01 8.077751250989945e-01 2.004975007081280e-03
4.093750000000000e-01 8.209376835723596e-01 2.039212585712909e-03
4.125000000000000e-01 8.343006703625532e-01 2.074766306973533e-03
4.156250000000000e-01 8.478673479838968e-01 2.111673956446020e-03
4.187500000000000e-01 8.616410286809313e-01 2.149972529904082e-03
4.218750000000000e-01 8.756250752370857e-01 2.189697966984760e-03
4.250000000000000e-01 8.898229017956865e-01 2.230884862995774e-03
4.281250000000000e-01 9.042379746935050e-01 2.273566159757656e-03
4.312500000000000e-01 9.188738133070491e-01 2.317772817000492e-03
4.343750000000000e-01 9.337339909118028e-01 2.363533466553644e-03
4.375000000000000e-01 9.488221355546261e-01 2.410874052383673e-03
4.406250000000000e-01 9.641419309395265e-01 2.459817460445730e-03
4.437500000000000e-01 9.796971173270190e-01 2.510383143306029e-03
4.468750000000000e-01 9.954914924472941e-01 2.562586745549551e-03
4.500000000000000e-01 1.011528912427417e+00 2.616439737080965e-03
4.531250000000000e-01 1.027813292732786e+00 2.671949062521649e-03
4.562500000000000e-01 1.044348609123070e+00 2.729116815954812e-03
4.593750000000000e-01 1.061138898622882e+00 2.787939951216443e-03
4.625000000000000e-01 1.078188260507393e+00 2.848410038704553e-03
4.656250000000000e-01 1.095500857303154e+00 2.910513080206448e-03
4.687500000000000e-01 1.113080915804360e+00 2.974229393441326e-03
4.718750000000000e-01 1.130932728104805e+00 3.039533577799320e-03
4.750000000000000e-01 1.149060652645771e+00 3.106394572048176e-03
4.781250000000000e-01 1.167469115280130e+00 3.174775813505973e-03
4.812500000000000e-01 1.186162610352890e+00 3.244635506293164e-03
4.843750000000000e-01 1.205145701798475e+00 3.315927003757965e-03
4.875000000000000e-01 1.224423024254985e+00 3.388599307031331e-03
4.906250000000000e-01 1.243999284195726e+00 3.462597677970993e-03
4.937500000000000e-01 1.263879261078271e+00 3.537864360607671e-03
4.968750000000000e-01 1.284067808511348e+00 3.614339400771101e-03
5.000000000000000e-01 1.304569855439823e+00 3.691961549057402e-03
5.031250000000000e-01 1.325390407348082e+00 3.770669227950809e-03
5.062500000000000e-01 1.346534547482100e+00 3.850401540005547e-03
5.093750000000000e-01 1.368007438090487e+00 3.931099290807736e-03
5.125000000000001e-01 1.389814321684837e+00 4.012705998236273e-03
5.156250000000000e-01 1.411960522319654e+00 4.095168858547851e-03
5.187500000000000e-01 1.434451446892208e+00 4.178439640182431e-03
5.218750000000000e-01 1.457292586462593e+00 4.262475477994198e-03
5.250000000000000e-01 1.480489517594354e+00 4.347239543834272e-03
5.281250000000001e-01 1.504047903715979e+00 4.432701573917579e-03
5.312500000000000e-01 1.527973496503592e+00 4.518838238972069e-03
5.343750000000000e-01 1.552272137285215e+00 4.605633349486336e-03
5.375000000000000e-01 1.576949758466886e+00 4.693077895074889e-03
5.406250000000000e-01 1.602012384981041e+00 4.781169923671749e-03
5.437500000000001e-01 1.627466135757470e+00 4.869914272547711e-03
5.468750000000000e-01 1.653317225217225e+00 4.959322168662339e-03
5.500000000000000e-01 1.679571964789851e+00 5.049410720306941e-03
5.531250000000000e-01 1.706236764454286e+00 5.140202325148707e-03
5.562500000000000e-01 1.733318134303830e+00 5.231724021522873e-03
5.593750000000001e-01 1.760822686135563e+00 5.324006810111423e-03
5.625000000000000e-01 1.788757135064574e+00 5.417084972060927e-03
5.656250000000000e-01 1.817128301163438e+00 5.510995407280291e-03
5.687500000000000e-01 1.845943111127301e+00 5.605777013341526e-03
5.718750000000000e-01 1.875208599965003e+00 5.701470121351871e-03
5.750000000000001e-01 1.904931912716643e+00 5.798116000670012e-03
5.781250000000000e-01 1.935120306198011e+00 5.895756439704504e-03
5.812500000000000e-01 1.965781150772311e+00 5.994433405546214e-03
5.843750000000000e-01 1.996921932149593e+00 6.094188781102718e-03
5.875000000000000e-01 2.028550253214365e+00 6.195064174927501e-03
5.906250000000001e-01 2.060673835881802e+00 6.297100796217582e-03
5.937500000000000e-01 2.093300522983012e+00 6.400339385571782e-03
5.968750000000000e-01 2.126438280179837e+00 6.504820191073493e-03
6.000000000000001e-01 2.160095197909630e+00 6.610582979038993e-03
6.031250000000000e-01 2.194279493360494e+00 6.717667069253801e-03
6.062500000000001e-01 2.228999512477486e+00 6.826111385563032e-03
6.093750000000000e-01 2.264263732000228e+00 6.935954514119714e-03
6.125000000000000e-01 2.300080761532477e+00 7.047234763252078e-03
6.156250000000001e-01 2.336459345644116e+00 7.159990220619931e-03
6.187500000000000e-01 2.373408366006099e+00 7.274258804946658e-03
6.218750000000001e-01 2.410936843558884e+00 7.390078311025916e-03
6.250000000000000e-01 2.449053940714840e+00 7.507486447837755e-03
6.281250000000000e-01 2.487768963595221e+00 7.626520870434546e-03
6.312500000000001e-01 2.527091364302215e+00 7.747219206775374e-03
6.343750000000000e-01 2.567030743226622e+00 7.869619080929785e-03
6.375000000000001e-01 2.607596851391758e+00 7.993758134088657e-03
6.406250000000000e-01 2.648799592834118e+00 8.119674044672454e-03
6.437500000000000e-01 2.690649027021411e+00 8.247404548576335e-03
6.468750000000001e-01 2.733155371308524e+00 8.376987460293589e-03
6.500000000000000e-01 2.776329003432049e+00 8.508460695358093e-03
6.531250000000001e-01 2.820180464043967e+00 8.641862294275751e-03
6.562500000000000e-01 2.864720459285089e+00 8.777230447893119e-03
6.593750000000000e-01 2.909959863398929e+00 8.914603523988016e-03
6.625000000000001e-01 2.955909721386590e+00 9.054020094761216e-03
6.656250000000000e-01 3.002581251703353e+00 9.195518964855019e-03
6.687500000000001e-01 3.049985848997626e+00 9.339139199514254e-03
6.718750000000000e-01 3.098135086892879e+00 9.484920152527936e-03
6.750000000000000e-01 3.147040720813310e+00 9.632901493634926e-03
6.781250000000001e-01 3.196714690853871e+00 9.783123235135874e-03
6.812500000000000e-01 3.247169124695383e+00 9.935625757518250e-03
6.843750000000001e-01 3.298416340565477e+00 1.009044983396612e-02
6.875000000000000e-01 3.350468850246008e+00 1.024763665368652e-02
6.906250000000000e-01 3.403339362127777e+00 1.040722784403735e-02
6.937500000000001e-01 3.457040784313211e+00 1.056926549148597e-02
6.968750000000000e-01 3.511586227767823e+00 1.073379216146197e-02
7.000000000000001e-01 3.566989009521205e+00 1.090085091719269e-02
7.031250000000000e-01 3.623262655918307e+00 1.107048533762634e-02
7.062500000000000e-01 3.680420905921852e+00 1.124273953455610e-02
7.093750000000001e-01 3.738477714466631e+00 1.141765816906051e-02
7.125000000000000e-01 3.797447255866536e+00 1.159528646737306e-02
7.156250000000001e-01 3.857343927275175e+00 1.177567023628682e-02
7.187500000000000e-01 3.918182352200844e+00 1.195885587819139e-02
7.218750000000000e-01 3.979977384076828e+00 1.214489040582905e-02
7.250000000000001e-01 4.042744109887770e+00 1.233382145684587e-02
7.281250000000000e-01 4.106497853853101e+00 1.252569730820324e-02
7.312500000000001e-01 4.171254181168399e+00 1.272056689050489e-02
7.343750000000000e-01 4.237028901805528e+00 1.291847980228542e-02
7.375000000000000e-01 4.303838074372613e+00 1.311948632429838e-02
7.406250000000001e-01 4.371698010034643e+00 1.332363743383490e-02
7.437500000000000e-01 4.440625276495786e+00 1.353098481909819e-02
7.468750000000001e-01 4.510636702044332e+00 1.374158089365456e-02
7.500000000000000e-01 4.581749379661216e+00 1.395547881097762e-02
7.531250000000000e-01 4.653980671193226e+00 1.417273247909969e-02
7.562500000000001e-01 4.727348211591802e+00 1.439339657538170e-02
7.593750000000000e-01 4.801869913218528e+00 1.461752656141164e-02
7.625000000000001e-01 4.877563970218381e+00 1.484517869803983e-02
7.656250000000000e-01 4.954448862961714e+00 1.507641006055857e-02
7.687500000000000e-01 5.032543362556198e+00 1.531127855403318e-02
7.718750000000001e-01 5.111866535429675e+00 1.554984292879045e-02
7.750000000000000e-01 5.192437747985146e+00 1.579216279607070e-02
7.781250000000001e-01 5.274276671329015e+00 1.603829864384915e-02
7.812500000000000e-01 5.357403286073669e+00 1.628831185283197e-02
7.843750000000000e-01 5.441837887215693e+00 1.654226471263269e-02
7.875000000000001e-01 5.527601089090773e+00 1.680022043813410e-02
7.906250000000000e-01 5.614713830406605e+00 1.706224318604116e-02
7.937500000000001e-01 5.703197379355005e+00 1.732839807162986e-02
7.968750000000000e-01 5.793073338804412e+00 1.759875118569767e-02
8.000000000000000e-01 5.884363651574169e+00 1.787336961172051e-02
8.031250000000001e-01 5.977090605791737e+00 1.815232144322158e-02
8.062500000000000e-01 6.071276840334257e+00 1.843567580135731e-02
8.093750000000001e-01 6.166945350355728e+00 1.872350285272566e-02
8.125000000000000e-01 6.264119492901173e+00 1.901587382740202e-02
8.156250000000000e-01 6.362822992609162e+00 1.931286103720798e-02
8.187500000000001e-01 6.463079947504072e+00 1.961453789421834e-02
8.218750000000000e-01 6.564914834879517e+00 1.992097892951167e-02
8.250000000000001e-01 6.668352517274371e+00 2.023225981216965e-02
8.281250000000000e-01 6.773418248542846e+00 2.054845736853079e-02
8.312500000000000e-01 6.880137680020114e+00 2.086964960170389e-02
8.343750000000001e-01 6.988536866784961e+00 2.119591571134654e-02
8.375000000000000e-01 7.098642274021019e+00 2.152733611371445e-02
8.406250000000001e-01 7.210480783478133e+00 2.186399246198690e-02
8.437500000000000e-01 7.324079700035414e+00 2.220596766687406e-02
8.468750000000000e-01 7.439466758367605e+00 2.255334591751180e-02
8.500000000000001e-01 7.556670129716381e+00 2.290621270264957e-02
8.531250000000000e-01 7.675718428768239e+00 2.326465483213724e-02
8.562500000000001e-01 7.796640720640633e+00 2.362876045871669e-02
8.593750000000000e-01 7.919466527978115e+00 2.399861910012379e-02
8.625000000000000e-01 8.044225838160141e+00 2.437432166150702e-02
8.656250000000001e-01 8.170949110622363e+00 2.475596045816842e-02
8.687500000000000e-01 8.299667284293170e+00 2.514362923863302e-02
8.718750000000001e-01 8.430411785147284e+00 2.553742320805297e-02
8.750000000000000e-01 8.563214533878281e+00 2.593743905195226e-02
8.781250000000000e-01 8.698107953691880e+00 2.634377496031858e-02
8.812500000000001e-01 8.835124978221932e+00 2.675653065204836e-02
8.843750000000000e-01 8.974299059571019e+00 2.717580739975162e-02
8.875000000000001e-01 9.115664176477637e+00 2.760170805492287e-02
8.906250000000000e-01 9.259254842611947e+00 2.803433707348479e-02
8.937500000000000e-01 9.405106115002161e+00 2.847380054171119e-02
8.968750000000001e-01 9.553253602593529e+00 2.892020620253591e-02
9.000000000000000e-01 9.703733474942130e+00 2.937366348225463e-02
9.031250000000001e-01 9.856582471045494e+00 2.983428351762627e-02
9.062500000000000e-01 1.001183790831228e+01 3.030217918338106e-02
9.093750000000000e-01 1.016953769167313e+01 3.077746512014217e-02
9.125000000000001e-01 1.032972032283505e+01 3.126025776276830e-02
9.156250000000000e-01 1.049242490968134e+01 3.175067536912415e-02
9.187500000000001e-01 1.065769117581972e+01 3.224883804928634e-02
9.218750000000000e-01 1.082555947028058e+01 3.275486779519214e-02
9.250000000000000e-01 1.099607077736805e+01 3.326888851073834e-02
9.281250000000001e-01 1.116926672666618e+01 3.379102604233832e-02
9.312500000000000e-01 1.134518960320255e+01 3.432140820994454e-02
9.343750000000001e-01 1.152388235777201e+01 3.486016483854468e-02
9.375000000000000e-01 1.170538861742293e+01 3.540742779013920e-02
9.406250000000000e-01 1.188975269610854e+01 3.596333099620830e-02
9.437500000000001e-01 1.207701960550600e+01 3.652801049067674e-02
9.468750000000000e-01 1.226723506600578e+01 3.710160444338441e-02
9.500000000000001e-01 1.246044551787411e+01 3.768425319407139e-02
9.531250000000000e-01 1.265669813259115e+01 3.827609928688587e-02
9.562500000000000e-01 1.285604082436773e+01 3.887728750542343e-02
9.593750000000001e-01 1.305852226184337e+01 3.948796490830683e-02
9.625000000000000e-01 1.326419187996850e+01 4.010828086531476e-02
9.656250000000001e-01 1.347309989207381e+01 4.073838709406885e-02
9.687500000000000e-01 1.368529730212962e+01 4.137843769728806e-02
9.718750000000000e-01 1.390083591719824e+01 4.202858920061960e-02
9.750000000000001e-01 1.411976836008246e+01 4.268900059105588e-02
9.781250000000000e-01 1.434214808217320e+01 4.335983335594715e-02
9.812500000000001e-01 1.456802937649935e+01 4.404125152261927e-02
9.843750000000000e-01 1.479746739098328e+01 4.473342169860676e-02
9.875000000000000e-01 1.503051814190487e+01 4.543651311251078e-02
9.906250000000001e-01 1.526723852757770e+01 4.615069765549256e-02
9.937500000000000e-01 1.550768634224049e+01 4.687614992341216e-02
9.968750000000001e-01 1.575192029016732e+01 4.761304725962326e-02
1.000000000000000e+00 1.600000000000000e+01 4.836156979843456e-02
