0.000000000000000e+00 0.000000000000000e+00 9.650168971007755e-01
5.000000000000000e-03 3.369477419287315e-03 9.650168971023851e-01
1.000000000000000e-02 6.741060871647481e-03 9.650168971031664e-01
1.500000000000000e-02 1.011685770649257e-02 9.650168971085092e-01
2.000000000000000e-02 1.349897790673588e-02 9.650168971129075e-01
2.500000000000000e-02 1.688953540759990e-02 9.650168971163835e-01
3.000000000000000e-02 2.029064941789469e-02 9.650168971177159e-01
3.500000000000000e-02 2.370444574459234e-02 9.650168971185829e-01
4.000000000000000e-02 2.713305812152553e-02 9.650168971198775e-01
4.500000000000000e-02 3.057862954304063e-02 9.650168971210823e-01
5.000000000000000e-02 3.404331360343898e-02 9.650168971221628e-01
5.500000000000000e-02 3.752927584304335e-02 9.650168971230056e-01
6.000000000000000e-02 4.103869510173117e-02 9.650168971235367e-01
6.500000000000000e-02 4.457376488078044e-02 9.650168971252440e-01
7.000000000000001e-02 4.813669471387935e-02 9.650168971269741e-01
7.500000000000000e-02 5.172971154815675e-02 9.650168971281723e-01
8.000000000000000e-02 5.535506113609672e-02 9.650168971296607e-01
8.500000000000001e-02 5.901500943920686e-02 9.650168971319316e-01
9.000000000000000e-02 6.271184404431801e-02 9.650168971350926e-01
9.500000000000000e-02 6.644787559340060e-02 9.650168971378881e-01
1.000000000000000e-01 7.022543922779090e-02 9.650168971407238e-01
1.050000000000000e-01 7.404689604773053e-02 9.650168971434142e-01
1.100000000000000e-01 7.791463458813094e-02 9.650168971463738e-01
1.150000000000000e-01 8.183107231148547e-02 9.650168971492328e-01
1.200000000000000e-01 8.579865711886202e-02 9.650168971510940e-01
1.250000000000000e-01 8.981986887992111e-02 9.650168971530670e-01
1.300000000000000e-01 9.389722098291493e-02 9.650168971559705e-01
1.350000000000000e-01 9.803326190563690e-02 9.650168971601909e-01
1.400000000000000e-01 1.022305768083033e-01 9.650168971637239e-01
1.450000000000000e-01 1.064917891493625e-01 9.650168971673404e-01
1.500000000000000e-01 1.108195623252418e-01 9.650168971720626e-01
1.550000000000000e-01 1.152166013350572e-01 9.650168971772735e-01
1.600000000000000e-01 1.196856544713255e-01 9.650168971825968e-01
1.650000000000000e-01 1.242295150377370e-01 9.650168971872778e-01
1.700000000000000e-01 1.288510230950609e-01 9.650168971922338e-01
1.750000000000000e-01 1.335530672362758e-01 9.650168971984168e-01
1.800000000000000e-01 1.383385863920344e-01 9.650168972037141e-01
1.850000000000000e-01 1.432105716675912e-01 9.650168972081093e-01
1.900000000000000e-01 1.481720682123397e-01 9.650168972125162e-01
1.950000000000000e-01 1.532261771231311e-01 9.650168972171694e-01
2.000000000000000e-01 1.583760573825595e-01 9.650168972219940e-01
2.050000000000000e-01 1.636249278334301e-01 9.650168972269604e-01
2.100000000000000e-01 1.689760691906397e-01 9.650168972332733e-01
2.150000000000000e-01 1.744328260917313e-01 9.650168972419751e-01
2.200000000000000e-01 1.799986091874004e-01 9.650168972506381e-01
2.250000000000000e-01 1.856768972732633e-01 9.650168972585916e-01
2.300000000000000e-01 1.914712394642179e-01 9.650168972659816e-01
2.350000000000000e-01 1.973852574127551e-01 9.650168972734849e-01
2.400000000000000e-01 2.034226475726105e-01 9.650168972817419e-01
2.450000000000000e-01 2.095871835091678e-01 9.650168972902216e-01
2.500000000000000e-01 2.158827182580599e-01 9.650168972992027e-01
2.550000000000000e-01 2.223131867334419e-01 9.650168973101101e-01
2.600000000000000e-01 2.288826081874405e-01 9.650168973223544e-01
2.650000000000000e-01 2.355950887223172e-01 9.650168973343207e-01
2.700000000000000e-01 2.424548238569160e-01 9.650168973470531e-01
2.750000000000000e-01 2.494661011489995e-01 9.650168973603203e-01
2.800000000000000e-01 2.566333028751116e-01 9.650168973749823e-01
2.850000000000000e-01 2.639609087696434e-01 9.650168973911675e-01
2.900000000000000e-01 2.714534988248126e-01 9.650168974055920e-01
2.950000000000000e-01 2.791157561533084e-01 9.650168974182005e-01
3.000000000000000e-01 2.869524699153886e-01 9.650168974331452e-01
3.050000000000000e-01 2.949685383122613e-01 9.650168974502357e-01
3.100000000000000e-01 3.031689716476197e-01 9.650168974679529e-01
3.150000000000000e-01 3.115588954592450e-01 9.650168974872251e-01
3.200000000000000e-01 3.201435537226349e-01 9.650168975078788e-01
3.250000000000000e-01 3.289283121286580e-01 9.650168975292078e-01
3.300000000000000e-01 3.379186614372866e-01 9.650168975510713e-01
3.350000000000000e-01 3.471202209094989e-01 9.650168975740712e-01
3.400000000000000e-01 3.565387418195016e-01 9.650168975992602e-01
3.450000000000000e-01 3.661801110494620e-01 9.650168976238938e-01
3.500000000000000e-01 3.760503547690021e-01 9.650168976500120e-01
3.550000000000000e-01 3.861556422017504e-01 9.650168976798686e-01
3.600000000000000e-01 3.965022894813072e-01 9.650168977094419e-01
3.650000000000000e-01 4.070967635990345e-01 9.650168977407575e-01
3.700000000000000e-01 4.179456864461349e-01 9.650168977734206e-01
3.750000000000000e-01 4.290558389525505e-01 9.650168978076559e-01
3.800000000000000e-01 4.404341653252637e-01 9.650168978461391e-01
3.850000000000000e-01 4.520877773886537e-01 9.650168978855720e-01
3.900000000000000e-01 4.640239590296172e-01 9.650168979249223e-01
3.950000000000000e-01 4.762501707502353e-01 9.650168979671393e-01
4.000000000000000e-01 4.887740543308307e-01 9.650168980107315e-01
4.050000000000000e-01 5.016034376063282e-01 9.650168980554290e-01
4.100000000000000e-01 5.147463393589066e-01 9.650168981036545e-01
4.150000000000000e-01 5.282109743299990e-01 9.650168981549572e-01
4.200000000000000e-01 5.420057583547735e-01 9.650168982104176e-01
4.250000000000000e-01 5.561393136223041e-01 9.650168982712619e-01
4.300000000000000e-01 5.706204740647189e-01 9.650168983337435e-01
4.350000000000000e-01 5.854582908786964e-01 9.650168983983239e-01
4.400000000000000e-01 6.006620381827575e-01 9.650168984652832e-01
4.450000000000000e-01 6.162412188138907e-01 9.650168985318542e-01
4.500000000000000e-01 6.322055702671360e-01 9.650168986016516e-01
4.550000000000000e-01 6.485650707818353e-01 9.650168986810129e-01
4.600000000000000e-01 6.653299455783577e-01 9.650168987684001e-01
4.650000000000000e-01 6.825106732491932e-01 9.650168988557702e-01
4.700000000000000e-01 7.001179923084168e-01 9.650168989461840e-01
4.750000000000000e-01 7.181629079036070e-01 9.650168990416260e-01
4.800000000000000e-01 7.366566986944229e-01 9.650168991428769e-01
4.850000000000000e-01 7.556109239021327e-01 9.650168992475764e-01
4.900000000000000e-01 7.750374305345038e-01 9.650168993569861e-01
4.950000000000000e-01 7.949483607905672e-01 9.650168994761632e-01
5.000000000000000e-01 8.153561596498893e-01 9.650168996011449e-01
5.050000000000000e-01 8.362735826510871e-01 9.650168997359850e-01
5.100000000000000e-01 8.577137038644561e-01 9.650168998741329e-01
5.150000000000000e-01 8.796899240636907e-01 9.650169000174892e-01
5.200000000000000e-01 9.022159791018011e-01 9.650169001698300e-01
5.250000000000000e-01 9.253059484964714e-01 9.650169003282525e-01
5.300000000000000e-01 9.489742642302165e-01 9.650169005021632e-01
5.350000000000000e-01 9.732357197708378e-01 9.650169006826127e-01
5.400000000000000e-01 9.981054793178262e-01 9.650169008712993e-01
5.450000000000000e-01 1.023599087280478e+00 9.650169010697942e-01
5.500000000000000e-01 1.049732477993657e+00 9.650169012761304e-01
5.550000000000000e-01 1.076521985677273e+00 9.650169015024160e-01
5.600000000000001e-01 1.103984354645701e+00 9.650169017390773e-01
5.650000000000001e-01 1.132136749773522e+00 9.650169019817796e-01
5.700000000000001e-01 1.160996767224129e+00 9.650169022393968e-01
5.750000000000001e-01 1.190582445447902e+00 9.650169025174949e-01
5.800000000000000e-01 1.220912276456826e+00 9.650169028095443e-01
5.850000000000000e-01 1.252005217382601e+00 9.650169031110996e-01
5.900000000000000e-01 1.283880702325469e+00 9.650169034351370e-01
5.950000000000000e-01 1.316558654501151e+00 9.650169037763339e-01
6.000000000000000e-01 1.350059498693518e+00 9.650169041344491e-01
6.050000000000000e-01 1.384404174020732e+00 9.650169045157023e-01
6.100000000000000e-01 1.419614147022888e+00 9.650169049145906e-01
6.150000000000000e-01 1.455711425079295e+00 9.650169053387305e-01
6.200000000000000e-01 1.492718570163803e+00 9.650169057858883e-01
6.250000000000000e-01 1.530658712946775e+00 9.650169062560180e-01
6.300000000000000e-01 1.569555567252506e+00 9.650169067561085e-01
6.350000000000000e-01 1.609433444881138e+00 9.650169072806819e-01
6.400000000000000e-01 1.650317270804325e+00 9.650169078362391e-01
6.450000000000000e-01 1.692232598744148e+00 9.650169084235640e-01
6.500000000000000e-01 1.735205627145031e+00 9.650169090415424e-01
6.550000000000000e-01 1.779263215548615e+00 9.650169096976776e-01
6.600000000000000e-01 1.824432901381847e+00 9.650169103873136e-01
6.650000000000000e-01 1.870742917168772e+00 9.650169111189077e-01
6.700000000000000e-01 1.918222208176775e+00 9.650169118943658e-01
6.750000000000000e-01 1.966900450508319e+00 9.650169127085589e-01
6.800000000000000e-01 2.016808069649473e+00 9.650169135847869e-01
6.850000000000001e-01 2.067976259486829e+00 9.650169145163175e-01
6.900000000000001e-01 2.120437001804702e+00 9.650169155031263e-01
6.950000000000001e-01 2.174223086274785e+00 9.650169166001201e-01
7.000000000000001e-01 2.229368130950753e+00 9.650169178022314e-01
7.050000000000000e-01 2.285906603280654e+00 9.650169191243017e-01
7.100000000000000e-01 2.343873841650178e+00 9.650169207246266e-01
7.150000000000000e-01 2.403306077470301e+00 9.650169227015698e-01
7.200000000000000e-01 2.464240457823092e+00 9.650169251717050e-01
7.250000000000000e-01 2.526715068679855e+00 9.650169287705999e-01
7.300000000000000e-01 2.590768958706095e+00 9.650169345842411e-01
7.350000000000000e-01 2.656442163668210e+00 9.650169440496211e-01
7.400000000000000e-01 2.723775731457148e+00 9.650169611452581e-01
7.450000000000000e-01 2.792811747744667e+00 9.650169961384878e-01
7.500000000000000e-01 2.863593362288260e+00 9.650170682746435e-01
7.550000000000000e-01 2.936164815901156e+00 9.650172152341888e-01
7.600000000000000e-01 3.010571468104263e+00 9.650175294174832e-01
7.650000000000000e-01 3.086859825477351e+00 9.650182246851401e-01
7.700000000000000e-01 3.165077570727174e+00 9.650197254133571e-01
7.750000000000000e-01 3.245273592490716e+00 9.650228630876535e-01
7.800000000000000e-01 3.327498015892184e+00 9.650294203694475e-01
7.850000000000000e-01 3.411802233872832e+00 9.650431808455205e-01
7.900000000000000e-01 3.498238939313234e+00 9.650713349241974e-01
7.950000000000000e-01 3.586862157968046e+00 9.651262507176850e-01
8.000000000000000e-01 3.677727282233856e+00 9.652287227157963e-01
8.050000000000000e-01 3.770891105771243e+00 9.654137453766531e-01
8.100000000000001e-01 3.866411859002656e+00 9.657350815381873e-01
8.150000000000001e-01 3.964349245508326e+00 9.662562826291202e-01
8.200000000000001e-01 4.064764479342956e+00 9.670148118179903e-01
8.250000000000001e-01 4.167720323296481e+00 9.679692906320155e-01
8.300000000000001e-01 4.273281128122877e+00 9.689756897575129e-01
8.350000000000000e-01 4.381512872761445e+00 9.698356593626216e-01
8.400000000000000e-01 4.492483205575838e+00 9.704017439995343e-01
8.450000000000000e-01 4.606261486636447e+00 9.706693476612367e-01
8.500000000000000e-01 4.722918831072739e+00 9.707920489313040e-01
8.550000000000000e-01 4.842528153522501e+00 9.710137073195574e-01
8.600000000000000e-01 4.965164213705875e+00 9.715663367311413e-01
8.650000000000000e-01 5.090903663152626e+00 9.725947796960208e-01
8.700000000000000e-01 5.219825093111814e+00 9.741332266723374e-01
8.750000000000000e-01 5.352009083673925e+00 9.761141097808437e-01
8.800000000000000e-01 5.487538254136007e+00 9.783805470642528e-01
8.850000000000000e-01 5.626497314641444e+00 9.806997734292806e-01
8.900000000000000e-01 5.768973119126561e+00 9.828007789145931e-01
8.950000000000000e-01 5.915054719607133e+00 9.844520834386439e-01
9.000000000000000e-01 6.064833421838831e+00 9.855552248094723e-01
9.050000000000000e-01 6.218402842386253e+00 9.861935244578637e-01
9.100000000000000e-01 6.375858967136348e+00 9.865889341077327e-01
9.150000000000000e-01 6.537300211292723e+00 9.869839001562688e-01
9.200000000000000e-01 6.702827480888332e+00 9.875247174048498e-01
9.250000000000000e-01 6.872544235855034e+00 9.882195165264345e-01
9.300000000000000e-01 7.046556554689444e+00 9.889816795329576e-01
9.350000000000001e-01 7.224973200755413e+00 9.897088945954517e-01
9.400000000000001e-01 7.407905690264673e+00 9.903393620929637e-01
9.450000000000001e-01 7.595468361978146e+00 9.908626369682794e-01
9.500000000000001e-01 7.787778448671316e+00 9.913001556961318e-01
9.550000000000001e-01 7.984956150408610e+00 9.916812036869309e-01
9.600000000000000e-01 8.187124709672272e+00 9.920289330585699e-01
9.650000000000000e-01 8.394410488393007e+00 9.923571700455082e-01
9.700000000000000e-01 8.606943046930221e+00 9.926728861065885e-01
9.750000000000000e-01 8.824855225051540e+00 9.929817688365995e-01
9.800000000000000e-01 9.048283224961922e+00 9.933124169265746e-01
9.850000000000000e-01 9.277366696434507e+00 9.939346064292429e-01
9.900000000000000e-01 9.512248824096272e+00 9.974922861916993e-01
9.950000000000000e-01 9.753076416923058e+00 1.032524825417874e+00
1.000000000000000e+00 1.000000000000000e+01 1.485482245352752e+00
