0.000000000000000e+00 0.000000000000000e+00 9.776284333851852e-01
5.000000000000000e-03 3.369477419287315e-03 9.776284334116248e-01
1.000000000000000e-02 6.741060871647481e-03 9.776284334404159e-01
1.500000000000000e-02 1.011685770649257e-02 9.776284334540458e-01
2.000000000000000e-02 1.349897790673588e-02 9.776284334613522e-01
2.500000000000000e-02 1.688953540759990e-02 9.776284334657576e-01
3.000000000000000e-02 2.029064941789469e-02 9.776284334690054e-01
3.500000000000000e-02 2.370444574459234e-02 9.776284334718721e-01
4.000000000000000e-02 2.713305812152553e-02 9.776284334733778e-01
4.500000000000000e-02 3.057862954304063e-02 9.776284334748301e-01
5.000000000000000e-02 3.404331360343898e-02 9.776284334758746e-01
5.500000000000000e-02 3.752927584304335e-02 9.776284334774545e-01
6.000000000000000e-02 4.103869510173117e-02 9.776284334786067e-01
6.500000000000000e-02 4.457376488078044e-02 9.776284334796155e-01
7.000000000000001e-02 4.813669471387935e-02 9.776284334810560e-01
7.500000000000000e-02 5.172971154815675e-02 9.776284334830123e-01
8.000000000000000e-02 5.535506113609672e-02 9.776284334848245e-01
8.500000000000001e-02 5.901500943920686e-02 9.776284334863871e-01
9.000000000000000e-02 6.271184404431801e-02 9.776284334883737e-01
9.500000000000000e-02 6.644787559340060e-02 9.776284334914664e-01
1.000000000000000e-01 7.022543922779090e-02 9.776284334945775e-01
1.050000000000000e-01 7.404689604773053e-02 9.776284334984011e-01
1.100000000000000e-01 7.791463458813094e-02 9.776284335047610e-01
1.150000000000000e-01 8.183107231148547e-02 9.776284335096108e-01
1.200000000000000e-01 8.579865711886202e-02 9.776284335138110e-01
1.250000000000000e-01 8.981986887992111e-02 9.776284335168554e-01
1.300000000000000e-01 9.389722098291493e-02 9.776284335211151e-01
1.350000000000000e-01 9.803326190563690e-02 9.776284335269092e-01
1.400000000000000e-01 1.022305768083033e-01 9.776284335327257e-01
1.450000000000000e-01 1.064917891493625e-01 9.776284335383310e-01
1.500000000000000e-01 1.108195623252418e-01 9.776284335439077e-01
1.550000000000000e-01 1.152166013350572e-01 9.776284335505674e-01
1.600000000000000e-01 1.196856544713255e-01 9.776284335579682e-01
1.650000000000000e-01 1.242295150377370e-01 9.776284335639339e-01
1.700000000000000e-01 1.288510230950609e-01 9.776284335697021e-01
1.750000000000000e-01 1.335530672362758e-01 9.776284335747956e-01
1.800000000000000e-01 1.383385863920344e-01 9.776284335802626e-01
1.850000000000000e-01 1.432105716675912e-01 9.776284335876355e-01
1.900000000000000e-01 1.481720682123397e-01 9.776284335953085e-01
1.950000000000000e-01 1.532261771231311e-01 9.776284336028737e-01
2.000000000000000e-01 1.583760573825595e-01 9.776284336100587e-01
2.050000000000000e-01 1.636249278334301e-01 9.776284336165847e-01
2.100000000000000e-01 1.689760691906397e-01 9.776284336246971e-01
2.150000000000000e-01 1.744328260917313e-01 9.776284336325010e-01
2.200000000000000e-01 1.799986091874004e-01 9.776284336410994e-01
2.250000000000000e-01 1.856768972732633e-01 9.776284336509560e-01
2.300000000000000e-01 1.914712394642179e-01 9.776284336624973e-01
2.350000000000000e-01 1.973852574127551e-01 9.776284336753327e-01
2.400000000000000e-01 2.034226475726105e-01 9.776284336884602e-01
2.450000000000000e-01 2.095871835091678e-01 9.776284337039851e-01
2.500000000000000e-01 2.158827182580599e-01 9.776284337194782e-01
2.550000000000000e-01 2.223131867334419e-01 9.776284337358855e-01
2.600000000000000e-01 2.288826081874405e-01 9.776284337519607e-01
2.650000000000000e-01 2.355950887223172e-01 9.776284337689337e-01
2.700000000000000e-01 2.424548238569160e-01 9.776284337867369e-01
2.750000000000000e-01 2.494661011489995e-01 9.776284338044486e-01
2.800000000000000e-01 2.566333028751116e-01 9.776284338232084e-01
2.850000000000000e-01 2.639609087696434e-01 9.776284338412246e-01
2.900000000000000e-01 2.714534988248126e-01 9.776284338598316e-01
2.950000000000000e-01 2.791157561533084e-01 9.776284338813048e-01
3.000000000000000e-01 2.869524699153886e-01 9.776284339017276e-01
3.050000000000000e-01 2.949685383122613e-01 9.776284339248209e-01
3.100000000000000e-01 3.031689716476197e-01 9.776284339495690e-01
3.150000000000000e-01 3.115588954592450e-01 9.776284339738778e-01
3.200000000000000e-01 3.201435537226349e-01 9.776284340000277e-01
3.250000000000000e-01 3.289283121286580e-01 9.776284340304218e-01
3.300000000000000e-01 3.379186614372866e-01 9.776284340658015e-01
3.350000000000000e-01 3.471202209094989e-01 9.776284341006563e-01
3.400000000000000e-01 3.565387418195016e-01 9.776284341350022e-01
3.450000000000000e-01 3.661801110494620e-01 9.776284341702030e-01
3.500000000000000e-01 3.760503547690021e-01 9.776284342070000e-01
3.550000000000000e-01 3.861556422017504e-01 9.776284342448940e-01
3.600000000000000e-01 3.965022894813072e-01 9.776284342851909e-01
3.650000000000000e-01 4.070967635990345e-01 9.776284343268375e-01
3.700000000000000e-01 4.179456864461349e-01 9.776284343716314e-01
3.750000000000000e-01 4.290558389525505e-01 9.776284344189130e-01
3.800000000000000e-01 4.404341653252637e-01 9.776284344710634e-01
3.850000000000000e-01 4.520877773886537e-01 9.776284345253863e-01
3.900000000000000e-01 4.640239590296172e-01 9.776284345808131e-01
3.950000000000000e-01 4.762501707502353e-01 9.776284346413133e-01
4.000000000000000e-01 4.887740543308307e-01 9.776284347034555e-01
4.050000000000000e-01 5.016034376063282e-01 9.776284347678210e-01
4.100000000000000e-01 5.147463393589066e-01 9.776284348362967e-01
4.150000000000000e-01 5.282109743299990e-01 9.776284349094713e-01
4.200000000000000e-01 5.420057583547735e-01 9.776284349844641e-01
4.250000000000000e-01 5.561393136223041e-01 9.776284350642698e-01
4.300000000000000e-01 5.706204740647189e-01 9.776284351476461e-01
4.350000000000000e-01 5.854582908786964e-01 9.776284352317576e-01
4.400000000000000e-01 6.006620381827575e-01 9.776284353224954e-01
4.450000000000000e-01 6.162412188138907e-01 9.776284354241918e-01
4.500000000000000e-01 6.322055702671360e-01 9.776284355317851e-01
4.550000000000000e-01 6.485650707818353e-01 9.776284356393476e-01
4.600000000000000e-01 6.653299455783577e-01 9.776284357499196e-01
4.650000000000000e-01 6.825106732491932e-01 9.776284358676888e-01
4.700000000000000e-01 7.001179923084168e-01 9.776284359930905e-01
4.750000000000000e-01 7.181629079036070e-01 9.776284361257537e-01
4.800000000000000e-01 7.366566986944229e-01 9.776284362669140e-01
4.850000000000000e-01 7.556109239021327e-01 9.776284364152189e-01
4.900000000000000e-01 7.750374305345038e-01 9.776284365710846e-01
4.950000000000000e-01 7.949483607905672e-01 9.776284367309847e-01
5.000000000000000e-01 8.153561596498893e-01 9.776284368992821e-01
5.050000000000000e-01 8.362735826510871e-01 9.776284370785918e-01
5.100000000000000e-01 8.577137038644561e-01 9.776284372679217e-01
5.150000000000000e-01 8.796899240636907e-01 9.776284374732415e-01
5.200000000000000e-01 9.022159791018011e-01 9.776284376829115e-01
5.250000000000000e-01 9.253059484964714e-01 9.776284379019828e-01
5.300000000000000e-01 9.489742642302165e-01 9.776284381338499e-01
5.350000000000000e-01 9.732357197708378e-01 9.776284383761362e-01
5.400000000000000e-01 9.981054793178262e-01 9.776284386404319e-01
5.450000000000000e-01 1.023599087280478e+00 9.776284389119108e-01
5.500000000000000e-01 1.049732477993657e+00 9.776284391931841e-01
5.550000000000000e-01 1.076521985677273e+00 9.776284394965697e-01
5.600000000000001e-01 1.103984354645701e+00 9.776284398163113e-01
5.650000000000001e-01 1.132136749773522e+00 9.776284401500409e-01
5.700000000000001e-01 1.160996767224129e+00 9.776284404985665e-01
5.750000000000001e-01 1.190582445447902e+00 9.776284408717082e-01
5.800000000000000e-01 1.220912276456826e+00 9.776284412628983e-01
5.850000000000000e-01 1.252005217382601e+00 9.776284416713024e-01
5.900000000000000e-01 1.283880702325469e+00 9.776284421065251e-01
5.950000000000000e-01 1.316558654501151e+00 9.776284425602284e-01
6.000000000000000e-01 1.350059498693518e+00 9.776284430405289e-01
6.050000000000000e-01 1.384404174020732e+00 9.776284435472655e-01
6.100000000000000e-01 1.419614147022888e+00 9.776284440766291e-01
6.150000000000000e-01 1.455711425079295e+00 9.776284446405169e-01
6.200000000000000e-01 1.492718570163803e+00 9.776284452307044e-01
6.250000000000000e-01 1.530658712946775e+00 9.776284458529716e-01
6.300000000000000e-01 1.569555567252506e+00 9.776284465151588e-01
6.350000000000000e-01 1.609433444881138e+00 9.776284472086002e-01
6.400000000000000e-01 1.650317270804325e+00 9.776284479479238e-01
6.450000000000000e-01 1.692232598744148e+00 9.776284487361582e-01
6.500000000000000e-01 1.735205627145031e+00 9.776284495729679e-01
6.550000000000000e-01 1.779263215548615e+00 9.776284504809298e-01
6.600000000000000e-01 1.824432901381847e+00 9.776284514675671e-01
6.650000000000000e-01 1.870742917168772e+00 9.776284525546153e-01
6.700000000000000e-01 1.918222208176775e+00 9.776284537862474e-01
6.750000000000000e-01 1.966900450508319e+00 9.776284552102905e-01
6.800000000000000e-01 2.016808069649473e+00 9.776284569296155e-01
6.850000000000001e-01 2.067976259486829e+00 9.776284591010631e-01
6.900000000000001e-01 2.120437001804702e+00 9.776284619921227e-01
6.950000000000001e-01 2.174223086274785e+00 9.776284661508516e-01
7.000000000000001e-01 2.229368130950753e+00 9.776284724796250e-01
7.050000000000000e-01 2.285906603280654e+00 9.776284826823414e-01
7.100000000000000e-01 2.343873841650178e+00 9.776285003871780e-01
7.150000000000000e-01 2.403306077470301e+00 9.776285322901955e-01
7.200000000000000e-01 2.464240457823092e+00 9.776285909893278e-01
7.250000000000000e-01 2.526715068679855e+00 9.776287030528288e-01
7.300000000000000e-01 2.590768958706095e+00 9.776289215599241e-01
7.350000000000000e-01 2.656442163668210e+00 9.776293458722485e-01
7.400000000000000e-01 2.723775731457148e+00 9.776301706399616e-01
7.450000000000000e-01 2.792811747744667e+00 9.776317880246026e-01
7.500000000000000e-01 2.863593362288260e+00 9.776349463507208e-01
7.550000000000000e-01 2.936164815901156e+00 9.776410064505113e-01
7.600000000000000e-01 3.010571468104263e+00 9.776524636928410e-01
7.650000000000000e-01 3.086859825477351e+00 9.776739299533626e-01
7.700000000000000e-01 3.165077570727174e+00 9.777135328264388e-01
7.750000000000000e-01 3.245273592490716e+00 9.777844952830917e-01
7.800000000000000e-01 3.327498015892184e+00 9.779070097334709e-01
7.850000000000000e-01 3.411802233872832e+00 9.781108011519889e-01
7.900000000000000e-01 3.498238939313234e+00 9.784369334953518e-01
7.950000000000000e-01 3.586862157968046e+00 9.789330452497685e-01
8.000000000000000e-01 3.677727282233856e+00 9.796339259457970e-01
8.050000000000000e-01 3.770891105771243e+00 9.805274729685619e-01
8.100000000000001e-01 3.866411859002656e+00 9.815259450782604e-01
8.150000000000001e-01 3.964349245508326e+00 9.824753054657449e-01
8.200000000000001e-01 4.064764479342956e+00 9.832161997955228e-01
8.250000000000001e-01 4.167720323296481e+00 9.836669587957286e-01
8.300000000000001e-01 4.273281128122877e+00 9.838756454409133e-01
8.350000000000000e-01 4.381512872761445e+00 9.840091632404845e-01
8.400000000000000e-01 4.492483205575838e+00 9.842894645242544e-01
8.450000000000000e-01 4.606261486636447e+00 9.849147184082823e-01
8.500000000000000e-01 4.722918831072739e+00 9.860034786706225e-01
8.550000000000000e-01 4.842528153522501e+00 9.875778073521349e-01
8.600000000000000e-01 4.965164213705875e+00 9.895739531269642e-01
8.650000000000000e-01 5.090903663152626e+00 9.918582523002130e-01
8.700000000000000e-01 5.219825093111814e+00 9.942389997592924e-01
8.750000000000000e-01 5.352009083673925e+00 9.964864569704533e-01
8.800000000000000e-01 5.487538254136007e+00 9.983790377822017e-01
8.850000000000000e-01 5.626497314641444e+00 9.997736456639950e-01
8.900000000000000e-01 5.768973119126561e+00 1.000666686736678e+00
8.950000000000000e-01 5.915054719607133e+00 1.001200738573992e+00
9.000000000000000e-01 6.064833421838831e+00 1.001599523225917e+00
9.050000000000000e-01 6.218402842386253e+00 1.002063667177480e+00
9.100000000000000e-01 6.375858967136348e+00 1.002689353972826e+00
9.150000000000000e-01 6.537300211292723e+00 1.003454287225756e+00
9.200000000000000e-01 6.702827480888332e+00 1.004266083516347e+00
9.250000000000000e-01 6.872544235855034e+00 1.005029832480314e+00
9.300000000000000e-01 7.046556554689444e+00 1.005691774970582e+00
9.350000000000001e-01 7.224973200755413e+00 1.006245121368677e+00
9.400000000000001e-01 7.407905690264673e+00 1.006711686841105e+00
9.450000000000001e-01 7.595468361978146e+00 1.007120331665257e+00
9.500000000000001e-01 7.787778448671316e+00 1.007494213301783e+00
9.550000000000001e-01 7.984956150408610e+00 1.007847593864690e+00
9.600000000000000e-01 8.187124709672272e+00 1.008187742420418e+00
9.650000000000000e-01 8.394410488393007e+00 1.008517874742589e+00
9.700000000000000e-01 8.606943046930221e+00 1.008839309691658e+00
9.750000000000000e-01 8.824855225051540e+00 1.009152644099238e+00
9.800000000000000e-01 9.048283224961922e+00 1.009458473528664e+00
9.850000000000000e-01 9.277366696434507e+00 1.009759799403148e+00
9.900000000000000e-01 9.512248824096272e+00 1.010083830212235e+00
9.950000000000000e-01 9.753076416923058e+00 1.010713093268530e+00
1.000000000000000e+00 1.000000000000000e+01 1.014634449962546e+00
