0.000000000000000e+00 0.000000000000000e+00 6.967627007691078e-01
5.000000000000000e-03 3.369477419287315e-03 6.967685118583843e-01
1.000000000000000e-02 6.741060871647481e-03 6.967839879383504e-01
1.500000000000000e-02 1.011685770649257e-02 6.968097718100908e-01
2.000000000000000e-02 1.349897790673588e-02 6.968459675360876e-01
2.500000000000000e-02 1.688953540759990e-02 6.968926670014159e-01
3.000000000000000e-02 2.029064941789469e-02 6.969499645941545e-01
3.500000000000000e-02 2.370444574459234e-02 6.970179974275248e-01
4.000000000000000e-02 2.713305812152553e-02 6.970969338301413e-01
4.500000000000000e-02 3.057862954304063e-02 6.971869618878155e-01
5.000000000000000e-02 3.404331360343898e-02 6.972882894528758e-01
5.500000000000000e-02 3.752927584304335e-02 6.974011604998674e-01
6.000000000000000e-02 4.103869510173117e-02 6.975258459497566e-01
6.500000000000000e-02 4.457376488078044e-02 6.976626311434581e-01
7.000000000000001e-02 4.813669471387935e-02 6.978118438679571e-01
7.500000000000000e-02 5.172971154815675e-02 6.979738440659685e-01
8.000000000000000e-02 5.535506113609672e-02 6.981490019373314e-01
8.500000000000001e-02 5.901500943920686e-02 6.983377300593092e-01
9.000000000000000e-02 6.271184404431801e-02 6.985404772153934e-01
9.500000000000000e-02 6.644787559340060e-02 6.987577084594574e-01
1.000000000000000e-01 7.022543922779090e-02 6.989899345265864e-01
1.050000000000000e-01 7.404689604773053e-02 6.992377009222518e-01
1.100000000000000e-01 7.791463458813094e-02 6.995015720934387e-01
1.150000000000000e-01 8.183107231148547e-02 6.997821619992992e-01
1.200000000000000e-01 8.579865711886202e-02 7.000801202283191e-01
1.250000000000000e-01 8.981986887992111e-02 7.003961205452354e-01
1.300000000000000e-01 9.389722098291493e-02 7.007308920980176e-01
1.350000000000000e-01 9.803326190563690e-02 7.010852010263352e-01
1.400000000000000e-01 1.022305768083033e-01 7.014598393942160e-01
1.450000000000000e-01 1.064917891493625e-01 7.018556578952224e-01
1.500000000000000e-01 1.108195623252418e-01 7.022735476707960e-01
1.550000000000000e-01 1.152166013350572e-01 7.027144301591540e-01
1.600000000000000e-01 1.196856544713255e-01 7.031792912357251e-01
1.650000000000000e-01 1.242295150377370e-01 7.036691619676225e-01
1.700000000000000e-01 1.288510230950609e-01 7.041851032010669e-01
1.750000000000000e-01 1.335530672362758e-01 7.047282419945142e-01
1.800000000000000e-01 1.383385863920344e-01 7.052997586437231e-01
1.850000000000000e-01 1.432105716675912e-01 7.059008658624963e-01
1.900000000000000e-01 1.481720682123397e-01 7.065328447541975e-01
1.950000000000000e-01 1.532261771231311e-01 7.071970385343803e-01
2.000000000000000e-01 1.583760573825595e-01 7.078948206723811e-01
2.050000000000000e-01 1.636249278334301e-01 7.086276279091016e-01
2.100000000000000e-01 1.689760691906397e-01 7.093969729719747e-01
2.150000000000000e-01 1.744328260917313e-01 7.102044053727418e-01
2.200000000000000e-01 1.799986091874004e-01 7.110515256556371e-01
2.250000000000000e-01 1.856768972732633e-01 7.119400153498648e-01
2.300000000000000e-01 1.914712394642179e-01 7.128716034886398e-01
2.350000000000000e-01 1.973852574127551e-01 7.138480560728523e-01
2.400000000000000e-01 2.034226475726105e-01 7.148712171917198e-01
2.450000000000000e-01 2.095871835091678e-01 7.159429978479012e-01
2.500000000000000e-01 2.158827182580599e-01 7.170653336113663e-01
2.550000000000000e-01 2.223131867334419e-01 7.182402086056723e-01
2.600000000000000e-01 2.288826081874405e-01 7.194696882098074e-01
2.650000000000000e-01 2.355950887223172e-01 7.207558805656570e-01
2.700000000000000e-01 2.424548238569160e-01 7.221009040234481e-01
2.750000000000000e-01 2.494661011489995e-01 7.235069231013396e-01
2.800000000000000e-01 2.566333028751116e-01 7.249761686029484e-01
2.850000000000000e-01 2.639609087696434e-01 7.265108900472608e-01
2.900000000000000e-01 2.714534988248126e-01 7.281133231414770e-01
2.950000000000000e-01 2.791157561533084e-01 7.297857222874542e-01
3.000000000000000e-01 2.869524699153886e-01 7.315303814482754e-01
3.050000000000000e-01 2.949685383122613e-01 7.333495880661010e-01
3.100000000000000e-01 3.031689716476197e-01 7.352455750236792e-01
3.150000000000000e-01 3.115588954592450e-01 7.372205333057271e-01
3.200000000000000e-01 3.201435537226349e-01 7.392766370874663e-01
3.250000000000000e-01 3.289283121286580e-01 7.414160197292162e-01
3.300000000000000e-01 3.379186614372866e-01 7.436407246064187e-01
3.350000000000000e-01 3.471202209094989e-01 7.459526707930927e-01
3.400000000000000e-01 3.565387418195016e-01 7.483536376943520e-01
3.450000000000000e-01 3.661801110494620e-01 7.508452725230554e-01
3.500000000000000e-01 3.760503547690021e-01 7.534290875036520e-01
3.550000000000000e-01 3.861556422017504e-01 7.561064088840048e-01
3.600000000000000e-01 3.965022894813072e-01 7.588783277939006e-01
3.650000000000000e-01 4.070967635990345e-01 7.617456655388510e-01
3.700000000000000e-01 4.179456864461349e-01 7.647089286089055e-01
3.750000000000000e-01 4.290558389525505e-01 7.677682962122663e-01
3.800000000000000e-01 4.404341653252637e-01 7.709235892003795e-01
3.850000000000000e-01 4.520877773886537e-01 7.741742363559265e-01
3.900000000000000e-01 4.640239590296172e-01 7.775192432885688e-01
3.950000000000000e-01 4.762501707502353e-01 7.809571458037503e-01
4.000000000000000e-01 4.887740543308307e-01 7.844859766801628e-01
4.050000000000000e-01 5.016034376063282e-01 7.881032238017084e-01
4.100000000000000e-01 5.147463393589066e-01 7.918057982417822e-01
4.150000000000000e-01 5.282109743299990e-01 7.955900016059197e-01
4.200000000000000e-01 5.420057583547735e-01 7.994514999531525e-01
4.250000000000000e-01 5.561393136223041e-01 8.033853018936877e-01
4.300000000000000e-01 5.706204740647189e-01 8.073857436888646e-01
4.350000000000000e-01 5.854582908786964e-01 8.114464820066503e-01
4.400000000000000e-01 6.006620381827575e-01 8.155604960802751e-01
4.450000000000000e-01 6.162412188138907e-01 8.197201006611382e-01
4.500000000000000e-01 6.322055702671360e-01 8.239169712955835e-01
4.550000000000000e-01 6.485650707818353e-01 8.281421833364779e-01
4.600000000000000e-01 6.653299455783577e-01 8.323862659852788e-01
4.650000000000000e-01 6.825106732491932e-01 8.366392724473956e-01
4.700000000000000e-01 7.001179923084168e-01 8.408908669928974e-01
4.750000000000000e-01 7.181629079036070e-01 8.451304293299264e-01
4.800000000000000e-01 7.366566986944229e-01 8.493471762179106e-01
4.850000000000000e-01 7.556109239021327e-01 8.535302996712527e-01
4.900000000000000e-01 7.750374305345038e-01 8.576691204372401e-01
4.950000000000000e-01 7.949483607905672e-01 8.617532546861952e-01
5.000000000000000e-01 8.153561596498893e-01 8.657727910463721e-01
5.050000000000000e-01 8.362735826510871e-01 8.697184742774420e-01
5.100000000000000e-01 8.577137038644561e-01 8.735818910391462e-01
5.150000000000000e-01 8.796899240636907e-01 8.773556524177627e-01
5.200000000000000e-01 9.022159791018011e-01 8.810335671708318e-01
5.250000000000000e-01 9.253059484964714e-01 8.846107990931840e-01
5.300000000000000e-01 9.489742642302165e-01 8.880840015501174e-01
5.350000000000000e-01 9.732357197708378e-01 8.914514221211511e-01
5.400000000000000e-01 9.981054793178262e-01 8.947129705003855e-01
5.450000000000000e-01 1.023599087280478e+00 8.978702433489116e-01
5.500000000000000e-01 1.049732477993657e+00 9.009265007202378e-01
5.550000000000000e-01 1.076521985677273e+00 9.038865899942063e-01
5.600000000000001e-01 1.103984354645701e+00 9.067568149512735e-01
5.650000000000001e-01 1.132136749773522e+00 9.095447496677224e-01
5.700000000000001e-01 1.160996767224129e+00 9.122589992596775e-01
5.750000000000001e-01 1.190582445447902e+00 9.149089120715947e-01
5.800000000000000e-01 1.220912276456826e+00 9.175042505918257e-01
5.850000000000000e-01 1.252005217382601e+00 9.200548310615303e-01
5.900000000000000e-01 1.283880702325469e+00 9.225701442837210e-01
5.950000000000000e-01 1.316558654501151e+00 9.250589723834233e-01
6.000000000000000e-01 1.350059498693518e+00 9.275290180562983e-01
6.050000000000000e-01 1.384404174020732e+00 9.299865640071981e-01
6.100000000000000e-01 1.419614147022888e+00 9.324361806608669e-01
6.150000000000000e-01 1.455711425079295e+00 9.348804996739623e-01
6.200000000000000e-01 1.492718570163803e+00 9.373200691609009e-01
6.250000000000000e-01 1.530658712946775e+00 9.397533037695908e-01
6.300000000000000e-01 1.569555567252506e+00 9.421765387625061e-01
6.350000000000000e-01 1.609433444881138e+00 9.445841921040325e-01
6.400000000000000e-01 1.650317270804325e+00 9.469690323587255e-01
6.450000000000000e-01 1.692232598744148e+00 9.493225432291381e-01
6.500000000000000e-01 1.735205627145031e+00 9.516353682207720e-01
6.550000000000000e-01 1.779263215548615e+00 9.538978117907951e-01
6.600000000000000e-01 1.824432901381847e+00 9.561003671350182e-01
6.650000000000000e-01 1.870742917168772e+00 9.582342363029682e-01
6.700000000000000e-01 1.918222208176775e+00 9.602918064080127e-01
6.750000000000000e-01 1.966900450508319e+00 9.622670469856625e-01
6.800000000000000e-01 2.016808069649473e+00 9.641557984243532e-01
6.850000000000001e-01 2.067976259486829e+00 9.659559297877277e-01
6.900000000000001e-01 2.120437001804702e+00 9.676673556685909e-01
6.950000000000001e-01 2.174223086274785e+00 9.692919148194991e-01
7.000000000000001e-01 2.229368130950753e+00 9.708331266110487e-01
7.050000000000000e-01 2.285906603280654e+00 9.722958530791882e-01
7.100000000000000e-01 2.343873841650178e+00 9.736859027373440e-01
7.150000000000000e-01 2.403306077470301e+00 9.750096161816675e-01
7.200000000000000e-01 2.464240457823092e+00 9.762734722556445e-01
7.250000000000000e-01 2.526715068679855e+00 9.774837474702918e-01
7.300000000000000e-01 2.590768958706095e+00 9.786462516269199e-01
7.350000000000000e-01 2.656442163668210e+00 9.797661508896822e-01
7.400000000000000e-01 2.723775731457148e+00 9.808478778750599e-01
7.450000000000000e-01 2.792811747744667e+00 9.818951184701753e-01
7.500000000000000e-01 2.863593362288260e+00 9.829108583489258e-01
7.550000000000000e-01 2.936164815901156e+00 9.838974690825157e-01
7.600000000000000e-01 3.010571468104263e+00 9.848568141417748e-01
7.650000000000000e-01 3.086859825477351e+00 9.857903581609596e-01
7.700000000000000e-01 3.165077570727174e+00 9.866992674410868e-01
7.750000000000000e-01 3.245273592490716e+00 9.875844946509916e-01
7.800000000000000e-01 3.327498015892184e+00 9.884468450975965e-01
7.850000000000000e-01 3.411802233872832e+00 9.892870252163671e-01
7.900000000000000e-01 3.498238939313234e+00 9.901056759045239e-01
7.950000000000000e-01 3.586862157968046e+00 9.909033941220349e-01
8.000000000000000e-01 3.677727282233856e+00 9.916807461370889e-01
8.050000000000000e-01 3.770891105771243e+00 9.924382752570392e-01
8.100000000000001e-01 3.866411859002656e+00 9.931765061726848e-01
8.150000000000001e-01 3.964349245508326e+00 9.938959473619627e-01
8.200000000000001e-01 4.064764479342956e+00 9.945970924534754e-01
8.250000000000001e-01 4.167720323296481e+00 9.952804210662761e-01
8.300000000000001e-01 4.273281128122877e+00 9.959463993995263e-01
8.350000000000000e-01 4.381512872761445e+00 9.965954807062010e-01
8.400000000000000e-01 4.492483205575838e+00 9.972281057118678e-01
8.450000000000000e-01 4.606261486636447e+00 9.978447030043929e-01
8.500000000000000e-01 4.722918831072739e+00 9.984456894049170e-01
8.550000000000000e-01 4.842528153522501e+00 9.990314703241449e-01
8.600000000000000e-01 4.965164213705875e+00 9.996024401056418e-01
8.650000000000000e-01 5.090903663152626e+00 1.000158982357015e+00
8.700000000000000e-01 5.219825093111814e+00 1.000701470269574e+00
8.750000000000000e-01 5.352009083673925e+00 1.001230266926990e+00
8.800000000000000e-01 5.487538254136007e+00 1.001745725603401e+00
8.850000000000000e-01 5.626497314641444e+00 1.002248190051417e+00
8.900000000000000e-01 5.768973119126561e+00 1.002737994780418e+00
8.950000000000000e-01 5.915054719607133e+00 1.003215465325563e+00
9.000000000000000e-01 6.064833421838831e+00 1.003680918507857e+00
9.050000000000000e-01 6.218402842386253e+00 1.004134662685649e+00
9.100000000000000e-01 6.375858967136348e+00 1.004576997997899e+00
9.150000000000000e-01 6.537300211292723e+00 1.005008216599516e+00
9.200000000000000e-01 6.702827480888332e+00 1.005428602889104e+00
9.250000000000000e-01 6.872544235855034e+00 1.005838433729385e+00
9.300000000000000e-01 7.046556554689444e+00 1.006237978660579e+00
9.350000000000001e-01 7.224973200755413e+00 1.006627500107024e+00
9.400000000000001e-01 7.407905690264673e+00 1.007007253577269e+00
9.450000000000001e-01 7.595468361978146e+00 1.007377487857898e+00
9.500000000000001e-01 7.787778448671316e+00 1.007738445201301e+00
9.550000000000001e-01 7.984956150408610e+00 1.008090361507629e+00
9.600000000000000e-01 8.187124709672272e+00 1.008433466501130e+00
9.650000000000000e-01 8.394410488393007e+00 1.008767983901079e+00
9.700000000000000e-01 8.606943046930221e+00 1.009094131587490e+00
9.750000000000000e-01 8.824855225051540e+00 1.009412121761790e+00
9.800000000000000e-01 9.048283224961922e+00 1.009722161102643e+00
9.850000000000000e-01 9.277366696434507e+00 1.010024450917085e+00
9.900000000000000e-01 9.512248824096272e+00 1.010319187287140e+00
9.950000000000000e-01 9.753076416923058e+00 1.010606561212057e+00
1.000000000000000e+00 1.000000000000000e+01 1.010886758746343e+00
