0.000000000000000e+00 0.000000000000000e+00 9.097850665342937e-01
5.000000000000000e-03 3.369477419287315e-03 9.097851245951122e-01
1.000000000000000e-02 6.741060871647481e-03 9.097852800929431e-01
1.500000000000000e-02 1.011685770649257e-02 9.097855414119912e-01
2.000000000000000e-02 1.349897790673588e-02 9.097859088888007e-01
2.500000000000000e-02 1.688953540759990e-02 9.097863827360468e-01
3.000000000000000e-02 2.029064941789469e-02 9.097869645896709e-01
3.500000000000000e-02 2.370444574459234e-02 9.097876558956529e-01
4.000000000000000e-02 2.713305812152553e-02 9.097884592857098e-01
4.500000000000000e-02 3.057862954304063e-02 9.097893760900754e-01
5.000000000000000e-02 3.404331360343898e-02 9.097904086582139e-01
5.500000000000000e-02 3.752927584304335e-02 9.097915622957813e-01
6.000000000000000e-02 4.103869510173117e-02 9.097928393368176e-01
6.500000000000000e-02 4.457376488078044e-02 9.097942420824366e-01
7.000000000000001e-02 4.813669471387935e-02 9.097957759586085e-01
7.500000000000000e-02 5.172971154815675e-02 9.097974449197249e-01
8.000000000000000e-02 5.535506113609672e-02 9.097992530210529e-01
8.500000000000001e-02 5.901500943920686e-02 9.098012050385441e-01
9.000000000000000e-02 6.271184404431801e-02 9.098033089813907e-01
9.500000000000000e-02 6.644787559340060e-02 9.098055702009791e-01
1.000000000000000e-01 7.022543922779090e-02 9.098079954906796e-01
1.050000000000000e-01 7.404689604773053e-02 9.098105927912226e-01
1.100000000000000e-01 7.791463458813094e-02 9.098133685333509e-01
1.150000000000000e-01 8.183107231148547e-02 9.098163324007773e-01
1.200000000000000e-01 8.579865711886202e-02 9.098194931387580e-01
1.250000000000000e-01 8.981986887992111e-02 9.098228595089005e-01
1.300000000000000e-01 9.389722098291493e-02 9.098264433507570e-01
1.350000000000000e-01 9.803326190563690e-02 9.098302556266079e-01
1.400000000000000e-01 1.022305768083033e-01 9.098343077218612e-01
1.450000000000000e-01 1.064917891493625e-01 9.098386138143720e-01
1.500000000000000e-01 1.108195623252418e-01 9.098431854874247e-01
1.550000000000000e-01 1.152166013350572e-01 9.098480379440856e-01
1.600000000000000e-01 1.196856544713255e-01 9.098531883116737e-01
1.650000000000000e-01 1.242295150377370e-01 9.098586533037074e-01
1.700000000000000e-01 1.288510230950609e-01 9.098644516020316e-01
1.750000000000000e-01 1.335530672362758e-01 9.098706031012025e-01
1.800000000000000e-01 1.383385863920344e-01 9.098771279153737e-01
1.850000000000000e-01 1.432105716675912e-01 9.098840494866722e-01
1.900000000000000e-01 1.481720682123397e-01 9.098913913917192e-01
1.950000000000000e-01 1.532261771231311e-01 9.098991787497459e-01
2.000000000000000e-01 1.583760573825595e-01 9.099074410536152e-01
2.050000000000000e-01 1.636249278334301e-01 9.099162057591297e-01
2.100000000000000e-01 1.689760691906397e-01 9.099255065588644e-01
2.150000000000000e-01 1.744328260917313e-01 9.099353785866890e-01
2.200000000000000e-01 1.799986091874004e-01 9.099458599503448e-01
2.250000000000000e-01 1.856768972732633e-01 9.099569921581643e-01
2.300000000000000e-01 1.914712394642179e-01 9.099688183543004e-01
2.350000000000000e-01 1.973852574127551e-01 9.099813834247077e-01
2.400000000000000e-01 2.034226475726105e-01 9.099947372425716e-01
2.450000000000000e-01 2.095871835091678e-01 9.100089359513545e-01
2.500000000000000e-01 2.158827182580599e-01 9.100240359715102e-01
2.550000000000000e-01 2.223131867334419e-01 9.100401044017805e-01
2.600000000000000e-01 2.288826081874405e-01 9.100572114588327e-01
2.650000000000000e-01 2.355950887223172e-01 9.100754304504034e-01
2.700000000000000e-01 2.424548238569160e-01 9.100948394150205e-01
2.750000000000000e-01 2.494661011489995e-01 9.101155273802969e-01
2.800000000000000e-01 2.566333028751116e-01 9.101375915987997e-01
2.850000000000000e-01 2.639609087696434e-01 9.101611327792261e-01
2.900000000000000e-01 2.714534988248126e-01 9.101862641198343e-01
2.950000000000000e-01 2.791157561533084e-01 9.102131047866129e-01
3.000000000000000e-01 2.869524699153886e-01 9.102417908779078e-01
3.050000000000000e-01 2.949685383122613e-01 9.102724656414908e-01
3.100000000000000e-01 3.031689716476197e-01 9.103052842546270e-01
3.150000000000000e-01 3.115588954592450e-01 9.103404185717664e-01
3.200000000000000e-01 3.201435537226349e-01 9.103780501862053e-01
3.250000000000000e-01 3.289283121286580e-01 9.104183837808114e-01
3.300000000000000e-01 3.379186614372866e-01 9.104616385223636e-01
3.350000000000000e-01 3.471202209094989e-01 9.105080558439241e-01
3.400000000000000e-01 3.565387418195016e-01 9.105578973661471e-01
3.450000000000000e-01 3.661801110494620e-01 9.106114469167168e-01
3.500000000000000e-01 3.760503547690021e-01 9.106690167020923e-01
3.550000000000000e-01 3.861556422017504e-01 9.107309441096729e-01
3.600000000000000e-01 3.965022894813072e-01 9.107976026633534e-01
3.650000000000000e-01 4.070967635990345e-01 9.108693951826173e-01
3.700000000000000e-01 4.179456864461349e-01 9.109467590583689e-01
3.750000000000000e-01 4.290558389525505e-01 9.110301708958557e-01
3.800000000000000e-01 4.404341653252637e-01 9.111201580448990e-01
3.850000000000000e-01 4.520877773886537e-01 9.112172926598292e-01
3.900000000000000e-01 4.640239590296172e-01 9.113221821024453e-01
3.950000000000000e-01 4.762501707502353e-01 9.114355017102540e-01
4.000000000000000e-01 4.887740543308307e-01 9.115579810746208e-01
4.050000000000000e-01 5.016034376063282e-01 9.116904063016185e-01
4.100000000000000e-01 5.147463393589066e-01 9.118336336840764e-01
4.150000000000000e-01 5.282109743299990e-01 9.119885779624591e-01
4.200000000000000e-01 5.420057583547735e-01 9.121562344294883e-01
4.250000000000000e-01 5.561393136223041e-01 9.123376646839386e-01
4.300000000000000e-01 5.706204740647189e-01 9.125340025503395e-01
4.350000000000000e-01 5.854582908786964e-01 9.127464661567714e-01
4.400000000000000e-01 6.006620381827575e-01 9.129763322570218e-01
4.450000000000000e-01 6.162412188138907e-01 9.132249587211748e-01
4.500000000000000e-01 6.322055702671360e-01 9.134937657642742e-01
4.550000000000000e-01 6.485650707818353e-01 9.137842185028275e-01
4.600000000000000e-01 6.653299455783577e-01 9.140978422598007e-01
4.650000000000000e-01 6.825106732491932e-01 9.144361725707477e-01
4.700000000000000e-01 7.001179923084168e-01 9.148007494220212e-01
4.750000000000000e-01 7.181629079036070e-01 9.151930992882087e-01
4.800000000000000e-01 7.366566986944229e-01 9.156146622221829e-01
4.850000000000000e-01 7.556109239021327e-01 9.160667831962577e-01
4.900000000000000e-01 7.750374305345038e-01 9.165506454141509e-01
4.950000000000000e-01 7.949483607905672e-01 9.170671778237272e-01
5.000000000000000e-01 8.153561596498893e-01 9.176170244680935e-01
5.050000000000000e-01 8.362735826510871e-01 9.182004255940521e-01
5.100000000000000e-01 8.577137038644561e-01 9.188171046886062e-01
5.150000000000000e-01 8.796899240636907e-01 9.194662097576197e-01
5.200000000000000e-01 9.022159791018011e-01 9.201461574788099e-01
5.250000000000000e-01 9.253059484964714e-01 9.208545127603679e-01
5.300000000000000e-01 9.489742642302165e-01 9.215879322769733e-01
5.350000000000000e-01 9.732357197708378e-01 9.223420265530742e-01
5.400000000000000e-01 9.981054793178262e-01 9.231112902024853e-01
5.450000000000000e-01 1.023599087280478e+00 9.238891415903296e-01
5.500000000000000e-01 1.049732477993657e+00 9.246679300030851e-01
5.550000000000000e-01 1.076521985677273e+00 9.254390483741617e-01
5.600000000000001e-01 1.103984354645701e+00 9.261932301655604e-01
5.650000000000001e-01 1.132136749773522e+00 9.269208883126296e-01
5.700000000000001e-01 1.160996767224129e+00 9.276125690369627e-01
5.750000000000001e-01 1.190582445447902e+00 9.282596230141142e-01
5.800000000000000e-01 1.220912276456826e+00 9.288549512001109e-01
5.850000000000000e-01 1.252005217382601e+00 9.293937699430018e-01
5.900000000000000e-01 1.283880702325469e+00 9.298744491733494e-01
5.950000000000000e-01 1.316558654501151e+00 9.302993000446642e-01
6.000000000000000e-01 1.350059498693518e+00 9.306751526518088e-01
6.050000000000000e-01 1.384404174020732e+00 9.310136986062473e-01
6.100000000000000e-01 1.419614147022888e+00 9.313315420624162e-01
6.150000000000000e-01 1.455711425079295e+00 9.316498571661848e-01
6.200000000000000e-01 1.492718570163803e+00 9.319936610526356e-01
6.250000000000000e-01 1.530658712946775e+00 9.323907734331374e-01
6.300000000000000e-01 1.569555567252506e+00 9.328705022864384e-01
6.350000000000000e-01 1.609433444881138e+00 9.334621462648939e-01
6.400000000000000e-01 1.650317270804325e+00 9.341934871762927e-01
6.450000000000000e-01 1.692232598744148e+00 9.350894009163588e-01
6.500000000000000e-01 1.735205627145031e+00 9.361706238621446e-01
6.550000000000000e-01 1.779263215548615e+00 9.374527165057854e-01
6.600000000000000e-01 1.824432901381847e+00 9.389453090164602e-01
6.650000000000000e-01 1.870742917168772e+00 9.406516746904936e-01
6.700000000000000e-01 1.918222208176775e+00 9.425685833689730e-01
6.750000000000000e-01 1.966900450508319e+00 9.446863400360395e-01
6.800000000000000e-01 2.016808069649473e+00 9.469889442477798e-01
6.850000000000001e-01 2.067976259486829e+00 9.494543562317662e-01
6.900000000000001e-01 2.120437001804702e+00 9.520548706802844e-01
6.950000000000001e-01 2.174223086274785e+00 9.547575921710573e-01
7.000000000000001e-01 2.229368130950753e+00 9.575250116255899e-01
7.050000000000000e-01 2.285906603280654e+00 9.603157085120826e-01
7.100000000000000e-01 2.343873841650178e+00 9.630852441038280e-01
7.150000000000000e-01 2.403306077470301e+00 9.657873491911403e-01
7.200000000000000e-01 2.464240457823092e+00 9.683755329222309e-01
7.250000000000000e-01 2.526715068679855e+00 9.708052396734097e-01
7.300000000000000e-01 2.590768958706095e+00 9.730366383901309e-01
7.350000000000000e-01 2.656442163668210e+00 9.750380184838789e-01
7.400000000000000e-01 2.723775731457148e+00 9.767895641758804e-01
7.450000000000000e-01 2.792811747744667e+00 9.782869936800782e-01
7.500000000000000e-01 2.863593362288260e+00 9.795442524784038e-01
7.550000000000000e-01 2.936164815901156e+00 9.805942815524723e-01
7.600000000000000e-01 3.010571468104263e+00 9.814870039335020e-01
7.650000000000000e-01 3.086859825477351e+00 9.822841736865586e-01
7.700000000000000e-01 3.165077570727174e+00 9.830515324693502e-01
7.750000000000000e-01 3.245273592490716e+00 9.838495663977681e-01
7.800000000000000e-01 3.327498015892184e+00 9.847247235137331e-01
7.850000000000000e-01 3.411802233872832e+00 9.857030019795263e-01
7.900000000000000e-01 3.498238939313234e+00 9.867873167572965e-01
7.950000000000000e-01 3.586862157968046e+00 9.879591636569292e-01
8.000000000000000e-01 3.677727282233856e+00 9.891840930719279e-01
8.050000000000000e-01 3.770891105771243e+00 9.904196461582945e-01
8.100000000000001e-01 3.866411859002656e+00 9.916238962284962e-01
8.150000000000001e-01 3.964349245508326e+00 9.927627001982495e-01
8.200000000000001e-01 4.064764479342956e+00 9.938142198110322e-01
8.250000000000001e-01 4.167720323296481e+00 9.947701037186192e-01
8.300000000000001e-01 4.273281128122877e+00 9.956336713821546e-01
8.350000000000000e-01 4.381512872761445e+00 9.964161849533539e-01
8.400000000000000e-01 4.492483205575838e+00 9.971325901017903e-01
8.450000000000000e-01 4.606261486636447e+00 9.977979057044727e-01
8.500000000000000e-01 4.722918831072739e+00 9.984249134785362e-01
8.550000000000000e-01 4.842528153522501e+00 9.990232161818371e-01
8.600000000000000e-01 4.965164213705875e+00 9.995993260472391e-01
8.650000000000000e-01 5.090903663152626e+00 1.000157301548494e+00
8.700000000000000e-01 5.219825093111814e+00 1.000699520037734e+00
8.750000000000000e-01 5.352009083673925e+00 1.001227339950703e+00
8.800000000000000e-01 5.487538254136007e+00 1.001741565356447e+00
8.850000000000000e-01 5.626497314641444e+00 1.002242726158406e+00
8.900000000000000e-01 5.768973119126561e+00 1.002731226742163e+00
8.950000000000000e-01 5.915054719607133e+00 1.003207416218225e+00
9.000000000000000e-01 6.064833421838831e+00 1.003671618252949e+00
9.050000000000000e-01 6.218402842386253e+00 1.004124142567107e+00
9.100000000000000e-01 6.375858967136348e+00 1.004565289039978e+00
9.150000000000000e-01 6.537300211292723e+00 1.004995349142872e+00
9.200000000000000e-01 6.702827480888332e+00 1.005414606503204e+00
9.250000000000000e-01 6.872544235855034e+00 1.005823337210082e+00
9.300000000000000e-01 7.046556554689444e+00 1.006221810046833e+00
9.350000000000001e-01 7.224973200755413e+00 1.006610286701110e+00
9.400000000000001e-01 7.407905690264673e+00 1.006989021965119e+00
9.450000000000001e-01 7.595468361978146e+00 1.007358263928951e+00
9.500000000000001e-01 7.787778448671316e+00 1.007718254167775e+00
9.550000000000001e-01 7.984956150408610e+00 1.008069227923197e+00
9.600000000000000e-01 8.187124709672272e+00 1.008411414279045e+00
9.650000000000000e-01 8.394410488393007e+00 1.008745036331744e+00
9.700000000000000e-01 8.606943046930221e+00 1.009070311355502e+00
9.750000000000000e-01 8.824855225051540e+00 1.009387450962479e+00
9.800000000000000e-01 9.048283224961922e+00 1.009696661258119e+00
9.850000000000000e-01 9.277366696434507e+00 1.009998142991809e+00
9.900000000000000e-01 9.512248824096272e+00 1.010292091703035e+00
9.950000000000000e-01 9.753076416923058e+00 1.010578697863178e+00
1.000000000000000e+00 1.000000000000000e+01 1.010858147013116e+00
