0.000000000000000e+00 0.000000000000000e+00 7.376768876020764e-01
5.000000000000000e-03 3.369477419287315e-03 7.376805365117431e-01
1.000000000000000e-02 6.741060871647481e-03 7.376902633313711e-01
1.500000000000000e-02 1.011685770649257e-02 7.377064825048090e-01
2.000000000000000e-02 1.349897790673588e-02 7.377292496152333e-01
2.500000000000000e-02 1.688953540759990e-02 7.377586213434836e-01
3.000000000000000e-02 2.029064941789469e-02 7.377946583209771e-01
3.500000000000000e-02 2.370444574459234e-02 7.378374497889791e-01
4.000000000000000e-02 2.713305812152553e-02 7.378871033772371e-01
4.500000000000000e-02 3.057862954304063e-02 7.379437326123318e-01
5.000000000000000e-02 3.404331360343898e-02 7.380074712822337e-01
5.500000000000000e-02 3.752927584304335e-02 7.380784776471249e-01
6.000000000000000e-02 4.103869510173117e-02 7.381569187983656e-01
6.500000000000000e-02 4.457376488078044e-02 7.382429753431949e-01
7.000000000000001e-02 4.813669471387935e-02 7.383368570510498e-01
7.500000000000000e-02 5.172971154815675e-02 7.384387913520102e-01
8.000000000000000e-02 5.535506113609672e-02 7.385490124009693e-01
8.500000000000001e-02 5.901500943920686e-02 7.386677786828204e-01
9.000000000000000e-02 6.271184404431801e-02 7.387953782517184e-01
9.500000000000000e-02 6.644787559340060e-02 7.389321106299831e-01
1.000000000000000e-01 7.022543922779090e-02 7.390782906647010e-01
1.050000000000000e-01 7.404689604773053e-02 7.392342650420849e-01
1.100000000000000e-01 7.791463458813094e-02 7.394004021403386e-01
1.150000000000000e-01 8.183107231148547e-02 7.395770829474294e-01
1.200000000000000e-01 8.579865711886202e-02 7.397647179705448e-01
1.250000000000000e-01 8.981986887992111e-02 7.399637496549983e-01
1.300000000000000e-01 9.389722098291493e-02 7.401746343804597e-01
1.350000000000000e-01 9.803326190563690e-02 7.403978496654525e-01
1.400000000000000e-01 1.022305768083033e-01 7.406339135337973e-01
1.450000000000000e-01 1.064917891493625e-01 7.408833720891391e-01
1.500000000000000e-01 1.108195623252418e-01 7.411467840030808e-01
1.550000000000000e-01 1.152166013350572e-01 7.414247394999310e-01
1.600000000000000e-01 1.196856544713255e-01 7.417178745182627e-01
1.650000000000000e-01 1.242295150377370e-01 7.420268505872361e-01
1.700000000000000e-01 1.288510230950609e-01 7.423523454753489e-01
1.750000000000000e-01 1.335530672362758e-01 7.426950765842987e-01
1.800000000000000e-01 1.383385863920344e-01 7.430558100366157e-01
1.850000000000000e-01 1.432105716675912e-01 7.434353385280672e-01
1.900000000000000e-01 1.481720682123397e-01 7.438344747496516e-01
1.950000000000000e-01 1.532261771231311e-01 7.442540755785751e-01
2.000000000000000e-01 1.583760573825595e-01 7.446950515103236e-01
2.050000000000000e-01 1.636249278334301e-01 7.451583442159699e-01
2.100000000000000e-01 1.689760691906397e-01 7.456449159022954e-01
2.150000000000000e-01 1.744328260917313e-01 7.461557726385999e-01
2.200000000000000e-01 1.799986091874004e-01 7.466919806105587e-01
2.250000000000000e-01 1.856768972732633e-01 7.472546466265787e-01
2.300000000000000e-01 1.914712394642179e-01 7.478448992843373e-01
2.350000000000000e-01 1.973852574127551e-01 7.484639035814857e-01
2.400000000000000e-01 2.034226475726105e-01 7.491128805069268e-01
2.450000000000000e-01 2.095871835091678e-01 7.497931033101115e-01
2.500000000000000e-01 2.158827182580599e-01 7.505058860197680e-01
2.550000000000000e-01 2.223131867334419e-01 7.512525739524303e-01
2.600000000000000e-01 2.288826081874405e-01 7.520345389524412e-01
2.650000000000000e-01 2.355950887223172e-01 7.528531972166719e-01
2.700000000000000e-01 2.424548238569160e-01 7.537100245554944e-01
2.750000000000000e-01 2.494661011489995e-01 7.546065407208777e-01
2.800000000000000e-01 2.566333028751116e-01 7.555443015238349e-01
2.850000000000000e-01 2.639609087696434e-01 7.565248934402530e-01
2.900000000000000e-01 2.714534988248126e-01 7.575499181341017e-01
2.950000000000000e-01 2.791157561533084e-01 7.586210061655426e-01
3.000000000000000e-01 2.869524699153886e-01 7.597398121493827e-01
3.050000000000000e-01 2.949685383122613e-01 7.609080146237970e-01
3.100000000000000e-01 3.031689716476197e-01 7.621273170298331e-01
3.150000000000000e-01 3.115588954592450e-01 7.633994351148083e-01
3.200000000000000e-01 3.201435537226349e-01 7.647260962699293e-01
3.250000000000000e-01 3.289283121286580e-01 7.661090270521953e-01
3.300000000000000e-01 3.379186614372866e-01 7.675499486078303e-01
3.350000000000000e-01 3.471202209094989e-01 7.690505664629188e-01
3.400000000000000e-01 3.565387418195016e-01 7.706125626075937e-01
3.450000000000000e-01 3.661801110494620e-01 7.722375852780080e-01
3.500000000000000e-01 3.760503547690021e-01 7.739272385467070e-01
3.550000000000000e-01 3.861556422017504e-01 7.756830706624304e-01
3.600000000000000e-01 3.965022894813072e-01 7.775065615501833e-01
3.650000000000000e-01 4.070967635990345e-01 7.793991093054868e-01
3.700000000000000e-01 4.179456864461349e-01 7.813620157634424e-01
3.750000000000000e-01 4.290558389525505e-01 7.833964711566641e-01
3.800000000000000e-01 4.404341653252637e-01 7.855035379240740e-01
3.850000000000000e-01 4.520877773886537e-01 7.876841337467767e-01
3.900000000000000e-01 4.640239590296172e-01 7.899390139169639e-01
3.950000000000000e-01 4.762501707502353e-01 7.922687531758034e-01
4.000000000000000e-01 4.887740543308307e-01 7.946737271908697e-01
4.050000000000000e-01 5.016034376063282e-01 7.971540938813992e-01
4.100000000000000e-01 5.147463393589066e-01 7.997097748404282e-01
4.150000000000000e-01 5.282109743299990e-01 8.023404371459703e-01
4.200000000000000e-01 5.420057583547735e-01 8.050454758979734e-01
4.250000000000000e-01 5.561393136223041e-01 8.078239978625983e-01
4.300000000000000e-01 5.706204740647189e-01 8.106748066488297e-01
4.350000000000000e-01 5.854582908786964e-01 8.135963898825257e-01
4.400000000000000e-01 6.006620381827575e-01 8.165869088772894e-01
4.450000000000000e-01 6.162412188138907e-01 8.196441913270639e-01
4.500000000000000e-01 6.322055702671360e-01 8.227657275587559e-01
4.550000000000000e-01 6.485650707818353e-01 8.259486708806675e-01
4.600000000000000e-01 6.653299455783577e-01 8.291898425400024e-01
4.650000000000000e-01 6.825106732491932e-01 8.324857417559302e-01
4.700000000000000e-01 7.001179923084168e-01 8.358325612194766e-01
4.750000000000000e-01 7.181629079036070e-01 8.392262083440086e-01
4.800000000000000e-01 7.366566986944229e-01 8.426623324072233e-01
4.850000000000000e-01 7.556109239021327e-01 8.461363575454293e-01
4.900000000000000e-01 7.750374305345038e-01 8.496435213433364e-01
4.950000000000000e-01 7.949483607905672e-01 8.531789185097021e-01
5.000000000000000e-01 8.153561596498893e-01 8.567375488459771e-01
5.050000000000000e-01 8.362735826510871e-01 8.603143684100237e-01
5.100000000000000e-01 8.577137038644561e-01 8.639043424623343e-01
5.150000000000000e-01 8.796899240636907e-01 8.675024984744015e-01
5.200000000000000e-01 9.022159791018011e-01 8.711039771985497e-01
5.250000000000000e-01 9.253059484964714e-01 8.747040795699333e-01
5.300000000000000e-01 9.489742642302165e-01 8.782983070617878e-01
5.350000000000000e-01 9.732357197708378e-01 8.818823930731770e-01
5.400000000000000e-01 9.981054793178262e-01 8.854523230229904e-01
5.450000000000000e-01 1.023599087280478e+00 8.890043410806374e-01
5.500000000000000e-01 1.049732477993657e+00 8.925349419030710e-01
5.550000000000000e-01 1.076521985677273e+00 8.960408463810567e-01
5.600000000000001e-01 1.103984354645701e+00 8.995189612244584e-01
5.650000000000001e-01 1.132136749773522e+00 9.029663232210474e-01
5.700000000000001e-01 1.160996767224129e+00 9.063800301521423e-01
5.750000000000001e-01 1.190582445447902e+00 9.097571615874764e-01
5.800000000000000e-01 1.220912276456826e+00 9.130946940364012e-01
5.850000000000000e-01 1.252005217382601e+00 9.163894161081674e-01
5.900000000000000e-01 1.283880702325469e+00 9.196378503186372e-01
5.950000000000000e-01 1.316558654501151e+00 9.228361888505260e-01
6.000000000000000e-01 1.350059498693518e+00 9.259802508017273e-01
6.050000000000000e-01 1.384404174020732e+00 9.290654681217588e-01
6.100000000000000e-01 1.419614147022888e+00 9.320869064427609e-01
6.150000000000000e-01 1.455711425079295e+00 9.350393253014420e-01
6.200000000000000e-01 1.492718570163803e+00 9.379172798232843e-01
6.250000000000000e-01 1.530658712946775e+00 9.407152628783271e-01
6.300000000000000e-01 1.569555567252506e+00 9.434278831880295e-01
6.350000000000000e-01 1.609433444881138e+00 9.460500711308897e-01
6.400000000000000e-01 1.650317270804325e+00 9.485773004163269e-01
6.450000000000000e-01 1.692232598744148e+00 9.510058107934546e-01
6.500000000000000e-01 1.735205627145031e+00 9.533328149784819e-01
6.550000000000000e-01 1.779263215548615e+00 9.555566724290260e-01
6.600000000000000e-01 1.824432901381847e+00 9.576770137637299e-01
6.650000000000000e-01 1.870742917168772e+00 9.596948026378902e-01
6.700000000000000e-01 1.918222208176775e+00 9.616123266178100e-01
6.750000000000000e-01 1.966900450508319e+00 9.634331146602974e-01
6.800000000000000e-01 2.016808069649473e+00 9.651617855638255e-01
6.850000000000001e-01 2.067976259486829e+00 9.668038384006873e-01
6.900000000000001e-01 2.120437001804702e+00 9.683654015880688e-01
6.950000000000001e-01 2.174223086274785e+00 9.698529611139460e-01
7.000000000000001e-01 2.229368130950753e+00 9.712730899310205e-01
7.050000000000000e-01 2.285906603280654e+00 9.726321994406714e-01
7.100000000000000e-01 2.343873841650178e+00 9.739363304806712e-01
7.150000000000000e-01 2.403306077470301e+00 9.751909958575976e-01
7.200000000000000e-01 2.464240457823092e+00 9.764010800652974e-01
7.250000000000000e-01 2.526715068679855e+00 9.775707953734913e-01
7.300000000000000e-01 2.590768958706095e+00 9.787036878756095e-01
7.350000000000000e-01 2.656442163668210e+00 9.798026830569971e-01
7.400000000000000e-01 2.723775731457148e+00 9.808701583584016e-01
7.450000000000000e-01 2.792811747744667e+00 9.819080300705946e-01
7.500000000000000e-01 2.863593362288260e+00 9.829178433818253e-01
7.550000000000000e-01 2.936164815901156e+00 9.839008569669064e-01
7.600000000000000e-01 3.010571468104263e+00 9.848581165303919e-01
7.650000000000000e-01 3.086859825477351e+00 9.857905146271900e-01
7.700000000000000e-01 3.165077570727174e+00 9.866988364686773e-01
7.750000000000000e-01 3.245273592490716e+00 9.875837930693555e-01
7.800000000000000e-01 3.327498015892184e+00 9.884460439790396e-01
7.850000000000000e-01 3.411802233872832e+00 9.892862121008765e-01
7.900000000000000e-01 3.498238939313234e+00 9.901048929114541e-01
7.950000000000000e-01 3.586862157968046e+00 9.909026599793901e-01
8.000000000000000e-01 3.677727282233856e+00 9.916800681897505e-01
8.050000000000000e-01 3.770891105771243e+00 9.924376556328717e-01
8.100000000000001e-01 3.866411859002656e+00 9.931759447608219e-01
8.150000000000001e-01 3.964349245508326e+00 9.938954431635267e-01
8.200000000000001e-01 4.064764479342956e+00 9.945966441554528e-01
8.250000000000001e-01 4.167720323296481e+00 9.952800272691870e-01
8.300000000000001e-01 4.273281128122877e+00 9.959460587012654e-01
8.350000000000000e-01 4.381512872761445e+00 9.965951917302867e-01
8.400000000000000e-01 4.492483205575838e+00 9.972278671157492e-01
8.450000000000000e-01 4.606261486636447e+00 9.978445134811472e-01
8.500000000000000e-01 4.722918831072739e+00 9.984455476829368e-01
8.550000000000000e-01 4.842528153522501e+00 9.990313751662826e-01
8.600000000000000e-01 4.965164213705875e+00 9.996023903082372e-01
8.650000000000000e-01 5.090903663152626e+00 1.000158976748918e+00
8.700000000000000e-01 5.219825093111814e+00 1.000701507711200e+00
8.750000000000000e-01 5.352009083673925e+00 1.001230346309394e+00
8.800000000000000e-01 5.487538254136007e+00 1.001745845847394e+00
8.850000000000000e-01 5.626497314641444e+00 1.002248350106702e+00
8.900000000000000e-01 5.768973119126561e+00 1.002738193624761e+00
8.950000000000000e-01 5.915054719607133e+00 1.003215701963985e+00
9.000000000000000e-01 6.064833421838831e+00 1.003681191971856e+00
9.050000000000000e-01 6.218402842386253e+00 1.004134972032449e+00
9.100000000000000e-01 6.375858967136348e+00 1.004577342309714e+00
9.150000000000000e-01 6.537300211292723e+00 1.005008594982850e+00
9.200000000000000e-01 6.702827480888332e+00 1.005429014474061e+00
9.250000000000000e-01 6.872544235855034e+00 1.005838877669006e+00
9.300000000000000e-01 7.046556554689444e+00 1.006238454130205e+00
9.350000000000001e-01 7.224973200755413e+00 1.006628006303669e+00
9.400000000000001e-01 7.407905690264673e+00 1.007007789719018e+00
9.450000000000001e-01 7.595468361978146e+00 1.007378053183321e+00
9.500000000000001e-01 7.787778448671316e+00 1.007739038968888e+00
9.550000000000001e-01 7.984956150408610e+00 1.008090982995239e+00
9.600000000000000e-01 8.187124709672272e+00 1.008434115005459e+00
9.650000000000000e-01 8.394410488393007e+00 1.008768658737144e+00
9.700000000000000e-01 8.606943046930221e+00 1.009094832088124e+00
9.750000000000000e-01 8.824855225051540e+00 1.009412847277159e+00
9.800000000000000e-01 9.048283224961922e+00 1.009722910999772e+00
9.850000000000000e-01 9.277366696434507e+00 1.010025224579403e+00
9.900000000000000e-01 9.512248824096272e+00 1.010319984114030e+00
9.950000000000000e-01 9.753076416923058e+00 1.010607380618431e+00
1.000000000000000e+00 1.000000000000000e+01 1.010887600162217e+00
