0.000000000000000e+00 0.000000000000000e+00 8.566579346368750e-01
5.000000000000000e-03 3.369477419287315e-03 8.566591046503154e-01
1.000000000000000e-02 6.741060871647481e-03 8.566622234671368e-01
1.500000000000000e-02 1.011685770649257e-02 8.566674272438416e-01
2.000000000000000e-02 1.349897790673588e-02 8.566747270306961e-01
2.500000000000000e-02 1.688953540759990e-02 8.566841322929949e-01
3.000000000000000e-02 2.029064941789469e-02 8.566956717000633e-01
3.500000000000000e-02 2.370444574459234e-02 8.567093713462750e-01
4.000000000000000e-02 2.713305812152553e-02 8.567252571307172e-01
4.500000000000000e-02 3.057862954304063e-02 8.567433629121411e-01
5.000000000000000e-02 3.404331360343898e-02 8.567637309543493e-01
5.500000000000000e-02 3.752927584304335e-02 8.567864039336682e-01
6.000000000000000e-02 4.103869510173117e-02 8.568114319550174e-01
6.500000000000000e-02 4.457376488078044e-02 8.568388659569216e-01
7.000000000000001e-02 4.813669471387935e-02 8.568687629083009e-01
7.500000000000000e-02 5.172971154815675e-02 8.569011897518855e-01
8.000000000000000e-02 5.535506113609672e-02 8.569362117639892e-01
8.500000000000001e-02 5.901500943920686e-02 8.569738943772597e-01
9.000000000000000e-02 6.271184404431801e-02 8.570143236500887e-01
9.500000000000000e-02 6.644787559340060e-02 8.570575873121857e-01
1.000000000000000e-01 7.022543922779090e-02 8.571037652071010e-01
1.050000000000000e-01 7.404689604773053e-02 8.571529554846949e-01
1.100000000000000e-01 7.791463458813094e-02 8.572052562682660e-01
1.150000000000000e-01 8.183107231148547e-02 8.572607679182855e-01
1.200000000000000e-01 8.579865711886202e-02 8.573195981081292e-01
1.250000000000000e-01 8.981986887992111e-02 8.573818592615329e-01
1.300000000000000e-01 9.389722098291493e-02 8.574476720884351e-01
1.350000000000000e-01 9.803326190563690e-02 8.575171633225668e-01
1.400000000000000e-01 1.022305768083033e-01 8.575904653437759e-01
1.450000000000000e-01 1.064917891493625e-01 8.576677104813388e-01
1.500000000000000e-01 1.108195623252418e-01 8.577490369994549e-01
1.550000000000000e-01 1.152166013350572e-01 8.578345897987389e-01
1.600000000000000e-01 1.196856544713255e-01 8.579245125297804e-01
1.650000000000000e-01 1.242295150377370e-01 8.580189542678003e-01
1.700000000000000e-01 1.288510230950609e-01 8.581180773872699e-01
1.750000000000000e-01 1.335530672362758e-01 8.582220501913480e-01
1.800000000000000e-01 1.383385863920344e-01 8.583310348477938e-01
1.850000000000000e-01 1.432105716675912e-01 8.584451921260515e-01
1.900000000000000e-01 1.481720682123397e-01 8.585646944936287e-01
1.950000000000000e-01 1.532261771231311e-01 8.586897163205416e-01
2.000000000000000e-01 1.583760573825595e-01 8.588204308713663e-01
2.050000000000000e-01 1.636249278334301e-01 8.589570103052483e-01
2.100000000000000e-01 1.689760691906397e-01 8.590996343875273e-01
2.150000000000000e-01 1.744328260917313e-01 8.592484828957446e-01
2.200000000000000e-01 1.799986091874004e-01 8.594037238323415e-01
2.250000000000000e-01 1.856768972732633e-01 8.595655316676420e-01
2.300000000000000e-01 1.914712394642179e-01 8.597340646102987e-01
2.350000000000000e-01 1.973852574127551e-01 8.599094850150312e-01
2.400000000000000e-01 2.034226475726105e-01 8.600919566768005e-01
2.450000000000000e-01 2.095871835091678e-01 8.602816226141595e-01
2.500000000000000e-01 2.158827182580599e-01 8.604786309976419e-01
2.550000000000000e-01 2.223131867334419e-01 8.606831002171466e-01
2.600000000000000e-01 2.288826081874405e-01 8.608951419708102e-01
2.650000000000000e-01 2.355950887223172e-01 8.611148627364246e-01
2.700000000000000e-01 2.424548238569160e-01 8.613423409771054e-01
2.750000000000000e-01 2.494661011489995e-01 8.615776526652342e-01
2.800000000000000e-01 2.566333028751116e-01 8.618208264438252e-01
2.850000000000000e-01 2.639609087696434e-01 8.620718703896079e-01
2.900000000000000e-01 2.714534988248126e-01 8.623307984872339e-01
2.950000000000000e-01 2.791157561533084e-01 8.625975759469175e-01
3.000000000000000e-01 2.869524699153886e-01 8.628721212072546e-01
3.050000000000000e-01 2.949685383122613e-01 8.631543333515362e-01
3.100000000000000e-01 3.031689716476197e-01 8.634440913238872e-01
3.150000000000000e-01 3.115588954592450e-01 8.637412206191426e-01
3.200000000000000e-01 3.201435537226349e-01 8.640455062152456e-01
3.250000000000000e-01 3.289283121286580e-01 8.643567079023510e-01
3.300000000000000e-01 3.379186614372866e-01 8.646745345772118e-01
3.350000000000000e-01 3.471202209094989e-01 8.649986615445324e-01
3.400000000000000e-01 3.565387418195016e-01 8.653287264310250e-01
3.450000000000000e-01 3.661801110494620e-01 8.656643260305330e-01
3.500000000000000e-01 3.760503547690021e-01 8.660050335616419e-01
3.550000000000000e-01 3.861556422017504e-01 8.663503867821883e-01
3.600000000000000e-01 3.965022894813072e-01 8.666999058292446e-01
3.650000000000000e-01 4.070967635990345e-01 8.670531012623647e-01
3.700000000000000e-01 4.179456864461349e-01 8.674094730543455e-01
3.750000000000000e-01 4.290558389525505e-01 8.677685390068387e-01
3.800000000000000e-01 4.404341653252637e-01 8.681298385934287e-01
3.850000000000000e-01 4.520877773886537e-01 8.684929510397357e-01
3.900000000000000e-01 4.640239590296172e-01 8.688575254813883e-01
3.950000000000000e-01 4.762501707502353e-01 8.692232915654492e-01
4.000000000000000e-01 4.887740543308307e-01 8.695900924719466e-01
4.050000000000000e-01 5.016034376063282e-01 8.699579154917756e-01
4.100000000000000e-01 5.147463393589066e-01 8.703269155376749e-01
4.150000000000000e-01 5.282109743299990e-01 8.706974560404629e-01
4.200000000000000e-01 5.420057583547735e-01 8.710701422613145e-01
4.250000000000000e-01 5.561393136223041e-01 8.714458568212247e-01
4.300000000000000e-01 5.706204740647189e-01 8.718257992144330e-01
4.350000000000000e-01 5.854582908786964e-01 8.722115198110298e-01
4.400000000000000e-01 6.006620381827575e-01 8.726049596040321e-01
4.450000000000000e-01 6.162412188138907e-01 8.730084785282574e-01
4.500000000000000e-01 6.322055702671360e-01 8.734248830246399e-01
4.550000000000000e-01 6.485650707818353e-01 8.738574610880120e-01
4.600000000000000e-01 6.653299455783577e-01 8.743099873796581e-01
4.650000000000000e-01 6.825106732491932e-01 8.747867272597518e-01
4.700000000000000e-01 7.001179923084168e-01 8.752924568256958e-01
4.750000000000000e-01 7.181629079036070e-01 8.758324373317816e-01
4.800000000000000e-01 7.366566986944229e-01 8.764123762325040e-01
4.850000000000000e-01 7.556109239021327e-01 8.770384220042227e-01
4.900000000000000e-01 7.750374305345038e-01 8.777171125773268e-01
4.950000000000000e-01 7.949483607905672e-01 8.784552759552976e-01
5.000000000000000e-01 8.153561596498893e-01 8.792599794762839e-01
5.050000000000000e-01 8.362735826510871e-01 8.801384746016977e-01
5.100000000000000e-01 8.577137038644561e-01 8.810980562701698e-01
5.150000000000000e-01 8.796899240636907e-01 8.821459328061447e-01
5.200000000000000e-01 9.022159791018011e-01 8.832891626265170e-01
5.250000000000000e-01 9.253059484964714e-01 8.845345422982863e-01
5.300000000000000e-01 9.489742642302165e-01 8.858884179143657e-01
5.350000000000000e-01 9.732357197708378e-01 8.873565465973825e-01
5.400000000000000e-01 9.981054793178262e-01 8.889440290255201e-01
5.450000000000000e-01 1.023599087280478e+00 8.906551908982449e-01
5.500000000000000e-01 1.049732477993657e+00 8.924933903772113e-01
5.550000000000000e-01 1.076521985677273e+00 8.944608678237976e-01
5.600000000000001e-01 1.103984354645701e+00 8.965586841864083e-01
5.650000000000001e-01 1.132136749773522e+00 8.987866560831664e-01
5.700000000000001e-01 1.160996767224129e+00 9.011432179584375e-01
5.750000000000001e-01 1.190582445447902e+00 9.036252643963839e-01
5.800000000000000e-01 1.220912276456826e+00 9.062280548502218e-01
5.850000000000000e-01 1.252005217382601e+00 9.089451828902182e-01
5.900000000000000e-01 1.283880702325469e+00 9.117685516734574e-01
5.950000000000000e-01 1.316558654501151e+00 9.146883158230894e-01
6.000000000000000e-01 1.350059498693518e+00 9.176928030236159e-01
6.050000000000000e-01 1.384404174020732e+00 9.207684583137329e-01
6.100000000000000e-01 1.419614147022888e+00 9.238998391749534e-01
6.150000000000000e-01 1.455711425079295e+00 9.270696628424008e-01
6.200000000000000e-01 1.492718570163803e+00 9.302589001278746e-01
6.250000000000000e-01 1.530658712946775e+00 9.334469155382999e-01
6.300000000000000e-01 1.569555567252506e+00 9.366116662963304e-01
6.350000000000000e-01 1.609433444881138e+00 9.397299825196016e-01
6.400000000000000e-01 1.650317270804325e+00 9.427779526934631e-01
6.450000000000000e-01 1.692232598744148e+00 9.457314381980308e-01
6.500000000000000e-01 1.735205627145031e+00 9.485667361578702e-01
6.550000000000000e-01 1.779263215548615e+00 9.512614028142856e-01
6.600000000000000e-01 1.824432901381847e+00 9.537952372766024e-01
6.650000000000000e-01 1.870742917168772e+00 9.561514059636911e-01
6.700000000000000e-01 1.918222208176775e+00 9.583176601952345e-01
6.750000000000000e-01 1.966900450508319e+00 9.602875636796582e-01
6.800000000000000e-01 2.016808069649473e+00 9.620616067876040e-01
6.850000000000001e-01 2.067976259486829e+00 9.636480477318632e-01
6.900000000000001e-01 2.120437001804702e+00 9.650632981670145e-01
6.950000000000001e-01 2.174223086274785e+00 9.663316752555515e-01
7.000000000000001e-01 2.229368130950753e+00 9.674843851867531e-01
7.050000000000000e-01 2.285906603280654e+00 9.685576888991978e-01
7.100000000000000e-01 2.343873841650178e+00 9.695903223744055e-01
7.150000000000000e-01 2.403306077470301e+00 9.706203814492173e-01
7.200000000000000e-01 2.464240457823092e+00 9.716820051908612e-01
7.250000000000000e-01 2.526715068679855e+00 9.728022714018201e-01
7.300000000000000e-01 2.590768958706095e+00 9.739987296938348e-01
7.350000000000000e-01 2.656442163668210e+00 9.752779340061921e-01
7.400000000000000e-01 2.723775731457148e+00 9.766352067720391e-01
7.450000000000000e-01 2.792811747744667e+00 9.780556937462314e-01
7.500000000000000e-01 2.863593362288260e+00 9.795165807985560e-01
7.550000000000000e-01 2.936164815901156e+00 9.809901710293759e-01
7.600000000000000e-01 3.010571468104263e+00 9.824473887517480e-01
7.650000000000000e-01 3.086859825477351e+00 9.838612086928246e-01
7.700000000000000e-01 3.165077570727174e+00 9.852095211777511e-01
7.750000000000000e-01 3.245273592490716e+00 9.864770438441647e-01
7.800000000000000e-01 3.327498015892184e+00 9.876560671742003e-01
7.850000000000000e-01 3.411802233872832e+00 9.887460425601291e-01
7.900000000000000e-01 3.498238939313234e+00 9.897522371175445e-01
7.950000000000000e-01 3.586862157968046e+00 9.906838339634061e-01
8.000000000000000e-01 3.677727282233856e+00 9.915519106308811e-01
8.050000000000000e-01 3.770891105771243e+00 9.923676739330185e-01
8.100000000000001e-01 3.866411859002656e+00 9.931411943350731e-01
8.150000000000001e-01 3.964349245508326e+00 9.938807173685621e-01
8.200000000000001e-01 4.064764479342956e+00 9.945924863567602e-01
8.250000000000001e-01 4.167720323296481e+00 9.952809245120975e-01
8.300000000000001e-01 4.273281128122877e+00 9.959490032794560e-01
8.350000000000000e-01 4.381512872761445e+00 9.965986525623983e-01
8.400000000000000e-01 4.492483205575838e+00 9.972311211454447e-01
8.450000000000000e-01 4.606261486636447e+00 9.978472480723136e-01
8.500000000000000e-01 4.722918831072739e+00 9.984476435186037e-01
8.550000000000000e-01 4.842528153522501e+00 9.990327972044730e-01
8.600000000000000e-01 4.965164213705875e+00 9.996031373613470e-01
8.650000000000000e-01 5.090903663152626e+00 1.000159060021068e+00
8.700000000000000e-01 5.219825093111814e+00 1.000700942393505e+00
8.750000000000000e-01 5.352009083673925e+00 1.001229148557692e+00
8.800000000000000e-01 5.487538254136007e+00 1.001744031789165e+00
8.850000000000000e-01 5.626497314641444e+00 1.002245935547622e+00
8.900000000000000e-01 5.768973119126561e+00 1.002735193975661e+00
8.950000000000000e-01 5.915054719607133e+00 1.003212132231084e+00
9.000000000000000e-01 6.064833421838831e+00 1.003677066763376e+00
9.050000000000000e-01 6.218402842386253e+00 1.004130305568884e+00
9.100000000000000e-01 6.375858967136348e+00 1.004572148434627e+00
9.150000000000000e-01 6.537300211292723e+00 1.005002887173492e+00
9.200000000000000e-01 6.702827480888332e+00 1.005422805851694e+00
9.250000000000000e-01 6.872544235855034e+00 1.005832181008900e+00
9.300000000000000e-01 7.046556554689444e+00 1.006231281871324e+00
9.350000000000001e-01 7.224973200755413e+00 1.006620370558062e+00
9.400000000000001e-01 7.407905690264673e+00 1.006999702280919e+00
9.450000000000001e-01 7.595468361978146e+00 1.007369525537966e+00
9.500000000000001e-01 7.787778448671316e+00 1.007730082301063e+00
9.550000000000001e-01 7.984956150408610e+00 1.008081608197572e+00
9.600000000000000e-01 8.187124709672272e+00 1.008424332686459e+00
9.650000000000000e-01 8.394410488393007e+00 1.008758479228996e+00
9.700000000000000e-01 8.606943046930221e+00 1.009084265454253e+00
9.750000000000000e-01 8.824855225051540e+00 1.009401903319566e+00
9.800000000000000e-01 9.048283224961922e+00 1.009711599266156e+00
9.850000000000000e-01 9.277366696434507e+00 1.010013554370066e+00
9.900000000000000e-01 9.512248824096272e+00 1.010307964488585e+00
9.950000000000000e-01 9.753076416923058e+00 1.010595020402307e+00
1.000000000000000e+00 1.000000000000000e+01 1.010874907952980e+00
