0.000000000000000e+00 0.000000000000000e+00 9.505154215980204e-01
5.000000000000000e-03 3.369477419287315e-03 9.505154216330701e-01
1.000000000000000e-02 6.741060871647481e-03 9.505154216938347e-01
1.500000000000000e-02 1.011685770649257e-02 9.505154217080485e-01
2.000000000000000e-02 1.349897790673588e-02 9.505154217192400e-01
2.500000000000000e-02 1.688953540759990e-02 9.505154217395281e-01
3.000000000000000e-02 2.029064941789469e-02 9.505154217592573e-01
3.500000000000000e-02 2.370444574459234e-02 9.505154217777234e-01
4.000000000000000e-02 2.713305812152553e-02 9.505154217972601e-01
4.500000000000000e-02 3.057862954304063e-02 9.505154218185241e-01
5.000000000000000e-02 3.404331360343898e-02 9.505154218456905e-01
5.500000000000000e-02 3.752927584304335e-02 9.505154218722858e-01
6.000000000000000e-02 4.103869510173117e-02 9.505154219005308e-01
6.500000000000000e-02 4.457376488078044e-02 9.505154219312194e-01
7.000000000000001e-02 4.813669471387935e-02 9.505154219644781e-01
7.500000000000000e-02 5.172971154815675e-02 9.505154219999031e-01
8.000000000000000e-02 5.535506113609672e-02 9.505154220356634e-01
8.500000000000001e-02 5.901500943920686e-02 9.505154220726199e-01
9.000000000000000e-02 6.271184404431801e-02 9.505154221182440e-01
9.500000000000000e-02 6.644787559340060e-02 9.505154221747351e-01
1.000000000000000e-01 7.022543922779090e-02 9.505154222354869e-01
1.050000000000000e-01 7.404689604773053e-02 9.505154222965254e-01
1.100000000000000e-01 7.791463458813094e-02 9.505154223615419e-01
1.150000000000000e-01 8.183107231148547e-02 9.505154224234895e-01
1.200000000000000e-01 8.579865711886202e-02 9.505154224870143e-01
1.250000000000000e-01 8.981986887992111e-02 9.505154225568826e-01
1.300000000000000e-01 9.389722098291493e-02 9.505154226390111e-01
1.350000000000000e-01 9.803326190563690e-02 9.505154227303907e-01
1.400000000000000e-01 1.022305768083033e-01 9.505154228274888e-01
1.450000000000000e-01 1.064917891493625e-01 9.505154229338640e-01
1.500000000000000e-01 1.108195623252418e-01 9.505154230481375e-01
1.550000000000000e-01 1.152166013350572e-01 9.505154231659432e-01
1.600000000000000e-01 1.196856544713255e-01 9.505154232885876e-01
1.650000000000000e-01 1.242295150377370e-01 9.505154234215418e-01
1.700000000000000e-01 1.288510230950609e-01 9.505154235660035e-01
1.750000000000000e-01 1.335530672362758e-01 9.505154237119854e-01
1.800000000000000e-01 1.383385863920344e-01 9.505154238706832e-01
1.850000000000000e-01 1.432105716675912e-01 9.505154240456434e-01
1.900000000000000e-01 1.481720682123397e-01 9.505154242305549e-01
1.950000000000000e-01 1.532261771231311e-01 9.505154244334797e-01
2.000000000000000e-01 1.583760573825595e-01 9.505154246462807e-01
2.050000000000000e-01 1.636249278334301e-01 9.505154248786332e-01
2.100000000000000e-01 1.689760691906397e-01 9.505154251307257e-01
2.150000000000000e-01 1.744328260917313e-01 9.505154254067661e-01
2.200000000000000e-01 1.799986091874004e-01 9.505154257055785e-01
2.250000000000000e-01 1.856768972732633e-01 9.505154260217256e-01
2.300000000000000e-01 1.914712394642179e-01 9.505154263615585e-01
2.350000000000000e-01 1.973852574127551e-01 9.505154267319771e-01
2.400000000000000e-01 2.034226475726105e-01 9.505154271302751e-01
2.450000000000000e-01 2.095871835091678e-01 9.505154275600134e-01
2.500000000000000e-01 2.158827182580599e-01 9.505154280206344e-01
2.550000000000000e-01 2.223131867334419e-01 9.505154285224063e-01
2.600000000000000e-01 2.288826081874405e-01 9.505154290719190e-01
2.650000000000000e-01 2.355950887223172e-01 9.505154296636229e-01
2.700000000000000e-01 2.424548238569160e-01 9.505154303292778e-01
2.750000000000000e-01 2.494661011489995e-01 9.505154310710884e-01
2.800000000000000e-01 2.566333028751116e-01 9.505154318710729e-01
2.850000000000000e-01 2.639609087696434e-01 9.505154327420474e-01
2.900000000000000e-01 2.714534988248126e-01 9.505154337051922e-01
2.950000000000000e-01 2.791157561533084e-01 9.505154347560382e-01
3.000000000000000e-01 2.869524699153886e-01 9.505154359134927e-01
3.050000000000000e-01 2.949685383122613e-01 9.505154371818674e-01
3.100000000000000e-01 3.031689716476197e-01 9.505154385917097e-01
3.150000000000000e-01 3.115588954592450e-01 9.505154401847847e-01
3.200000000000000e-01 3.201435537226349e-01 9.505154419596802e-01
3.250000000000000e-01 3.289283121286580e-01 9.505154439356931e-01
3.300000000000000e-01 3.379186614372866e-01 9.505154461411864e-01
3.350000000000000e-01 3.471202209094989e-01 9.505154485910277e-01
3.400000000000000e-01 3.565387418195016e-01 9.505154513097166e-01
3.450000000000000e-01 3.661801110494620e-01 9.505154544031045e-01
3.500000000000000e-01 3.760503547690021e-01 9.505154579298433e-01
3.550000000000000e-01 3.861556422017504e-01 9.505154619003888e-01
3.600000000000000e-01 3.965022894813072e-01 9.505154663723132e-01
3.650000000000000e-01 4.070967635990345e-01 9.505154714767837e-01
3.700000000000000e-01 4.179456864461349e-01 9.505154773185883e-01
3.750000000000000e-01 4.290558389525505e-01 9.505154839895923e-01
3.800000000000000e-01 4.404341653252637e-01 9.505154916289423e-01
3.850000000000000e-01 4.520877773886537e-01 9.505155003873528e-01
3.900000000000000e-01 4.640239590296172e-01 9.505155105092474e-01
3.950000000000000e-01 4.762501707502353e-01 9.505155222032529e-01
4.000000000000000e-01 4.887740543308307e-01 9.505155357755786e-01
4.050000000000000e-01 5.016034376063282e-01 9.505155515614598e-01
4.100000000000000e-01 5.147463393589066e-01 9.505155699622783e-01
4.150000000000000e-01 5.282109743299990e-01 9.505155915086481e-01
4.200000000000000e-01 5.420057583547735e-01 9.505156167811369e-01
4.250000000000000e-01 5.561393136223041e-01 9.505156466004941e-01
4.300000000000000e-01 5.706204740647189e-01 9.505156817763096e-01
4.350000000000000e-01 5.854582908786964e-01 9.505157234591390e-01
4.400000000000000e-01 6.006620381827575e-01 9.505157729987719e-01
4.450000000000000e-01 6.162412188138907e-01 9.505158319720569e-01
4.500000000000000e-01 6.322055702671360e-01 9.505159026261499e-01
4.550000000000000e-01 6.485650707818353e-01 9.505159873945268e-01
4.600000000000000e-01 6.653299455783577e-01 9.505160894131748e-01
4.650000000000000e-01 6.825106732491932e-01 9.505162125382550e-01
4.700000000000000e-01 7.001179923084168e-01 9.505163616393661e-01
4.750000000000000e-01 7.181629079036070e-01 9.505165428982378e-01
4.800000000000000e-01 7.366566986944229e-01 9.505167636674077e-01
4.850000000000000e-01 7.556109239021327e-01 9.505170336553351e-01
4.900000000000000e-01 7.750374305345038e-01 9.505173646485598e-01
4.950000000000000e-01 7.949483607905672e-01 9.505177716056545e-01
5.000000000000000e-01 8.153561596498893e-01 9.505182737386100e-01
5.050000000000000e-01 8.362735826510871e-01 9.505188946024149e-01
5.100000000000000e-01 8.577137038644561e-01 9.505196648972911e-01
5.150000000000000e-01 8.796899240636907e-01 9.505206229992016e-01
5.200000000000000e-01 9.022159791018011e-01 9.505218175898746e-01
5.250000000000000e-01 9.253059484964714e-01 9.505233115848974e-01
5.300000000000000e-01 9.489742642302165e-01 9.505251836895040e-01
5.350000000000000e-01 9.732357197708378e-01 9.505275355897411e-01
5.400000000000000e-01 9.981054793178262e-01 9.505304970348752e-01
5.450000000000000e-01 1.023599087280478e+00 9.505342323681992e-01
5.500000000000000e-01 1.049732477993657e+00 9.505389541916780e-01
5.550000000000000e-01 1.076521985677273e+00 9.505449322747150e-01
5.600000000000001e-01 1.103984354645701e+00 9.505525111395390e-01
5.650000000000001e-01 1.132136749773522e+00 9.505621337037730e-01
5.700000000000001e-01 1.160996767224129e+00 9.505743606737466e-01
5.750000000000001e-01 1.190582445447902e+00 9.505899078572305e-01
5.800000000000000e-01 1.220912276456826e+00 9.506096869342986e-01
5.850000000000000e-01 1.252005217382601e+00 9.506348457638065e-01
5.900000000000000e-01 1.283880702325469e+00 9.506668366135460e-01
5.950000000000000e-01 1.316558654501151e+00 9.507074836834146e-01
6.000000000000000e-01 1.350059498693518e+00 9.507590530091957e-01
6.050000000000000e-01 1.384404174020732e+00 9.508243575600637e-01
6.100000000000000e-01 1.419614147022888e+00 9.509068500673525e-01
6.150000000000000e-01 1.455711425079295e+00 9.510107056628835e-01
6.200000000000000e-01 1.492718570163803e+00 9.511409305866001e-01
6.250000000000000e-01 1.530658712946775e+00 9.513034207474097e-01
6.300000000000000e-01 1.569555567252506e+00 9.515049478630948e-01
6.350000000000000e-01 1.609433444881138e+00 9.517531113633584e-01
6.400000000000000e-01 1.650317270804325e+00 9.520561462677060e-01
6.450000000000000e-01 1.692232598744148e+00 9.524225049518475e-01
6.500000000000000e-01 1.735205627145031e+00 9.528602588253197e-01
6.550000000000000e-01 1.779263215548615e+00 9.533762278592858e-01
6.600000000000000e-01 1.824432901381847e+00 9.539747183506304e-01
6.650000000000000e-01 1.870742917168772e+00 9.546559924216348e-01
6.700000000000000e-01 1.918222208176775e+00 9.554146136835103e-01
6.750000000000000e-01 1.966900450508319e+00 9.562377523562139e-01
6.800000000000000e-01 2.016808069649473e+00 9.571038604205276e-01
6.850000000000001e-01 2.067976259486829e+00 9.579824739343575e-01
6.900000000000001e-01 2.120437001804702e+00 9.588358493673814e-01
6.950000000000001e-01 2.174223086274785e+00 9.596229474014661e-01
7.000000000000001e-01 2.229368130950753e+00 9.603059228770956e-01
7.050000000000000e-01 2.285906603280654e+00 9.608583661146154e-01
7.100000000000000e-01 2.343873841650178e+00 9.612733859673390e-01
7.150000000000000e-01 2.403306077470301e+00 9.615691259133510e-01
7.200000000000000e-01 2.464240457823092e+00 9.617898012902131e-01
7.250000000000000e-01 2.526715068679855e+00 9.620015315498782e-01
7.300000000000000e-01 2.590768958706095e+00 9.622837108635860e-01
7.350000000000000e-01 2.656442163668210e+00 9.627179411795309e-01
7.400000000000000e-01 2.723775731457148e+00 9.633770798844308e-01
7.450000000000000e-01 2.792811747744667e+00 9.643165201742548e-01
7.500000000000000e-01 2.863593362288260e+00 9.655687992018110e-01
7.550000000000000e-01 2.936164815901156e+00 9.671415856724516e-01
7.600000000000000e-01 3.010571468104263e+00 9.690183890861318e-01
7.650000000000000e-01 3.086859825477351e+00 9.711610477429843e-01
7.700000000000000e-01 3.165077570727174e+00 9.735131185010044e-01
7.750000000000000e-01 3.245273592490716e+00 9.760035539928412e-01
7.800000000000000e-01 3.327498015892184e+00 9.785503875689734e-01
7.850000000000000e-01 3.411802233872832e+00 9.810645553818386e-01
7.900000000000000e-01 3.498238939313234e+00 9.834545337017798e-01
7.950000000000000e-01 3.586862157968046e+00 9.856329812529708e-01
8.000000000000000e-01 3.677727282233856e+00 9.875264652607265e-01
8.050000000000000e-01 3.770891105771243e+00 9.890879791096516e-01
8.100000000000001e-01 3.866411859002656e+00 9.903094303623518e-01
8.150000000000001e-01 3.964349245508326e+00 9.912289490256176e-01
8.200000000000001e-01 4.064764479342956e+00 9.919277609067231e-01
8.250000000000001e-01 4.167720323296481e+00 9.925145535132881e-01
8.300000000000001e-01 4.273281128122877e+00 9.931005624150814e-01
8.350000000000000e-01 4.381512872761445e+00 9.937731400703663e-01
8.400000000000000e-01 4.492483205575838e+00 9.945767558612927e-01
8.450000000000000e-01 4.606261486636447e+00 9.955076098023514e-01
8.500000000000000e-01 4.722918831072739e+00 9.965227625319838e-01
8.550000000000000e-01 4.842528153522501e+00 9.975593037698670e-01
8.600000000000000e-01 4.965164213705875e+00 9.985558426336711e-01
8.650000000000000e-01 5.090903663152626e+00 9.994687539511561e-01
8.700000000000000e-01 5.219825093111814e+00 1.000278867485869e+00
8.750000000000000e-01 5.352009083673925e+00 1.000988845965415e+00
8.800000000000000e-01 5.487538254136007e+00 1.001615003689395e+00
8.850000000000000e-01 5.626497314641444e+00 1.002178282624353e+00
8.900000000000000e-01 5.768973119126561e+00 1.002697723246821e+00
8.950000000000000e-01 5.915054719607133e+00 1.003187464785825e+00
9.000000000000000e-01 6.064833421838831e+00 1.003656532798546e+00
9.050000000000000e-01 6.218402842386253e+00 1.004110029318085e+00
9.100000000000000e-01 6.375858967136348e+00 1.004550586509008e+00
9.150000000000000e-01 6.537300211292723e+00 1.004979506320707e+00
9.200000000000000e-01 6.702827480888332e+00 1.005397463815873e+00
9.250000000000000e-01 6.872544235855034e+00 1.005804870847020e+00
9.300000000000000e-01 7.046556554689444e+00 1.006202038151948e+00
9.350000000000001e-01 7.224973200755413e+00 1.006589238648641e+00
9.400000000000001e-01 7.407905690264673e+00 1.006966729353703e+00
9.450000000000001e-01 7.595468361978146e+00 1.007334758222381e+00
9.500000000000001e-01 7.787778448671316e+00 1.007693566152012e+00
9.550000000000001e-01 7.984956150408610e+00 1.008043387607724e+00
9.600000000000000e-01 8.187124709672272e+00 1.008384450895475e+00
9.650000000000000e-01 8.394410488393007e+00 1.008716978351170e+00
9.700000000000000e-01 8.606943046930221e+00 1.009041186508672e+00
9.750000000000000e-01 8.824855225051540e+00 1.009357286259909e+00
9.800000000000000e-01 9.048283224961922e+00 1.009665483009687e+00
9.850000000000000e-01 9.277366696434507e+00 1.009965976825784e+00
9.900000000000000e-01 9.512248824096272e+00 1.010258962584543e+00
9.950000000000000e-01 9.753076416923058e+00 1.010544630112155e+00
1.000000000000000e+00 1.000000000000000e+01 1.010823164321966e+00
