0.000000000000000e+00 0.000000000000000e+00 7.869239673976367e-01
5.000000000000000e-03 3.369477419287315e-03 7.869245331867682e-01
1.000000000000000e-02 6.741060871647481e-03 7.869260332735779e-01
1.500000000000000e-02 1.011685770649257e-02 7.869285212799368e-01
2.000000000000000e-02 1.349897790673588e-02 7.869320166655444e-01
2.500000000000000e-02 1.688953540759990e-02 7.869365337667573e-01
3.000000000000000e-02 2.029064941789469e-02 7.869420804464549e-01
3.500000000000000e-02 2.370444574459234e-02 7.869486731344800e-01
4.000000000000000e-02 2.713305812152553e-02 7.869563344188698e-01
4.500000000000000e-02 3.057862954304063e-02 7.869650862461472e-01
5.000000000000000e-02 3.404331360343898e-02 7.869749532531530e-01
5.500000000000000e-02 3.752927584304335e-02 7.869859665851052e-01
6.000000000000000e-02 4.103869510173117e-02 7.869981618040784e-01
6.500000000000000e-02 4.457376488078044e-02 7.870115753514744e-01
7.000000000000001e-02 4.813669471387935e-02 7.870262452659001e-01
7.500000000000000e-02 5.172971154815675e-02 7.870422160462891e-01
8.000000000000000e-02 5.535506113609672e-02 7.870595408319492e-01
8.500000000000001e-02 5.901500943920686e-02 7.870782756752898e-01
9.000000000000000e-02 6.271184404431801e-02 7.870984763390853e-01
9.500000000000000e-02 6.644787559340060e-02 7.871202037185937e-01
1.000000000000000e-01 7.022543922779090e-02 7.871435259869860e-01
1.050000000000000e-01 7.404689604773053e-02 7.871685175669192e-01
1.100000000000000e-01 7.791463458813094e-02 7.871952624921094e-01
1.150000000000000e-01 8.183107231148547e-02 7.872238503626783e-01
1.200000000000000e-01 8.579865711886202e-02 7.872543730405765e-01
1.250000000000000e-01 8.981986887992111e-02 7.872869304307061e-01
1.300000000000000e-01 9.389722098291493e-02 7.873216268491064e-01
1.350000000000000e-01 9.803326190563690e-02 7.873585753605411e-01
1.400000000000000e-01 1.022305768083033e-01 7.873978991571374e-01
1.450000000000000e-01 1.064917891493625e-01 7.874397297865388e-01
1.500000000000000e-01 1.108195623252418e-01 7.874842108096766e-01
1.550000000000000e-01 1.152166013350572e-01 7.875314952105545e-01
1.600000000000000e-01 1.196856544713255e-01 7.875817482210282e-01
1.650000000000000e-01 1.242295150377370e-01 7.876351465602673e-01
1.700000000000000e-01 1.288510230950609e-01 7.876918801247903e-01
1.750000000000000e-01 1.335530672362758e-01 7.877521525073998e-01
1.800000000000000e-01 1.383385863920344e-01 7.878161822434986e-01
1.850000000000000e-01 1.432105716675912e-01 7.878842038508003e-01
1.900000000000000e-01 1.481720682123397e-01 7.879564690774502e-01
1.950000000000000e-01 1.532261771231311e-01 7.880332481961553e-01
2.000000000000000e-01 1.583760573825595e-01 7.881148314160051e-01
2.050000000000000e-01 1.636249278334301e-01 7.882015303976414e-01
2.100000000000000e-01 1.689760691906397e-01 7.882936798874313e-01
2.150000000000000e-01 1.744328260917313e-01 7.883916394768062e-01
2.200000000000000e-01 1.799986091874004e-01 7.884957954960141e-01
2.250000000000000e-01 1.856768972732633e-01 7.886065630509335e-01
2.300000000000000e-01 1.914712394642179e-01 7.887243882120120e-01
2.350000000000000e-01 1.973852574127551e-01 7.888497503645152e-01
2.400000000000000e-01 2.034226475726105e-01 7.889831647293779e-01
2.450000000000000e-01 2.095871835091678e-01 7.891251850639657e-01
2.500000000000000e-01 2.158827182580599e-01 7.892764065519525e-01
2.550000000000000e-01 2.223131867334419e-01 7.894374688912752e-01
2.600000000000000e-01 2.288826081874405e-01 7.896090595887062e-01
2.650000000000000e-01 2.355950887223172e-01 7.897919174689635e-01
2.700000000000000e-01 2.424548238569160e-01 7.899868364053972e-01
2.750000000000000e-01 2.494661011489995e-01 7.901946692781253e-01
2.800000000000000e-01 2.566333028751116e-01 7.904163321639774e-01
2.850000000000000e-01 2.639609087696434e-01 7.906528087606952e-01
2.900000000000000e-01 2.714534988248126e-01 7.909051550454541e-01
2.950000000000000e-01 2.791157561533084e-01 7.911745041648648e-01
3.000000000000000e-01 2.869524699153886e-01 7.914620715500852e-01
3.050000000000000e-01 2.949685383122613e-01 7.917691602464600e-01
3.100000000000000e-01 3.031689716476197e-01 7.920971664420927e-01
3.150000000000000e-01 3.115588954592450e-01 7.924475851738696e-01
3.200000000000000e-01 3.201435537226349e-01 7.928220161825724e-01
3.250000000000000e-01 3.289283121286580e-01 7.932221698807405e-01
3.300000000000000e-01 3.379186614372866e-01 7.936498733877506e-01
3.350000000000000e-01 3.471202209094989e-01 7.941070765760669e-01
3.400000000000000e-01 3.565387418195016e-01 7.945958580606628e-01
3.450000000000000e-01 3.661801110494620e-01 7.951184310501103e-01
3.500000000000000e-01 3.760503547690021e-01 7.956771489626838e-01
3.550000000000000e-01 3.861556422017504e-01 7.962745106939514e-01
3.600000000000000e-01 3.965022894813072e-01 7.969131654036503e-01
3.650000000000000e-01 4.070967635990345e-01 7.975959166691651e-01
3.700000000000000e-01 4.179456864461349e-01 7.983257258306229e-01
3.750000000000000e-01 4.290558389525505e-01 7.991057143285945e-01
3.800000000000000e-01 4.404341653252637e-01 7.999391648097528e-01
3.850000000000000e-01 4.520877773886537e-01 8.008295207488355e-01
3.900000000000000e-01 4.640239590296172e-01 8.017803843072118e-01
3.950000000000000e-01 4.762501707502353e-01 8.027955121197270e-01
4.000000000000000e-01 4.887740543308307e-01 8.038788086729199e-01
4.050000000000000e-01 5.016034376063282e-01 8.050343169099677e-01
4.100000000000000e-01 5.147463393589066e-01 8.062662056718456e-01
4.150000000000000e-01 5.282109743299990e-01 8.075787535614266e-01
4.200000000000000e-01 5.420057583547735e-01 8.089763287991516e-01
4.250000000000000e-01 5.561393136223041e-01 8.104633646272849e-01
4.300000000000000e-01 5.706204740647189e-01 8.120443298168071e-01
4.350000000000000e-01 5.854582908786964e-01 8.137236938391921e-01
4.400000000000000e-01 6.006620381827575e-01 8.155058862875095e-01
4.450000000000000e-01 6.162412188138907e-01 8.173952501706885e-01
4.500000000000000e-01 6.322055702671360e-01 8.193959887648411e-01
4.550000000000000e-01 6.485650707818353e-01 8.215121057900007e-01
4.600000000000000e-01 6.653299455783577e-01 8.237473387933113e-01
4.650000000000000e-01 6.825106732491932e-01 8.261050857643878e-01
4.700000000000000e-01 7.001179923084168e-01 8.285883251887980e-01
4.750000000000000e-01 7.181629079036070e-01 8.311995299643627e-01
4.800000000000000e-01 7.366566986944229e-01 8.339405758642678e-01
4.850000000000000e-01 7.556109239021327e-01 8.368126455315035e-01
4.900000000000000e-01 7.750374305345038e-01 8.398161293296302e-01
4.950000000000000e-01 7.949483607905672e-01 8.429505247515497e-01
5.000000000000000e-01 8.153561596498893e-01 8.462143364938408e-01
5.050000000000000e-01 8.362735826510871e-01 8.496049797285592e-01
5.100000000000000e-01 8.577137038644561e-01 8.531186895319037e-01
5.150000000000000e-01 8.796899240636907e-01 8.567504398396862e-01
5.200000000000000e-01 9.022159791018011e-01 8.604938756677538e-01
5.250000000000000e-01 9.253059484964714e-01 8.643412626310293e-01
5.300000000000000e-01 9.489742642302165e-01 8.682834579827542e-01
5.350000000000000e-01 9.732357197708378e-01 8.723099074377539e-01
5.400000000000000e-01 9.981054793178262e-01 8.764086719005600e-01
5.450000000000000e-01 1.023599087280478e+00 8.805664878529219e-01
5.500000000000000e-01 1.049732477993657e+00 8.847688645322938e-01
5.550000000000000e-01 1.076521985677273e+00 8.890002201289808e-01
5.600000000000001e-01 1.103984354645701e+00 8.932440580340607e-01
5.650000000000001e-01 1.132136749773522e+00 8.974831826905171e-01
5.700000000000001e-01 1.160996767224129e+00 9.016999528664368e-01
5.750000000000001e-01 1.190582445447902e+00 9.058765682377011e-01
5.800000000000000e-01 1.220912276456826e+00 9.099953831221008e-01
5.850000000000000e-01 1.252005217382601e+00 9.140392391579092e-01
5.900000000000000e-01 1.283880702325469e+00 9.179918068020398e-01
5.950000000000000e-01 1.316558654501151e+00 9.218379238873692e-01
6.000000000000000e-01 1.350059498693518e+00 9.255639182842602e-01
6.050000000000000e-01 1.384404174020732e+00 9.291579011110404e-01
6.100000000000000e-01 1.419614147022888e+00 9.326100170649724e-01
6.150000000000000e-01 1.455711425079295e+00 9.359126393956120e-01
6.200000000000000e-01 1.492718570163803e+00 9.390604988607747e-01
6.250000000000000e-01 1.530658712946775e+00 9.420507386705668e-01
6.300000000000000e-01 1.569555567252506e+00 9.448828908411400e-01
6.350000000000000e-01 1.609433444881138e+00 9.475587733730715e-01
6.400000000000000e-01 1.650317270804325e+00 9.500823119921016e-01
6.450000000000000e-01 1.692232598744148e+00 9.524592945349729e-01
6.500000000000000e-01 1.735205627145031e+00 9.546970700855887e-01
6.550000000000000e-01 1.779263215548615e+00 9.568042083154059e-01
6.600000000000000e-01 1.824432901381847e+00 9.587901368358615e-01
6.650000000000000e-01 1.870742917168772e+00 9.606647754774781e-01
6.700000000000000e-01 1.918222208176775e+00 9.624381861224868e-01
6.750000000000000e-01 1.966900450508319e+00 9.641202550195415e-01
6.800000000000000e-01 2.016808069649473e+00 9.657204215297492e-01
6.850000000000001e-01 2.067976259486829e+00 9.672474632628437e-01
6.900000000000001e-01 2.120437001804702e+00 9.687093429471918e-01
6.950000000000001e-01 2.174223086274785e+00 9.701131175973238e-01
7.000000000000001e-01 2.229368130950753e+00 9.714649060748668e-01
7.050000000000000e-01 2.285906603280654e+00 9.727699074150892e-01
7.100000000000000e-01 2.343873841650178e+00 9.740324596406907e-01
7.150000000000000e-01 2.403306077470301e+00 9.752561273893372e-01
7.200000000000000e-01 2.464240457823092e+00 9.764438065566313e-01
7.250000000000000e-01 2.526715068679855e+00 9.775978351556219e-01
7.300000000000000e-01 2.590768958706095e+00 9.787201014430003e-01
7.350000000000000e-01 2.656442163668210e+00 9.798121427103427e-01
7.400000000000000e-01 2.723775731457148e+00 9.808752306213701e-01
7.450000000000000e-01 2.792811747744667e+00 9.819104412724564e-01
7.500000000000000e-01 2.863593362288260e+00 9.829187100304008e-01
7.550000000000000e-01 2.936164815901156e+00 9.839008725348629e-01
7.600000000000000e-01 3.010571468104263e+00 9.848576940262342e-01
7.650000000000000e-01 3.086859825477351e+00 9.857898894420409e-01
7.700000000000000e-01 3.165077570727174e+00 9.866981366378665e-01
7.750000000000000e-01 3.245273592490716e+00 9.875830847711182e-01
7.800000000000000e-01 3.327498015892184e+00 9.884453594648757e-01
7.850000000000000e-01 3.411802233872832e+00 9.892855659415940e-01
7.900000000000000e-01 3.498238939313234e+00 9.901042909430379e-01
7.950000000000000e-01 3.586862157968046e+00 9.909021039605850e-01
8.000000000000000e-01 3.677727282233856e+00 9.916795580912787e-01
8.050000000000000e-01 3.770891105771243e+00 9.924371906976243e-01
8.100000000000001e-01 3.866411859002656e+00 9.931755239654247e-01
8.150000000000001e-01 3.964349245508326e+00 9.938950654066325e-01
8.200000000000001e-01 4.064764479342956e+00 9.945963083293099e-01
8.250000000000001e-01 4.167720323296481e+00 9.952797322846618e-01
8.300000000000001e-01 4.273281128122877e+00 9.959458034955816e-01
8.350000000000000e-01 4.381512872761445e+00 9.965949752688110e-01
8.400000000000000e-01 4.492483205575838e+00 9.972276883918895e-01
8.450000000000000e-01 4.606261486636447e+00 9.978443715157107e-01
8.500000000000000e-01 4.722918831072739e+00 9.984454415233632e-01
8.550000000000000e-01 4.842528153522501e+00 9.990313038858647e-01
8.600000000000000e-01 4.965164213705875e+00 9.996023530053599e-01
8.650000000000000e-01 5.090903663152626e+00 1.000158972546322e+00
8.700000000000000e-01 5.219825093111814e+00 1.000701535755268e+00
8.750000000000000e-01 5.352009083673925e+00 1.001230405769463e+00
8.800000000000000e-01 5.487538254136007e+00 1.001745935915088e+00
8.850000000000000e-01 5.626497314641444e+00 1.002248469995288e+00
8.900000000000000e-01 5.768973119126561e+00 1.002738342568526e+00
8.950000000000000e-01 5.915054719607133e+00 1.003215879217632e+00
9.000000000000000e-01 6.064833421838831e+00 1.003681396809922e+00
9.050000000000000e-01 6.218402842386253e+00 1.004135203748739e+00
9.100000000000000e-01 6.375858967136348e+00 1.004577600216755e+00
9.150000000000000e-01 6.537300211292723e+00 1.005008878411359e+00
9.200000000000000e-01 6.702827480888332e+00 1.005429322772437e+00
9.250000000000000e-01 6.872544235855034e+00 1.005839210202831e+00
9.300000000000000e-01 7.046556554689444e+00 1.006238810281760e+00
9.350000000000001e-01 7.224973200755413e+00 1.006628385471471e+00
9.400000000000001e-01 7.407905690264673e+00 1.007008191317368e+00
9.450000000000001e-01 7.595468361978146e+00 1.007378476641865e+00
9.500000000000001e-01 7.787778448671316e+00 1.007739483732193e+00
9.550000000000001e-01 7.984956150408610e+00 1.008091448522380e+00
9.600000000000000e-01 8.187124709672272e+00 1.008434600769622e+00
9.650000000000000e-01 8.394410488393007e+00 1.008769164225237e+00
9.700000000000000e-01 8.606943046930221e+00 1.009095356800401e+00
9.750000000000000e-01 8.824855225051540e+00 1.009413390726858e+00
9.800000000000000e-01 9.048283224961922e+00 1.009723472712759e+00
9.850000000000000e-01 9.277366696434507e+00 1.010025804093830e+00
9.900000000000000e-01 9.512248824096272e+00 1.010320580980003e+00
9.950000000000000e-01 9.753076416923058e+00 1.010607994397684e+00
1.000000000000000e+00 1.000000000000000e+01 1.010888230427801e+00
