0.000000000000000e+00 0.000000000000000e+00 9.772614684994864e-01
5.000000000000000e-03 3.369477419287315e-03 9.772614685143188e-01
1.000000000000000e-02 6.741060871647481e-03 9.772614685359512e-01
1.500000000000000e-02 1.011685770649257e-02 9.772614685475773e-01
2.000000000000000e-02 1.349897790673588e-02 9.772614685514412e-01
2.500000000000000e-02 1.688953540759990e-02 9.772614685597104e-01
3.000000000000000e-02 2.029064941789469e-02 9.772614685650959e-01
3.500000000000000e-02 2.370444574459234e-02 9.772614685683100e-01
4.000000000000000e-02 2.713305812152553e-02 9.772614685717700e-01
4.500000000000000e-02 3.057862954304063e-02 9.772614685750493e-01
5.000000000000000e-02 3.404331360343898e-02 9.772614685785425e-01
5.500000000000000e-02 3.752927584304335e-02 9.772614685819648e-01
6.000000000000000e-02 4.103869510173117e-02 9.772614685849351e-01
6.500000000000000e-02 4.457376488078044e-02 9.772614685865533e-01
7.000000000000001e-02 4.813669471387935e-02 9.772614685881462e-01
7.500000000000000e-02 5.172971154815675e-02 9.772614685900604e-01
8.000000000000000e-02 5.535506113609672e-02 9.772614685928266e-01
8.500000000000001e-02 5.901500943920686e-02 9.772614685957630e-01
9.000000000000000e-02 6.271184404431801e-02 9.772614685996863e-01
9.500000000000000e-02 6.644787559340060e-02 9.772614686042981e-01
1.000000000000000e-01 7.022543922779090e-02 9.772614686075864e-01
1.050000000000000e-01 7.404689604773053e-02 9.772614686106537e-01
1.100000000000000e-01 7.791463458813094e-02 9.772614686140171e-01
1.150000000000000e-01 8.183107231148547e-02 9.772614686184099e-01
1.200000000000000e-01 8.579865711886202e-02 9.772614686215368e-01
1.250000000000000e-01 8.981986887992111e-02 9.772614686242626e-01
1.300000000000000e-01 9.389722098291493e-02 9.772614686278951e-01
1.350000000000000e-01 9.803326190563690e-02 9.772614686307725e-01
1.400000000000000e-01 1.022305768083033e-01 9.772614686336403e-01
1.450000000000000e-01 1.064917891493625e-01 9.772614686386442e-01
1.500000000000000e-01 1.108195623252418e-01 9.772614686435696e-01
1.550000000000000e-01 1.152166013350572e-01 9.772614686481615e-01
1.600000000000000e-01 1.196856544713255e-01 9.772614686536273e-01
1.650000000000000e-01 1.242295150377370e-01 9.772614686586323e-01
1.700000000000000e-01 1.288510230950609e-01 9.772614686647403e-01
1.750000000000000e-01 1.335530672362758e-01 9.772614686719375e-01
1.800000000000000e-01 1.383385863920344e-01 9.772614686796381e-01
1.850000000000000e-01 1.432105716675912e-01 9.772614686880134e-01
1.900000000000000e-01 1.481720682123397e-01 9.772614686967406e-01
1.950000000000000e-01 1.532261771231311e-01 9.772614687065532e-01
2.000000000000000e-01 1.583760573825595e-01 9.772614687180663e-01
2.050000000000000e-01 1.636249278334301e-01 9.772614687292173e-01
2.100000000000000e-01 1.689760691906397e-01 9.772614687383706e-01
2.150000000000000e-01 1.744328260917313e-01 9.772614687469953e-01
2.200000000000000e-01 1.799986091874004e-01 9.772614687564315e-01
2.250000000000000e-01 1.856768972732633e-01 9.772614687688055e-01
2.300000000000000e-01 1.914712394642179e-01 9.772614687821390e-01
2.350000000000000e-01 1.973852574127551e-01 9.772614687944574e-01
2.400000000000000e-01 2.034226475726105e-01 9.772614688070985e-01
2.450000000000000e-01 2.095871835091678e-01 9.772614688198544e-01
2.500000000000000e-01 2.158827182580599e-01 9.772614688339578e-01
2.550000000000000e-01 2.223131867334419e-01 9.772614688464821e-01
2.600000000000000e-01 2.288826081874405e-01 9.772614688589334e-01
2.650000000000000e-01 2.355950887223172e-01 9.772614688739397e-01
2.700000000000000e-01 2.424548238569160e-01 9.772614688908664e-01
2.750000000000000e-01 2.494661011489995e-01 9.772614689107845e-01
2.800000000000000e-01 2.566333028751116e-01 9.772614689321101e-01
2.850000000000000e-01 2.639609087696434e-01 9.772614689535597e-01
2.900000000000000e-01 2.714534988248126e-01 9.772614689755190e-01
2.950000000000000e-01 2.791157561533084e-01 9.772614689983092e-01
3.000000000000000e-01 2.869524699153886e-01 9.772614690223514e-01
3.050000000000000e-01 2.949685383122613e-01 9.772614690474387e-01
3.100000000000000e-01 3.031689716476197e-01 9.772614690765127e-01
3.150000000000000e-01 3.115588954592450e-01 9.772614691054794e-01
3.200000000000000e-01 3.201435537226349e-01 9.772614691322739e-01
3.250000000000000e-01 3.289283121286580e-01 9.772614691608704e-01
3.300000000000000e-01 3.379186614372866e-01 9.772614691901756e-01
3.350000000000000e-01 3.471202209094989e-01 9.772614692197495e-01
3.400000000000000e-01 3.565387418195016e-01 9.772614692520064e-01
3.450000000000000e-01 3.661801110494620e-01 9.772614692888347e-01
3.500000000000000e-01 3.760503547690021e-01 9.772614693294341e-01
3.550000000000000e-01 3.861556422017504e-01 9.772614693738735e-01
3.600000000000000e-01 3.965022894813072e-01 9.772614694191561e-01
3.650000000000000e-01 4.070967635990345e-01 9.772614694645886e-01
3.700000000000000e-01 4.179456864461349e-01 9.772614695134588e-01
3.750000000000000e-01 4.290558389525505e-01 9.772614695663966e-01
3.800000000000000e-01 4.404341653252637e-01 9.772614696171102e-01
3.850000000000000e-01 4.520877773886537e-01 9.772614696682637e-01
3.900000000000000e-01 4.640239590296172e-01 9.772614697248730e-01
3.950000000000000e-01 4.762501707502353e-01 9.772614697840535e-01
4.000000000000000e-01 4.887740543308307e-01 9.772614698482668e-01
4.050000000000000e-01 5.016034376063282e-01 9.772614699178677e-01
4.100000000000000e-01 5.147463393589066e-01 9.772614699913129e-01
4.150000000000000e-01 5.282109743299990e-01 9.772614700666503e-01
4.200000000000000e-01 5.420057583547735e-01 9.772614701465264e-01
4.250000000000000e-01 5.561393136223041e-01 9.772614702270420e-01
4.300000000000000e-01 5.706204740647189e-01 9.772614703109017e-01
4.350000000000000e-01 5.854582908786964e-01 9.772614704040514e-01
4.400000000000000e-01 6.006620381827575e-01 9.772614705018088e-01
4.450000000000000e-01 6.162412188138907e-01 9.772614706012683e-01
4.500000000000000e-01 6.322055702671360e-01 9.772614707036903e-01
4.550000000000000e-01 6.485650707818353e-01 9.772614708190100e-01
4.600000000000000e-01 6.653299455783577e-01 9.772614709404968e-01
4.650000000000000e-01 6.825106732491932e-01 9.772614710664776e-01
4.700000000000000e-01 7.001179923084168e-01 9.772614711963300e-01
4.750000000000000e-01 7.181629079036070e-01 9.772614713299429e-01
4.800000000000000e-01 7.366566986944229e-01 9.772614714741322e-01
4.850000000000000e-01 7.556109239021327e-01 9.772614716238683e-01
4.900000000000000e-01 7.750374305345038e-01 9.772614717866280e-01
4.950000000000000e-01 7.949483607905672e-01 9.772614719572096e-01
5.000000000000000e-01 8.153561596498893e-01 9.772614721347264e-01
5.050000000000000e-01 8.362735826510871e-01 9.772614723213010e-01
5.100000000000000e-01 8.577137038644561e-01 9.772614725133834e-01
5.150000000000000e-01 8.796899240636907e-01 9.772614727215724e-01
5.200000000000000e-01 9.022159791018011e-01 9.772614729409150e-01
5.250000000000000e-01 9.253059484964714e-01 9.772614731718817e-01
5.300000000000000e-01 9.489742642302165e-01 9.772614734135540e-01
5.350000000000000e-01 9.732357197708378e-01 9.772614736621059e-01
5.400000000000000e-01 9.981054793178262e-01 9.772614739283335e-01
5.450000000000000e-01 1.023599087280478e+00 9.772614742157701e-01
5.500000000000000e-01 1.049732477993657e+00 9.772614745143097e-01
5.550000000000000e-01 1.076521985677273e+00 9.772614748191074e-01
5.600000000000001e-01 1.103984354645701e+00 9.772614751480788e-01
5.650000000000001e-01 1.132136749773522e+00 9.772614754976178e-01
5.700000000000001e-01 1.160996767224129e+00 9.772614758584711e-01
5.750000000000001e-01 1.190582445447902e+00 9.772614762427135e-01
5.800000000000000e-01 1.220912276456826e+00 9.772614766450863e-01
5.850000000000000e-01 1.252005217382601e+00 9.772614770697737e-01
5.900000000000000e-01 1.283880702325469e+00 9.772614775179275e-01
5.950000000000000e-01 1.316558654501151e+00 9.772614779857837e-01
6.000000000000000e-01 1.350059498693518e+00 9.772614784837527e-01
6.050000000000000e-01 1.384404174020732e+00 9.772614790041673e-01
6.100000000000000e-01 1.419614147022888e+00 9.772614795524786e-01
6.150000000000000e-01 1.455711425079295e+00 9.772614801347295e-01
6.200000000000000e-01 1.492718570163803e+00 9.772614807423654e-01
6.250000000000000e-01 1.530658712946775e+00 9.772614813891110e-01
6.300000000000000e-01 1.569555567252506e+00 9.772614820730755e-01
6.350000000000000e-01 1.609433444881138e+00 9.772614827929803e-01
6.400000000000000e-01 1.650317270804325e+00 9.772614835664886e-01
6.450000000000000e-01 1.692232598744148e+00 9.772614843893469e-01
6.500000000000000e-01 1.735205627145031e+00 9.772614852739786e-01
6.550000000000000e-01 1.779263215548615e+00 9.772614862441695e-01
6.600000000000000e-01 1.824432901381847e+00 9.772614873091687e-01
6.650000000000000e-01 1.870742917168772e+00 9.772614885107261e-01
6.700000000000000e-01 1.918222208176775e+00 9.772614899057211e-01
6.750000000000000e-01 1.966900450508319e+00 9.772614915730016e-01
6.800000000000000e-01 2.016808069649473e+00 9.772614936721613e-01
6.850000000000001e-01 2.067976259486829e+00 9.772614964474708e-01
6.900000000000001e-01 2.120437001804702e+00 9.772615003581862e-01
6.950000000000001e-01 2.174223086274785e+00 9.772615062674550e-01
7.000000000000001e-01 2.229368130950753e+00 9.772615156501041e-01
7.050000000000000e-01 2.285906603280654e+00 9.772615314758846e-01
7.100000000000000e-01 2.343873841650178e+00 9.772615596520831e-01
7.150000000000000e-01 2.403306077470301e+00 9.772616109154995e-01
7.200000000000000e-01 2.464240457823092e+00 9.772617064252345e-01
7.250000000000000e-01 2.526715068679855e+00 9.772618895600720e-01
7.300000000000000e-01 2.590768958706095e+00 9.772622428567623e-01
7.350000000000000e-01 2.656442163668210e+00 9.772629211870567e-01
7.400000000000000e-01 2.723775731457148e+00 9.772642296215565e-01
7.450000000000000e-01 2.792811747744667e+00 9.772667611554475e-01
7.500000000000000e-01 2.863593362288260e+00 9.772716033210284e-01
7.550000000000000e-01 2.936164815901156e+00 9.772807084450942e-01
7.600000000000000e-01 3.010571468104263e+00 9.772976302028052e-01
7.650000000000000e-01 3.086859825477351e+00 9.773287285612682e-01
7.700000000000000e-01 3.165077570727174e+00 9.773846628730236e-01
7.750000000000000e-01 3.245273592490716e+00 9.774820036377885e-01
7.800000000000000e-01 3.327498015892184e+00 9.776452457752561e-01
7.850000000000000e-01 3.411802233872832e+00 9.779090538711379e-01
7.900000000000000e-01 3.498238939313234e+00 9.783175550344905e-01
7.950000000000000e-01 3.586862157968046e+00 9.789135931939169e-01
8.000000000000000e-01 3.677727282233856e+00 9.797125707753537e-01
8.050000000000000e-01 3.770891105771243e+00 9.806690564498723e-01
8.100000000000001e-01 3.866411859002656e+00 9.816629196994503e-01
8.150000000000001e-01 3.964349245508326e+00 9.825317994376208e-01
8.200000000000001e-01 4.064764479342956e+00 9.831449887538708e-01
8.250000000000001e-01 4.167720323296481e+00 9.834760838339861e-01
8.300000000000001e-01 4.273281128122877e+00 9.836279914755304e-01
8.350000000000000e-01 4.381512872761445e+00 9.837970822233830e-01
8.400000000000000e-01 4.492483205575838e+00 9.842004609979607e-01
8.450000000000000e-01 4.606261486636447e+00 9.850054316095777e-01
8.500000000000000e-01 4.722918831072739e+00 9.862903504622335e-01
8.550000000000000e-01 4.842528153522501e+00 9.880412671891241e-01
8.600000000000000e-01 4.965164213705875e+00 9.901669859623300e-01
8.650000000000000e-01 5.090903663152626e+00 9.925134557063414e-01
8.700000000000000e-01 5.219825093111814e+00 9.948760510703533e-01
8.750000000000000e-01 5.352009083673925e+00 9.970259138479627e-01
8.800000000000000e-01 5.487538254136007e+00 9.987638884161383e-01
8.850000000000000e-01 5.626497314641444e+00 9.999901773342323e-01
8.900000000000000e-01 5.768973119126561e+00 1.000750587694008e+00
8.950000000000000e-01 5.915054719607133e+00 1.001220577613609e+00
9.000000000000000e-01 6.064833421838831e+00 1.001624825019290e+00
9.050000000000000e-01 6.218402842386253e+00 1.002136110124830e+00
9.100000000000000e-01 6.375858967136348e+00 1.002812981048989e+00
9.150000000000000e-01 6.537300211292723e+00 1.003606498531468e+00
9.200000000000000e-01 6.702827480888332e+00 1.004417911431215e+00
9.250000000000000e-01 6.872544235855034e+00 1.005161557561595e+00
9.300000000000000e-01 7.046556554689444e+00 1.005797473559507e+00
9.350000000000001e-01 7.224973200755413e+00 1.006328708137471e+00
9.400000000000001e-01 7.407905690264673e+00 1.006780612750111e+00
9.450000000000001e-01 7.595468361978146e+00 1.007181235054247e+00
9.500000000000001e-01 7.787778448671316e+00 1.007551413559897e+00
9.550000000000001e-01 7.984956150408610e+00 1.007903355105386e+00
9.600000000000000e-01 8.187124709672272e+00 1.008243058206547e+00
9.650000000000000e-01 8.394410488393007e+00 1.008573114896983e+00
9.700000000000000e-01 8.606943046930221e+00 1.008894586637820e+00
9.750000000000000e-01 8.824855225051540e+00 1.009207965510468e+00
9.800000000000000e-01 9.048283224961922e+00 1.009513692394303e+00
9.850000000000000e-01 9.277366696434507e+00 1.009813549598761e+00
9.900000000000000e-01 9.512248824096272e+00 1.010122961738445e+00
9.950000000000000e-01 9.753076416923058e+00 1.010601274614562e+00
1.000000000000000e+00 1.000000000000000e+01 1.012930514748090e+00
