0.000000000000000e+00 0.000000000000000e+00 8.514874146067012e-01
5.000000000000000e-03 3.369477419287315e-03 8.514883185774990e-01
1.000000000000000e-02 6.741060871647481e-03 8.514907167947718e-01
1.500000000000000e-02 1.011685770649257e-02 8.514946963112234e-01
2.000000000000000e-02 1.349897790673588e-02 8.515002846452961e-01
2.500000000000000e-02 1.688953540759990e-02 8.515074946264964e-01
3.000000000000000e-02 2.029064941789469e-02 8.515163313018582e-01
3.500000000000000e-02 2.370444574459234e-02 8.515268143674005e-01
4.000000000000000e-02 2.713305812152553e-02 8.515389675549639e-01
4.500000000000000e-02 3.057862954304063e-02 8.515528211549265e-01
5.000000000000000e-02 3.404331360343898e-02 8.515684017773475e-01
5.500000000000000e-02 3.752927584304335e-02 8.515857396042769e-01
6.000000000000000e-02 4.103869510173117e-02 8.516048703542725e-01
6.500000000000000e-02 4.457376488078044e-02 8.516258346403994e-01
7.000000000000001e-02 4.813669471387935e-02 8.516486688649215e-01
7.500000000000000e-02 5.172971154815675e-02 8.516734179618870e-01
8.000000000000000e-02 5.535506113609672e-02 8.517001324742515e-01
8.500000000000001e-02 5.901500943920686e-02 8.517288652956345e-01
9.000000000000000e-02 6.271184404431801e-02 8.517596735290700e-01
9.500000000000000e-02 6.644787559340060e-02 8.517926137870400e-01
1.000000000000000e-01 7.022543922779090e-02 8.518277527210733e-01
1.050000000000000e-01 7.404689604773053e-02 8.518651552760654e-01
1.100000000000000e-01 7.791463458813094e-02 8.519048904235013e-01
1.150000000000000e-01 8.183107231148547e-02 8.519470257440797e-01
1.200000000000000e-01 8.579865711886202e-02 8.519916393259866e-01
1.250000000000000e-01 8.981986887992111e-02 8.520388142053097e-01
1.300000000000000e-01 9.389722098291493e-02 8.520886297602807e-01
1.350000000000000e-01 9.803326190563690e-02 8.521411744240490e-01
1.400000000000000e-01 1.022305768083033e-01 8.521965365027117e-01
1.450000000000000e-01 1.064917891493625e-01 8.522548058729478e-01
1.500000000000000e-01 1.108195623252418e-01 8.523160728103191e-01
1.550000000000000e-01 1.152166013350572e-01 8.523804429736481e-01
1.600000000000000e-01 1.196856544713255e-01 8.524480112422782e-01
1.650000000000000e-01 1.242295150377370e-01 8.525188720093246e-01
1.700000000000000e-01 1.288510230950609e-01 8.525931324785393e-01
1.750000000000000e-01 1.335530672362758e-01 8.526708957870027e-01
1.800000000000000e-01 1.383385863920344e-01 8.527522759506525e-01
1.850000000000000e-01 1.432105716675912e-01 8.528373750930988e-01
1.900000000000000e-01 1.481720682123397e-01 8.529263009375161e-01
1.950000000000000e-01 1.532261771231311e-01 8.530191593064549e-01
2.000000000000000e-01 1.583760573825595e-01 8.531160531508536e-01
2.050000000000000e-01 1.636249278334301e-01 8.532170943548456e-01
2.100000000000000e-01 1.689760691906397e-01 8.533223840814775e-01
2.150000000000000e-01 1.744328260917313e-01 8.534320317966434e-01
2.200000000000000e-01 1.799986091874004e-01 8.535461323509246e-01
2.250000000000000e-01 1.856768972732633e-01 8.536647791929296e-01
2.300000000000000e-01 1.914712394642179e-01 8.537880667216678e-01
2.350000000000000e-01 1.973852574127551e-01 8.539160756265513e-01
2.400000000000000e-01 2.034226475726105e-01 8.540488998954009e-01
2.450000000000000e-01 2.095871835091678e-01 8.541866142319947e-01
2.500000000000000e-01 2.158827182580599e-01 8.543292793364655e-01
2.550000000000000e-01 2.223131867334419e-01 8.544769573688273e-01
2.600000000000000e-01 2.288826081874405e-01 8.546296939543780e-01
2.650000000000000e-01 2.355950887223172e-01 8.547875357099690e-01
2.700000000000000e-01 2.424548238569160e-01 8.549505243937608e-01
2.750000000000000e-01 2.494661011489995e-01 8.551186711831630e-01
2.800000000000000e-01 2.566333028751116e-01 8.552919783685263e-01
2.850000000000000e-01 2.639609087696434e-01 8.554704597845101e-01
2.900000000000000e-01 2.714534988248126e-01 8.556541018612988e-01
2.950000000000000e-01 2.791157561533084e-01 8.558428712056133e-01
3.000000000000000e-01 2.869524699153886e-01 8.560367435505708e-01
3.050000000000000e-01 2.949685383122613e-01 8.562356780346276e-01
3.100000000000000e-01 3.031689716476197e-01 8.564396227968650e-01
3.150000000000000e-01 3.115588954592450e-01 8.566485248556047e-01
3.200000000000000e-01 3.201435537226349e-01 8.568623268182246e-01
3.250000000000000e-01 3.289283121286580e-01 8.570809753646065e-01
3.300000000000000e-01 3.379186614372866e-01 8.573044184263460e-01
3.350000000000000e-01 3.471202209094989e-01 8.575326166700209e-01
3.400000000000000e-01 3.565387418195016e-01 8.577655494060648e-01
3.450000000000000e-01 3.661801110494620e-01 8.580032169874706e-01
3.500000000000000e-01 3.760503547690021e-01 8.582456567365512e-01
3.550000000000000e-01 3.861556422017504e-01 8.584929477436770e-01
3.600000000000000e-01 3.965022894813072e-01 8.587452232841584e-01
3.650000000000000e-01 4.070967635990345e-01 8.590026860778488e-01
3.700000000000000e-01 4.179456864461349e-01 8.592656189273847e-01
3.750000000000000e-01 4.290558389525505e-01 8.595344033517027e-01
3.800000000000000e-01 4.404341653252637e-01 8.598095355152777e-01
3.850000000000000e-01 4.520877773886537e-01 8.600916458216714e-01
3.900000000000000e-01 4.640239590296172e-01 8.603815175774416e-01
3.950000000000000e-01 4.762501707502353e-01 8.606801068710971e-01
4.000000000000000e-01 4.887740543308307e-01 8.609885678673698e-01
4.050000000000000e-01 5.016034376063282e-01 8.613082674796111e-01
4.100000000000000e-01 5.147463393589066e-01 8.616408110711185e-01
4.150000000000000e-01 5.282109743299990e-01 8.619880685241511e-01
4.200000000000000e-01 5.420057583547735e-01 8.623521808508218e-01
4.250000000000000e-01 5.561393136223041e-01 8.627355881614684e-01
4.300000000000000e-01 5.706204740647189e-01 8.631410501617800e-01
4.350000000000000e-01 5.854582908786964e-01 8.635716377517749e-01
4.400000000000000e-01 6.006620381827575e-01 8.640307569443503e-01
4.450000000000000e-01 6.162412188138907e-01 8.645221619563689e-01
4.500000000000000e-01 6.322055702671360e-01 8.650499237674165e-01
4.550000000000000e-01 6.485650707818353e-01 8.656184370424707e-01
4.600000000000000e-01 6.653299455783577e-01 8.662324261991522e-01
4.650000000000000e-01 6.825106732491932e-01 8.668968856130254e-01
4.700000000000000e-01 7.001179923084168e-01 8.676170522560724e-01
4.750000000000000e-01 7.181629079036070e-01 8.683984090339660e-01
4.800000000000000e-01 7.366566986944229e-01 8.692466076693980e-01
4.850000000000000e-01 7.556109239021327e-01 8.701673834405854e-01
4.900000000000000e-01 7.750374305345038e-01 8.711665430109906e-01
4.950000000000000e-01 7.949483607905672e-01 8.722499060116302e-01
5.000000000000000e-01 8.153561596498893e-01 8.734231690360492e-01
5.050000000000000e-01 8.362735826510871e-01 8.746918306038242e-01
5.100000000000000e-01 8.577137038644561e-01 8.760611661439107e-01
5.150000000000000e-01 8.796899240636907e-01 8.775361164029916e-01
5.200000000000000e-01 9.022159791018011e-01 8.791211291979178e-01
5.250000000000000e-01 9.253059484964714e-01 8.808200866092840e-01
5.300000000000000e-01 9.489742642302165e-01 8.826362730574919e-01
5.350000000000000e-01 9.732357197708378e-01 8.845722589593846e-01
5.400000000000000e-01 9.981054793178262e-01 8.866297333162668e-01
5.450000000000000e-01 1.023599087280478e+00 8.888094080095402e-01
5.500000000000000e-01 1.049732477993657e+00 8.911109926535471e-01
5.550000000000000e-01 1.076521985677273e+00 8.935331312719049e-01
5.600000000000001e-01 1.103984354645701e+00 8.960732635262355e-01
5.650000000000001e-01 1.132136749773522e+00 8.987274884580875e-01
5.700000000000001e-01 1.160996767224129e+00 9.014904996259961e-01
5.750000000000001e-01 1.190582445447902e+00 9.043555687203354e-01
5.800000000000000e-01 1.220912276456826e+00 9.073145155188914e-01
5.850000000000000e-01 1.252005217382601e+00 9.103576400086424e-01
5.900000000000000e-01 1.283880702325469e+00 9.134736420611071e-01
5.950000000000000e-01 1.316558654501151e+00 9.166495703421438e-01
6.000000000000000e-01 1.350059498693518e+00 9.198708211180132e-01
6.050000000000000e-01 1.384404174020732e+00 9.231211826299187e-01
6.100000000000000e-01 1.419614147022888e+00 9.263829181199198e-01
6.150000000000000e-01 1.455711425079295e+00 9.296368884158834e-01
6.200000000000000e-01 1.492718570163803e+00 9.328627262583230e-01
6.250000000000000e-01 1.530658712946775e+00 9.360390821541621e-01
6.300000000000000e-01 1.569555567252506e+00 9.391439617371651e-01
6.350000000000000e-01 1.609433444881138e+00 9.421551736011839e-01
6.400000000000000e-01 1.650317270804325e+00 9.450509025824880e-01
6.450000000000000e-01 1.692232598744148e+00 9.478104178285679e-01
6.500000000000000e-01 1.735205627145031e+00 9.504149155647215e-01
6.550000000000000e-01 1.779263215548615e+00 9.528484816983009e-01
6.600000000000000e-01 1.824432901381847e+00 9.550991385020807e-01
6.650000000000000e-01 1.870742917168772e+00 9.571599126958625e-01
6.700000000000000e-01 1.918222208176775e+00 9.590298316647572e-01
6.750000000000000e-01 1.966900450508319e+00 9.607147249518319e-01
6.800000000000000e-01 2.016808069649473e+00 9.622276869380825e-01
6.850000000000001e-01 2.067976259486829e+00 9.635890529274739e-01
6.900000000000001e-01 2.120437001804702e+00 9.648257635977334e-01
6.950000000000001e-01 2.174223086274785e+00 9.659700473799265e-01
7.000000000000001e-01 2.229368130950753e+00 9.670574353334817e-01
7.050000000000000e-01 2.285906603280654e+00 9.681242280434151e-01
7.100000000000000e-01 2.343873841650178e+00 9.692046402322076e-01
7.150000000000000e-01 2.403306077470301e+00 9.703279330860528e-01
7.200000000000000e-01 2.464240457823092e+00 9.715158856551820e-01
7.250000000000000e-01 2.526715068679855e+00 9.727809422257666e-01
7.300000000000000e-01 2.590768958706095e+00 9.741253012644826e-01
7.350000000000000e-01 2.656442163668210e+00 9.755410939851864e-01
7.400000000000000e-01 2.723775731457148e+00 9.770116553919053e-01
7.450000000000000e-01 2.792811747744667e+00 9.785137397626472e-01
7.500000000000000e-01 2.863593362288260e+00 9.800203976598016e-01
7.550000000000000e-01 2.936164815901156e+00 9.815041325571959e-01
7.600000000000000e-01 3.010571468104263e+00 9.829399094568522e-01
7.650000000000000e-01 3.086859825477351e+00 9.843076085372644e-01
7.700000000000000e-01 3.165077570727174e+00 9.855936084413117e-01
7.750000000000000e-01 3.245273592490716e+00 9.867913365437772e-01
7.800000000000000e-01 3.327498015892184e+00 9.879008101999255e-01
7.850000000000000e-01 3.411802233872832e+00 9.889273721491640e-01
7.900000000000000e-01 3.498238939313234e+00 9.898799505899835e-01
7.950000000000000e-01 3.586862157968046e+00 9.907692183118531e-01
8.000000000000000e-01 3.677727282233856e+00 9.916059793702933e-01
8.050000000000000e-01 3.770891105771243e+00 9.923999979465188e-01
8.100000000000001e-01 3.866411859002656e+00 9.931593431035199e-01
8.150000000000001e-01 3.964349245508326e+00 9.938901984973113e-01
8.200000000000001e-01 4.064764479342956e+00 9.945970077551143e-01
8.250000000000001e-01 4.167720323296481e+00 9.952828028428767e-01
8.300000000000001e-01 4.273281128122877e+00 9.959495835951109e-01
8.350000000000000e-01 4.381512872761445e+00 9.965986606650632e-01
8.400000000000000e-01 4.492483205575838e+00 9.972309206704145e-01
8.450000000000000e-01 4.606261486636447e+00 9.978470077154361e-01
8.500000000000000e-01 4.722918831072739e+00 9.984474352700164e-01
8.550000000000000e-01 4.842528153522501e+00 9.990326488244883e-01
8.600000000000000e-01 4.965164213705875e+00 9.996030579719027e-01
8.650000000000000e-01 5.090903663152626e+00 1.000159051523552e+00
8.700000000000000e-01 5.219825093111814e+00 1.000701004133757e+00
8.750000000000000e-01 5.352009083673925e+00 1.001229279071681e+00
8.800000000000000e-01 5.487538254136007e+00 1.001744229400811e+00
8.850000000000000e-01 5.626497314641444e+00 1.002246198555620e+00
8.900000000000000e-01 5.768973119126561e+00 1.002735520706223e+00
8.950000000000000e-01 5.915054719607133e+00 1.003212521050844e+00
9.000000000000000e-01 6.064833421838831e+00 1.003677516081530e+00
9.050000000000000e-01 6.218402842386253e+00 1.004130813836698e+00
9.100000000000000e-01 6.375858967136348e+00 1.004572714144390e+00
9.150000000000000e-01 6.537300211292723e+00 1.005003508857384e+00
9.200000000000000e-01 6.702827480888332e+00 1.005423482080663e+00
9.250000000000000e-01 6.872544235855034e+00 1.005832910391576e+00
9.300000000000000e-01 7.046556554689444e+00 1.006232063052962e+00
9.350000000000001e-01 7.224973200755413e+00 1.006621202219522e+00
9.400000000000001e-01 7.407905690264673e+00 1.007000583137672e+00
9.450000000000001e-01 7.595468361978146e+00 1.007370454339136e+00
9.500000000000001e-01 7.787778448671316e+00 1.007731057828497e+00
9.550000000000001e-01 7.984956150408610e+00 1.008082629264934e+00
9.600000000000000e-01 8.187124709672272e+00 1.008425398138357e+00
9.650000000000000e-01 8.394410488393007e+00 1.008759587940131e+00
9.700000000000000e-01 8.606943046930221e+00 1.009085416328597e+00
9.750000000000000e-01 8.824855225051540e+00 1.009403095289564e+00
9.800000000000000e-01 9.048283224961922e+00 1.009712831291946e+00
9.850000000000000e-01 9.277366696434507e+00 1.010014825438732e+00
9.900000000000000e-01 9.512248824096272e+00 1.010309273613424e+00
9.950000000000000e-01 9.753076416923058e+00 1.010596366622120e+00
1.000000000000000e+00 1.000000000000000e+01 1.010876290331386e+00
