0.000000000000000e+00 0.000000000000000e+00 8.754409070125857e-01
5.000000000000000e-03 3.369477419287315e-03 8.754417022653779e-01
1.000000000000000e-02 6.741060871647481e-03 8.754438323444768e-01
1.500000000000000e-02 1.011685770649257e-02 8.754473979519799e-01
2.000000000000000e-02 1.349897790673588e-02 8.754524018947567e-01
2.500000000000000e-02 1.688953540759990e-02 8.754588561494776e-01
3.000000000000000e-02 2.029064941789469e-02 8.754667749674309e-01
3.500000000000000e-02 2.370444574459234e-02 8.754761810901786e-01
4.000000000000000e-02 2.713305812152553e-02 8.754870988187340e-01
4.500000000000000e-02 3.057862954304063e-02 8.754995512568663e-01
5.000000000000000e-02 3.404331360343898e-02 8.755135711785020e-01
5.500000000000000e-02 3.752927584304335e-02 8.755291974749984e-01
6.000000000000000e-02 4.103869510173117e-02 8.755464613425947e-01
6.500000000000000e-02 4.457376488078044e-02 8.755654057641612e-01
7.000000000000001e-02 4.813669471387935e-02 8.755860762352105e-01
7.500000000000000e-02 5.172971154815675e-02 8.756085313958131e-01
8.000000000000000e-02 5.535506113609672e-02 8.756328221145520e-01
8.500000000000001e-02 5.901500943920686e-02 8.756590050405323e-01
9.000000000000000e-02 6.271184404431801e-02 8.756871481585740e-01
9.500000000000000e-02 6.644787559340060e-02 8.757173196548356e-01
1.000000000000000e-01 7.022543922779090e-02 8.757495935040019e-01
1.050000000000000e-01 7.404689604773053e-02 8.757840477407428e-01
1.100000000000000e-01 7.791463458813094e-02 8.758207657066145e-01
1.150000000000000e-01 8.183107231148547e-02 8.758598360379256e-01
1.200000000000000e-01 8.579865711886202e-02 8.759013610042449e-01
1.250000000000000e-01 8.981986887992111e-02 8.759454399501576e-01
1.300000000000000e-01 9.389722098291493e-02 8.759921749937045e-01
1.350000000000000e-01 9.803326190563690e-02 8.760416760942705e-01
1.400000000000000e-01 1.022305768083033e-01 8.760940719837217e-01
1.450000000000000e-01 1.064917891493625e-01 8.761494894581421e-01
1.500000000000000e-01 1.108195623252418e-01 8.762080567103452e-01
1.550000000000000e-01 1.152166013350572e-01 8.762699141414796e-01
1.600000000000000e-01 1.196856544713255e-01 8.763352142527840e-01
1.650000000000000e-01 1.242295150377370e-01 8.764041155060625e-01
1.700000000000000e-01 1.288510230950609e-01 8.764767764374694e-01
1.750000000000000e-01 1.335530672362758e-01 8.765533779525287e-01
1.800000000000000e-01 1.383385863920344e-01 8.766340956036209e-01
1.850000000000000e-01 1.432105716675912e-01 8.767191166851005e-01
1.900000000000000e-01 1.481720682123397e-01 8.768086443424759e-01
1.950000000000000e-01 1.532261771231311e-01 8.769028870904912e-01
2.000000000000000e-01 1.583760573825595e-01 8.770020668502045e-01
2.050000000000000e-01 1.636249278334301e-01 8.771064203472541e-01
2.100000000000000e-01 1.689760691906397e-01 8.772161902319346e-01
2.150000000000000e-01 1.744328260917313e-01 8.773316154507037e-01
2.200000000000000e-01 1.799986091874004e-01 8.774529586274431e-01
2.250000000000000e-01 1.856768972732633e-01 8.775804997496931e-01
2.300000000000000e-01 1.914712394642179e-01 8.777145282794316e-01
2.350000000000000e-01 1.973852574127551e-01 8.778553392770473e-01
2.400000000000000e-01 2.034226475726105e-01 8.780032429406845e-01
2.450000000000000e-01 2.095871835091678e-01 8.781585649108212e-01
2.500000000000000e-01 2.158827182580599e-01 8.783216367038794e-01
2.550000000000000e-01 2.223131867334419e-01 8.784928052936648e-01
2.600000000000000e-01 2.288826081874405e-01 8.786724289306279e-01
2.650000000000000e-01 2.355950887223172e-01 8.788608791679839e-01
2.700000000000000e-01 2.424548238569160e-01 8.790585446286399e-01
2.750000000000000e-01 2.494661011489995e-01 8.792658230817942e-01
2.800000000000000e-01 2.566333028751116e-01 8.794831144528115e-01
2.850000000000000e-01 2.639609087696434e-01 8.797108367234604e-01
2.900000000000000e-01 2.714534988248126e-01 8.799494090477151e-01
2.950000000000000e-01 2.791157561533084e-01 8.801992634681607e-01
3.000000000000000e-01 2.869524699153886e-01 8.804608510317560e-01
3.050000000000000e-01 2.949685383122613e-01 8.807346077221331e-01
3.100000000000000e-01 3.031689716476197e-01 8.810209835743679e-01
3.150000000000000e-01 3.115588954592450e-01 8.813204192318733e-01
3.200000000000000e-01 3.201435537226349e-01 8.816333587954851e-01
3.250000000000000e-01 3.289283121286580e-01 8.819602564409543e-01
3.300000000000000e-01 3.379186614372866e-01 8.823015192101045e-01
3.350000000000000e-01 3.471202209094989e-01 8.826575571535029e-01
3.400000000000000e-01 3.565387418195016e-01 8.830287747232463e-01
3.450000000000000e-01 3.661801110494620e-01 8.834155352463577e-01
3.500000000000000e-01 3.760503547690021e-01 8.838181666664625e-01
3.550000000000000e-01 3.861556422017504e-01 8.842369532636452e-01
3.600000000000000e-01 3.965022894813072e-01 8.846721466001224e-01
3.650000000000000e-01 4.070967635990345e-01 8.851239244731722e-01
3.700000000000000e-01 4.179456864461349e-01 8.855923947439776e-01
3.750000000000000e-01 4.290558389525505e-01 8.860775964476240e-01
3.800000000000000e-01 4.404341653252637e-01 8.865794567365999e-01
3.850000000000000e-01 4.520877773886537e-01 8.870978109292127e-01
3.900000000000000e-01 4.640239590296172e-01 8.876323668539732e-01
3.950000000000000e-01 4.762501707502353e-01 8.881826884457905e-01
4.000000000000000e-01 4.887740543308307e-01 8.887482059363508e-01
4.050000000000000e-01 5.016034376063282e-01 8.893281635447167e-01
4.100000000000000e-01 5.147463393589066e-01 8.899216329673344e-01
4.150000000000000e-01 5.282109743299990e-01 8.905274969070581e-01
4.200000000000000e-01 5.420057583547735e-01 8.911444103426174e-01
4.250000000000000e-01 5.561393136223041e-01 8.917708308222161e-01
4.300000000000000e-01 5.706204740647189e-01 8.924049847278113e-01
4.350000000000000e-01 5.854582908786964e-01 8.930448624087071e-01
4.400000000000000e-01 6.006620381827575e-01 8.936882569453262e-01
4.450000000000000e-01 6.162412188138907e-01 8.943327377101333e-01
4.500000000000000e-01 6.322055702671360e-01 8.949756880693813e-01
4.550000000000000e-01 6.485650707818353e-01 8.956143599689950e-01
4.600000000000000e-01 6.653299455783577e-01 8.962458806416377e-01
4.650000000000000e-01 6.825106732491932e-01 8.968673397025410e-01
4.700000000000000e-01 7.001179923084168e-01 8.974758773914207e-01
4.750000000000000e-01 7.181629079036070e-01 8.980687431895699e-01
4.800000000000000e-01 7.366566986944229e-01 8.986434332545277e-01
4.850000000000000e-01 7.556109239021327e-01 8.991978244163277e-01
4.900000000000000e-01 7.750374305345038e-01 8.997302850820708e-01
4.950000000000000e-01 7.949483607905672e-01 9.002398491463935e-01
5.000000000000000e-01 8.153561596498893e-01 9.007263827212376e-01
5.050000000000000e-01 8.362735826510871e-01 9.011907195889753e-01
5.100000000000000e-01 8.577137038644561e-01 9.016348241853287e-01
5.150000000000000e-01 8.796899240636907e-01 9.020619347623879e-01
5.200000000000000e-01 9.022159791018011e-01 9.024766597903527e-01
5.250000000000000e-01 9.253059484964714e-01 9.028850584212914e-01
5.300000000000000e-01 9.489742642302165e-01 9.032946734627707e-01
5.350000000000000e-01 9.732357197708378e-01 9.037145036236445e-01
5.400000000000000e-01 9.981054793178262e-01 9.041549361266508e-01
5.450000000000000e-01 1.023599087280478e+00 9.046276073067365e-01
5.500000000000000e-01 1.049732477993657e+00 9.051451894628242e-01
5.550000000000000e-01 1.076521985677273e+00 9.057211548843261e-01
5.600000000000001e-01 1.103984354645701e+00 9.063694949796902e-01
5.650000000000001e-01 1.132136749773522e+00 9.071043548563832e-01
5.700000000000001e-01 1.160996767224129e+00 9.079396509032454e-01
5.750000000000001e-01 1.190582445447902e+00 9.088887312596301e-01
5.800000000000000e-01 1.220912276456826e+00 9.099640224446383e-01
5.850000000000000e-01 1.252005217382601e+00 9.111766252703124e-01
5.900000000000000e-01 1.283880702325469e+00 9.125359429199930e-01
5.950000000000000e-01 1.316558654501151e+00 9.140494102464576e-01
6.000000000000000e-01 1.350059498693518e+00 9.157222733997199e-01
6.050000000000000e-01 1.384404174020732e+00 9.175573483356357e-01
6.100000000000000e-01 1.419614147022888e+00 9.195547826435465e-01
6.150000000000000e-01 1.455711425079295e+00 9.217118972839980e-01
6.200000000000000e-01 1.492718570163803e+00 9.240231261901061e-01
6.250000000000000e-01 1.530658712946775e+00 9.264799975136199e-01
6.300000000000000e-01 1.569555567252506e+00 9.290711053550549e-01
6.350000000000000e-01 1.609433444881138e+00 9.317820769440591e-01
6.400000000000000e-01 1.650317270804325e+00 9.345955719950708e-01
6.450000000000000e-01 1.692232598744148e+00 9.374913442293366e-01
6.500000000000000e-01 1.735205627145031e+00 9.404463741179948e-01
6.550000000000000e-01 1.779263215548615e+00 9.434350710470637e-01
6.600000000000000e-01 1.824432901381847e+00 9.464295547420905e-01
6.650000000000000e-01 1.870742917168772e+00 9.494000429634039e-01
6.700000000000000e-01 1.918222208176775e+00 9.523153858337402e-01
6.750000000000000e-01 1.966900450508319e+00 9.551437943940921e-01
6.800000000000000e-01 2.016808069649473e+00 9.578538087701201e-01
6.850000000000001e-01 2.067976259486829e+00 9.604155412701475e-01
6.900000000000001e-01 2.120437001804702e+00 9.628022063101304e-01
6.950000000000001e-01 2.174223086274785e+00 9.649919075899056e-01
7.000000000000001e-01 2.229368130950753e+00 9.669695893263538e-01
7.050000000000000e-01 2.285906603280654e+00 9.687289741604745e-01
7.100000000000000e-01 2.343873841650178e+00 9.702742177524977e-01
7.150000000000000e-01 2.403306077470301e+00 9.716209340929086e-01
7.200000000000000e-01 2.464240457823092e+00 9.727962221095849e-01
7.250000000000000e-01 2.526715068679855e+00 9.738373891366883e-01
7.300000000000000e-01 2.590768958706095e+00 9.747892388238542e-01
7.350000000000000e-01 2.656442163668210e+00 9.757000543604450e-01
7.400000000000000e-01 2.723775731457148e+00 9.766167068438368e-01
7.450000000000000e-01 2.792811747744667e+00 9.775795709487640e-01
7.500000000000000e-01 2.863593362288260e+00 9.786180559180212e-01
7.550000000000000e-01 2.936164815901156e+00 9.797475130839616e-01
7.600000000000000e-01 3.010571468104263e+00 9.809680659546129e-01
7.650000000000000e-01 3.086859825477351e+00 9.822655750451847e-01
7.700000000000000e-01 3.165077570727174e+00 9.836145710346428e-01
7.750000000000000e-01 3.245273592490716e+00 9.849826418603829e-01
7.800000000000000e-01 3.327498015892184e+00 9.863355055953170e-01
7.850000000000000e-01 3.411802233872832e+00 9.876418894270825e-01
7.900000000000000e-01 3.498238939313234e+00 9.888773952238681e-01
7.950000000000000e-01 3.586862157968046e+00 9.900267647596169e-01
8.000000000000000e-01 3.677727282233856e+00 9.910843209284306e-01
8.050000000000000e-01 3.770891105771243e+00 9.920527676334752e-01
8.100000000000001e-01 3.866411859002656e+00 9.929408673242373e-01
8.150000000000001e-01 3.964349245508326e+00 9.937606842769604e-01
8.200000000000001e-01 4.064764479342956e+00 9.945250451921551e-01
8.250000000000001e-01 4.167720323296481e+00 9.952456640741488e-01
8.300000000000001e-01 4.273281128122877e+00 9.959320993846963e-01
8.350000000000000e-01 4.381512872761445e+00 9.965914623804610e-01
8.400000000000000e-01 4.492483205575838e+00 9.972286464448541e-01
8.450000000000000e-01 4.606261486636447e+00 9.978468134529171e-01
8.500000000000000e-01 4.722918831072739e+00 9.984479244314254e-01
8.550000000000000e-01 4.842528153522501e+00 9.990331887180525e-01
8.600000000000000e-01 4.965164213705875e+00 9.996033864115319e-01
8.650000000000000e-01 5.090903663152626e+00 1.000159071587371e+00
8.700000000000000e-01 5.219825093111814e+00 1.000700686639455e+00
8.750000000000000e-01 5.352009083673925e+00 1.001228620280345e+00
8.800000000000000e-01 5.487538254136007e+00 1.001743234255358e+00
8.850000000000000e-01 5.626497314641444e+00 1.002244874609818e+00
8.900000000000000e-01 5.768973119126561e+00 1.002733876116867e+00
8.950000000000000e-01 5.915054719607133e+00 1.003210563973797e+00
9.000000000000000e-01 6.064833421838831e+00 1.003675254509018e+00
9.050000000000000e-01 6.218402842386253e+00 1.004128255560741e+00
9.100000000000000e-01 6.375858967136348e+00 1.004569866752945e+00
9.150000000000000e-01 6.537300211292723e+00 1.005000379738098e+00
9.200000000000000e-01 6.702827480888332e+00 1.005420078426135e+00
9.250000000000000e-01 6.872544235855034e+00 1.005829239204765e+00
9.300000000000000e-01 7.046556554689444e+00 1.006228131152490e+00
9.350000000000001e-01 7.224973200755413e+00 1.006617016244815e+00
9.400000000000001e-01 7.407905690264673e+00 1.006996149553947e+00
9.450000000000001e-01 7.595468361978146e+00 1.007365779442234e+00
9.500000000000001e-01 7.787778448671316e+00 1.007726147749570e+00
9.550000000000001e-01 7.984956150408610e+00 1.008077489974990e+00
9.600000000000000e-01 8.187124709672272e+00 1.008420035452663e+00
9.650000000000000e-01 8.394410488393007e+00 1.008754007522489e+00
9.700000000000000e-01 8.606943046930221e+00 1.009079623695487e+00
9.750000000000000e-01 8.824855225051540e+00 1.009397095814167e+00
9.800000000000000e-01 9.048283224961922e+00 1.009706630208048e+00
9.850000000000000e-01 9.277366696434507e+00 1.010008427844506e+00
9.900000000000000e-01 9.512248824096272e+00 1.010302684475107e+00
9.950000000000000e-01 9.753076416923058e+00 1.010589590777584e+00
1.000000000000000e+00 1.000000000000000e+01 1.010869332493596e+00
