0.000000000000000e+00 0.000000000000000e+00 8.834228527936689e-01
5.000000000000000e-03 3.369477419287315e-03 8.834233782196184e-01
1.000000000000000e-02 6.741060871647481e-03 8.834247858202173e-01
1.500000000000000e-02 1.011685770649257e-02 8.834271429365429e-01
2.000000000000000e-02 1.349897790673588e-02 8.834304531628854e-01
2.500000000000000e-02 1.688953540759990e-02 8.834347239827102e-01
3.000000000000000e-02 2.029064941789469e-02 8.834399657726509e-01
3.500000000000000e-02 2.370444574459234e-02 8.834461964243659e-01
4.000000000000000e-02 2.713305812152553e-02 8.834534318648919e-01
4.500000000000000e-02 3.057862954304063e-02 8.834616888724883e-01
5.000000000000000e-02 3.404331360343898e-02 8.834709844763459e-01
5.500000000000000e-02 3.752927584304335e-02 8.834813427662892e-01
6.000000000000000e-02 4.103869510173117e-02 8.834927916636871e-01
6.500000000000000e-02 4.457376488078044e-02 8.835053638795657e-01
7.000000000000001e-02 4.813669471387935e-02 8.835190883453382e-01
7.500000000000000e-02 5.172971154815675e-02 8.835339995785287e-01
8.000000000000000e-02 5.535506113609672e-02 8.835501337425281e-01
8.500000000000001e-02 5.901500943920686e-02 8.835675355451156e-01
9.000000000000000e-02 6.271184404431801e-02 8.835862505110520e-01
9.500000000000000e-02 6.644787559340060e-02 8.836063245354326e-01
1.000000000000000e-01 7.022543922779090e-02 8.836278123090141e-01
1.050000000000000e-01 7.404689604773053e-02 8.836507724040880e-01
1.100000000000000e-01 7.791463458813094e-02 8.836752580909116e-01
1.150000000000000e-01 8.183107231148547e-02 8.837013302631735e-01
1.200000000000000e-01 8.579865711886202e-02 8.837290594811524e-01
1.250000000000000e-01 8.981986887992111e-02 8.837585119912321e-01
1.300000000000000e-01 9.389722098291493e-02 8.837897692243533e-01
1.350000000000000e-01 9.803326190563690e-02 8.838229103849131e-01
1.400000000000000e-01 1.022305768083033e-01 8.838580210782959e-01
1.450000000000000e-01 1.064917891493625e-01 8.838951951483391e-01
1.500000000000000e-01 1.108195623252418e-01 8.839345303876976e-01
1.550000000000000e-01 1.152166013350572e-01 8.839761263430632e-01
1.600000000000000e-01 1.196856544713255e-01 8.840200927166854e-01
1.650000000000000e-01 1.242295150377370e-01 8.840665429856480e-01
1.700000000000000e-01 1.288510230950609e-01 8.841155924098423e-01
1.750000000000000e-01 1.335530672362758e-01 8.841673740217407e-01
1.800000000000000e-01 1.383385863920344e-01 8.842220196855346e-01
1.850000000000000e-01 1.432105716675912e-01 8.842796754959940e-01
1.900000000000000e-01 1.481720682123397e-01 8.843404927594696e-01
1.950000000000000e-01 1.532261771231311e-01 8.844046311512366e-01
2.000000000000000e-01 1.583760573825595e-01 8.844722567213230e-01
2.050000000000000e-01 1.636249278334301e-01 8.845435475920075e-01
2.100000000000000e-01 1.689760691906397e-01 8.846186898512696e-01
2.150000000000000e-01 1.744328260917313e-01 8.846978745420214e-01
2.200000000000000e-01 1.799986091874004e-01 8.847813162883973e-01
2.250000000000000e-01 1.856768972732633e-01 8.848692346783020e-01
2.300000000000000e-01 1.914712394642179e-01 8.849618608837109e-01
2.350000000000000e-01 1.973852574127551e-01 8.850594284479677e-01
2.400000000000000e-01 2.034226475726105e-01 8.851621997977384e-01
2.450000000000000e-01 2.095871835091678e-01 8.852704503745716e-01
2.500000000000000e-01 2.158827182580599e-01 8.853844551196421e-01
2.550000000000000e-01 2.223131867334419e-01 8.855045122164555e-01
2.600000000000000e-01 2.288826081874405e-01 8.856309278470438e-01
2.650000000000000e-01 2.355950887223172e-01 8.857640354405694e-01
2.700000000000000e-01 2.424548238569160e-01 8.859041788458329e-01
2.750000000000000e-01 2.494661011489995e-01 8.860517190092764e-01
2.800000000000000e-01 2.566333028751116e-01 8.862070352736128e-01
2.850000000000000e-01 2.639609087696434e-01 8.863705187237516e-01
2.900000000000000e-01 2.714534988248126e-01 8.865425834142816e-01
2.950000000000000e-01 2.791157561533084e-01 8.867236563974994e-01
3.000000000000000e-01 2.869524699153886e-01 8.869141923498334e-01
3.050000000000000e-01 2.949685383122613e-01 8.871146597847899e-01
3.100000000000000e-01 3.031689716476197e-01 8.873255404650525e-01
3.150000000000000e-01 3.115588954592450e-01 8.875473357739924e-01
3.200000000000000e-01 3.201435537226349e-01 8.877805648350814e-01
3.250000000000000e-01 3.289283121286580e-01 8.880257636203026e-01
3.300000000000000e-01 3.379186614372866e-01 8.882834900570284e-01
3.350000000000000e-01 3.471202209094989e-01 8.885543152731683e-01
3.400000000000000e-01 3.565387418195016e-01 8.888387942796666e-01
3.450000000000000e-01 3.661801110494620e-01 8.891375160202853e-01
3.500000000000000e-01 3.760503547690021e-01 8.894510836709912e-01
3.550000000000000e-01 3.861556422017504e-01 8.897800755539024e-01
3.600000000000000e-01 3.965022894813072e-01 8.901250831894292e-01
3.650000000000000e-01 4.070967635990345e-01 8.904866819759323e-01
3.700000000000000e-01 4.179456864461349e-01 8.908654334379500e-01
3.750000000000000e-01 4.290558389525505e-01 8.912618769360371e-01
3.800000000000000e-01 4.404341653252637e-01 8.916765087426807e-01
3.850000000000000e-01 4.520877773886537e-01 8.921097962780461e-01
3.900000000000000e-01 4.640239590296172e-01 8.925621345967923e-01
3.950000000000000e-01 4.762501707502353e-01 8.930338536508556e-01
4.000000000000000e-01 4.887740543308307e-01 8.935252042259829e-01
4.050000000000000e-01 5.016034376063282e-01 8.940363146600199e-01
4.100000000000000e-01 5.147463393589066e-01 8.945672085995954e-01
4.150000000000000e-01 5.282109743299990e-01 8.951177540026976e-01
4.200000000000000e-01 5.420057583547735e-01 8.956876449829810e-01
4.250000000000000e-01 5.561393136223041e-01 8.962764019532978e-01
4.300000000000000e-01 5.706204740647189e-01 8.968833049448807e-01
4.350000000000000e-01 5.854582908786964e-01 8.975074009205816e-01
4.400000000000000e-01 6.006620381827575e-01 8.981474758593859e-01
4.450000000000000e-01 6.162412188138907e-01 8.988019995622465e-01
4.500000000000000e-01 6.322055702671360e-01 8.994691497269796e-01
4.550000000000000e-01 6.485650707818353e-01 9.001467690395745e-01
4.600000000000000e-01 6.653299455783577e-01 9.008323422688160e-01
4.650000000000000e-01 6.825106732491932e-01 9.015230392817332e-01
4.700000000000000e-01 7.001179923084168e-01 9.022156867863482e-01
4.750000000000000e-01 7.181629079036070e-01 9.029067971066792e-01
4.800000000000000e-01 7.366566986944229e-01 9.035926502872249e-01
4.850000000000000e-01 7.556109239021327e-01 9.042693171147518e-01
4.900000000000000e-01 7.750374305345038e-01 9.049327586859691e-01
4.950000000000000e-01 7.949483607905672e-01 9.055789772297809e-01
5.000000000000000e-01 8.153561596498893e-01 9.062041217784010e-01
5.050000000000000e-01 8.362735826510871e-01 9.068046700707844e-01
5.100000000000000e-01 8.577137038644561e-01 9.073776612016974e-01
5.150000000000000e-01 8.796899240636907e-01 9.079208864591125e-01
5.200000000000000e-01 9.022159791018011e-01 9.084331252699498e-01
5.250000000000000e-01 9.253059484964714e-01 9.089144165293411e-01
5.300000000000000e-01 9.489742642302165e-01 9.093662748649600e-01
5.350000000000000e-01 9.732357197708378e-01 9.097918928676922e-01
5.400000000000000e-01 9.981054793178262e-01 9.101963311860394e-01
5.450000000000000e-01 1.023599087280478e+00 9.105866264777586e-01
5.500000000000000e-01 1.049732477993657e+00 9.109718267158854e-01
5.550000000000000e-01 1.076521985677273e+00 9.113629580539796e-01
5.600000000000001e-01 1.103984354645701e+00 9.117728817533083e-01
5.650000000000001e-01 1.132136749773522e+00 9.122160601222128e-01
5.700000000000001e-01 1.160996767224129e+00 9.127082524097495e-01
5.750000000000001e-01 1.190582445447902e+00 9.132661049332563e-01
5.800000000000000e-01 1.220912276456826e+00 9.139066597032811e-01
5.850000000000000e-01 1.252005217382601e+00 9.146468608012157e-01
5.900000000000000e-01 1.283880702325469e+00 9.155030551828004e-01
5.950000000000000e-01 1.316558654501151e+00 9.164904438590703e-01
6.000000000000000e-01 1.350059498693518e+00 9.176225373520304e-01
6.050000000000000e-01 1.384404174020732e+00 9.189107099042411e-01
6.100000000000000e-01 1.419614147022888e+00 9.203638465356564e-01
6.150000000000000e-01 1.455711425079295e+00 9.219880103054636e-01
6.200000000000000e-01 1.492718570163803e+00 9.237861248810728e-01
6.250000000000000e-01 1.530658712946775e+00 9.257577438587282e-01
6.300000000000000e-01 1.569555567252506e+00 9.278989451222573e-01
6.350000000000000e-01 1.609433444881138e+00 9.302023055048442e-01
6.400000000000000e-01 1.650317270804325e+00 9.326568929257255e-01
6.450000000000000e-01 1.692232598744148e+00 9.352482614087596e-01
6.500000000000000e-01 1.735205627145031e+00 9.379584767559392e-01
6.550000000000000e-01 1.779263215548615e+00 9.407662055995292e-01
6.600000000000000e-01 1.824432901381847e+00 9.436468814487301e-01
6.650000000000000e-01 1.870742917168772e+00 9.465729477081953e-01
6.700000000000000e-01 1.918222208176775e+00 9.495141880170906e-01
6.750000000000000e-01 1.966900450508319e+00 9.524381734979063e-01
6.800000000000000e-01 2.016808069649473e+00 9.553108744317752e-01
6.850000000000001e-01 2.067976259486829e+00 9.580974950250636e-01
6.900000000000001e-01 2.120437001804702e+00 9.607635896977871e-01
6.950000000000001e-01 2.174223086274785e+00 9.632765080651744e-01
7.000000000000001e-01 2.229368130950753e+00 9.656071861382297e-01
7.050000000000000e-01 2.285906603280654e+00 9.677322464089793e-01
7.100000000000000e-01 2.343873841650178e+00 9.696362836695511e-01
7.150000000000000e-01 2.403306077470301e+00 9.713140998701280e-01
7.200000000000000e-01 2.464240457823092e+00 9.727725296898565e-01
7.250000000000000e-01 2.526715068679855e+00 9.740314078820830e-01
7.300000000000000e-01 2.590768958706095e+00 9.751232226384515e-01
7.350000000000000e-01 2.656442163668210e+00 9.760911228078127e-01
7.400000000000000e-01 2.723775731457148e+00 9.769852137083914e-01
7.450000000000000e-01 2.792811747744667e+00 9.778574442248936e-01
7.500000000000000e-01 2.863593362288260e+00 9.787557613560359e-01
7.550000000000000e-01 2.936164815901156e+00 9.797184696793210e-01
7.600000000000000e-01 3.010571468104263e+00 9.807697899748135e-01
7.650000000000000e-01 3.086859825477351e+00 9.819174345986975e-01
7.700000000000000e-01 3.165077570727174e+00 9.831526496666931e-01
7.750000000000000e-01 3.245273592490716e+00 9.844527069183101e-01
7.800000000000000e-01 3.327498015892184e+00 9.857853661112400e-01
7.850000000000000e-01 3.411802233872832e+00 9.871144643322262e-01
7.900000000000000e-01 3.498238939313234e+00 9.884055919453559e-01
7.950000000000000e-01 3.586862157968046e+00 9.896308310562663e-01
8.000000000000000e-01 3.677727282233856e+00 9.907717712229148e-01
8.050000000000000e-01 3.770891105771243e+00 9.918204360495050e-01
8.100000000000001e-01 3.866411859002656e+00 9.927782501435108e-01
8.150000000000001e-01 3.964349245508326e+00 9.936536064484214e-01
8.200000000000001e-01 4.064764479342956e+00 9.944588299105525e-01
8.250000000000001e-01 4.167720323296481e+00 9.952073161539131e-01
8.300000000000001e-01 4.273281128122877e+00 9.959113924334175e-01
8.350000000000000e-01 4.381512872761445e+00 9.965811169747497e-01
8.400000000000000e-01 4.492483205575838e+00 9.972239329125985e-01
8.450000000000000e-01 4.606261486636447e+00 9.978449132828950e-01
8.500000000000000e-01 4.722918831072739e+00 9.984472933884182e-01
8.550000000000000e-01 4.842528153522501e+00 9.990330483525842e-01
8.600000000000000e-01 4.965164213705875e+00 9.996033760386550e-01
8.650000000000000e-01 5.090903663152626e+00 1.000159038240259e+00
8.700000000000000e-01 5.219825093111814e+00 1.000700571684011e+00
8.750000000000000e-01 5.352009083673925e+00 1.001228404241467e+00
8.800000000000000e-01 5.487538254136007e+00 1.001742912504893e+00
8.850000000000000e-01 5.626497314641444e+00 1.002244447639409e+00
8.900000000000000e-01 5.768973119126561e+00 1.002733345999177e+00
8.950000000000000e-01 5.915054719607133e+00 1.003209933191481e+00
9.000000000000000e-01 6.064833421838831e+00 1.003674525602804e+00
9.050000000000000e-01 6.218402842386253e+00 1.004127431034141e+00
9.100000000000000e-01 6.375858967136348e+00 1.004568949049846e+00
9.150000000000000e-01 6.537300211292723e+00 1.004999371239094e+00
9.200000000000000e-01 6.702827480888332e+00 1.005418981449195e+00
9.250000000000000e-01 6.872544235855034e+00 1.005828056006785e+00
9.300000000000000e-01 7.046556554689444e+00 1.006226863930963e+00
9.350000000000001e-01 7.224973200755413e+00 1.006615667139486e+00
9.400000000000001e-01 7.407905690264673e+00 1.006994720648420e+00
9.450000000000001e-01 7.595468361978146e+00 1.007364272765528e+00
9.500000000000001e-01 7.787778448671316e+00 1.007724565277629e+00
9.550000000000001e-01 7.984956150408610e+00 1.008075833632148e+00
9.600000000000000e-01 8.187124709672272e+00 1.008418307113062e+00
9.650000000000000e-01 8.394410488393007e+00 1.008752209011459e+00
9.700000000000000e-01 8.606943046930221e+00 1.009077756790881e+00
9.750000000000000e-01 8.824855225051540e+00 1.009395162247655e+00
9.800000000000000e-01 9.048283224961922e+00 1.009704631666376e+00
9.850000000000000e-01 9.277366696434507e+00 1.010006365970716e+00
9.900000000000000e-01 9.512248824096272e+00 1.010300560869725e+00
9.950000000000000e-01 9.753076416923058e+00 1.010587406999762e+00
1.000000000000000e+00 1.000000000000000e+01 1.010867090062234e+00
