0.000000000000000e+00 0.000000000000000e+00 9.722192953896894e-01
5.000000000000000e-03 3.369477419287315e-03 9.722192954005285e-01
1.000000000000000e-02 6.741060871647481e-03 9.722192954183176e-01
1.500000000000000e-02 1.011685770649257e-02 9.722192954253985e-01
2.000000000000000e-02 1.349897790673588e-02 9.722192954313693e-01
2.500000000000000e-02 1.688953540759990e-02 9.722192954341465e-01
3.000000000000000e-02 2.029064941789469e-02 9.722192954361537e-01
3.500000000000000e-02 2.370444574459234e-02 9.722192954379745e-01
4.000000000000000e-02 2.713305812152553e-02 9.722192954406768e-01
4.500000000000000e-02 3.057862954304063e-02 9.722192954470870e-01
5.000000000000000e-02 3.404331360343898e-02 9.722192954533763e-01
5.500000000000000e-02 3.752927584304335e-02 9.722192954586139e-01
6.000000000000000e-02 4.103869510173117e-02 9.722192954618866e-01
6.500000000000000e-02 4.457376488078044e-02 9.722192954658265e-01
7.000000000000001e-02 4.813669471387935e-02 9.722192954697745e-01
7.500000000000000e-02 5.172971154815675e-02 9.722192954753915e-01
8.000000000000000e-02 5.535506113609672e-02 9.722192954805329e-01
8.500000000000001e-02 5.901500943920686e-02 9.722192954837136e-01
9.000000000000000e-02 6.271184404431801e-02 9.722192954867311e-01
9.500000000000000e-02 6.644787559340060e-02 9.722192954896657e-01
1.000000000000000e-01 7.022543922779090e-02 9.722192954933199e-01
1.050000000000000e-01 7.404689604773053e-02 9.722192954971243e-01
1.100000000000000e-01 7.791463458813094e-02 9.722192955011758e-01
1.150000000000000e-01 8.183107231148547e-02 9.722192955065286e-01
1.200000000000000e-01 8.579865711886202e-02 9.722192955110897e-01
1.250000000000000e-01 8.981986887992111e-02 9.722192955157624e-01
1.300000000000000e-01 9.389722098291493e-02 9.722192955207996e-01
1.350000000000000e-01 9.803326190563690e-02 9.722192955249824e-01
1.400000000000000e-01 1.022305768083033e-01 9.722192955301399e-01
1.450000000000000e-01 1.064917891493625e-01 9.722192955374122e-01
1.500000000000000e-01 1.108195623252418e-01 9.722192955443141e-01
1.550000000000000e-01 1.152166013350572e-01 9.722192955527453e-01
1.600000000000000e-01 1.196856544713255e-01 9.722192955627078e-01
1.650000000000000e-01 1.242295150377370e-01 9.722192955723832e-01
1.700000000000000e-01 1.288510230950609e-01 9.722192955823235e-01
1.750000000000000e-01 1.335530672362758e-01 9.722192955931461e-01
1.800000000000000e-01 1.383385863920344e-01 9.722192956038684e-01
1.850000000000000e-01 1.432105716675912e-01 9.722192956152866e-01
1.900000000000000e-01 1.481720682123397e-01 9.722192956280298e-01
1.950000000000000e-01 1.532261771231311e-01 9.722192956427400e-01
2.000000000000000e-01 1.583760573825595e-01 9.722192956585076e-01
2.050000000000000e-01 1.636249278334301e-01 9.722192956714931e-01
2.100000000000000e-01 1.689760691906397e-01 9.722192956844276e-01
2.150000000000000e-01 1.744328260917313e-01 9.722192956983499e-01
2.200000000000000e-01 1.799986091874004e-01 9.722192957124610e-01
2.250000000000000e-01 1.856768972732633e-01 9.722192957271509e-01
2.300000000000000e-01 1.914712394642179e-01 9.722192957419372e-01
2.350000000000000e-01 1.973852574127551e-01 9.722192957601330e-01
2.400000000000000e-01 2.034226475726105e-01 9.722192957805634e-01
2.450000000000000e-01 2.095871835091678e-01 9.722192958006719e-01
2.500000000000000e-01 2.158827182580599e-01 9.722192958216054e-01
2.550000000000000e-01 2.223131867334419e-01 9.722192958408080e-01
2.600000000000000e-01 2.288826081874405e-01 9.722192958625713e-01
2.650000000000000e-01 2.355950887223172e-01 9.722192958864269e-01
2.700000000000000e-01 2.424548238569160e-01 9.722192959130859e-01
2.750000000000000e-01 2.494661011489995e-01 9.722192959420334e-01
2.800000000000000e-01 2.566333028751116e-01 9.722192959727799e-01
2.850000000000000e-01 2.639609087696434e-01 9.722192960047559e-01
2.900000000000000e-01 2.714534988248126e-01 9.722192960344596e-01
2.950000000000000e-01 2.791157561533084e-01 9.722192960653521e-01
3.000000000000000e-01 2.869524699153886e-01 9.722192961000425e-01
3.050000000000000e-01 2.949685383122613e-01 9.722192961346954e-01
3.100000000000000e-01 3.031689716476197e-01 9.722192961719267e-01
3.150000000000000e-01 3.115588954592450e-01 9.722192962125248e-01
3.200000000000000e-01 3.201435537226349e-01 9.722192962535627e-01
3.250000000000000e-01 3.289283121286580e-01 9.722192962981725e-01
3.300000000000000e-01 3.379186614372866e-01 9.722192963435700e-01
3.350000000000000e-01 3.471202209094989e-01 9.722192963924909e-01
3.400000000000000e-01 3.565387418195016e-01 9.722192964453428e-01
3.450000000000000e-01 3.661801110494620e-01 9.722192965003654e-01
3.500000000000000e-01 3.760503547690021e-01 9.722192965564731e-01
3.550000000000000e-01 3.861556422017504e-01 9.722192966161650e-01
3.600000000000000e-01 3.965022894813072e-01 9.722192966788145e-01
3.650000000000000e-01 4.070967635990345e-01 9.722192967456138e-01
3.700000000000000e-01 4.179456864461349e-01 9.722192968157075e-01
3.750000000000000e-01 4.290558389525505e-01 9.722192968886000e-01
3.800000000000000e-01 4.404341653252637e-01 9.722192969674217e-01
3.850000000000000e-01 4.520877773886537e-01 9.722192970446134e-01
3.900000000000000e-01 4.640239590296172e-01 9.722192971260155e-01
3.950000000000000e-01 4.762501707502353e-01 9.722192972126587e-01
4.000000000000000e-01 4.887740543308307e-01 9.722192973053675e-01
4.050000000000000e-01 5.016034376063282e-01 9.722192974050720e-01
4.100000000000000e-01 5.147463393589066e-01 9.722192975141384e-01
4.150000000000000e-01 5.282109743299990e-01 9.722192976258666e-01
4.200000000000000e-01 5.420057583547735e-01 9.722192977343581e-01
4.250000000000000e-01 5.561393136223041e-01 9.722192978506746e-01
4.300000000000000e-01 5.706204740647189e-01 9.722192979750467e-01
4.350000000000000e-01 5.854582908786964e-01 9.722192981096220e-01
4.400000000000000e-01 6.006620381827575e-01 9.722192982486644e-01
4.450000000000000e-01 6.162412188138907e-01 9.722192983962314e-01
4.500000000000000e-01 6.322055702671360e-01 9.722192985520963e-01
4.550000000000000e-01 6.485650707818353e-01 9.722192987119944e-01
4.600000000000000e-01 6.653299455783577e-01 9.722192988808885e-01
4.650000000000000e-01 6.825106732491932e-01 9.722192990539728e-01
4.700000000000000e-01 7.001179923084168e-01 9.722192992405693e-01
4.750000000000000e-01 7.181629079036070e-01 9.722192994389952e-01
4.800000000000000e-01 7.366566986944229e-01 9.722192996475242e-01
4.850000000000000e-01 7.556109239021327e-01 9.722192998674438e-01
4.900000000000000e-01 7.750374305345038e-01 9.722193000924139e-01
4.950000000000000e-01 7.949483607905672e-01 9.722193003286224e-01
5.000000000000000e-01 8.153561596498893e-01 9.722193005795191e-01
5.050000000000000e-01 8.362735826510871e-01 9.722193008459373e-01
5.100000000000000e-01 8.577137038644561e-01 9.722193011260933e-01
5.150000000000000e-01 8.796899240636907e-01 9.722193014172003e-01
5.200000000000000e-01 9.022159791018011e-01 9.722193017187726e-01
5.250000000000000e-01 9.253059484964714e-01 9.722193020435281e-01
5.300000000000000e-01 9.489742642302165e-01 9.722193023893175e-01
5.350000000000000e-01 9.732357197708378e-01 9.722193027399009e-01
5.400000000000000e-01 9.981054793178262e-01 9.722193031137537e-01
5.450000000000000e-01 1.023599087280478e+00 9.722193035127159e-01
5.500000000000000e-01 1.049732477993657e+00 9.722193039288377e-01
5.550000000000000e-01 1.076521985677273e+00 9.722193043695798e-01
5.600000000000001e-01 1.103984354645701e+00 9.722193048329398e-01
5.650000000000001e-01 1.132136749773522e+00 9.722193053276980e-01
5.700000000000001e-01 1.160996767224129e+00 9.722193058519015e-01
5.750000000000001e-01 1.190582445447902e+00 9.722193064081308e-01
5.800000000000000e-01 1.220912276456826e+00 9.722193070091755e-01
5.850000000000000e-01 1.252005217382601e+00 9.722193076507462e-01
5.900000000000000e-01 1.283880702325469e+00 9.722193083501379e-01
5.950000000000000e-01 1.316558654501151e+00 9.722193091181912e-01
6.000000000000000e-01 1.350059498693518e+00 9.722193099633749e-01
6.050000000000000e-01 1.384404174020732e+00 9.722193109239141e-01
6.100000000000000e-01 1.419614147022888e+00 9.722193120205380e-01
6.150000000000000e-01 1.455711425079295e+00 9.722193133054375e-01
6.200000000000000e-01 1.492718570163803e+00 9.722193148674976e-01
6.250000000000000e-01 1.530658712946775e+00 9.722193167967257e-01
6.300000000000000e-01 1.569555567252506e+00 9.722193192910633e-01
6.350000000000000e-01 1.609433444881138e+00 9.722193226409631e-01
6.400000000000000e-01 1.650317270804325e+00 9.722193272657180e-01
6.450000000000000e-01 1.692232598744148e+00 9.722193339602420e-01
6.500000000000000e-01 1.735205627145031e+00 9.722193439565723e-01
6.550000000000000e-01 1.779263215548615e+00 9.722193592665859e-01
6.600000000000000e-01 1.824432901381847e+00 9.722193834941725e-01
6.650000000000000e-01 1.870742917168772e+00 9.722194225758265e-01
6.700000000000000e-01 1.918222208176775e+00 9.722194865677470e-01
6.750000000000000e-01 1.966900450508319e+00 9.722195931027285e-01
6.800000000000000e-01 2.016808069649473e+00 9.722197721323050e-01
6.850000000000001e-01 2.067976259486829e+00 9.722200748273988e-01
6.900000000000001e-01 2.120437001804702e+00 9.722205894569083e-01
6.950000000000001e-01 2.174223086274785e+00 9.722214664471368e-01
7.000000000000001e-01 2.229368130950753e+00 9.722229614356773e-01
7.050000000000000e-01 2.285906603280654e+00 9.722255063453327e-01
7.100000000000000e-01 2.343873841650178e+00 9.722298218524423e-01
7.150000000000000e-01 2.403306077470301e+00 9.722371037741507e-01
7.200000000000000e-01 2.464240457823092e+00 9.722493128784744e-01
7.250000000000000e-01 2.526715068679855e+00 9.722695846022277e-01
7.300000000000000e-01 2.590768958706095e+00 9.723028282280295e-01
7.350000000000000e-01 2.656442163668210e+00 9.723566072691772e-01
7.400000000000000e-01 2.723775731457148e+00 9.724422079034873e-01
7.450000000000000e-01 2.792811747744667e+00 9.725755728135010e-01
7.500000000000000e-01 2.863593362288260e+00 9.727778027258981e-01
7.550000000000000e-01 2.936164815901156e+00 9.730749600710169e-01
7.600000000000000e-01 3.010571468104263e+00 9.734962582101461e-01
7.650000000000000e-01 3.086859825477351e+00 9.740684275690479e-01
7.700000000000000e-01 3.165077570727174e+00 9.748038510523489e-01
7.750000000000000e-01 3.245273592490716e+00 9.756835302151823e-01
7.800000000000000e-01 3.327498015892184e+00 9.766432112221116e-01
7.850000000000000e-01 3.411802233872832e+00 9.775764740875101e-01
7.900000000000000e-01 3.498238939313234e+00 9.783638272978329e-01
7.950000000000000e-01 3.586862157968046e+00 9.789205560437825e-01
8.000000000000000e-01 3.677727282233856e+00 9.792398430873968e-01
8.050000000000000e-01 3.770891105771243e+00 9.794067813912213e-01
8.100000000000001e-01 3.866411859002656e+00 9.795757050926156e-01
8.150000000000001e-01 3.964349245508326e+00 9.799236791075423e-01
8.200000000000001e-01 4.064764479342956e+00 9.806018232197783e-01
8.250000000000001e-01 4.167720323296481e+00 9.817015539927818e-01
8.300000000000001e-01 4.273281128122877e+00 9.832424118611702e-01
8.350000000000000e-01 4.381512872761445e+00 9.851780174915951e-01
8.400000000000000e-01 4.492483205575838e+00 9.874101243100325e-01
8.450000000000000e-01 4.606261486636447e+00 9.898012139930346e-01
8.500000000000000e-01 4.722918831072739e+00 9.921843721893747e-01
8.550000000000000e-01 4.842528153522501e+00 9.943789873710019e-01
8.600000000000000e-01 4.965164213705875e+00 9.962221343547919e-01
8.650000000000000e-01 5.090903663152626e+00 9.976137025509171e-01
8.700000000000000e-01 5.219825093111814e+00 9.985557892918118e-01
8.750000000000000e-01 5.352009083673925e+00 9.991595747445958e-01
8.800000000000000e-01 5.487538254136007e+00 9.996063921244660e-01
8.850000000000000e-01 5.626497314641444e+00 1.000077175577208e+00
8.900000000000000e-01 5.768973119126561e+00 1.000685658440323e+00
8.950000000000000e-01 5.915054719607133e+00 1.001449027067635e+00
9.000000000000000e-01 6.064833421838831e+00 1.002306178389560e+00
9.050000000000000e-01 6.218402842386253e+00 1.003165691829909e+00
9.100000000000000e-01 6.375858967136348e+00 1.003952690104504e+00
9.150000000000000e-01 6.537300211292723e+00 1.004632280781482e+00
9.200000000000000e-01 6.702827480888332e+00 1.005206888891596e+00
9.250000000000000e-01 6.872544235855034e+00 1.005699502197331e+00
9.300000000000000e-01 7.046556554689444e+00 1.006136894300431e+00
9.350000000000001e-01 7.224973200755413e+00 1.006540145825194e+00
9.400000000000001e-01 7.407905690264673e+00 1.006922425875038e+00
9.450000000000001e-01 7.595468361978146e+00 1.007290662971572e+00
9.500000000000001e-01 7.787778448671316e+00 1.007648056380787e+00
9.550000000000001e-01 7.984956150408610e+00 1.007995978566236e+00
9.600000000000000e-01 8.187124709672272e+00 1.008335041396347e+00
9.650000000000000e-01 8.394410488393007e+00 1.008665580766011e+00
9.700000000000000e-01 8.606943046930221e+00 1.008987842343278e+00
9.750000000000000e-01 8.824855225051540e+00 1.009302042946933e+00
9.800000000000000e-01 9.048283224961922e+00 1.009608388551232e+00
9.850000000000000e-01 9.277366696434507e+00 1.009907081431396e+00
9.900000000000000e-01 9.512248824096272e+00 1.010198346131876e+00
9.950000000000000e-01 9.753076416923058e+00 1.010482693531585e+00
1.000000000000000e+00 1.000000000000000e+01 1.010763707894456e+00
