0.000000000000000e+00 0.000000000000000e+00 9.543258470499935e-01
5.000000000000000e-03 3.369477419287315e-03 9.543258470790082e-01
1.000000000000000e-02 6.741060871647481e-03 9.543258471169900e-01
1.500000000000000e-02 1.011685770649257e-02 9.543258471264239e-01
2.000000000000000e-02 1.349897790673588e-02 9.543258471311885e-01
2.500000000000000e-02 1.688953540759990e-02 9.543258471415391e-01
3.000000000000000e-02 2.029064941789469e-02 9.543258471511871e-01
3.500000000000000e-02 2.370444574459234e-02 9.543258471551505e-01
4.000000000000000e-02 2.713305812152553e-02 9.543258471601728e-01
4.500000000000000e-02 3.057862954304063e-02 9.543258471687943e-01
5.000000000000000e-02 3.404331360343898e-02 9.543258471757159e-01
5.500000000000000e-02 3.752927584304335e-02 9.543258471830803e-01
6.000000000000000e-02 4.103869510173117e-02 9.543258471941247e-01
6.500000000000000e-02 4.457376488078044e-02 9.543258472033048e-01
7.000000000000001e-02 4.813669471387935e-02 9.543258472117304e-01
7.500000000000000e-02 5.172971154815675e-02 9.543258472194364e-01
8.000000000000000e-02 5.535506113609672e-02 9.543258472273700e-01
8.500000000000001e-02 5.901500943920686e-02 9.543258472372645e-01
9.000000000000000e-02 6.271184404431801e-02 9.543258472483854e-01
9.500000000000000e-02 6.644787559340060e-02 9.543258472619146e-01
1.000000000000000e-01 7.022543922779090e-02 9.543258472789011e-01
1.050000000000000e-01 7.404689604773053e-02 9.543258472959246e-01
1.100000000000000e-01 7.791463458813094e-02 9.543258473140832e-01
1.150000000000000e-01 8.183107231148547e-02 9.543258473324100e-01
1.200000000000000e-01 8.579865711886202e-02 9.543258473495168e-01
1.250000000000000e-01 8.981986887992111e-02 9.543258473650742e-01
1.300000000000000e-01 9.389722098291493e-02 9.543258473832726e-01
1.350000000000000e-01 9.803326190563690e-02 9.543258474024221e-01
1.400000000000000e-01 1.022305768083033e-01 9.543258474244372e-01
1.450000000000000e-01 1.064917891493625e-01 9.543258474532955e-01
1.500000000000000e-01 1.108195623252418e-01 9.543258474836880e-01
1.550000000000000e-01 1.152166013350572e-01 9.543258475128655e-01
1.600000000000000e-01 1.196856544713255e-01 9.543258475436507e-01
1.650000000000000e-01 1.242295150377370e-01 9.543258475756269e-01
1.700000000000000e-01 1.288510230950609e-01 9.543258476094989e-01
1.750000000000000e-01 1.335530672362758e-01 9.543258476468475e-01
1.800000000000000e-01 1.383385863920344e-01 9.543258476852511e-01
1.850000000000000e-01 1.432105716675912e-01 9.543258477217285e-01
1.900000000000000e-01 1.481720682123397e-01 9.543258477646316e-01
1.950000000000000e-01 1.532261771231311e-01 9.543258478138791e-01
2.000000000000000e-01 1.583760573825595e-01 9.543258478617026e-01
2.050000000000000e-01 1.636249278334301e-01 9.543258479141861e-01
2.100000000000000e-01 1.689760691906397e-01 9.543258479693313e-01
2.150000000000000e-01 1.744328260917313e-01 9.543258480310586e-01
2.200000000000000e-01 1.799986091874004e-01 9.543258480981386e-01
2.250000000000000e-01 1.856768972732633e-01 9.543258481696342e-01
2.300000000000000e-01 1.914712394642179e-01 9.543258482460515e-01
2.350000000000000e-01 1.973852574127551e-01 9.543258483265414e-01
2.400000000000000e-01 2.034226475726105e-01 9.543258484125451e-01
2.450000000000000e-01 2.095871835091678e-01 9.543258485050530e-01
2.500000000000000e-01 2.158827182580599e-01 9.543258486024185e-01
2.550000000000000e-01 2.223131867334419e-01 9.543258487073143e-01
2.600000000000000e-01 2.288826081874405e-01 9.543258488187748e-01
2.650000000000000e-01 2.355950887223172e-01 9.543258489388525e-01
2.700000000000000e-01 2.424548238569160e-01 9.543258490707430e-01
2.750000000000000e-01 2.494661011489995e-01 9.543258492095282e-01
2.800000000000000e-01 2.566333028751116e-01 9.543258493679642e-01
2.850000000000000e-01 2.639609087696434e-01 9.543258495476141e-01
2.900000000000000e-01 2.714534988248126e-01 9.543258497364581e-01
2.950000000000000e-01 2.791157561533084e-01 9.543258499372644e-01
3.000000000000000e-01 2.869524699153886e-01 9.543258501595976e-01
3.050000000000000e-01 2.949685383122613e-01 9.543258503982320e-01
3.100000000000000e-01 3.031689716476197e-01 9.543258506578892e-01
3.150000000000000e-01 3.115588954592450e-01 9.543258509388869e-01
3.200000000000000e-01 3.201435537226349e-01 9.543258512494064e-01
3.250000000000000e-01 3.289283121286580e-01 9.543258516051295e-01
3.300000000000000e-01 3.379186614372866e-01 9.543258520004043e-01
3.350000000000000e-01 3.471202209094989e-01 9.543258524359219e-01
3.400000000000000e-01 3.565387418195016e-01 9.543258529181023e-01
3.450000000000000e-01 3.661801110494620e-01 9.543258534460161e-01
3.500000000000000e-01 3.760503547690021e-01 9.543258540209223e-01
3.550000000000000e-01 3.861556422017504e-01 9.543258546784146e-01
3.600000000000000e-01 3.965022894813072e-01 9.543258554354398e-01
3.650000000000000e-01 4.070967635990345e-01 9.543258562819137e-01
3.700000000000000e-01 4.179456864461349e-01 9.543258572247965e-01
3.750000000000000e-01 4.290558389525505e-01 9.543258583028458e-01
3.800000000000000e-01 4.404341653252637e-01 9.543258595395895e-01
3.850000000000000e-01 4.520877773886537e-01 9.543258609489969e-01
3.900000000000000e-01 4.640239590296172e-01 9.543258625600900e-01
3.950000000000000e-01 4.762501707502353e-01 9.543258644035238e-01
4.000000000000000e-01 4.887740543308307e-01 9.543258665441740e-01
4.050000000000000e-01 5.016034376063282e-01 9.543258690228599e-01
4.100000000000000e-01 5.147463393589066e-01 9.543258719135650e-01
4.150000000000000e-01 5.282109743299990e-01 9.543258752887992e-01
4.200000000000000e-01 5.420057583547735e-01 9.543258792410951e-01
4.250000000000000e-01 5.561393136223041e-01 9.543258839021427e-01
4.300000000000000e-01 5.706204740647189e-01 9.543258894061337e-01
4.350000000000000e-01 5.854582908786964e-01 9.543258959744283e-01
4.400000000000000e-01 6.006620381827575e-01 9.543259037850256e-01
4.450000000000000e-01 6.162412188138907e-01 9.543259131387455e-01
4.500000000000000e-01 6.322055702671360e-01 9.543259243848213e-01
4.550000000000000e-01 6.485650707818353e-01 9.543259379200042e-01
4.600000000000000e-01 6.653299455783577e-01 9.543259543883686e-01
4.650000000000000e-01 6.825106732491932e-01 9.543259744325363e-01
4.700000000000000e-01 7.001179923084168e-01 9.543259989284828e-01
4.750000000000000e-01 7.181629079036070e-01 9.543260289711955e-01
4.800000000000000e-01 7.366566986944229e-01 9.543260659829116e-01
4.850000000000000e-01 7.556109239021327e-01 9.543261118285968e-01
4.900000000000000e-01 7.750374305345038e-01 9.543261687106213e-01
4.950000000000000e-01 7.949483607905672e-01 9.543262397054858e-01
5.000000000000000e-01 8.153561596498893e-01 9.543263285531567e-01
5.050000000000000e-01 8.362735826510871e-01 9.543264401488292e-01
5.100000000000000e-01 8.577137038644561e-01 9.543265810001574e-01
5.150000000000000e-01 8.796899240636907e-01 9.543267591585918e-01
5.200000000000000e-01 9.022159791018011e-01 9.543269855647896e-01
5.250000000000000e-01 9.253059484964714e-01 9.543272741524083e-01
5.300000000000000e-01 9.489742642302165e-01 9.543276430867598e-01
5.350000000000000e-01 9.732357197708378e-01 9.543281166714527e-01
5.400000000000000e-01 9.981054793178262e-01 9.543287259392100e-01
5.450000000000000e-01 1.023599087280478e+00 9.543295124111495e-01
5.500000000000000e-01 1.049732477993657e+00 9.543305306312643e-01
5.550000000000000e-01 1.076521985677273e+00 9.543318516265703e-01
5.600000000000001e-01 1.103984354645701e+00 9.543335705988060e-01
5.650000000000001e-01 1.132136749773522e+00 9.543358119430392e-01
5.700000000000001e-01 1.160996767224129e+00 9.543387398473884e-01
5.750000000000001e-01 1.190582445447902e+00 9.543425729675634e-01
5.800000000000000e-01 1.220912276456826e+00 9.543475972330348e-01
5.850000000000000e-01 1.252005217382601e+00 9.543541911257547e-01
5.900000000000000e-01 1.283880702325469e+00 9.543628546918450e-01
5.950000000000000e-01 1.316558654501151e+00 9.543742408310320e-01
6.000000000000000e-01 1.350059498693518e+00 9.543892086183622e-01
6.050000000000000e-01 1.384404174020732e+00 9.544088809627419e-01
6.100000000000000e-01 1.419614147022888e+00 9.544347110910433e-01
6.150000000000000e-01 1.455711425079295e+00 9.544685830012297e-01
6.200000000000000e-01 1.492718570163803e+00 9.545129156386650e-01
6.250000000000000e-01 1.530658712946775e+00 9.545707764520434e-01
6.300000000000000e-01 1.569555567252506e+00 9.546460345187252e-01
6.350000000000000e-01 1.609433444881138e+00 9.547435005323596e-01
6.400000000000000e-01 1.650317270804325e+00 9.548690399790620e-01
6.450000000000000e-01 1.692232598744148e+00 9.550296880042927e-01
6.500000000000000e-01 1.735205627145031e+00 9.552336740606013e-01
6.550000000000000e-01 1.779263215548615e+00 9.554902781996117e-01
6.600000000000000e-01 1.824432901381847e+00 9.558095298840247e-01
6.650000000000000e-01 1.870742917168772e+00 9.562016258739957e-01
6.700000000000000e-01 1.918222208176775e+00 9.566758987581725e-01
6.750000000000000e-01 1.966900450508319e+00 9.572393604864573e-01
6.800000000000000e-01 2.016808069649473e+00 9.578948516890730e-01
6.850000000000001e-01 2.067976259486829e+00 9.586387555746103e-01
6.900000000000001e-01 2.120437001804702e+00 9.594585355718763e-01
6.950000000000001e-01 2.174223086274785e+00 9.603307756440663e-01
7.000000000000001e-01 2.229368130950753e+00 9.612206112932272e-01
7.050000000000000e-01 2.285906603280654e+00 9.620836311027150e-01
7.100000000000000e-01 2.343873841650178e+00 9.628712987527565e-01
7.150000000000000e-01 2.403306077470301e+00 9.635400040432676e-01
7.200000000000000e-01 2.464240457823092e+00 9.640621201755423e-01
7.250000000000000e-01 2.526715068679855e+00 9.644360072569416e-01
7.300000000000000e-01 2.590768958706095e+00 9.646916193394143e-01
7.350000000000000e-01 2.656442163668210e+00 9.648894125319468e-01
7.400000000000000e-01 2.723775731457148e+00 9.651123167987109e-01
7.450000000000000e-01 2.792811747744667e+00 9.654528276237252e-01
7.500000000000000e-01 2.863593362288260e+00 9.659986828064624e-01
7.550000000000000e-01 2.936164815901156e+00 9.668204987035007e-01
7.600000000000000e-01 3.010571468104263e+00 9.679634856896808e-01
7.650000000000000e-01 3.086859825477351e+00 9.694437752108311e-01
7.700000000000000e-01 3.165077570727174e+00 9.712486587764766e-01
7.750000000000000e-01 3.245273592490716e+00 9.733394625293678e-01
7.800000000000000e-01 3.327498015892184e+00 9.756557883778220e-01
7.850000000000000e-01 3.411802233872832e+00 9.781201670984254e-01
7.900000000000000e-01 3.498238939313234e+00 9.806426060279688e-01
7.950000000000000e-01 3.586862157968046e+00 9.831251451812890e-01
8.000000000000000e-01 3.677727282233856e+00 9.854674347638239e-01
8.050000000000000e-01 3.770891105771243e+00 9.875750757611930e-01
8.100000000000001e-01 3.866411859002656e+00 9.893720203160243e-01
8.150000000000001e-01 3.964349245508326e+00 9.908159709596108e-01
8.200000000000001e-01 4.064764479342956e+00 9.919121529563215e-01
8.250000000000001e-01 4.167720323296481e+00 9.927184713096925e-01
8.300000000000001e-01 4.273281128122877e+00 9.933364698879623e-01
8.350000000000000e-01 4.381512872761445e+00 9.938880083797013e-01
8.400000000000000e-01 4.492483205575838e+00 9.944843847061853e-01
8.450000000000000e-01 4.606261486636447e+00 9.951987367169178e-01
8.500000000000000e-01 4.722918831072739e+00 9.960515834647933e-01
8.550000000000000e-01 4.842528153522501e+00 9.970139166385594e-01
8.600000000000000e-01 4.965164213705875e+00 9.980251112467748e-01
8.650000000000000e-01 5.090903663152626e+00 9.990174059607538e-01
8.700000000000000e-01 5.219825093111814e+00 9.999371939897408e-01
8.750000000000000e-01 5.352009083673925e+00 1.000756277689293e+00
8.800000000000000e-01 5.487538254136007e+00 1.001471721074468e+00
8.850000000000000e-01 5.626497314641444e+00 1.002097878651365e+00
8.900000000000000e-01 5.768973119126561e+00 1.002656198118348e+00
8.950000000000000e-01 5.915054719607133e+00 1.003167243303539e+00
9.000000000000000e-01 6.064833421838831e+00 1.003646675787611e+00
9.050000000000000e-01 6.218402842386253e+00 1.004104608889826e+00
9.100000000000000e-01 6.375858967136348e+00 1.004546770395000e+00
9.150000000000000e-01 6.537300211292723e+00 1.004976093471974e+00
9.200000000000000e-01 6.702827480888332e+00 1.005394001676013e+00
9.250000000000000e-01 6.872544235855034e+00 1.005801209452197e+00
9.300000000000000e-01 7.046556554689444e+00 1.006198136078498e+00
9.350000000000001e-01 7.224973200755413e+00 1.006585089138128e+00
9.400000000000001e-01 7.407905690264673e+00 1.006962335477831e+00
9.450000000000001e-01 7.595468361978146e+00 1.007330125464711e+00
9.500000000000001e-01 7.787778448671316e+00 1.007688700431940e+00
9.550000000000001e-01 7.984956150408610e+00 1.008038294811475e+00
9.600000000000000e-01 8.187124709672272e+00 1.008379136778761e+00
9.650000000000000e-01 8.394410488393007e+00 1.008711448523760e+00
9.700000000000000e-01 8.606943046930221e+00 1.009035446435065e+00
9.750000000000000e-01 8.824855225051540e+00 1.009351341262775e+00
9.800000000000000e-01 9.048283224961922e+00 1.009659338273653e+00
9.850000000000000e-01 9.277366696434507e+00 1.009959637401173e+00
9.900000000000000e-01 9.512248824096272e+00 1.010252433391027e+00
9.950000000000000e-01 9.753076416923058e+00 1.010537915942463e+00
1.000000000000000e+00 1.000000000000000e+01 1.010816269847135e+00
