0.000000000000000e+00 0.000000000000000e+00 9.479753654672058e-01
5.000000000000000e-03 3.369477419287315e-03 9.479753654732900e-01
1.000000000000000e-02 6.741060871647481e-03 9.479753654969177e-01
1.500000000000000e-02 1.011685770649257e-02 9.479753655551358e-01
2.000000000000000e-02 1.349897790673588e-02 9.479753656108798e-01
2.500000000000000e-02 1.688953540759990e-02 9.479753656535099e-01
3.000000000000000e-02 2.029064941789469e-02 9.479753657027065e-01
3.500000000000000e-02 2.370444574459234e-02 9.479753657630575e-01
4.000000000000000e-02 2.713305812152553e-02 9.479753658212933e-01
4.500000000000000e-02 3.057862954304063e-02 9.479753658783087e-01
5.000000000000000e-02 3.404331360343898e-02 9.479753659473124e-01
5.500000000000000e-02 3.752927584304335e-02 9.479753660304089e-01
6.000000000000000e-02 4.103869510173117e-02 9.479753661192477e-01
6.500000000000000e-02 4.457376488078044e-02 9.479753662149849e-01
7.000000000000001e-02 4.813669471387935e-02 9.479753663112437e-01
7.500000000000000e-02 5.172971154815675e-02 9.479753664114825e-01
8.000000000000000e-02 5.535506113609672e-02 9.479753665292326e-01
8.500000000000001e-02 5.901500943920686e-02 9.479753666590317e-01
9.000000000000000e-02 6.271184404431801e-02 9.479753667925901e-01
9.500000000000000e-02 6.644787559340060e-02 9.479753669345730e-01
1.000000000000000e-01 7.022543922779090e-02 9.479753670932627e-01
1.050000000000000e-01 7.404689604773053e-02 9.479753672690424e-01
1.100000000000000e-01 7.791463458813094e-02 9.479753674612291e-01
1.150000000000000e-01 8.183107231148547e-02 9.479753676638124e-01
1.200000000000000e-01 8.579865711886202e-02 9.479753678774757e-01
1.250000000000000e-01 8.981986887992111e-02 9.479753681205924e-01
1.300000000000000e-01 9.389722098291493e-02 9.479753683844657e-01
1.350000000000000e-01 9.803326190563690e-02 9.479753686567529e-01
1.400000000000000e-01 1.022305768083033e-01 9.479753689455900e-01
1.450000000000000e-01 1.064917891493625e-01 9.479753692554358e-01
1.500000000000000e-01 1.108195623252418e-01 9.479753695842411e-01
1.550000000000000e-01 1.152166013350572e-01 9.479753699385709e-01
1.600000000000000e-01 1.196856544713255e-01 9.479753703238569e-01
1.650000000000000e-01 1.242295150377370e-01 9.479753707369091e-01
1.700000000000000e-01 1.288510230950609e-01 9.479753711657775e-01
1.750000000000000e-01 1.335530672362758e-01 9.479753716102309e-01
1.800000000000000e-01 1.383385863920344e-01 9.479753720901019e-01
1.850000000000000e-01 1.432105716675912e-01 9.479753726167423e-01
1.900000000000000e-01 1.481720682123397e-01 9.479753731877150e-01
1.950000000000000e-01 1.532261771231311e-01 9.479753738155037e-01
2.000000000000000e-01 1.583760573825595e-01 9.479753745035551e-01
2.050000000000000e-01 1.636249278334301e-01 9.479753752392203e-01
2.100000000000000e-01 1.689760691906397e-01 9.479753760186331e-01
2.150000000000000e-01 1.744328260917313e-01 9.479753768601487e-01
2.200000000000000e-01 1.799986091874004e-01 9.479753777804887e-01
2.250000000000000e-01 1.856768972732633e-01 9.479753787552687e-01
2.300000000000000e-01 1.914712394642179e-01 9.479753798016936e-01
2.350000000000000e-01 1.973852574127551e-01 9.479753809551841e-01
2.400000000000000e-01 2.034226475726105e-01 9.479753821980600e-01
2.450000000000000e-01 2.095871835091678e-01 9.479753835410825e-01
2.500000000000000e-01 2.158827182580599e-01 9.479753850106531e-01
2.550000000000000e-01 2.223131867334419e-01 9.479753865973444e-01
2.600000000000000e-01 2.288826081874405e-01 9.479753883486725e-01
2.650000000000000e-01 2.355950887223172e-01 9.479753902749629e-01
2.700000000000000e-01 2.424548238569160e-01 9.479753923677852e-01
2.750000000000000e-01 2.494661011489995e-01 9.479753946521652e-01
2.800000000000000e-01 2.566333028751116e-01 9.479753971450136e-01
2.850000000000000e-01 2.639609087696434e-01 9.479753998825400e-01
2.900000000000000e-01 2.714534988248126e-01 9.479754029053671e-01
2.950000000000000e-01 2.791157561533084e-01 9.479754062377209e-01
3.000000000000000e-01 2.869524699153886e-01 9.479754099172486e-01
3.050000000000000e-01 2.949685383122613e-01 9.479754140179961e-01
3.100000000000000e-01 3.031689716476197e-01 9.479754185483855e-01
3.150000000000000e-01 3.115588954592450e-01 9.479754235658480e-01
3.200000000000000e-01 3.201435537226349e-01 9.479754291515314e-01
3.250000000000000e-01 3.289283121286580e-01 9.479754353685554e-01
3.300000000000000e-01 3.379186614372866e-01 9.479754423100886e-01
3.350000000000000e-01 3.471202209094989e-01 9.479754501500123e-01
3.400000000000000e-01 3.565387418195016e-01 9.479754589721670e-01
3.450000000000000e-01 3.661801110494620e-01 9.479754687977919e-01
3.500000000000000e-01 3.760503547690021e-01 9.479754798495400e-01
3.550000000000000e-01 3.861556422017504e-01 9.479754923580314e-01
3.600000000000000e-01 3.965022894813072e-01 9.479755065855692e-01
3.650000000000000e-01 4.070967635990345e-01 9.479755227113023e-01
3.700000000000000e-01 4.179456864461349e-01 9.479755410475994e-01
3.750000000000000e-01 4.290558389525505e-01 9.479755619884063e-01
3.800000000000000e-01 4.404341653252637e-01 9.479755859168824e-01
3.850000000000000e-01 4.520877773886537e-01 9.479756133745108e-01
3.900000000000000e-01 4.640239590296172e-01 9.479756449000787e-01
3.950000000000000e-01 4.762501707502353e-01 9.479756812774456e-01
4.000000000000000e-01 4.887740543308307e-01 9.479757232876794e-01
4.050000000000000e-01 5.016034376063282e-01 9.479757719739464e-01
4.100000000000000e-01 5.147463393589066e-01 9.479758285292443e-01
4.150000000000000e-01 5.282109743299990e-01 9.479758943202260e-01
4.200000000000000e-01 5.420057583547735e-01 9.479759712650569e-01
4.250000000000000e-01 5.561393136223041e-01 9.479760613503715e-01
4.300000000000000e-01 5.706204740647189e-01 9.479761672119517e-01
4.350000000000000e-01 5.854582908786964e-01 9.479762919090390e-01
4.400000000000000e-01 6.006620381827575e-01 9.479764390993822e-01
4.450000000000000e-01 6.162412188138907e-01 9.479766134062665e-01
4.500000000000000e-01 6.322055702671360e-01 9.479768203923407e-01
4.550000000000000e-01 6.485650707818353e-01 9.479770670825338e-01
4.600000000000000e-01 6.653299455783577e-01 9.479773615761925e-01
4.650000000000000e-01 6.825106732491932e-01 9.479777142870719e-01
4.700000000000000e-01 7.001179923084168e-01 9.479781379241314e-01
4.750000000000000e-01 7.181629079036070e-01 9.479786478795819e-01
4.800000000000000e-01 7.366566986944229e-01 9.479792638761559e-01
4.850000000000000e-01 7.556109239021327e-01 9.479800094877096e-01
4.900000000000000e-01 7.750374305345038e-01 9.479809146185847e-01
4.950000000000000e-01 7.949483607905672e-01 9.479820163254477e-01
5.000000000000000e-01 8.153561596498893e-01 9.479833602016119e-01
5.050000000000000e-01 8.362735826510871e-01 9.479850043208999e-01
5.100000000000000e-01 8.577137038644561e-01 9.479870198219698e-01
5.150000000000000e-01 8.796899240636907e-01 9.479894965346923e-01
5.200000000000000e-01 9.022159791018011e-01 9.479925472862529e-01
5.250000000000000e-01 9.253059484964714e-01 9.479963117572783e-01
5.300000000000000e-01 9.489742642302165e-01 9.480009674757263e-01
5.350000000000000e-01 9.732357197708378e-01 9.480067354738073e-01
5.400000000000000e-01 9.981054793178262e-01 9.480138926627408e-01
5.450000000000000e-01 1.023599087280478e+00 9.480227891881117e-01
5.500000000000000e-01 1.049732477993657e+00 9.480338601779885e-01
5.550000000000000e-01 1.076521985677273e+00 9.480476527842262e-01
5.600000000000001e-01 1.103984354645701e+00 9.480648530252415e-01
5.650000000000001e-01 1.132136749773522e+00 9.480863117959802e-01
5.700000000000001e-01 1.160996767224129e+00 9.481130937630481e-01
5.750000000000001e-01 1.190582445447902e+00 9.481465195094388e-01
5.800000000000000e-01 1.220912276456826e+00 9.481882145116012e-01
5.850000000000000e-01 1.252005217382601e+00 9.482401859401259e-01
5.900000000000000e-01 1.283880702325469e+00 9.483048829617080e-01
5.950000000000000e-01 1.316558654501151e+00 9.483852672517592e-01
6.000000000000000e-01 1.350059498693518e+00 9.484849092352055e-01
6.050000000000000e-01 1.384404174020732e+00 9.486080446480162e-01
6.100000000000000e-01 1.419614147022888e+00 9.487596230092216e-01
6.150000000000000e-01 1.455711425079295e+00 9.489453591389648e-01
6.200000000000000e-01 1.492718570163803e+00 9.491716873102030e-01
6.250000000000000e-01 1.530658712946775e+00 9.494456349533668e-01
6.300000000000000e-01 1.569555567252506e+00 9.497746337810596e-01
6.350000000000000e-01 1.609433444881138e+00 9.501661278271724e-01
6.400000000000000e-01 1.650317270804325e+00 9.506269569337324e-01
6.450000000000000e-01 1.692232598744148e+00 9.511625818622675e-01
6.500000000000000e-01 1.735205627145031e+00 9.517760433836324e-01
6.550000000000000e-01 1.779263215548615e+00 9.524666303839068e-01
6.600000000000000e-01 1.824432901381847e+00 9.532284834719221e-01
6.650000000000000e-01 1.870742917168772e+00 9.540493027793683e-01
6.700000000000000e-01 1.918222208176775e+00 9.549093393024521e-01
6.750000000000000e-01 1.966900450508319e+00 9.557812093821522e-01
6.800000000000000e-01 2.016808069649473e+00 9.566312097549542e-01
6.850000000000001e-01 2.067976259486829e+00 9.574225217190269e-01
6.900000000000001e-01 2.120437001804702e+00 9.581203581930677e-01
6.950000000000001e-01 2.174223086274785e+00 9.586986422473425e-01
7.000000000000001e-01 2.229368130950753e+00 9.591469875368707e-01
7.050000000000000e-01 2.285906603280654e+00 9.594761009024174e-01
7.100000000000000e-01 2.343873841650178e+00 9.597198713649153e-01
7.150000000000000e-01 2.403306077470301e+00 9.599332521705810e-01
7.200000000000000e-01 2.464240457823092e+00 9.601861363528380e-01
7.250000000000000e-01 2.526715068679855e+00 9.605544709507512e-01
7.300000000000000e-01 2.590768958706095e+00 9.611105419581001e-01
7.350000000000000e-01 2.656442163668210e+00 9.619143761190009e-01
7.400000000000000e-01 2.723775731457148e+00 9.630075776466649e-01
7.450000000000000e-01 2.792811747744667e+00 9.644100463886804e-01
7.500000000000000e-01 2.863593362288260e+00 9.661193102891005e-01
7.550000000000000e-01 2.936164815901156e+00 9.681118090256795e-01
7.600000000000000e-01 3.010571468104263e+00 9.703453670114214e-01
7.650000000000000e-01 3.086859825477351e+00 9.727622172763882e-01
7.700000000000000e-01 3.165077570727174e+00 9.752921837590727e-01
7.750000000000000e-01 3.245273592490716e+00 9.778559160587397e-01
7.800000000000000e-01 3.327498015892184e+00 9.803684112144280e-01
7.850000000000000e-01 3.411802233872832e+00 9.827434798208976e-01
7.900000000000000e-01 3.498238939313234e+00 9.849001509307780e-01
7.950000000000000e-01 3.586862157968046e+00 9.867717942158681e-01
8.000000000000000e-01 3.677727282233856e+00 9.883174916599730e-01
8.050000000000000e-01 3.770891105771243e+00 9.895330523884704e-01
8.100000000000001e-01 3.866411859002656e+00 9.904571688783745e-01
8.150000000000001e-01 3.964349245508326e+00 9.911682092752744e-01
8.200000000000001e-01 4.064764479342956e+00 9.917698903872687e-01
8.250000000000001e-01 4.167720323296481e+00 9.923686206846373e-01
8.300000000000001e-01 4.273281128122877e+00 9.930492524255765e-01
8.350000000000000e-01 4.381512872761445e+00 9.938571420149112e-01
8.400000000000000e-01 4.492483205575838e+00 9.947921988227419e-01
8.450000000000000e-01 4.606261486636447e+00 9.958161367675321e-01
8.500000000000000e-01 4.722918831072739e+00 9.968694146856634e-01
8.550000000000000e-01 4.842528153522501e+00 9.978912546915567e-01
8.600000000000000e-01 4.965164213705875e+00 9.988358190743893e-01
8.650000000000000e-01 5.090903663152626e+00 9.996800839197467e-01
8.700000000000000e-01 5.219825093111814e+00 1.000422873050818e+00
8.750000000000000e-01 5.352009083673925e+00 1.001077929391953e+00
8.800000000000000e-01 5.487538254136007e+00 1.001665287750790e+00
8.850000000000000e-01 5.626497314641444e+00 1.002204394965925e+00
8.900000000000000e-01 5.768973119126561e+00 1.002710442302978e+00
8.950000000000000e-01 5.915054719607133e+00 1.003193571889070e+00
9.000000000000000e-01 6.064833421838831e+00 1.003659754728653e+00
9.050000000000000e-01 6.218402842386253e+00 1.004112176676977e+00
9.100000000000000e-01 6.375858967136348e+00 1.004552441881488e+00
9.150000000000000e-01 6.537300211292723e+00 1.004981371040785e+00
9.200000000000000e-01 6.702827480888332e+00 1.005399440380407e+00
9.250000000000000e-01 6.872544235855034e+00 1.005806988746355e+00
9.300000000000000e-01 7.046556554689444e+00 1.006204302971012e+00
9.350000000000001e-01 7.224973200755413e+00 1.006591649004135e+00
9.400000000000001e-01 7.407905690264673e+00 1.006969282090149e+00
9.450000000000001e-01 7.595468361978146e+00 1.007337449835058e+00
9.500000000000001e-01 7.787778448671316e+00 1.007696393134785e+00
9.550000000000001e-01 7.984956150408610e+00 1.008046346527899e+00
9.600000000000000e-01 8.187124709672272e+00 1.008387538406678e+00
9.650000000000000e-01 8.394410488393007e+00 1.008720191193659e+00
9.700000000000000e-01 8.606943046930221e+00 1.009044521507400e+00
9.750000000000000e-01 8.824855225051540e+00 1.009360740322281e+00
9.800000000000000e-01 9.048283224961922e+00 1.009669053123321e+00
9.850000000000000e-01 9.277366696434507e+00 1.009969660056333e+00
9.900000000000000e-01 9.512248824096272e+00 1.010262756073582e+00
9.950000000000000e-01 9.753076416923058e+00 1.010548531075111e+00
1.000000000000000e+00 1.000000000000000e+01 1.010827170045939e+00
