0.000000000000000e+00 0.000000000000000e+00 8.963866788667062e-01
5.000000000000000e-03 3.369477419287315e-03 8.963868929360453e-01
1.000000000000000e-02 6.741060871647481e-03 8.963874704309454e-01
1.500000000000000e-02 1.011685770649257e-02 8.963884456046382e-01
2.000000000000000e-02 1.349897790673588e-02 8.963898153091749e-01
2.500000000000000e-02 1.688953540759990e-02 8.963915794473659e-01
3.000000000000000e-02 2.029064941789469e-02 8.963937456665854e-01
3.500000000000000e-02 2.370444574459234e-02 8.963963209764310e-01
4.000000000000000e-02 2.713305812152553e-02 8.963993088466455e-01
4.500000000000000e-02 3.057862954304063e-02 8.964027162873027e-01
5.000000000000000e-02 3.404331360343898e-02 8.964065542711348e-01
5.500000000000000e-02 3.752927584304335e-02 8.964108340429006e-01
6.000000000000000e-02 4.103869510173117e-02 8.964155674466013e-01
6.500000000000000e-02 4.457376488078044e-02 8.964207679240229e-01
7.000000000000001e-02 4.813669471387935e-02 8.964264489420555e-01
7.500000000000000e-02 5.172971154815675e-02 8.964326270508384e-01
8.000000000000000e-02 5.535506113609672e-02 8.964393178400349e-01
8.500000000000001e-02 5.901500943920686e-02 8.964465415834361e-01
9.000000000000000e-02 6.271184404431801e-02 8.964543175157000e-01
9.500000000000000e-02 6.644787559340060e-02 8.964626632083383e-01
1.000000000000000e-01 7.022543922779090e-02 8.964716020763669e-01
1.050000000000000e-01 7.404689604773053e-02 8.964811615272897e-01
1.100000000000000e-01 7.791463458813094e-02 8.964913673702127e-01
1.150000000000000e-01 8.183107231148547e-02 8.965022468183348e-01
1.200000000000000e-01 8.579865711886202e-02 8.965138318399885e-01
1.250000000000000e-01 8.981986887992111e-02 8.965261568128989e-01
1.300000000000000e-01 9.389722098291493e-02 8.965392553634627e-01
1.350000000000000e-01 9.803326190563690e-02 8.965531626997431e-01
1.400000000000000e-01 1.022305768083033e-01 8.965679214166005e-01
1.450000000000000e-01 1.064917891493625e-01 8.965835729443072e-01
1.500000000000000e-01 1.108195623252418e-01 8.966001625977056e-01
1.550000000000000e-01 1.152166013350572e-01 8.966177396548596e-01
1.600000000000000e-01 1.196856544713255e-01 8.966363499312675e-01
1.650000000000000e-01 1.242295150377370e-01 8.966560463463947e-01
1.700000000000000e-01 1.288510230950609e-01 8.966768939005169e-01
1.750000000000000e-01 1.335530672362758e-01 8.966989538748432e-01
1.800000000000000e-01 1.383385863920344e-01 8.967222885638488e-01
1.850000000000000e-01 1.432105716675912e-01 8.967469706905664e-01
1.900000000000000e-01 1.481720682123397e-01 8.967730757085662e-01
1.950000000000000e-01 1.532261771231311e-01 8.968006820464638e-01
2.000000000000000e-01 1.583760573825595e-01 8.968298737524106e-01
2.050000000000000e-01 1.636249278334301e-01 8.968607386204039e-01
2.100000000000000e-01 1.689760691906397e-01 8.968933726987248e-01
2.150000000000000e-01 1.744328260917313e-01 8.969278825259174e-01
2.200000000000000e-01 1.799986091874004e-01 8.969643756207604e-01
2.250000000000000e-01 1.856768972732633e-01 8.970029681248479e-01
2.300000000000000e-01 1.914712394642179e-01 8.970437864131250e-01
2.350000000000000e-01 1.973852574127551e-01 8.970869591126674e-01
2.400000000000000e-01 2.034226475726105e-01 8.971326254480968e-01
2.450000000000000e-01 2.095871835091678e-01 8.971809427121016e-01
2.500000000000000e-01 2.158827182580599e-01 8.972320715100117e-01
2.550000000000000e-01 2.223131867334419e-01 8.972861785327381e-01
2.600000000000000e-01 2.288826081874405e-01 8.973434450829477e-01
2.650000000000000e-01 2.355950887223172e-01 8.974040673049158e-01
2.700000000000000e-01 2.424548238569160e-01 8.974682591356408e-01
2.750000000000000e-01 2.494661011489995e-01 8.975362407009251e-01
2.800000000000000e-01 2.566333028751116e-01 8.976082513371288e-01
2.850000000000000e-01 2.639609087696434e-01 8.976845440545033e-01
2.900000000000000e-01 2.714534988248126e-01 8.977653889425156e-01
2.950000000000000e-01 2.791157561533084e-01 8.978510774903690e-01
3.000000000000000e-01 2.869524699153886e-01 8.979419173037416e-01
3.050000000000000e-01 2.949685383122613e-01 8.980382439332367e-01
3.100000000000000e-01 3.031689716476197e-01 8.981404061730247e-01
3.150000000000000e-01 3.115588954592450e-01 8.982487833238182e-01
3.200000000000000e-01 3.201435537226349e-01 8.983637733188969e-01
3.250000000000000e-01 3.289283121286580e-01 8.984857994314737e-01
3.300000000000000e-01 3.379186614372866e-01 8.986153279141711e-01
3.350000000000000e-01 3.471202209094989e-01 8.987528382068690e-01
3.400000000000000e-01 3.565387418195016e-01 8.988988506234894e-01
3.450000000000000e-01 3.661801110494620e-01 8.990539127495760e-01
3.500000000000000e-01 3.760503547690021e-01 8.992185978763696e-01
3.550000000000000e-01 3.861556422017504e-01 8.993935283991015e-01
3.600000000000000e-01 3.965022894813072e-01 8.995793567820456e-01
3.650000000000000e-01 4.070967635990345e-01 8.997767709612453e-01
3.700000000000000e-01 4.179456864461349e-01 8.999864905899977e-01
3.750000000000000e-01 4.290558389525505e-01 9.002092804437275e-01
3.800000000000000e-01 4.404341653252637e-01 9.004459366464437e-01
3.850000000000000e-01 4.520877773886537e-01 9.006972819718841e-01
3.900000000000000e-01 4.640239590296172e-01 9.009641877927564e-01
3.950000000000000e-01 4.762501707502353e-01 9.012475394308400e-01
4.000000000000000e-01 4.887740543308307e-01 9.015482515151394e-01
4.050000000000000e-01 5.016034376063282e-01 9.018672613008955e-01
4.100000000000000e-01 5.147463393589066e-01 9.022055039242499e-01
4.150000000000000e-01 5.282109743299990e-01 9.025639313684855e-01
4.200000000000000e-01 5.420057583547735e-01 9.029434707604638e-01
4.250000000000000e-01 5.561393136223041e-01 9.033450245757846e-01
4.300000000000000e-01 5.706204740647189e-01 9.037694619980098e-01
4.350000000000000e-01 5.854582908786964e-01 9.042175660655265e-01
4.400000000000000e-01 6.006620381827575e-01 9.046900456381640e-01
4.450000000000000e-01 6.162412188138907e-01 9.051874843623813e-01
4.500000000000000e-01 6.322055702671360e-01 9.057102973327612e-01
4.550000000000000e-01 6.485650707818353e-01 9.062587294557897e-01
4.600000000000000e-01 6.653299455783577e-01 9.068327702806841e-01
4.650000000000000e-01 6.825106732491932e-01 9.074321249585307e-01
4.700000000000000e-01 7.001179923084168e-01 9.080561841283937e-01
4.750000000000000e-01 7.181629079036070e-01 9.087039231520094e-01
4.800000000000000e-01 7.366566986944229e-01 9.093738860317980e-01
4.850000000000000e-01 7.556109239021327e-01 9.100641339088872e-01
4.900000000000000e-01 7.750374305345038e-01 9.107721529985414e-01
4.950000000000000e-01 7.949483607905672e-01 9.114948632394159e-01
5.000000000000000e-01 8.153561596498893e-01 9.122285806939560e-01
5.050000000000000e-01 8.362735826510871e-01 9.129689722129941e-01
5.100000000000000e-01 8.577137038644561e-01 9.137111276609975e-01
5.150000000000000e-01 8.796899240636907e-01 9.144496007951676e-01
5.200000000000000e-01 9.022159791018011e-01 9.151784685863621e-01
5.250000000000000e-01 9.253059484964714e-01 9.158915301775705e-01
5.300000000000000e-01 9.489742642302165e-01 9.165825069359900e-01
5.350000000000000e-01 9.732357197708378e-01 9.172452679035538e-01
5.400000000000000e-01 9.981054793178262e-01 9.178741970857375e-01
5.450000000000000e-01 1.023599087280478e+00 9.184645859172860e-01
5.500000000000000e-01 1.049732477993657e+00 9.190130162420517e-01
5.550000000000000e-01 1.076521985677273e+00 9.195178248338882e-01
5.600000000000001e-01 1.103984354645701e+00 9.199795651748471e-01
5.650000000000001e-01 1.132136749773522e+00 9.204013757333900e-01
5.700000000000001e-01 1.160996767224129e+00 9.207892915954898e-01
5.750000000000001e-01 1.190582445447902e+00 9.211524598863989e-01
5.800000000000000e-01 1.220912276456826e+00 9.215031723572847e-01
5.850000000000000e-01 1.252005217382601e+00 9.218567230357243e-01
5.900000000000000e-01 1.283880702325469e+00 9.222310945046583e-01
5.950000000000000e-01 1.316558654501151e+00 9.226464405567755e-01
6.000000000000000e-01 1.350059498693518e+00 9.231244085622703e-01
6.050000000000000e-01 1.384404174020732e+00 9.236873702539619e-01
6.100000000000000e-01 1.419614147022888e+00 9.243575637724002e-01
6.150000000000000e-01 1.455711425079295e+00 9.251561723741105e-01
6.200000000000000e-01 1.492718570163803e+00 9.261024504671043e-01
6.250000000000000e-01 1.530658712946775e+00 9.272129755834618e-01
6.300000000000000e-01 1.569555567252506e+00 9.285010027321692e-01
6.350000000000000e-01 1.609433444881138e+00 9.299758935970374e-01
6.400000000000000e-01 1.650317270804325e+00 9.316426684953409e-01
6.450000000000000e-01 1.692232598744148e+00 9.335017417051978e-01
6.500000000000000e-01 1.735205627145031e+00 9.355488268952622e-01
6.550000000000000e-01 1.779263215548615e+00 9.377749392876741e-01
6.600000000000000e-01 1.824432901381847e+00 9.401664408200013e-01
6.650000000000000e-01 1.870742917168772e+00 9.427051301917878e-01
6.700000000000000e-01 1.918222208176775e+00 9.453684028483920e-01
6.750000000000000e-01 1.966900450508319e+00 9.481294957898490e-01
6.800000000000000e-01 2.016808069649473e+00 9.509578207173524e-01
6.850000000000001e-01 2.067976259486829e+00 9.538193936262568e-01
6.900000000000001e-01 2.120437001804702e+00 9.566773936692123e-01
6.950000000000001e-01 2.174223086274785e+00 9.594929113372340e-01
7.000000000000001e-01 2.229368130950753e+00 9.622259650714478e-01
7.050000000000000e-01 2.285906603280654e+00 9.648368728833532e-01
7.100000000000000e-01 2.343873841650178e+00 9.672880533608220e-01
7.150000000000000e-01 2.403306077470301e+00 9.695462905138819e-01
7.200000000000000e-01 2.464240457823092e+00 9.715854144333341e-01
7.250000000000000e-01 2.526715068679855e+00 9.733892150899768e-01
7.300000000000000e-01 2.590768958706095e+00 9.749542273999636e-01
7.350000000000000e-01 2.656442163668210e+00 9.762918414753742e-01
7.400000000000000e-01 2.723775731457148e+00 9.774290784527451e-01
7.450000000000000e-01 2.792811747744667e+00 9.784074209213640e-01
7.500000000000000e-01 2.863593362288260e+00 9.792793602805866e-01
7.550000000000000e-01 2.936164815901156e+00 9.801028039119341e-01
7.600000000000000e-01 3.010571468104263e+00 9.809340541542629e-01
7.650000000000000e-01 3.086859825477351e+00 9.818205423264110e-01
7.700000000000000e-01 3.165077570727174e+00 9.827946996066389e-01
7.750000000000000e-01 3.245273592490716e+00 9.838701889989296e-01
7.800000000000000e-01 3.327498015892184e+00 9.850412490324050e-01
7.850000000000000e-01 3.411802233872832e+00 9.862852448883345e-01
7.900000000000000e-01 3.498238939313234e+00 9.875678541826383e-01
7.950000000000000e-01 3.586862157968046e+00 9.888497829561128e-01
8.000000000000000e-01 3.677727282233856e+00 9.900936240992753e-01
8.050000000000000e-01 3.770891105771243e+00 9.912695020784478e-01
8.100000000000001e-01 3.866411859002656e+00 9.923585011280913e-01
8.150000000000001e-01 3.964349245508326e+00 9.933534714386734e-01
8.200000000000001e-01 4.064764479342956e+00 9.942574825724824e-01
8.250000000000001e-01 4.167720323296481e+00 9.950807338601932e-01
8.300000000000001e-01 4.273281128122877e+00 9.958369685492384e-01
8.350000000000000e-01 4.381512872761445e+00 9.965403256767743e-01
8.400000000000000e-01 4.492483205575838e+00 9.972031970888199e-01
8.450000000000000e-01 4.606261486636447e+00 9.978352179291813e-01
8.500000000000000e-01 4.722918831072739e+00 9.984431779515616e-01
8.550000000000000e-01 4.842528153522501e+00 9.990314845451204e-01
8.600000000000000e-01 4.965164213705875e+00 9.996028238248772e-01
8.650000000000000e-01 5.090903663152626e+00 1.000158779628028e+00
8.700000000000000e-01 5.219825093111814e+00 1.000700300765121e+00
8.750000000000000e-01 5.352009083673925e+00 1.001228003147812e+00
8.800000000000000e-01 5.487538254136007e+00 1.001742341586223e+00
8.850000000000000e-01 5.626497314641444e+00 1.002243696899216e+00
8.900000000000000e-01 5.768973119126561e+00 1.002732415654092e+00
8.950000000000000e-01 5.915054719607133e+00 1.003208826612186e+00
9.000000000000000e-01 6.064833421838831e+00 1.003673246987040e+00
9.050000000000000e-01 6.218402842386253e+00 1.004125984711006e+00
9.100000000000000e-01 6.375858967136348e+00 1.004567339292394e+00
9.150000000000000e-01 6.537300211292723e+00 1.004997602220268e+00
9.200000000000000e-01 6.702827480888332e+00 1.005417057234330e+00
9.250000000000000e-01 6.872544235855034e+00 1.005825980554504e+00
9.300000000000000e-01 7.046556554689444e+00 1.006224641095771e+00
9.350000000000001e-01 7.224973200755413e+00 1.006613300674606e+00
9.400000000000001e-01 7.407905690264673e+00 1.006992214208601e+00
9.450000000000001e-01 7.595468361978146e+00 1.007361629909777e+00
9.500000000000001e-01 7.787778448671316e+00 1.007721789471858e+00
9.550000000000001e-01 7.984956150408610e+00 1.008072928251743e+00
9.600000000000000e-01 8.187124709672272e+00 1.008415275445374e+00
9.650000000000000e-01 8.394410488393007e+00 1.008749054258218e+00
9.700000000000000e-01 8.606943046930221e+00 1.009074482070541e+00
9.750000000000000e-01 8.824855225051540e+00 1.009391770597666e+00
9.800000000000000e-01 9.048283224961922e+00 1.009701126045389e+00
9.850000000000000e-01 9.277366696434507e+00 1.010002749260725e+00
9.900000000000000e-01 9.512248824096272e+00 1.010296835878141e+00
9.950000000000000e-01 9.753076416923058e+00 1.010583576461435e+00
1.000000000000000e+00 1.000000000000000e+01 1.010863156641407e+00
