0.000000000000000e+00 0.000000000000000e+00 9.323296262412222e-01
5.000000000000000e-03 3.369477419287315e-03 9.323296270785866e-01
1.000000000000000e-02 6.741060871647481e-03 9.323296295957368e-01
1.500000000000000e-02 1.011685770649257e-02 9.323296344053934e-01
2.000000000000000e-02 1.349897790673588e-02 9.323296410782863e-01
2.500000000000000e-02 1.688953540759990e-02 9.323296494077827e-01
3.000000000000000e-02 2.029064941789469e-02 9.323296596082672e-01
3.500000000000000e-02 2.370444574459234e-02 9.323296717039071e-01
4.000000000000000e-02 2.713305812152553e-02 9.323296857908846e-01
4.500000000000000e-02 3.057862954304063e-02 9.323297018797487e-01
5.000000000000000e-02 3.404331360343898e-02 9.323297199606450e-01
5.500000000000000e-02 3.752927584304335e-02 9.323297400145955e-01
6.000000000000000e-02 4.103869510173117e-02 9.323297623553959e-01
6.500000000000000e-02 4.457376488078044e-02 9.323297870099442e-01
7.000000000000001e-02 4.813669471387935e-02 9.323298139962068e-01
7.500000000000000e-02 5.172971154815675e-02 9.323298434627179e-01
8.000000000000000e-02 5.535506113609672e-02 9.323298753305704e-01
8.500000000000001e-02 5.901500943920686e-02 9.323299098314966e-01
9.000000000000000e-02 6.271184404431801e-02 9.323299472362044e-01
9.500000000000000e-02 6.644787559340060e-02 9.323299873699324e-01
1.000000000000000e-01 7.022543922779090e-02 9.323300306739607e-01
1.050000000000000e-01 7.404689604773053e-02 9.323300772321103e-01
1.100000000000000e-01 7.791463458813094e-02 9.323301270647179e-01
1.150000000000000e-01 8.183107231148547e-02 9.323301804486164e-01
1.200000000000000e-01 8.579865711886202e-02 9.323302376423321e-01
1.250000000000000e-01 8.981986887992111e-02 9.323302989713974e-01
1.300000000000000e-01 9.389722098291493e-02 9.323303644552694e-01
1.350000000000000e-01 9.803326190563690e-02 9.323304341247994e-01
1.400000000000000e-01 1.022305768083033e-01 9.323305084985425e-01
1.450000000000000e-01 1.064917891493625e-01 9.323305878719922e-01
1.500000000000000e-01 1.108195623252418e-01 9.323306725728985e-01
1.550000000000000e-01 1.152166013350572e-01 9.323307629441824e-01
1.600000000000000e-01 1.196856544713255e-01 9.323308593712184e-01
1.650000000000000e-01 1.242295150377370e-01 9.323309623299809e-01
1.700000000000000e-01 1.288510230950609e-01 9.323310721139907e-01
1.750000000000000e-01 1.335530672362758e-01 9.323311894921433e-01
1.800000000000000e-01 1.383385863920344e-01 9.323313148346257e-01
1.850000000000000e-01 1.432105716675912e-01 9.323314487656118e-01
1.900000000000000e-01 1.481720682123397e-01 9.323315917846623e-01
1.950000000000000e-01 1.532261771231311e-01 9.323317444341150e-01
2.000000000000000e-01 1.583760573825595e-01 9.323319076924520e-01
2.050000000000000e-01 1.636249278334301e-01 9.323320823333946e-01
2.100000000000000e-01 1.689760691906397e-01 9.323322690722808e-01
2.150000000000000e-01 1.744328260917313e-01 9.323324691144600e-01
2.200000000000000e-01 1.799986091874004e-01 9.323326832916987e-01
2.250000000000000e-01 1.856768972732633e-01 9.323329127278511e-01
2.300000000000000e-01 1.914712394642179e-01 9.323331594274994e-01
2.350000000000000e-01 1.973852574127551e-01 9.323334245940204e-01
2.400000000000000e-01 2.034226475726105e-01 9.323337094059256e-01
2.450000000000000e-01 2.095871835091678e-01 9.323340155691699e-01
2.500000000000000e-01 2.158827182580599e-01 9.323343451203729e-01
2.550000000000000e-01 2.223131867334419e-01 9.323347001180616e-01
2.600000000000000e-01 2.288826081874405e-01 9.323350828057867e-01
2.650000000000000e-01 2.355950887223172e-01 9.323354954971796e-01
2.700000000000000e-01 2.424548238569160e-01 9.323359415263629e-01
2.750000000000000e-01 2.494661011489995e-01 9.323364242427572e-01
2.800000000000000e-01 2.566333028751116e-01 9.323369468352904e-01
2.850000000000000e-01 2.639609087696434e-01 9.323375133798060e-01
2.900000000000000e-01 2.714534988248126e-01 9.323381280731478e-01
2.950000000000000e-01 2.791157561533084e-01 9.323387953147717e-01
3.000000000000000e-01 2.869524699153886e-01 9.323395205741618e-01
3.050000000000000e-01 2.949685383122613e-01 9.323403109210640e-01
3.100000000000000e-01 3.031689716476197e-01 9.323411729007224e-01
3.150000000000000e-01 3.115588954592450e-01 9.323421134027494e-01
3.200000000000000e-01 3.201435537226349e-01 9.323431411554369e-01
3.250000000000000e-01 3.289283121286580e-01 9.323442664757158e-01
3.300000000000000e-01 3.379186614372866e-01 9.323455000887820e-01
3.350000000000000e-01 3.471202209094989e-01 9.323468539711929e-01
3.400000000000000e-01 3.565387418195016e-01 9.323483418534536e-01
3.450000000000000e-01 3.661801110494620e-01 9.323499792116403e-01
3.500000000000000e-01 3.760503547690021e-01 9.323517843145019e-01
3.550000000000000e-01 3.861556422017504e-01 9.323537767914466e-01
3.600000000000000e-01 3.965022894813072e-01 9.323559799463189e-01
3.650000000000000e-01 4.070967635990345e-01 9.323584195134280e-01
3.700000000000000e-01 4.179456864461349e-01 9.323611248121531e-01
3.750000000000000e-01 4.290558389525505e-01 9.323641297932437e-01
3.800000000000000e-01 4.404341653252637e-01 9.323674724919888e-01
3.850000000000000e-01 4.520877773886537e-01 9.323711977498057e-01
3.900000000000000e-01 4.640239590296172e-01 9.323753548217230e-01
3.950000000000000e-01 4.762501707502353e-01 9.323800018213059e-01
4.000000000000000e-01 4.887740543308307e-01 9.323852044533623e-01
4.050000000000000e-01 5.016034376063282e-01 9.323910375465687e-01
4.100000000000000e-01 5.147463393589066e-01 9.323975905503332e-01
4.150000000000000e-01 5.282109743299990e-01 9.324049628091310e-01
4.200000000000000e-01 5.420057583547735e-01 9.324132692548939e-01
4.250000000000000e-01 5.561393136223041e-01 9.324226427040155e-01
4.300000000000000e-01 5.706204740647189e-01 9.324332373475359e-01
4.350000000000000e-01 5.854582908786964e-01 9.324452314966676e-01
4.400000000000000e-01 6.006620381827575e-01 9.324588281279675e-01
4.450000000000000e-01 6.162412188138907e-01 9.324742658604123e-01
4.500000000000000e-01 6.322055702671360e-01 9.324918177432562e-01
4.550000000000000e-01 6.485650707818353e-01 9.325118002249450e-01
4.600000000000000e-01 6.653299455783577e-01 9.325345817923677e-01
4.650000000000000e-01 6.825106732491932e-01 9.325605839998496e-01
4.700000000000000e-01 7.001179923084168e-01 9.325902996082932e-01
4.750000000000000e-01 7.181629079036070e-01 9.326242950779848e-01
4.800000000000000e-01 7.366566986944229e-01 9.326632238940097e-01
4.850000000000000e-01 7.556109239021327e-01 9.327078455568517e-01
4.900000000000000e-01 7.750374305345038e-01 9.327590277465945e-01
4.950000000000000e-01 7.949483607905672e-01 9.328177745393489e-01
5.000000000000000e-01 8.153561596498893e-01 9.328852388789138e-01
5.050000000000000e-01 8.362735826510871e-01 9.329627339226004e-01
5.100000000000000e-01 8.577137038644561e-01 9.330517693879351e-01
5.150000000000000e-01 8.796899240636907e-01 9.331540547637492e-01
5.200000000000000e-01 9.022159791018011e-01 9.332715231099142e-01
5.250000000000000e-01 9.253059484964714e-01 9.334063623687507e-01
5.300000000000000e-01 9.489742642302165e-01 9.335610055629066e-01
5.350000000000000e-01 9.732357197708378e-01 9.337381570417871e-01
5.400000000000000e-01 9.981054793178262e-01 9.339407985719944e-01
5.450000000000000e-01 1.023599087280478e+00 9.341721497834464e-01
5.500000000000000e-01 1.049732477993657e+00 9.344356679784788e-01
5.550000000000000e-01 1.076521985677273e+00 9.347349942466903e-01
5.600000000000001e-01 1.103984354645701e+00 9.350738423023267e-01
5.650000000000001e-01 1.132136749773522e+00 9.354559187522111e-01
5.700000000000001e-01 1.160996767224129e+00 9.358847549968730e-01
5.750000000000001e-01 1.190582445447902e+00 9.363634565978631e-01
5.800000000000000e-01 1.220912276456826e+00 9.368944757687115e-01
5.850000000000000e-01 1.252005217382601e+00 9.374792785047978e-01
5.900000000000000e-01 1.283880702325469e+00 9.381179066105207e-01
5.950000000000000e-01 1.316558654501151e+00 9.388085868751838e-01
6.000000000000000e-01 1.350059498693518e+00 9.395472981469917e-01
6.050000000000000e-01 1.384404174020732e+00 9.403272829108992e-01
6.100000000000000e-01 1.419614147022888e+00 9.411387307286326e-01
6.150000000000000e-01 1.455711425079295e+00 9.419686677330852e-01
6.200000000000000e-01 1.492718570163803e+00 9.428010324268081e-01
6.250000000000000e-01 1.530658712946775e+00 9.436171873783333e-01
6.300000000000000e-01 1.569555567252506e+00 9.443970312387489e-01
6.350000000000000e-01 1.609433444881138e+00 9.451206232561434e-01
6.400000000000000e-01 1.650317270804325e+00 9.457702999522042e-01
6.450000000000000e-01 1.692232598744148e+00 9.463332460014908e-01
6.500000000000000e-01 1.735205627145031e+00 9.468041532954470e-01
6.550000000000000e-01 1.779263215548615e+00 9.471874515218774e-01
6.600000000000000e-01 1.824432901381847e+00 9.474987104901694e-01
6.650000000000000e-01 1.870742917168772e+00 9.477648767546114e-01
6.700000000000000e-01 1.918222208176775e+00 9.480230870238529e-01
6.750000000000000e-01 1.966900450508319e+00 9.483181038481463e-01
6.800000000000000e-01 2.016808069649473e+00 9.486987495961208e-01
6.850000000000001e-01 2.067976259486829e+00 9.492138412211402e-01
6.900000000000001e-01 2.120437001804702e+00 9.499081344211957e-01
6.950000000000001e-01 2.174223086274785e+00 9.508187734604059e-01
7.000000000000001e-01 2.229368130950753e+00 9.519726355789354e-01
7.050000000000000e-01 2.285906603280654e+00 9.533847222474572e-01
7.100000000000000e-01 2.343873841650178e+00 9.550575145464681e-01
7.150000000000000e-01 2.403306077470301e+00 9.569810928147384e-01
7.200000000000000e-01 2.464240457823092e+00 9.591338088096515e-01
7.250000000000000e-01 2.526715068679855e+00 9.614833262780623e-01
7.300000000000000e-01 2.590768958706095e+00 9.639878809397622e-01
7.350000000000000e-01 2.656442163668210e+00 9.665976668943328e-01
7.400000000000000e-01 2.723775731457148e+00 9.692563474300504e-01
7.450000000000000e-01 2.792811747744667e+00 9.719027960853506e-01
7.500000000000000e-01 2.863593362288260e+00 9.744732826854217e-01
7.550000000000000e-01 2.936164815901156e+00 9.769044120412940e-01
7.600000000000000e-01 3.010571468104263e+00 9.791371545766422e-01
7.650000000000000e-01 3.086859825477351e+00 9.811221781510556e-01
7.700000000000000e-01 3.165077570727174e+00 9.828262697514465e-01
7.750000000000000e-01 3.245273592490716e+00 9.842388974217076e-01
7.800000000000000e-01 3.327498015892184e+00 9.853771291131821e-01
7.850000000000000e-01 3.411802233872832e+00 9.862866837680153e-01
7.900000000000000e-01 3.498238939313234e+00 9.870373547744458e-01
7.950000000000000e-01 3.586862157968046e+00 9.877125543786414e-01
8.000000000000000e-01 3.677727282233856e+00 9.883947931706805e-01
8.050000000000000e-01 3.770891105771243e+00 9.891506068916496e-01
8.100000000000001e-01 3.866411859002656e+00 9.900189511846580e-01
8.150000000000001e-01 3.964349245508326e+00 9.910061587901290e-01
8.200000000000001e-01 4.064764479342956e+00 9.920885903574195e-01
8.250000000000001e-01 4.167720323296481e+00 9.932218520016419e-01
8.300000000000001e-01 4.273281128122877e+00 9.943536408492629e-01
8.350000000000000e-01 4.381512872761445e+00 9.954364548119709e-01
8.400000000000000e-01 4.492483205575838e+00 9.964368053404076e-01
8.450000000000000e-01 4.606261486636447e+00 9.973390465258573e-01
8.500000000000000e-01 4.722918831072739e+00 9.981439034274671e-01
8.550000000000000e-01 4.842528153522501e+00 9.988634415317357e-01
8.600000000000000e-01 4.965164213705875e+00 9.995149310350802e-01
8.650000000000000e-01 5.090903663152626e+00 1.000115699200224e+00
8.700000000000000e-01 5.219825093111814e+00 1.000680037697602e+00
8.750000000000000e-01 5.352009083673925e+00 1.001218164292491e+00
8.800000000000000e-01 5.487538254136007e+00 1.001736586053488e+00
8.850000000000000e-01 5.626497314641444e+00 1.002239076615633e+00
8.900000000000000e-01 5.768973119126561e+00 1.002727688347507e+00
8.950000000000000e-01 5.915054719607133e+00 1.003203522941155e+00
9.000000000000000e-01 6.064833421838831e+00 1.003667214112914e+00
9.050000000000000e-01 6.218402842386253e+00 1.004119187004952e+00
9.100000000000000e-01 6.375858967136348e+00 1.004559780266844e+00
9.150000000000000e-01 6.537300211292723e+00 1.004989297000872e+00
9.200000000000000e-01 6.702827480888332e+00 1.005408023806342e+00
9.250000000000000e-01 6.872544235855034e+00 1.005816237253638e+00
9.300000000000000e-01 7.046556554689444e+00 1.006214205964828e+00
9.350000000000001e-01 7.224973200755413e+00 1.006602191321944e+00
9.400000000000001e-01 7.407905690264673e+00 1.006980447788157e+00
9.450000000000001e-01 7.595468361978146e+00 1.007349223127441e+00
9.500000000000001e-01 7.787778448671316e+00 1.007708758596769e+00
9.550000000000001e-01 7.984956150408610e+00 1.008059289128159e+00
9.600000000000000e-01 8.187124709672272e+00 1.008401043504335e+00
9.650000000000000e-01 8.394410488393007e+00 1.008734244528880e+00
9.700000000000000e-01 8.606943046930221e+00 1.009059109191170e+00
9.750000000000000e-01 8.824855225051540e+00 1.009375848826310e+00
9.800000000000000e-01 9.048283224961922e+00 1.009684669270227e+00
9.850000000000000e-01 9.277366696434507e+00 1.009985771010116e+00
9.900000000000000e-01 9.512248824096272e+00 1.010279349330371e+00
9.950000000000000e-01 9.753076416923058e+00 1.010565594454181e+00
1.000000000000000e+00 1.000000000000000e+01 1.010844691680924e+00
