0.000000000000000e+00 0.000000000000000e+00 9.206842897054173e-01
5.000000000000000e-03 3.369477419287315e-03 9.206843029788201e-01
1.000000000000000e-02 6.741060871647481e-03 9.206843371867645e-01
1.500000000000000e-02 1.011685770649257e-02 9.206843925349428e-01
2.000000000000000e-02 1.349897790673588e-02 9.206844701933721e-01
2.500000000000000e-02 1.688953540759990e-02 9.206845704512910e-01
3.000000000000000e-02 2.029064941789469e-02 9.206846930060576e-01
3.500000000000000e-02 2.370444574459234e-02 9.206848381674759e-01
4.000000000000000e-02 2.713305812152553e-02 9.206850073270958e-01
4.500000000000000e-02 3.057862954304063e-02 9.206852004285773e-01
5.000000000000000e-02 3.404331360343898e-02 9.206854179279871e-01
5.500000000000000e-02 3.752927584304335e-02 9.206856604399840e-01
6.000000000000000e-02 4.103869510173117e-02 9.206859287702858e-01
6.500000000000000e-02 4.457376488078044e-02 9.206862240981390e-01
7.000000000000001e-02 4.813669471387935e-02 9.206865470723623e-01
7.500000000000000e-02 5.172971154815675e-02 9.206868991491488e-01
8.000000000000000e-02 5.535506113609672e-02 9.206872811553503e-01
8.500000000000001e-02 5.901500943920686e-02 9.206876934618041e-01
9.000000000000000e-02 6.271184404431801e-02 9.206881388952803e-01
9.500000000000000e-02 6.644787559340060e-02 9.206886185914194e-01
1.000000000000000e-01 7.022543922779090e-02 9.206891335899302e-01
1.050000000000000e-01 7.404689604773053e-02 9.206896857054450e-01
1.100000000000000e-01 7.791463458813094e-02 9.206902765382106e-01
1.150000000000000e-01 8.183107231148547e-02 9.206909081866153e-01
1.200000000000000e-01 8.579865711886202e-02 9.206915823700687e-01
1.250000000000000e-01 8.981986887992111e-02 9.206923012988072e-01
1.300000000000000e-01 9.389722098291493e-02 9.206930678274259e-01
1.350000000000000e-01 9.803326190563690e-02 9.206938841256479e-01
1.400000000000000e-01 1.022305768083033e-01 9.206947534340251e-01
1.450000000000000e-01 1.064917891493625e-01 9.206956791349160e-01
1.500000000000000e-01 1.108195623252418e-01 9.206966642539726e-01
1.550000000000000e-01 1.152166013350572e-01 9.206977122905683e-01
1.600000000000000e-01 1.196856544713255e-01 9.206988269413974e-01
1.650000000000000e-01 1.242295150377370e-01 9.207000132583055e-01
1.700000000000000e-01 1.288510230950609e-01 9.207012748616864e-01
1.750000000000000e-01 1.335530672362758e-01 9.207026161625376e-01
1.800000000000000e-01 1.383385863920344e-01 9.207040427977948e-01
1.850000000000000e-01 1.432105716675912e-01 9.207055599225393e-01
1.900000000000000e-01 1.481720682123397e-01 9.207071737136079e-01
1.950000000000000e-01 1.532261771231311e-01 9.207088910781075e-01
2.000000000000000e-01 1.583760573825595e-01 9.207107180700443e-01
2.050000000000000e-01 1.636249278334301e-01 9.207126629545682e-01
2.100000000000000e-01 1.689760691906397e-01 9.207147354869472e-01
2.150000000000000e-01 1.744328260917313e-01 9.207169442876409e-01
2.200000000000000e-01 1.799986091874004e-01 9.207192984146734e-01
2.250000000000000e-01 1.856768972732633e-01 9.207218077822227e-01
2.300000000000000e-01 1.914712394642179e-01 9.207244845963575e-01
2.350000000000000e-01 1.973852574127551e-01 9.207273417672600e-01
2.400000000000000e-01 2.034226475726105e-01 9.207303919835140e-01
2.450000000000000e-01 2.095871835091678e-01 9.207336503915422e-01
2.500000000000000e-01 2.158827182580599e-01 9.207371344942876e-01
2.550000000000000e-01 2.223131867334419e-01 9.207408612701813e-01
2.600000000000000e-01 2.288826081874405e-01 9.207448501864723e-01
2.650000000000000e-01 2.355950887223172e-01 9.207491228370129e-01
2.700000000000000e-01 2.424548238569160e-01 9.207537018095228e-01
2.750000000000000e-01 2.494661011489995e-01 9.207586120661820e-01
2.800000000000000e-01 2.566333028751116e-01 9.207638828386919e-01
2.850000000000000e-01 2.639609087696434e-01 9.207695460479932e-01
2.900000000000000e-01 2.714534988248126e-01 9.207756335144649e-01
2.950000000000000e-01 2.791157561533084e-01 9.207821816028440e-01
3.000000000000000e-01 2.869524699153886e-01 9.207892323407929e-01
3.050000000000000e-01 2.949685383122613e-01 9.207968323938558e-01
3.100000000000000e-01 3.031689716476197e-01 9.208050305203904e-01
3.150000000000000e-01 3.115588954592450e-01 9.208138816317236e-01
3.200000000000000e-01 3.201435537226349e-01 9.208234459241368e-01
3.250000000000000e-01 3.289283121286580e-01 9.208337903578051e-01
3.300000000000000e-01 3.379186614372866e-01 9.208449903506171e-01
3.350000000000000e-01 3.471202209094989e-01 9.208571268415831e-01
3.400000000000000e-01 3.565387418195016e-01 9.208702936209436e-01
3.450000000000000e-01 3.661801110494620e-01 9.208845911738865e-01
3.500000000000000e-01 3.760503547690021e-01 9.209001321494997e-01
3.550000000000000e-01 3.861556422017504e-01 9.209170424051376e-01
3.600000000000000e-01 3.965022894813072e-01 9.209354597004821e-01
3.650000000000000e-01 4.070967635990345e-01 9.209555415547661e-01
3.700000000000000e-01 4.179456864461349e-01 9.209774590374176e-01
3.750000000000000e-01 4.290558389525505e-01 9.210014062823081e-01
3.800000000000000e-01 4.404341653252637e-01 9.210275967474372e-01
3.850000000000000e-01 4.520877773886537e-01 9.210562679863825e-01
3.900000000000000e-01 4.640239590296172e-01 9.210876919616903e-01
3.950000000000000e-01 4.762501707502353e-01 9.211221655095326e-01
4.000000000000000e-01 4.887740543308307e-01 9.211600198906825e-01
4.050000000000000e-01 5.016034376063282e-01 9.212016250040913e-01
4.100000000000000e-01 5.147463393589066e-01 9.212473985685538e-01
4.150000000000000e-01 5.282109743299990e-01 9.212978046320029e-01
4.200000000000000e-01 5.420057583547735e-01 9.213533550370561e-01
4.250000000000000e-01 5.561393136223041e-01 9.214146292577922e-01
4.300000000000000e-01 5.706204740647189e-01 9.214822664093650e-01
4.350000000000000e-01 5.854582908786964e-01 9.215569804409764e-01
4.400000000000000e-01 6.006620381827575e-01 9.216395676786994e-01
4.450000000000000e-01 6.162412188138907e-01 9.217309047648311e-01
4.500000000000000e-01 6.322055702671360e-01 9.218319730767315e-01
4.550000000000000e-01 6.485650707818353e-01 9.219438504881541e-01
4.600000000000000e-01 6.653299455783577e-01 9.220677269873928e-01
4.650000000000000e-01 6.825106732491932e-01 9.222049187300422e-01
4.700000000000000e-01 7.001179923084168e-01 9.223568554211853e-01
4.750000000000000e-01 7.181629079036070e-01 9.225251085755641e-01
4.800000000000000e-01 7.366566986944229e-01 9.227113819536331e-01
4.850000000000000e-01 7.556109239021327e-01 9.229175053599179e-01
4.900000000000000e-01 7.750374305345038e-01 9.231454561504063e-01
4.950000000000000e-01 7.949483607905672e-01 9.233973216382200e-01
5.000000000000000e-01 8.153561596498893e-01 9.236752962314491e-01
5.050000000000000e-01 8.362735826510871e-01 9.239816722119771e-01
5.100000000000000e-01 8.577137038644561e-01 9.243187691613074e-01
5.150000000000000e-01 8.796899240636907e-01 9.246889155136615e-01
5.200000000000000e-01 9.022159791018011e-01 9.250943851356871e-01
5.250000000000000e-01 9.253059484964714e-01 9.255372791306274e-01
5.300000000000000e-01 9.489742642302165e-01 9.260194640894849e-01
5.350000000000000e-01 9.732357197708378e-01 9.265424338696358e-01
5.400000000000000e-01 9.981054793178262e-01 9.271071234170745e-01
5.450000000000000e-01 1.023599087280478e+00 9.277137837170778e-01
5.500000000000000e-01 1.049732477993657e+00 9.283617694281943e-01
5.550000000000000e-01 1.076521985677273e+00 9.290492881190929e-01
5.600000000000001e-01 1.103984354645701e+00 9.297732393759746e-01
5.650000000000001e-01 1.132136749773522e+00 9.305290016448938e-01
5.700000000000001e-01 1.160996767224129e+00 9.313102139807561e-01
5.750000000000001e-01 1.190582445447902e+00 9.321087269247577e-01
5.800000000000000e-01 1.220912276456826e+00 9.329146202348955e-01
5.850000000000000e-01 1.252005217382601e+00 9.337162983779821e-01
5.900000000000000e-01 1.283880702325469e+00 9.345008721768696e-01
5.950000000000000e-01 1.316558654501151e+00 9.352547898385227e-01
6.000000000000000e-01 1.350059498693518e+00 9.359646346726865e-01
6.050000000000000e-01 1.384404174020732e+00 9.366182136077363e-01
6.100000000000000e-01 1.419614147022888e+00 9.372059117019826e-01
6.150000000000000e-01 1.455711425079295e+00 9.377220864037699e-01
6.200000000000000e-01 1.492718570163803e+00 9.381663836972433e-01
6.250000000000000e-01 1.530658712946775e+00 9.385448788797547e-01
6.300000000000000e-01 1.569555567252506e+00 9.388707910904306e-01
6.350000000000000e-01 1.609433444881138e+00 9.391645657223262e-01
6.400000000000000e-01 1.650317270804325e+00 9.394532896824254e-01
6.450000000000000e-01 1.692232598744148e+00 9.397694486727690e-01
6.500000000000000e-01 1.735205627145031e+00 9.401490786175577e-01
6.550000000000000e-01 1.779263215548615e+00 9.406295137840786e-01
6.600000000000000e-01 1.824432901381847e+00 9.412470126555526e-01
6.650000000000000e-01 1.870742917168772e+00 9.420344751448521e-01
6.700000000000000e-01 1.918222208176775e+00 9.430194090776142e-01
6.750000000000000e-01 1.966900450508319e+00 9.442223128308681e-01
6.800000000000000e-01 2.016808069649473e+00 9.456555986118423e-01
6.850000000000001e-01 2.067976259486829e+00 9.473230525665062e-01
6.900000000000001e-01 2.120437001804702e+00 9.492197227904411e-01
6.950000000000001e-01 2.174223086274785e+00 9.513321133945073e-01
7.000000000000001e-01 2.229368130950753e+00 9.536386022196588e-01
7.050000000000000e-01 2.285906603280654e+00 9.561100322935907e-01
7.100000000000000e-01 2.343873841650178e+00 9.587104372717848e-01
7.150000000000000e-01 2.403306077470301e+00 9.613978755155529e-01
7.200000000000000e-01 2.464240457823092e+00 9.641253901272809e-01
7.250000000000000e-01 2.526715068679855e+00 9.668421712438692e-01
7.300000000000000e-01 2.590768958706095e+00 9.694950570546766e-01
7.350000000000000e-01 2.656442163668210e+00 9.720305558223463e-01
7.400000000000000e-01 2.723775731457148e+00 9.743975830154664e-01
7.450000000000000e-01 2.792811747744667e+00 9.765510531515750e-01
7.500000000000000e-01 2.863593362288260e+00 9.784562904805061e-01
7.550000000000000e-01 2.936164815901156e+00 9.800938856663580e-01
7.600000000000000e-01 3.010571468104263e+00 9.814641603340527e-01
7.650000000000000e-01 3.086859825477351e+00 9.825899697737448e-01
7.700000000000000e-01 3.165077570727174e+00 9.835164459666349e-01
7.750000000000000e-01 3.245273592490716e+00 9.843067018595282e-01
7.800000000000000e-01 3.327498015892184e+00 9.850335113316386e-01
7.850000000000000e-01 3.411802233872832e+00 9.857682559820111e-01
7.900000000000000e-01 3.498238939313234e+00 9.865694787544871e-01
7.950000000000000e-01 3.586862157968046e+00 9.874737421438359e-01
8.000000000000000e-01 3.677727282233856e+00 9.884909881242233e-01
8.050000000000000e-01 3.770891105771243e+00 9.896054248410557e-01
8.100000000000001e-01 3.866411859002656e+00 9.907815252879668e-01
8.150000000000001e-01 3.964349245508326e+00 9.919734457844319e-01
8.200000000000001e-01 4.064764479342956e+00 9.931353950742032e-01
8.250000000000001e-01 4.167720323296481e+00 9.942304098250835e-01
8.300000000000001e-01 4.273281128122877e+00 9.952356449935572e-01
8.350000000000000e-01 4.381512872761445e+00 9.961434677659134e-01
8.400000000000000e-01 4.492483205575838e+00 9.969589392187449e-01
8.450000000000000e-01 4.606261486636447e+00 9.976952007656696e-01
8.500000000000000e-01 4.722918831072739e+00 9.983685409396255e-01
8.550000000000000e-01 4.842528153522501e+00 9.989945157420597e-01
8.600000000000000e-01 4.965164213705875e+00 9.995857372817798e-01
8.650000000000000e-01 5.090903663152626e+00 1.000151224657857e+00
8.700000000000000e-01 5.219825093111814e+00 1.000696793987756e+00
8.750000000000000e-01 5.352009083673925e+00 1.001225896038541e+00
8.800000000000000e-01 5.487538254136007e+00 1.001740468801704e+00
8.850000000000000e-01 5.626497314641444e+00 1.002241594012383e+00
8.900000000000000e-01 5.768973119126561e+00 1.002729918366584e+00
8.950000000000000e-01 5.915054719607133e+00 1.003205887229767e+00
9.000000000000000e-01 6.064833421838831e+00 1.003669858879749e+00
9.050000000000000e-01 6.218402842386253e+00 1.004122154265247e+00
9.100000000000000e-01 6.375858967136348e+00 1.004563076496915e+00
9.150000000000000e-01 6.537300211292723e+00 1.004992917808339e+00
9.200000000000000e-01 6.702827480888332e+00 1.005411961901471e+00
9.250000000000000e-01 6.872544235855034e+00 1.005820484768754e+00
9.300000000000000e-01 7.046556554689444e+00 1.006218755060651e+00
9.350000000000001e-01 7.224973200755413e+00 1.006607034327533e+00
9.400000000000001e-01 7.407905690264673e+00 1.006985577226608e+00
9.450000000000001e-01 7.595468361978146e+00 1.007354631716451e+00
9.500000000000001e-01 7.787778448671316e+00 1.007714439244307e+00
9.550000000000001e-01 7.984956150408610e+00 1.008065234927386e+00
9.600000000000000e-01 8.187124709672272e+00 1.008407247728536e+00
9.650000000000000e-01 8.394410488393007e+00 1.008740700626527e+00
9.700000000000000e-01 8.606943046930221e+00 1.009065810781125e+00
9.750000000000000e-01 8.824855225051540e+00 1.009382789693178e+00
9.800000000000000e-01 9.048283224961922e+00 1.009691843359845e+00
9.850000000000000e-01 9.277366696434507e+00 1.009993172425168e+00
9.900000000000000e-01 9.512248824096272e+00 1.010286972326143e+00
9.950000000000000e-01 9.753076416923058e+00 1.010573433434437e+00
1.000000000000000e+00 1.000000000000000e+01 1.010852741193896e+00
