0.000000000000000e+00 0.000000000000000e+00 7.948268073883583e-01
5.000000000000000e-03 3.369477419287315e-03 7.948268076019938e-01
1.000000000000000e-02 6.741060871647481e-03 7.948268084557463e-01
1.500000000000000e-02 1.011685770649257e-02 7.948268109657439e-01
2.000000000000000e-02 1.349897790673588e-02 7.948268170753727e-01
2.500000000000000e-02 1.688953540759990e-02 7.948268294517538e-01
3.000000000000000e-02 2.029064941789469e-02 7.948268515768423e-01
3.500000000000000e-02 2.370444574459234e-02 7.948268877887715e-01
4.000000000000000e-02 2.713305812152553e-02 7.948269433340875e-01
4.500000000000000e-02 3.057862954304063e-02 7.948270244302903e-01
5.000000000000000e-02 3.404331360343898e-02 7.948271383393971e-01
5.500000000000000e-02 3.752927584304335e-02 7.948272934532979e-01
6.000000000000000e-02 4.103869510173117e-02 7.948274993917382e-01
6.500000000000000e-02 4.457376488078044e-02 7.948277671138718e-01
7.000000000000001e-02 4.813669471387935e-02 7.948281090444348e-01
7.500000000000000e-02 5.172971154815675e-02 7.948285392157218e-01
8.000000000000000e-02 5.535506113609672e-02 7.948290734266887e-01
8.500000000000001e-02 5.901500943920686e-02 7.948297294206446e-01
9.000000000000000e-02 6.271184404431801e-02 7.948305270831694e-01
9.500000000000000e-02 6.644787559340060e-02 7.948314886620506e-01
1.000000000000000e-01 7.022543922779090e-02 7.948326390112329e-01
1.050000000000000e-01 7.404689604773053e-02 7.948340058609590e-01
1.100000000000000e-01 7.791463458813094e-02 7.948356201165038e-01
1.150000000000000e-01 8.183107231148547e-02 7.948375161881287e-01
1.200000000000000e-01 8.579865711886202e-02 7.948397323551291e-01
1.250000000000000e-01 8.981986887992111e-02 7.948423111671151e-01
1.300000000000000e-01 9.389722098291493e-02 7.948452998859442e-01
1.350000000000000e-01 9.803326190563690e-02 7.948487509720307e-01
1.400000000000000e-01 1.022305768083033e-01 7.948527226190781e-01
1.450000000000000e-01 1.064917891493625e-01 7.948572793416272e-01
1.500000000000000e-01 1.108195623252418e-01 7.948624926201766e-01
1.550000000000000e-01 1.152166013350572e-01 7.948684416090219e-01
1.600000000000000e-01 1.196856544713255e-01 7.948752139123734e-01
1.650000000000000e-01 1.242295150377370e-01 7.948829064347426e-01
1.700000000000000e-01 1.288510230950609e-01 7.948916263120459e-01
1.750000000000000e-01 1.335530672362758e-01 7.949014919303500e-01
1.800000000000000e-01 1.383385863920344e-01 7.949126340396750e-01
1.850000000000000e-01 1.432105716675912e-01 7.949251969707958e-01
1.900000000000000e-01 1.481720682123397e-01 7.949393399634986e-01
1.950000000000000e-01 1.532261771231311e-01 7.949552386152942e-01
2.000000000000000e-01 1.583760573825595e-01 7.949730864601360e-01
2.050000000000000e-01 1.636249278334301e-01 7.949930966872342e-01
2.100000000000000e-01 1.689760691906397e-01 7.950155040105925e-01
2.150000000000000e-01 1.744328260917313e-01 7.950405667004254e-01
2.200000000000000e-01 1.799986091874004e-01 7.950685687880955e-01
2.250000000000000e-01 1.856768972732633e-01 7.950998224566765e-01
2.300000000000000e-01 1.914712394642179e-01 7.951346706296385e-01
2.350000000000000e-01 1.973852574127551e-01 7.951734897704794e-01
2.400000000000000e-01 2.034226475726105e-01 7.952166929063557e-01
2.450000000000000e-01 2.095871835091678e-01 7.952647328888734e-01
2.500000000000000e-01 2.158827182580599e-01 7.953181059051599e-01
2.550000000000000e-01 2.223131867334419e-01 7.953773552521118e-01
2.600000000000000e-01 2.288826081874405e-01 7.954430753862722e-01
2.650000000000000e-01 2.355950887223172e-01 7.955159162610855e-01
2.700000000000000e-01 2.424548238569160e-01 7.955965879622504e-01
2.750000000000000e-01 2.494661011489995e-01 7.956858656505110e-01
2.800000000000000e-01 2.566333028751116e-01 7.957845948194043e-01
2.850000000000000e-01 2.639609087696434e-01 7.958936968731672e-01
2.900000000000000e-01 2.714534988248126e-01 7.960141750271162e-01
2.950000000000000e-01 2.791157561533084e-01 7.961471205292657e-01
3.000000000000000e-01 2.869524699153886e-01 7.962937191976501e-01
3.050000000000000e-01 2.949685383122613e-01 7.964552582626765e-01
3.100000000000000e-01 3.031689716476197e-01 7.966331334977271e-01
3.150000000000000e-01 3.115588954592450e-01 7.968288566140704e-01
3.200000000000000e-01 3.201435537226349e-01 7.970440628877836e-01
3.250000000000000e-01 3.289283121286580e-01 7.972805189767279e-01
3.300000000000000e-01 3.379186614372866e-01 7.975401308745187e-01
3.350000000000000e-01 3.471202209094989e-01 7.978249519357707e-01
3.400000000000000e-01 3.565387418195016e-01 7.981371908925506e-01
3.450000000000000e-01 3.661801110494620e-01 7.984792197658177e-01
3.500000000000000e-01 3.760503547690021e-01 7.988535815575686e-01
3.550000000000000e-01 3.861556422017504e-01 7.992629975893515e-01
3.600000000000000e-01 3.965022894813072e-01 7.997103743306948e-01
3.650000000000000e-01 4.070967635990345e-01 8.001988095368089e-01
3.700000000000000e-01 4.179456864461349e-01 8.007315974886561e-01
3.750000000000000e-01 4.290558389525505e-01 8.013122331002587e-01
3.800000000000000e-01 4.404341653252637e-01 8.019444146280538e-01
3.850000000000000e-01 4.520877773886537e-01 8.026320446854797e-01
3.900000000000000e-01 4.640239590296172e-01 8.033792292331450e-01
3.950000000000000e-01 4.762501707502353e-01 8.041902741814000e-01
4.000000000000000e-01 4.887740543308307e-01 8.050696792085690e-01
4.050000000000000e-01 5.016034376063282e-01 8.060221283653729e-01
4.100000000000000e-01 5.147463393589066e-01 8.070524770052915e-01
4.150000000000000e-01 5.282109743299990e-01 8.081657345531157e-01
4.200000000000000e-01 5.420057583547735e-01 8.093670426014218e-01
4.250000000000000e-01 5.561393136223041e-01 8.106616478091360e-01
4.300000000000000e-01 5.706204740647189e-01 8.120548690701533e-01
4.350000000000000e-01 5.854582908786964e-01 8.135520584259002e-01
4.400000000000000e-01 6.006620381827575e-01 8.151585552169964e-01
4.450000000000000e-01 6.162412188138907e-01 8.168796330094440e-01
4.500000000000000e-01 6.322055702671360e-01 8.187204388940716e-01
4.550000000000000e-01 6.485650707818353e-01 8.206859248487682e-01
4.600000000000000e-01 6.653299455783577e-01 8.227807709760173e-01
4.650000000000000e-01 6.825106732491932e-01 8.250093005882697e-01
4.700000000000000e-01 7.001179923084168e-01 8.273753873155067e-01
4.750000000000000e-01 7.181629079036070e-01 8.298823546573217e-01
4.800000000000000e-01 7.366566986944229e-01 8.325328686995659e-01
4.850000000000000e-01 7.556109239021327e-01 8.353288250652913e-01
4.900000000000000e-01 7.750374305345038e-01 8.382712315716508e-01
4.950000000000000e-01 7.949483607905672e-01 8.413600885160615e-01
5.000000000000000e-01 8.153561596498893e-01 8.445942690101235e-01
5.050000000000000e-01 8.362735826510871e-01 8.479714023076642e-01
5.100000000000000e-01 8.577137038644561e-01 8.514877636173386e-01
5.150000000000000e-01 8.796899240636907e-01 8.551381744273407e-01
5.200000000000000e-01 9.022159791018011e-01 8.589159178695234e-01
5.250000000000000e-01 9.253059484964714e-01 8.628126740743974e-01
5.300000000000000e-01 9.489742642302165e-01 8.668184807714826e-01
5.350000000000000e-01 9.732357197708378e-01 8.709217245192116e-01
5.400000000000000e-01 9.981054793178262e-01 8.751091678487133e-01
5.450000000000000e-01 1.023599087280478e+00 8.793660172190517e-01
5.500000000000000e-01 1.049732477993657e+00 8.836760359545321e-01
5.550000000000000e-01 1.076521985677273e+00 8.880217052243938e-01
5.600000000000001e-01 1.103984354645701e+00 8.923844346060015e-01
5.650000000000001e-01 1.132136749773522e+00 8.967448218448242e-01
5.700000000000001e-01 1.160996767224129e+00 9.010829591221353e-01
5.750000000000001e-01 1.190582445447902e+00 9.053787805394831e-01
5.800000000000000e-01 1.220912276456826e+00 9.096124427476917e-01
5.850000000000000e-01 1.252005217382601e+00 9.137647278533320e-01
5.900000000000000e-01 1.283880702325469e+00 9.178174551336814e-01
5.950000000000000e-01 1.316558654501151e+00 9.217538859179668e-01
6.000000000000000e-01 1.350059498693518e+00 9.255591044951419e-01
6.050000000000000e-01 1.384404174020732e+00 9.292203573205962e-01
6.100000000000000e-01 1.419614147022888e+00 9.327273333087950e-01
6.150000000000000e-01 1.455711425079295e+00 9.360723697376918e-01
6.200000000000000e-01 1.492718570163803e+00 9.392505712778701e-01
6.250000000000000e-01 1.530658712946775e+00 9.422598338012815e-01
6.300000000000000e-01 1.569555567252506e+00 9.451007697019426e-01
6.350000000000000e-01 1.609433444881138e+00 9.477765371354626e-01
6.400000000000000e-01 1.650317270804325e+00 9.502925814205228e-01
6.450000000000000e-01 1.692232598744148e+00 9.526563023494362e-01
6.500000000000000e-01 1.735205627145031e+00 9.548766658242200e-01
6.550000000000000e-01 1.779263215548615e+00 9.569637816150172e-01
6.600000000000000e-01 1.824432901381847e+00 9.589284707796930e-01
6.650000000000000e-01 1.870742917168772e+00 9.607818461898693e-01
6.700000000000000e-01 1.918222208176775e+00 9.625349276671060e-01
6.750000000000000e-01 1.966900450508319e+00 9.641983096261195e-01
6.800000000000000e-01 2.016808069649473e+00 9.657818942135334e-01
6.850000000000001e-01 2.067976259486829e+00 9.672946972266385e-01
6.900000000000001e-01 2.120437001804702e+00 9.687447281853717e-01
6.950000000000001e-01 2.174223086274785e+00 9.701389404100895e-01
7.000000000000001e-01 2.229368130950753e+00 9.714832423584552e-01
7.050000000000000e-01 2.285906603280654e+00 9.727825581925670e-01
7.100000000000000e-01 2.343873841650178e+00 9.740409237943802e-01
7.150000000000000e-01 2.403306077470301e+00 9.752616042317407e-01
7.200000000000000e-01 2.464240457823092e+00 9.764472198151686e-01
7.250000000000000e-01 2.526715068679855e+00 9.775998700430145e-01
7.300000000000000e-01 2.590768958706095e+00 9.787212474895428e-01
7.350000000000000e-01 2.656442163668210e+00 9.798127366133668e-01
7.400000000000000e-01 2.723775731457148e+00 9.808754951734080e-01
7.450000000000000e-01 2.792811747744667e+00 9.819105181616482e-01
7.500000000000000e-01 2.863593362288260e+00 9.829186857502685e-01
7.550000000000000e-01 2.936164815901156e+00 9.839007976846550e-01
7.600000000000000e-01 3.010571468104263e+00 9.848575969121797e-01
7.650000000000000e-01 3.086859825477351e+00 9.857897851599852e-01
7.700000000000000e-01 3.165077570727174e+00 9.866980328240046e-01
7.750000000000000e-01 3.245273592490716e+00 9.875829850539385e-01
7.800000000000000e-01 3.327498015892184e+00 9.884452654283223e-01
7.850000000000000e-01 3.411802233872832e+00 9.892854781817534e-01
7.900000000000000e-01 3.498238939313234e+00 9.901042096057000e-01
7.950000000000000e-01 3.586862157968046e+00 9.909020289992669e-01
8.000000000000000e-01 3.677727282233856e+00 9.916794893838315e-01
8.050000000000000e-01 3.770891105771243e+00 9.924371280957188e-01
8.100000000000001e-01 3.866411859002656e+00 9.931754673141966e-01
8.150000000000001e-01 3.964349245508326e+00 9.938950145519199e-01
8.200000000000001e-01 4.064764479342956e+00 9.945962631200866e-01
8.250000000000001e-01 4.167720323296481e+00 9.952796925737390e-01
8.300000000000001e-01 4.273281128122877e+00 9.959457691397295e-01
8.350000000000000e-01 4.381512872761445e+00 9.965949461287064e-01
8.400000000000000e-01 4.492483205575838e+00 9.972276643320150e-01
8.450000000000000e-01 4.606261486636447e+00 9.978443524042454e-01
8.500000000000000e-01 4.722918831072739e+00 9.984454272320732e-01
8.550000000000000e-01 4.842528153522501e+00 9.990312942899966e-01
8.600000000000000e-01 4.965164213705875e+00 9.996023479835383e-01
8.650000000000000e-01 5.090903663152626e+00 1.000158971980451e+00
8.700000000000000e-01 5.219825093111814e+00 1.000701539530432e+00
8.750000000000000e-01 5.352009083673925e+00 1.001230413773840e+00
8.800000000000000e-01 5.487538254136007e+00 1.001745948039854e+00
8.850000000000000e-01 5.626497314641444e+00 1.002248486134533e+00
8.900000000000000e-01 5.768973119126561e+00 1.002738362619169e+00
8.950000000000000e-01 5.915054719607133e+00 1.003215903079343e+00
9.000000000000000e-01 6.064833421838831e+00 1.003681424385038e+00
9.050000000000000e-01 6.218402842386253e+00 1.004135234942193e+00
9.100000000000000e-01 6.375858967136348e+00 1.004577634935998e+00
9.150000000000000e-01 6.537300211292723e+00 1.005008916566293e+00
9.200000000000000e-01 6.702827480888332e+00 1.005429364275345e+00
9.250000000000000e-01 6.872544235855034e+00 1.005839254968306e+00
9.300000000000000e-01 7.046556554689444e+00 1.006238858226646e+00
9.350000000000001e-01 7.224973200755413e+00 1.006628436514796e+00
9.400000000000001e-01 7.407905690264673e+00 1.007008245380285e+00
9.450000000000001e-01 7.595468361978146e+00 1.007378533647593e+00
9.500000000000001e-01 7.787778448671316e+00 1.007739543605960e+00
9.550000000000001e-01 7.984956150408610e+00 1.008091511191368e+00
9.600000000000000e-01 8.187124709672272e+00 1.008434666162910e+00
9.650000000000000e-01 8.394410488393007e+00 1.008769232273752e+00
9.700000000000000e-01 8.606943046930221e+00 1.009095427436868e+00
9.750000000000000e-01 8.824855225051540e+00 1.009413463885749e+00
9.800000000000000e-01 9.048283224961922e+00 1.009723548330248e+00
9.850000000000000e-01 9.277366696434507e+00 1.010025882107741e+00
9.900000000000000e-01 9.512248824096272e+00 1.010320661329772e+00
9.950000000000000e-01 9.753076416923058e+00 1.010608077024312e+00
1.000000000000000e+00 1.000000000000000e+01 1.010888315273813e+00
