0.000000000000000e+00 0.000000000000000e+00 9.403621730590618e-01
5.000000000000000e-03 3.369477419287315e-03 9.403621731024434e-01
1.000000000000000e-02 6.741060871647481e-03 9.403621732554804e-01
1.500000000000000e-02 1.011685770649257e-02 9.403621736193735e-01
2.000000000000000e-02 1.349897790673588e-02 9.403621741662080e-01
2.500000000000000e-02 1.688953540759990e-02 9.403621747937581e-01
3.000000000000000e-02 2.029064941789469e-02 9.403621755773144e-01
3.500000000000000e-02 2.370444574459234e-02 9.403621765287777e-01
4.000000000000000e-02 2.713305812152553e-02 9.403621776668992e-01
4.500000000000000e-02 3.057862954304063e-02 9.403621789490818e-01
5.000000000000000e-02 3.404331360343898e-02 9.403621803980556e-01
5.500000000000000e-02 3.752927584304335e-02 9.403621820661294e-01
6.000000000000000e-02 4.103869510173117e-02 9.403621839143281e-01
6.500000000000000e-02 4.457376488078044e-02 9.403621859731930e-01
7.000000000000001e-02 4.813669471387935e-02 9.403621882531198e-01
7.500000000000000e-02 5.172971154815675e-02 9.403621907977086e-01
8.000000000000000e-02 5.535506113609672e-02 9.403621935247198e-01
8.500000000000001e-02 5.901500943920686e-02 9.403621964113618e-01
9.000000000000000e-02 6.271184404431801e-02 9.403621995009815e-01
9.500000000000000e-02 6.644787559340060e-02 9.403622028674149e-01
1.000000000000000e-01 7.022543922779090e-02 9.403622065228758e-01
1.050000000000000e-01 7.404689604773053e-02 9.403622104504937e-01
1.100000000000000e-01 7.791463458813094e-02 9.403622146340191e-01
1.150000000000000e-01 8.183107231148547e-02 9.403622191148492e-01
1.200000000000000e-01 8.579865711886202e-02 9.403622239068213e-01
1.250000000000000e-01 8.981986887992111e-02 9.403622290109896e-01
1.300000000000000e-01 9.389722098291493e-02 9.403622344761522e-01
1.350000000000000e-01 9.803326190563690e-02 9.403622404108682e-01
1.400000000000000e-01 1.022305768083033e-01 9.403622467447651e-01
1.450000000000000e-01 1.064917891493625e-01 9.403622535001090e-01
1.500000000000000e-01 1.108195623252418e-01 9.403622607609440e-01
1.550000000000000e-01 1.152166013350572e-01 9.403622685480204e-01
1.600000000000000e-01 1.196856544713255e-01 9.403622768908639e-01
1.650000000000000e-01 1.242295150377370e-01 9.403622857563115e-01
1.700000000000000e-01 1.288510230950609e-01 9.403622952774692e-01
1.750000000000000e-01 1.335530672362758e-01 9.403623054659318e-01
1.800000000000000e-01 1.383385863920344e-01 9.403623163590826e-01
1.850000000000000e-01 1.432105716675912e-01 9.403623280633016e-01
1.900000000000000e-01 1.481720682123397e-01 9.403623405635092e-01
1.950000000000000e-01 1.532261771231311e-01 9.403623538888469e-01
2.000000000000000e-01 1.583760573825595e-01 9.403623682267958e-01
2.050000000000000e-01 1.636249278334301e-01 9.403623836329562e-01
2.100000000000000e-01 1.689760691906397e-01 9.403624002961383e-01
2.150000000000000e-01 1.744328260917313e-01 9.403624182437921e-01
2.200000000000000e-01 1.799986091874004e-01 9.403624375307983e-01
2.250000000000000e-01 1.856768972732633e-01 9.403624583332623e-01
2.300000000000000e-01 1.914712394642179e-01 9.403624807249341e-01
2.350000000000000e-01 1.973852574127551e-01 9.403625048728418e-01
2.400000000000000e-01 2.034226475726105e-01 9.403625309751915e-01
2.450000000000000e-01 2.095871835091678e-01 9.403625592788556e-01
2.500000000000000e-01 2.158827182580599e-01 9.403625898497425e-01
2.550000000000000e-01 2.223131867334419e-01 9.403626229218822e-01
2.600000000000000e-01 2.288826081874405e-01 9.403626588298756e-01
2.650000000000000e-01 2.355950887223172e-01 9.403626979825338e-01
2.700000000000000e-01 2.424548238569160e-01 9.403627405303242e-01
2.750000000000000e-01 2.494661011489995e-01 9.403627868347552e-01
2.800000000000000e-01 2.566333028751116e-01 9.403628373631850e-01
2.850000000000000e-01 2.639609087696434e-01 9.403628924369342e-01
2.900000000000000e-01 2.714534988248126e-01 9.403629526586794e-01
2.950000000000000e-01 2.791157561533084e-01 9.403630186863779e-01
3.000000000000000e-01 2.869524699153886e-01 9.403630911419305e-01
3.050000000000000e-01 2.949685383122613e-01 9.403631707204285e-01
3.100000000000000e-01 3.031689716476197e-01 9.403632584086535e-01
3.150000000000000e-01 3.115588954592450e-01 9.403633548090097e-01
3.200000000000000e-01 3.201435537226349e-01 9.403634610362896e-01
3.250000000000000e-01 3.289283121286580e-01 9.403635786310073e-01
3.300000000000000e-01 3.379186614372866e-01 9.403637090725970e-01
3.350000000000000e-01 3.471202209094989e-01 9.403638537727441e-01
3.400000000000000e-01 3.565387418195016e-01 9.403640143107290e-01
3.450000000000000e-01 3.661801110494620e-01 9.403641930482696e-01
3.500000000000000e-01 3.760503547690021e-01 9.403643923545272e-01
3.550000000000000e-01 3.861556422017504e-01 9.403646150440527e-01
3.600000000000000e-01 3.965022894813072e-01 9.403648642868172e-01
3.650000000000000e-01 4.070967635990345e-01 9.403651438579002e-01
3.700000000000000e-01 4.179456864461349e-01 9.403654580443177e-01
3.750000000000000e-01 4.290558389525505e-01 9.403658117958046e-01
3.800000000000000e-01 4.404341653252637e-01 9.403662108770117e-01
3.850000000000000e-01 4.520877773886537e-01 9.403666618377561e-01
3.900000000000000e-01 4.640239590296172e-01 9.403671727591600e-01
3.950000000000000e-01 4.762501707502353e-01 9.403677525637583e-01
4.000000000000000e-01 4.887740543308307e-01 9.403684120554860e-01
4.050000000000000e-01 5.016034376063282e-01 9.403691636086919e-01
4.100000000000000e-01 5.147463393589066e-01 9.403700218506891e-01
4.150000000000000e-01 5.282109743299990e-01 9.403710041610497e-01
4.200000000000000e-01 5.420057583547735e-01 9.403721306872421e-01
4.250000000000000e-01 5.561393136223041e-01 9.403734259786589e-01
4.300000000000000e-01 5.706204740647189e-01 9.403749173266811e-01
4.350000000000000e-01 5.854582908786964e-01 9.403766382139364e-01
4.400000000000000e-01 6.006620381827575e-01 9.403786290506770e-01
4.450000000000000e-01 6.162412188138907e-01 9.403809362953828e-01
4.500000000000000e-01 6.322055702671360e-01 9.403836161812051e-01
4.550000000000000e-01 6.485650707818353e-01 9.403867345291970e-01
4.600000000000000e-01 6.653299455783577e-01 9.403903710395156e-01
4.650000000000000e-01 6.825106732491932e-01 9.403946203514307e-01
4.700000000000000e-01 7.001179923084168e-01 9.403995945075715e-01
4.750000000000000e-01 7.181629079036070e-01 9.404054295921999e-01
4.800000000000000e-01 7.366566986944229e-01 9.404122858700189e-01
4.850000000000000e-01 7.556109239021327e-01 9.404203570043310e-01
4.900000000000000e-01 7.750374305345038e-01 9.404298750985574e-01
4.950000000000000e-01 7.949483607905672e-01 9.404411159294285e-01
5.000000000000000e-01 8.153561596498893e-01 9.404544138741734e-01
5.050000000000000e-01 8.362735826510871e-01 9.404701662190683e-01
5.100000000000000e-01 8.577137038644561e-01 9.404888498035329e-01
5.150000000000000e-01 8.796899240636907e-01 9.405110384242424e-01
5.200000000000000e-01 9.022159791018011e-01 9.405374127083203e-01
5.250000000000000e-01 9.253059484964714e-01 9.405687908692334e-01
5.300000000000000e-01 9.489742642302165e-01 9.406061474931171e-01
5.350000000000000e-01 9.732357197708378e-01 9.406506367619083e-01
5.400000000000000e-01 9.981054793178262e-01 9.407036362838850e-01
5.450000000000000e-01 1.023599087280478e+00 9.407667680249268e-01
5.500000000000000e-01 1.049732477993657e+00 9.408419382761056e-01
5.550000000000000e-01 1.076521985677273e+00 9.409313887203824e-01
5.600000000000001e-01 1.103984354645701e+00 9.410377149362954e-01
5.650000000000001e-01 1.132136749773522e+00 9.411639134942242e-01
5.700000000000001e-01 1.160996767224129e+00 9.413134216024134e-01
5.750000000000001e-01 1.190582445447902e+00 9.414901071346383e-01
5.800000000000000e-01 1.220912276456826e+00 9.416982836105691e-01
5.850000000000000e-01 1.252005217382601e+00 9.419426873250544e-01
5.900000000000000e-01 1.283880702325469e+00 9.422283664191685e-01
5.950000000000000e-01 1.316558654501151e+00 9.425605691654482e-01
6.000000000000000e-01 1.350059498693518e+00 9.429445528317291e-01
6.050000000000000e-01 1.384404174020732e+00 9.433852378032148e-01
6.100000000000000e-01 1.419614147022888e+00 9.438868150682124e-01
6.150000000000000e-01 1.455711425079295e+00 9.444522521927577e-01
6.200000000000000e-01 1.492718570163803e+00 9.450825970515924e-01
6.250000000000000e-01 1.530658712946775e+00 9.457762280280323e-01
6.300000000000000e-01 1.569555567252506e+00 9.465281202005229e-01
6.350000000000000e-01 1.609433444881138e+00 9.473290694114397e-01
6.400000000000000e-01 1.650317270804325e+00 9.481650883085874e-01
6.450000000000000e-01 1.692232598744148e+00 9.490172880433718e-01
6.500000000000000e-01 1.735205627145031e+00 9.498623622633157e-01
6.550000000000000e-01 1.779263215548615e+00 9.506738673241886e-01
6.600000000000000e-01 1.824432901381847e+00 9.514246126878134e-01
6.650000000000000e-01 1.870742917168772e+00 9.520901422949674e-01
6.700000000000000e-01 1.918222208176775e+00 9.526528598422425e-01
6.750000000000000e-01 1.966900450508319e+00 9.531061831473866e-01
6.800000000000000e-01 2.016808069649473e+00 9.534579494876951e-01
6.850000000000001e-01 2.067976259486829e+00 9.537321449320012e-01
6.900000000000001e-01 2.120437001804702e+00 9.539682772656437e-01
6.950000000000001e-01 2.174223086274785e+00 9.542183177757382e-01
7.000000000000001e-01 2.229368130950753e+00 9.545416954503090e-01
7.050000000000000e-01 2.285906603280654e+00 9.549991768277133e-01
7.100000000000000e-01 2.343873841650178e+00 9.556466508447005e-01
7.150000000000000e-01 2.403306077470301e+00 9.565297955696832e-01
7.200000000000000e-01 2.464240457823092e+00 9.576802746136449e-01
7.250000000000000e-01 2.526715068679855e+00 9.591136472896056e-01
7.300000000000000e-01 2.590768958706095e+00 9.608288138203442e-01
7.350000000000000e-01 2.656442163668210e+00 9.628086420583259e-01
7.400000000000000e-01 2.723775731457148e+00 9.650213821746807e-01
7.450000000000000e-01 2.792811747744667e+00 9.674225185466755e-01
7.500000000000000e-01 2.863593362288260e+00 9.699568158296640e-01
7.550000000000000e-01 2.936164815901156e+00 9.725604686403272e-01
7.600000000000000e-01 3.010571468104263e+00 9.751634406985330e-01
7.650000000000000e-01 3.086859825477351e+00 9.776922672739680e-01
7.700000000000000e-01 3.165077570727174e+00 9.800737849525507e-01
7.750000000000000e-01 3.245273592490716e+00 9.822403543995361e-01
7.800000000000000e-01 3.327498015892184e+00 9.841369294327583e-01
7.850000000000000e-01 3.411802233872832e+00 9.857295638035231e-01
7.900000000000000e-01 3.498238939313234e+00 9.870136771518345e-01
7.950000000000000e-01 3.586862157968046e+00 9.880191813506992e-01
8.000000000000000e-01 3.677727282233856e+00 9.888093218511937e-01
8.050000000000000e-01 3.770891105771243e+00 9.894714857750414e-01
8.100000000000001e-01 3.866411859002656e+00 9.901010134750999e-01
8.150000000000001e-01 3.964349245508326e+00 9.907819753955190e-01
8.200000000000001e-01 4.064764479342956e+00 9.915704406699704e-01
8.250000000000001e-01 4.167720323296481e+00 9.924851704018030e-01
8.300000000000001e-01 4.273281128122877e+00 9.935082152007769e-01
8.350000000000000e-01 4.381512872761445e+00 9.945946420231170e-01
8.400000000000000e-01 4.492483205575838e+00 9.956877831286887e-01
8.450000000000000e-01 4.606261486636447e+00 9.967349541445757e-01
8.500000000000000e-01 4.722918831072739e+00 9.976989931151795e-01
8.550000000000000e-01 4.842528153522501e+00 9.985630105564931e-01
8.600000000000000e-01 4.965164213705875e+00 9.993284980864888e-01
8.650000000000000e-01 5.090903663152626e+00 1.000009180971201e+00
8.700000000000000e-01 5.219825093111814e+00 1.000623819971325e+00
8.750000000000000e-01 5.352009083673925e+00 1.001190507703590e+00
8.800000000000000e-01 5.487538254136007e+00 1.001723559134491e+00
8.850000000000000e-01 5.626497314641444e+00 1.002232760421524e+00
8.900000000000000e-01 5.768973119126561e+00 1.002724055882164e+00
8.950000000000000e-01 5.915054719607133e+00 1.003200733995103e+00
9.000000000000000e-01 6.064833421838831e+00 1.003664512434209e+00
9.050000000000000e-01 6.218402842386253e+00 1.004116294740446e+00
9.100000000000000e-01 6.375858967136348e+00 1.004556608596098e+00
9.150000000000000e-01 6.537300211292723e+00 1.004985824171463e+00
9.200000000000000e-01 6.702827480888332e+00 1.005404249418687e+00
9.250000000000000e-01 6.872544235855034e+00 1.005812166942886e+00
9.300000000000000e-01 7.046556554689444e+00 1.006209846797354e+00
9.350000000000001e-01 7.224973200755413e+00 1.006597550553415e+00
9.400000000000001e-01 7.407905690264673e+00 1.006975532564559e+00
9.450000000000001e-01 7.595468361978146e+00 1.007344040423316e+00
9.500000000000001e-01 7.787778448671316e+00 1.007703315207034e+00
9.550000000000001e-01 7.984956150408610e+00 1.008053591670722e+00
9.600000000000000e-01 8.187124709672272e+00 1.008395098424584e+00
9.650000000000000e-01 8.394410488393007e+00 1.008728058104360e+00
9.700000000000000e-01 8.606943046930221e+00 1.009052687536165e+00
9.750000000000000e-01 8.824855225051540e+00 1.009369197896298e+00
9.800000000000000e-01 9.048283224961922e+00 1.009677794866206e+00
9.850000000000000e-01 9.277366696434507e+00 1.009978678782796e+00
9.900000000000000e-01 9.512248824096272e+00 1.010272044784247e+00
9.950000000000000e-01 9.753076416923058e+00 1.010558082951486e+00
1.000000000000000e+00 1.000000000000000e+01 1.010836978445468e+00
