0.000000000000000e+00 0.000000000000000e+00 7.411626678821432e-01
5.000000000000000e-03 3.369477419287315e-03 7.411660969031726e-01
1.000000000000000e-02 6.741060871647481e-03 7.411752709884748e-01
1.500000000000000e-02 1.011685770649257e-02 7.411906221834625e-01
2.000000000000000e-02 1.349897790673588e-02 7.412121591710736e-01
2.500000000000000e-02 1.688953540759990e-02 7.412399269206191e-01
3.000000000000000e-02 2.029064941789469e-02 7.412740069520392e-01
3.500000000000000e-02 2.370444574459234e-02 7.413144793381669e-01
4.000000000000000e-02 2.713305812152553e-02 7.413614340572904e-01
4.500000000000000e-02 3.057862954304063e-02 7.414149882493075e-01
5.000000000000000e-02 3.404331360343898e-02 7.414752719104450e-01
5.500000000000000e-02 3.752927584304335e-02 7.415424232548716e-01
6.000000000000000e-02 4.103869510173117e-02 7.416166045267018e-01
6.500000000000000e-02 4.457376488078044e-02 7.416979982615999e-01
7.000000000000001e-02 4.813669471387935e-02 7.417867932609475e-01
7.500000000000000e-02 5.172971154815675e-02 7.418831960684563e-01
8.000000000000000e-02 5.535506113609672e-02 7.419874424012144e-01
8.500000000000001e-02 5.901500943920686e-02 7.420997816909903e-01
9.000000000000000e-02 6.271184404431801e-02 7.422204719854458e-01
9.500000000000000e-02 6.644787559340060e-02 7.423497982152245e-01
1.000000000000000e-01 7.022543922779090e-02 7.424880718104830e-01
1.050000000000000e-01 7.404689604773053e-02 7.426356148343937e-01
1.100000000000000e-01 7.791463458813094e-02 7.427927679857893e-01
1.150000000000000e-01 8.183107231148547e-02 7.429599036285707e-01
1.200000000000000e-01 8.579865711886202e-02 7.431374137717747e-01
1.250000000000000e-01 8.981986887992111e-02 7.433257041037475e-01
1.300000000000000e-01 9.389722098291493e-02 7.435252109820403e-01
1.350000000000000e-01 9.803326190563690e-02 7.437364025901101e-01
1.400000000000000e-01 1.022305768083033e-01 7.439597617025983e-01
1.450000000000000e-01 1.064917891493625e-01 7.441957918269431e-01
1.500000000000000e-01 1.108195623252418e-01 7.444450364232944e-01
1.550000000000000e-01 1.152166013350572e-01 7.447080697852698e-01
1.600000000000000e-01 1.196856544713255e-01 7.449854799271650e-01
1.650000000000000e-01 1.242295150377370e-01 7.452778826901326e-01
1.700000000000000e-01 1.288510230950609e-01 7.455859401182924e-01
1.750000000000000e-01 1.335530672362758e-01 7.459103462239125e-01
1.800000000000000e-01 1.383385863920344e-01 7.462518105420929e-01
1.850000000000000e-01 1.432105716675912e-01 7.466110748107777e-01
1.900000000000000e-01 1.481720682123397e-01 7.469889317609143e-01
1.950000000000000e-01 1.532261771231311e-01 7.473862109852198e-01
2.000000000000000e-01 1.583760573825595e-01 7.478037609853547e-01
2.050000000000000e-01 1.636249278334301e-01 7.482424625641915e-01
2.100000000000000e-01 1.689760691906397e-01 7.487032490212571e-01
2.150000000000000e-01 1.744328260917313e-01 7.491870992357236e-01
2.200000000000000e-01 1.799986091874004e-01 7.496950206259453e-01
2.250000000000000e-01 1.856768972732633e-01 7.502280498927320e-01
2.300000000000000e-01 1.914712394642179e-01 7.507872653176884e-01
2.350000000000000e-01 1.973852574127551e-01 7.513737967395664e-01
2.400000000000000e-01 2.034226475726105e-01 7.519888257544829e-01
2.450000000000000e-01 2.095871835091678e-01 7.526335684213818e-01
2.500000000000000e-01 2.158827182580599e-01 7.533092627196287e-01
2.550000000000000e-01 2.223131867334419e-01 7.540171865231298e-01
2.600000000000000e-01 2.288826081874405e-01 7.547586724572402e-01
2.650000000000000e-01 2.355950887223172e-01 7.555351010518113e-01
2.700000000000000e-01 2.424548238569160e-01 7.563479008980709e-01
2.750000000000000e-01 2.494661011489995e-01 7.571985369838439e-01
2.800000000000000e-01 2.566333028751116e-01 7.580884958102238e-01
2.850000000000000e-01 2.639609087696434e-01 7.590192982189111e-01
2.900000000000000e-01 2.714534988248126e-01 7.599924924460804e-01
2.950000000000000e-01 2.791157561533084e-01 7.610096600941798e-01
3.000000000000000e-01 2.869524699153886e-01 7.620724175819011e-01
3.050000000000000e-01 2.949685383122613e-01 7.631824070400965e-01
3.100000000000000e-01 3.031689716476197e-01 7.643412980946118e-01
3.150000000000000e-01 3.115588954592450e-01 7.655507766196347e-01
3.200000000000000e-01 3.201435537226349e-01 7.668125431096748e-01
3.250000000000000e-01 3.289283121286580e-01 7.681283041090289e-01
3.300000000000000e-01 3.379186614372866e-01 7.694997672602470e-01
3.350000000000000e-01 3.471202209094989e-01 7.709286335811788e-01
3.400000000000000e-01 3.565387418195016e-01 7.724165900939316e-01
3.450000000000000e-01 3.661801110494620e-01 7.739653011636775e-01
3.500000000000000e-01 3.760503547690021e-01 7.755763991936101e-01
3.550000000000000e-01 3.861556422017504e-01 7.772514743659902e-01
3.600000000000000e-01 3.965022894813072e-01 7.789920635234406e-01
3.650000000000000e-01 4.070967635990345e-01 7.807996381467137e-01
3.700000000000000e-01 4.179456864461349e-01 7.826755914477672e-01
3.750000000000000e-01 4.290558389525505e-01 7.846212245930033e-01
3.800000000000000e-01 4.404341653252637e-01 7.866377320928885e-01
3.850000000000000e-01 4.520877773886537e-01 7.887261864116805e-01
3.900000000000000e-01 4.640239590296172e-01 7.908875218735821e-01
3.950000000000000e-01 4.762501707502353e-01 7.931225179667958e-01
4.000000000000000e-01 4.887740543308307e-01 7.954317821753376e-01
4.050000000000000e-01 5.016034376063282e-01 7.978157324997719e-01
4.100000000000000e-01 5.147463393589066e-01 8.002745798620351e-01
4.150000000000000e-01 5.282109743299990e-01 8.028083106258112e-01
4.200000000000000e-01 5.420057583547735e-01 8.054166695018257e-01
4.250000000000000e-01 5.561393136223041e-01 8.080991431460793e-01
4.300000000000000e-01 5.706204740647189e-01 8.108549447972093e-01
4.350000000000000e-01 5.854582908786964e-01 8.136830003353401e-01
4.400000000000000e-01 6.006620381827575e-01 8.165819361770248e-01
4.450000000000000e-01 6.162412188138907e-01 8.195500694469027e-01
4.500000000000000e-01 6.322055702671360e-01 8.225854008837984e-01
4.550000000000000e-01 6.485650707818353e-01 8.256856109441045e-01
4.600000000000000e-01 6.653299455783577e-01 8.288480595550355e-01
4.650000000000000e-01 6.825106732491932e-01 8.320697899411527e-01
4.700000000000000e-01 7.001179923084168e-01 8.353475368958069e-01
4.750000000000000e-01 7.181629079036070e-01 8.386777397913722e-01
4.800000000000000e-01 7.366566986944229e-01 8.420565605154352e-01
4.850000000000000e-01 7.556109239021327e-01 8.454799063822936e-01
4.900000000000000e-01 7.750374305345038e-01 8.489434578994367e-01
4.950000000000000e-01 7.949483607905672e-01 8.524427010680716e-01
5.000000000000000e-01 8.153561596498893e-01 8.559729636685316e-01
5.050000000000000e-01 8.362735826510871e-01 8.595294547316743e-01
5.100000000000000e-01 8.577137038644561e-01 8.631073061355972e-01
5.150000000000000e-01 8.796899240636907e-01 8.667016150062370e-01
5.200000000000000e-01 9.022159791018011e-01 8.703074853575156e-01
5.250000000000000e-01 9.253059484964714e-01 8.739200672020750e-01
5.300000000000000e-01 9.489742642302165e-01 8.775345912207548e-01
5.350000000000000e-01 9.732357197708378e-01 8.811463970232598e-01
5.400000000000000e-01 9.981054793178262e-01 8.847509530898068e-01
5.450000000000000e-01 1.023599087280478e+00 8.883438666781782e-01
5.500000000000000e-01 1.049732477993657e+00 8.919208823325117e-01
5.550000000000000e-01 1.076521985677273e+00 8.954778681520111e-01
5.600000000000001e-01 1.103984354645701e+00 8.990107896717469e-01
5.650000000000001e-01 1.132136749773522e+00 9.025156720621647e-01
5.700000000000001e-01 1.160996767224129e+00 9.059885523404195e-01
5.750000000000001e-01 1.190582445447902e+00 9.094254243576873e-01
5.800000000000000e-01 1.220912276456826e+00 9.128221804145467e-01
5.850000000000000e-01 1.252005217382601e+00 9.161745543739463e-01
5.900000000000000e-01 1.283880702325469e+00 9.194780719837591e-01
5.950000000000000e-01 1.316558654501151e+00 9.227280146722693e-01
6.000000000000000e-01 1.350059498693518e+00 9.259194032204838e-01
6.050000000000000e-01 1.384404174020732e+00 9.290470073335420e-01
6.100000000000000e-01 1.419614147022888e+00 9.321053861414139e-01
6.150000000000000e-01 1.455711425079295e+00 9.350889630086009e-01
6.200000000000000e-01 1.492718570163803e+00 9.379921357345304e-01
6.250000000000000e-01 1.530658712946775e+00 9.408094203672688e-01
6.300000000000000e-01 1.569555567252506e+00 9.435356236073186e-01
6.350000000000000e-01 1.609433444881138e+00 9.461660354108333e-01
6.400000000000000e-01 1.650317270804325e+00 9.486966302585633e-01
6.450000000000000e-01 1.692232598744148e+00 9.511242630383393e-01
6.500000000000000e-01 1.735205627145031e+00 9.534468440046008e-01
6.550000000000000e-01 1.779263215548615e+00 9.556634771878225e-01
6.600000000000000e-01 1.824432901381847e+00 9.577745481707547e-01
6.650000000000000e-01 1.870742917168772e+00 9.597817503845769e-01
6.700000000000000e-01 1.918222208176775e+00 9.616880438327937e-01
6.750000000000000e-01 1.966900450508319e+00 9.634975460040461e-01
6.800000000000000e-01 2.016808069649473e+00 9.652153610492322e-01
6.850000000000001e-01 2.067976259486829e+00 9.668473592929160e-01
6.900000000000001e-01 2.120437001804702e+00 9.683999240154649e-01
6.950000000000001e-01 2.174223086274785e+00 9.698796854804569e-01
7.000000000000001e-01 2.229368130950753e+00 9.712932629305915e-01
7.050000000000000e-01 2.285906603280654e+00 9.726470336096650e-01
7.100000000000000e-01 2.343873841650178e+00 9.739469440371112e-01
7.150000000000000e-01 2.403306077470301e+00 9.751983733542143e-01
7.200000000000000e-01 2.464240457823092e+00 9.764060524039112e-01
7.250000000000000e-01 2.526715068679855e+00 9.775740362114994e-01
7.300000000000000e-01 2.590768958706095e+00 9.787057225317628e-01
7.350000000000000e-01 2.656442163668210e+00 9.798039057196484e-01
7.400000000000000e-01 2.723775731457148e+00 9.808708536440480e-01
7.450000000000000e-01 2.792811747744667e+00 9.819083956305023e-01
7.500000000000000e-01 2.863593362288260e+00 9.829180111302477e-01
7.550000000000000e-01 2.936164815901156e+00 9.839009114284358e-01
7.600000000000000e-01 3.010571468104263e+00 9.848581096325009e-01
7.650000000000000e-01 3.086859825477351e+00 9.857904769057392e-01
7.700000000000000e-01 3.165077570727174e+00 9.866987850743207e-01
7.750000000000000e-01 3.245273592490716e+00 9.875837371743528e-01
7.800000000000000e-01 3.327498015892184e+00 9.884459882311498e-01
7.850000000000000e-01 3.411802233872832e+00 9.892861587105390e-01
7.900000000000000e-01 3.498238939313234e+00 9.901048428443089e-01
7.950000000000000e-01 3.586862157968046e+00 9.909026135998661e-01
8.000000000000000e-01 3.677727282233856e+00 9.916800255887218e-01
8.050000000000000e-01 3.770891105771243e+00 9.924376167847605e-01
8.100000000000001e-01 3.866411859002656e+00 9.931759095943989e-01
8.150000000000001e-01 3.964349245508326e+00 9.938954115918265e-01
8.200000000000001e-01 4.064764479342956e+00 9.945966160875795e-01
8.250000000000001e-01 4.167720323296481e+00 9.952800026146348e-01
8.300000000000001e-01 4.273281128122877e+00 9.959460373713586e-01
8.350000000000000e-01 4.381512872761445e+00 9.965951736385911e-01
8.400000000000000e-01 4.492483205575838e+00 9.972278521781442e-01
8.450000000000000e-01 4.606261486636447e+00 9.978445016157951e-01
8.500000000000000e-01 4.722918831072739e+00 9.984455388102236e-01
8.550000000000000e-01 4.842528153522501e+00 9.990313692087545e-01
8.600000000000000e-01 4.965164213705875e+00 9.996023871905371e-01
8.650000000000000e-01 5.090903663152626e+00 1.000158976397726e+00
8.700000000000000e-01 5.219825093111814e+00 1.000701510055170e+00
8.750000000000000e-01 5.352009083673925e+00 1.001230351279101e+00
8.800000000000000e-01 5.487538254136007e+00 1.001745853375274e+00
8.850000000000000e-01 5.626497314641444e+00 1.002248360127000e+00
8.900000000000000e-01 5.768973119126561e+00 1.002738206073479e+00
8.950000000000000e-01 5.915054719607133e+00 1.003215716778831e+00
9.000000000000000e-01 6.064833421838831e+00 1.003681209092197e+00
9.050000000000000e-01 6.218402842386253e+00 1.004134991399261e+00
9.100000000000000e-01 6.375858967136348e+00 1.004577363865539e+00
9.150000000000000e-01 6.537300211292723e+00 1.005008618671748e+00
9.200000000000000e-01 6.702827480888332e+00 1.005429040241573e+00
9.250000000000000e-01 6.872544235855034e+00 1.005838905462108e+00
9.300000000000000e-01 7.046556554689444e+00 1.006238483897268e+00
9.350000000000001e-01 7.224973200755413e+00 1.006628037994420e+00
9.400000000000001e-01 7.407905690264673e+00 1.007007823284506e+00
9.450000000000001e-01 7.595468361978146e+00 1.007378088575875e+00
9.500000000000001e-01 7.787778448671316e+00 1.007739076142086e+00
9.550000000000001e-01 7.984956150408610e+00 1.008091021903871e+00
9.600000000000000e-01 8.187124709672272e+00 1.008434155605494e+00
9.650000000000000e-01 8.394410488393007e+00 1.008768700985697e+00
9.700000000000000e-01 8.606943046930221e+00 1.009094875943428e+00
9.750000000000000e-01 8.824855225051540e+00 1.009412892698529e+00
9.800000000000000e-01 9.048283224961922e+00 1.009722957947581e+00
9.850000000000000e-01 9.277366696434507e+00 1.010025273015049e+00
9.900000000000000e-01 9.512248824096272e+00 1.010320033999912e+00
9.950000000000000e-01 9.753076416923058e+00 1.010607431917918e+00
1.000000000000000e+00 1.000000000000000e+01 1.010887652839626e+00
