0.000000000000000e+00 0.000000000000000e+00 6.916674932739516e-01
5.000000000000000e-03 3.369477419287315e-03 6.916738296224979e-01
1.000000000000000e-02 6.741060871647481e-03 6.916907110226874e-01
1.500000000000000e-02 1.011685770649257e-02 6.917188459454988e-01
2.000000000000000e-02 1.349897790673588e-02 6.917583222041173e-01
2.500000000000000e-02 1.688953540759990e-02 6.918092384070742e-01
3.000000000000000e-02 2.029064941789469e-02 6.918717262394039e-01
3.500000000000000e-02 2.370444574459234e-02 6.919459188131087e-01
4.000000000000000e-02 2.713305812152553e-02 6.920319891626026e-01
4.500000000000000e-02 3.057862954304063e-02 6.921301378291397e-01
5.000000000000000e-02 3.404331360343898e-02 6.922405943639830e-01
5.500000000000000e-02 3.752927584304335e-02 6.923636278597360e-01
6.000000000000000e-02 4.103869510173117e-02 6.924995097357669e-01
6.500000000000000e-02 4.457376488078044e-02 6.926485566803452e-01
7.000000000000001e-02 4.813669471387935e-02 6.928111158725114e-01
7.500000000000000e-02 5.172971154815675e-02 6.929875594729070e-01
8.000000000000000e-02 5.535506113609672e-02 6.931783078368460e-01
8.500000000000001e-02 5.901500943920686e-02 6.933837930517391e-01
9.000000000000000e-02 6.271184404431801e-02 6.936044778353588e-01
9.500000000000000e-02 6.644787559340060e-02 6.938408680854032e-01
1.000000000000000e-01 7.022543922779090e-02 6.940935056465688e-01
1.050000000000000e-01 7.404689604773053e-02 6.943629675704877e-01
1.100000000000000e-01 7.791463458813094e-02 6.946498552101882e-01
1.150000000000000e-01 8.183107231148547e-02 6.949548096225153e-01
1.200000000000000e-01 8.579865711886202e-02 6.952785248631403e-01
1.250000000000000e-01 8.981986887992111e-02 6.956217338729713e-01
1.300000000000000e-01 9.389722098291493e-02 6.959851737982347e-01
1.350000000000000e-01 9.803326190563690e-02 6.963696362274160e-01
1.400000000000000e-01 1.022305768083033e-01 6.967759964995607e-01
1.450000000000000e-01 1.064917891493625e-01 6.972051309166071e-01
1.500000000000000e-01 1.108195623252418e-01 6.976579554839282e-01
1.550000000000000e-01 1.152166013350572e-01 6.981354582501538e-01
1.600000000000000e-01 1.196856544713255e-01 6.986386495519390e-01
1.650000000000000e-01 1.242295150377370e-01 6.991685979732977e-01
1.700000000000000e-01 1.288510230950609e-01 6.997264186515554e-01
1.750000000000000e-01 1.335530672362758e-01 7.003132658152200e-01
1.800000000000000e-01 1.383385863920344e-01 7.009303591419238e-01
1.850000000000000e-01 1.432105716675912e-01 7.015789506087560e-01
1.900000000000000e-01 1.481720682123397e-01 7.022603521515188e-01
1.950000000000000e-01 1.532261771231311e-01 7.029759334966477e-01
2.000000000000000e-01 1.583760573825595e-01 7.037270945608203e-01
2.050000000000000e-01 1.636249278334301e-01 7.045153082271883e-01
2.100000000000000e-01 1.689760691906397e-01 7.053420906126129e-01
2.150000000000000e-01 1.744328260917313e-01 7.062089981366139e-01
2.200000000000000e-01 1.799986091874004e-01 7.071176635583688e-01
2.250000000000000e-01 1.856768972732633e-01 7.080697493145774e-01
2.300000000000000e-01 1.914712394642179e-01 7.090669697683081e-01
2.350000000000000e-01 1.973852574127551e-01 7.101111077450024e-01
2.400000000000000e-01 2.034226475726105e-01 7.112039643789601e-01
2.450000000000000e-01 2.095871835091678e-01 7.123474003262211e-01
2.500000000000000e-01 2.158827182580599e-01 7.135433320963938e-01
2.550000000000000e-01 2.223131867334419e-01 7.147936864310521e-01
2.600000000000000e-01 2.288826081874405e-01 7.161004508100254e-01
2.650000000000000e-01 2.355950887223172e-01 7.174656520104713e-01
2.700000000000000e-01 2.424548238569160e-01 7.188913134160162e-01
2.750000000000000e-01 2.494661011489995e-01 7.203795103798690e-01
2.800000000000000e-01 2.566333028751116e-01 7.219323405058484e-01
2.850000000000000e-01 2.639609087696434e-01 7.235518801617519e-01
2.900000000000000e-01 2.714534988248126e-01 7.252402417680502e-01
2.950000000000000e-01 2.791157561533084e-01 7.269995421114790e-01
3.000000000000000e-01 2.869524699153886e-01 7.288318461382550e-01
3.050000000000000e-01 2.949685383122613e-01 7.307392237521718e-01
3.100000000000000e-01 3.031689716476197e-01 7.327237328441839e-01
3.150000000000000e-01 3.115588954592450e-01 7.347873453854192e-01
3.200000000000000e-01 3.201435537226349e-01 7.369319907262417e-01
3.250000000000000e-01 3.289283121286580e-01 7.391595651693824e-01
3.300000000000000e-01 3.379186614372866e-01 7.414718416589903e-01
3.350000000000000e-01 3.471202209094989e-01 7.438704786417585e-01
3.400000000000000e-01 3.565387418195016e-01 7.463570696847031e-01
3.450000000000000e-01 3.661801110494620e-01 7.489330663931284e-01
3.500000000000000e-01 3.760503547690021e-01 7.515997189782186e-01
3.550000000000000e-01 3.861556422017504e-01 7.543581337581063e-01
3.600000000000000e-01 3.965022894813072e-01 7.572092668147390e-01
3.650000000000000e-01 4.070967635990345e-01 7.601538220786047e-01
3.700000000000000e-01 4.179456864461349e-01 7.631922354672717e-01
3.750000000000000e-01 4.290558389525505e-01 7.663247313602708e-01
3.800000000000000e-01 4.404341653252637e-01 7.695512838278747e-01
3.850000000000000e-01 4.520877773886537e-01 7.728715169249406e-01
3.900000000000000e-01 4.640239590296172e-01 7.762846962587213e-01
3.950000000000000e-01 4.762501707502353e-01 7.797897817591605e-01
4.000000000000000e-01 4.887740543308307e-01 7.833854012035519e-01
4.050000000000000e-01 5.016034376063282e-01 7.870697521887969e-01
4.100000000000000e-01 5.147463393589066e-01 7.908405612143775e-01
4.150000000000000e-01 5.282109743299990e-01 7.946951295953808e-01
4.200000000000000e-01 5.420057583547735e-01 7.986303579926537e-01
4.250000000000000e-01 5.561393136223041e-01 8.026426843216076e-01
4.300000000000000e-01 5.706204740647189e-01 8.067280059580337e-01
4.350000000000000e-01 5.854582908786964e-01 8.108816657422714e-01
4.400000000000000e-01 6.006620381827575e-01 8.150984825089497e-01
4.450000000000000e-01 6.162412188138907e-01 8.193727786378687e-01
4.500000000000000e-01 6.322055702671360e-01 8.236983766383794e-01
4.550000000000000e-01 6.485650707818353e-01 8.280685571752316e-01
4.600000000000000e-01 6.653299455783577e-01 8.324760255447762e-01
4.650000000000000e-01 6.825106732491932e-01 8.369129138524659e-01
4.700000000000000e-01 7.001179923084168e-01 8.413707950975721e-01
4.750000000000000e-01 7.181629079036070e-01 8.458407204217188e-01
4.800000000000000e-01 7.366566986944229e-01 8.503132522181995e-01
4.850000000000000e-01 7.556109239021327e-01 8.547784960033461e-01
4.900000000000000e-01 7.750374305345038e-01 8.592261396918046e-01
4.950000000000000e-01 7.949483607905672e-01 8.636454954514144e-01
5.000000000000000e-01 8.153561596498893e-01 8.680255583943484e-01
5.050000000000000e-01 8.362735826510871e-01 8.723550758996975e-01
5.100000000000000e-01 8.577137038644561e-01 8.766226345900208e-01
5.150000000000000e-01 8.796899240636907e-01 8.808167624099238e-01
5.200000000000000e-01 9.022159791018011e-01 8.849260485623671e-01
5.250000000000000e-01 9.253059484964714e-01 8.889392812010994e-01
5.300000000000000e-01 9.489742642302165e-01 8.928456038669463e-01
5.350000000000000e-01 9.732357197708378e-01 8.966346905677431e-01
5.400000000000000e-01 9.981054793178262e-01 9.002969388887039e-01
5.450000000000000e-01 1.023599087280478e+00 9.038236794080227e-01
5.500000000000000e-01 1.049732477993657e+00 9.072073984420622e-01
5.550000000000000e-01 1.076521985677273e+00 9.104419695926556e-01
5.600000000000001e-01 1.103984354645701e+00 9.135228878039318e-01
5.650000000000001e-01 1.132136749773522e+00 9.164474976988534e-01
5.700000000000001e-01 1.160996767224129e+00 9.192152059642779e-01
5.750000000000001e-01 1.190582445447902e+00 9.218276656357413e-01
5.800000000000000e-01 1.220912276456826e+00 9.242889184988460e-01
5.850000000000000e-01 1.252005217382601e+00 9.266054807164728e-01
5.900000000000000e-01 1.283880702325469e+00 9.287863564836120e-01
5.950000000000000e-01 1.316558654501151e+00 9.308429652834485e-01
6.000000000000000e-01 1.350059498693518e+00 9.327889704186002e-01
6.050000000000000e-01 1.384404174020732e+00 9.346400000958885e-01
6.100000000000000e-01 1.419614147022888e+00 9.364132575077450e-01
6.150000000000000e-01 1.455711425079295e+00 9.381270229724796e-01
6.200000000000000e-01 1.492718570163803e+00 9.398000589734810e-01
6.250000000000000e-01 1.530658712946775e+00 9.414509373826719e-01
6.300000000000000e-01 1.569555567252506e+00 9.430973166020994e-01
6.350000000000000e-01 1.609433444881138e+00 9.447552040241731e-01
6.400000000000000e-01 1.650317270804325e+00 9.464382452647381e-01
6.450000000000000e-01 1.692232598744148e+00 9.481570852740611e-01
6.500000000000000e-01 1.735205627145031e+00 9.499188470153248e-01
6.550000000000000e-01 1.779263215548615e+00 9.517267704501987e-01
6.600000000000000e-01 1.824432901381847e+00 9.535800478608220e-01
6.650000000000000e-01 1.870742917168772e+00 9.554738811098648e-01
6.700000000000000e-01 1.918222208176775e+00 9.573997726223771e-01
6.750000000000000e-01 1.966900450508319e+00 9.593460452960907e-01
6.800000000000000e-01 2.016808069649473e+00 9.612985681797286e-01
6.850000000000001e-01 2.067976259486829e+00 9.632416459513695e-01
6.900000000000001e-01 2.120437001804702e+00 9.651590127364109e-01
6.950000000000001e-01 2.174223086274785e+00 9.670348567464848e-01
7.000000000000001e-01 2.229368130950753e+00 9.688547939123443e-01
7.050000000000000e-01 2.285906603280654e+00 9.706067083010044e-01
7.100000000000000e-01 2.343873841650178e+00 9.722813861888483e-01
7.150000000000000e-01 2.403306077470301e+00 9.738728895369966e-01
7.200000000000000e-01 2.464240457823092e+00 9.753786419218280e-01
7.250000000000000e-01 2.526715068679855e+00 9.767992324843938e-01
7.300000000000000e-01 2.590768958706095e+00 9.781379763883312e-01
7.350000000000000e-01 2.656442163668210e+00 9.794002981032989e-01
7.400000000000000e-01 2.723775731457148e+00 9.805930215481612e-01
7.450000000000000e-01 2.792811747744667e+00 9.817236555114767e-01
7.500000000000000e-01 2.863593362288260e+00 9.827997533112869e-01
7.550000000000000e-01 2.936164815901156e+00 9.838284048038788e-01
7.600000000000000e-01 3.010571468104263e+00 9.848158913915946e-01
7.650000000000000e-01 3.086859825477351e+00 9.857675064843404e-01
7.700000000000000e-01 3.165077570727174e+00 9.866875203621490e-01
7.750000000000000e-01 3.245273592490716e+00 9.875792532395280e-01
7.800000000000000e-01 3.327498015892184e+00 9.884452147799275e-01
7.850000000000000e-01 3.411802233872832e+00 9.892872712273727e-01
7.900000000000000e-01 3.498238939313234e+00 9.901068099603302e-01
7.950000000000000e-01 3.586862157968046e+00 9.909048822979530e-01
8.000000000000000e-01 3.677727282233856e+00 9.916823158726040e-01
8.050000000000000e-01 3.770891105771243e+00 9.924397959292646e-01
8.100000000000001e-01 3.866411859002656e+00 9.931779198229130e-01
8.150000000000001e-01 3.964349245508326e+00 9.938972310311476e-01
8.200000000000001e-01 4.064764479342956e+00 9.945982389982754e-01
8.250000000000001e-01 4.167720323296481e+00 9.952814300150923e-01
8.300000000000001e-01 4.273281128122877e+00 9.959472728796160e-01
8.350000000000000e-01 4.381512872761445e+00 9.965962217516047e-01
8.400000000000000e-01 4.492483205575838e+00 9.972287176095573e-01
8.450000000000000e-01 4.606261486636447e+00 9.978451890604683e-01
8.500000000000000e-01 4.722918831072739e+00 9.984460528682343e-01
8.550000000000000e-01 4.842528153522501e+00 9.990317143644916e-01
8.600000000000000e-01 4.965164213705875e+00 9.996025678093248e-01
8.650000000000000e-01 5.090903663152626e+00 1.000158996727529e+00
8.700000000000000e-01 5.219825093111814e+00 1.000701374229592e+00
8.750000000000000e-01 5.352009083673925e+00 1.001230063320619e+00
8.800000000000000e-01 5.487538254136007e+00 1.001745417198447e+00
8.850000000000000e-01 5.626497314641444e+00 1.002247779541581e+00
8.900000000000000e-01 5.768973119126561e+00 1.002737484787436e+00
8.950000000000000e-01 5.915054719607133e+00 1.003214858401263e+00
9.000000000000000e-01 6.064833421838831e+00 1.003680217136163e+00
9.050000000000000e-01 6.218402842386253e+00 1.004133869284513e+00
9.100000000000000e-01 6.375858967136348e+00 1.004576114921171e+00
9.150000000000000e-01 6.537300211292723e+00 1.005007246138761e+00
9.200000000000000e-01 6.702827480888332e+00 1.005427547275355e+00
9.250000000000000e-01 6.872544235855034e+00 1.005837295134842e+00
9.300000000000000e-01 7.046556554689444e+00 1.006236759200259e+00
9.350000000000001e-01 7.224973200755413e+00 1.006626201840357e+00
9.400000000000001e-01 7.407905690264673e+00 1.007005878509646e+00
9.450000000000001e-01 7.595468361978146e+00 1.007376037942168e+00
9.500000000000001e-01 7.787778448671316e+00 1.007736922339226e+00
9.550000000000001e-01 7.984956150408610e+00 1.008088767551294e+00
9.600000000000000e-01 8.187124709672272e+00 1.008431803254311e+00
9.650000000000000e-01 8.394410488393007e+00 1.008766253120566e+00
9.700000000000000e-01 8.606943046930221e+00 1.009092334984375e+00
9.750000000000000e-01 8.824855225051540e+00 1.009410261002714e+00
9.800000000000000e-01 9.048283224961922e+00 1.009720237811008e+00
9.850000000000000e-01 9.277366696434507e+00 1.010022466674226e+00
9.900000000000000e-01 9.512248824096272e+00 1.010317143633467e+00
9.950000000000000e-01 9.753076416923058e+00 1.010604459648161e+00
1.000000000000000e+00 1.000000000000000e+01 1.010884600734071e+00
