0.000000000000000e+00 0.000000000000000e+00 9.762606497719621e-01
5.000000000000000e-03 3.369477419287315e-03 9.762606497728886e-01
1.000000000000000e-02 6.741060871647481e-03 9.762606497788221e-01
1.500000000000000e-02 1.011685770649257e-02 9.762606497844886e-01
2.000000000000000e-02 1.349897790673588e-02 9.762606497910037e-01
2.500000000000000e-02 1.688953540759990e-02 9.762606497931299e-01
3.000000000000000e-02 2.029064941789469e-02 9.762606497946615e-01
3.500000000000000e-02 2.370444574459234e-02 9.762606497956396e-01
4.000000000000000e-02 2.713305812152553e-02 9.762606497975624e-01
4.500000000000000e-02 3.057862954304063e-02 9.762606498014921e-01
5.000000000000000e-02 3.404331360343898e-02 9.762606498052568e-01
5.500000000000000e-02 3.752927584304335e-02 9.762606498079883e-01
6.000000000000000e-02 4.103869510173117e-02 9.762606498102206e-01
6.500000000000000e-02 4.457376488078044e-02 9.762606498131484e-01
7.000000000000001e-02 4.813669471387935e-02 9.762606498157324e-01
7.500000000000000e-02 5.172971154815675e-02 9.762606498191494e-01
8.000000000000000e-02 5.535506113609672e-02 9.762606498231775e-01
8.500000000000001e-02 5.901500943920686e-02 9.762606498275407e-01
9.000000000000000e-02 6.271184404431801e-02 9.762606498315454e-01
9.500000000000000e-02 6.644787559340060e-02 9.762606498363794e-01
1.000000000000000e-01 7.022543922779090e-02 9.762606498398586e-01
1.050000000000000e-01 7.404689604773053e-02 9.762606498416190e-01
1.100000000000000e-01 7.791463458813094e-02 9.762606498441184e-01
1.150000000000000e-01 8.183107231148547e-02 9.762606498472759e-01
1.200000000000000e-01 8.579865711886202e-02 9.762606498519535e-01
1.250000000000000e-01 8.981986887992111e-02 9.762606498569475e-01
1.300000000000000e-01 9.389722098291493e-02 9.762606498613680e-01
1.350000000000000e-01 9.803326190563690e-02 9.762606498659560e-01
1.400000000000000e-01 1.022305768083033e-01 9.762606498709454e-01
1.450000000000000e-01 1.064917891493625e-01 9.762606498761965e-01
1.500000000000000e-01 1.108195623252418e-01 9.762606498808635e-01
1.550000000000000e-01 1.152166013350572e-01 9.762606498862139e-01
1.600000000000000e-01 1.196856544713255e-01 9.762606498921960e-01
1.650000000000000e-01 1.242295150377370e-01 9.762606498997752e-01
1.700000000000000e-01 1.288510230950609e-01 9.762606499084396e-01
1.750000000000000e-01 1.335530672362758e-01 9.762606499169572e-01
1.800000000000000e-01 1.383385863920344e-01 9.762606499241000e-01
1.850000000000000e-01 1.432105716675912e-01 9.762606499317719e-01
1.900000000000000e-01 1.481720682123397e-01 9.762606499400337e-01
1.950000000000000e-01 1.532261771231311e-01 9.762606499501224e-01
2.000000000000000e-01 1.583760573825595e-01 9.762606499615745e-01
2.050000000000000e-01 1.636249278334301e-01 9.762606499705722e-01
2.100000000000000e-01 1.689760691906397e-01 9.762606499810700e-01
2.150000000000000e-01 1.744328260917313e-01 9.762606499921592e-01
2.200000000000000e-01 1.799986091874004e-01 9.762606500032132e-01
2.250000000000000e-01 1.856768972732633e-01 9.762606500158171e-01
2.300000000000000e-01 1.914712394642179e-01 9.762606500286994e-01
2.350000000000000e-01 1.973852574127551e-01 9.762606500418118e-01
2.400000000000000e-01 2.034226475726105e-01 9.762606500547285e-01
2.450000000000000e-01 2.095871835091678e-01 9.762606500693681e-01
2.500000000000000e-01 2.158827182580599e-01 9.762606500850114e-01
2.550000000000000e-01 2.223131867334419e-01 9.762606500999813e-01
2.600000000000000e-01 2.288826081874405e-01 9.762606501160329e-01
2.650000000000000e-01 2.355950887223172e-01 9.762606501339226e-01
2.700000000000000e-01 2.424548238569160e-01 9.762606501528818e-01
2.750000000000000e-01 2.494661011489995e-01 9.762606501726537e-01
2.800000000000000e-01 2.566333028751116e-01 9.762606501958049e-01
2.850000000000000e-01 2.639609087696434e-01 9.762606502191863e-01
2.900000000000000e-01 2.714534988248126e-01 9.762606502427175e-01
2.950000000000000e-01 2.791157561533084e-01 9.762606502677261e-01
3.000000000000000e-01 2.869524699153886e-01 9.762606502927006e-01
3.050000000000000e-01 2.949685383122613e-01 9.762606503220227e-01
3.100000000000000e-01 3.031689716476197e-01 9.762606503537751e-01
3.150000000000000e-01 3.115588954592450e-01 9.762606503828777e-01
3.200000000000000e-01 3.201435537226349e-01 9.762606504119253e-01
3.250000000000000e-01 3.289283121286580e-01 9.762606504415743e-01
3.300000000000000e-01 3.379186614372866e-01 9.762606504751018e-01
3.350000000000000e-01 3.471202209094989e-01 9.762606505120703e-01
3.400000000000000e-01 3.565387418195016e-01 9.762606505494651e-01
3.450000000000000e-01 3.661801110494620e-01 9.762606505910136e-01
3.500000000000000e-01 3.760503547690021e-01 9.762606506343635e-01
3.550000000000000e-01 3.861556422017504e-01 9.762606506784409e-01
3.600000000000000e-01 3.965022894813072e-01 9.762606507286365e-01
3.650000000000000e-01 4.070967635990345e-01 9.762606507826626e-01
3.700000000000000e-01 4.179456864461349e-01 9.762606508354800e-01
3.750000000000000e-01 4.290558389525505e-01 9.762606508864097e-01
3.800000000000000e-01 4.404341653252637e-01 9.762606509397559e-01
3.850000000000000e-01 4.520877773886537e-01 9.762606509984494e-01
3.900000000000000e-01 4.640239590296172e-01 9.762606510596871e-01
3.950000000000000e-01 4.762501707502353e-01 9.762606511254136e-01
4.000000000000000e-01 4.887740543308307e-01 9.762606511986893e-01
4.050000000000000e-01 5.016034376063282e-01 9.762606512768016e-01
4.100000000000000e-01 5.147463393589066e-01 9.762606513559320e-01
4.150000000000000e-01 5.282109743299990e-01 9.762606514393271e-01
4.200000000000000e-01 5.420057583547735e-01 9.762606515236822e-01
4.250000000000000e-01 5.561393136223041e-01 9.762606516098514e-01
4.300000000000000e-01 5.706204740647189e-01 9.762606517040994e-01
4.350000000000000e-01 5.854582908786964e-01 9.762606518059568e-01
4.400000000000000e-01 6.006620381827575e-01 9.762606519123227e-01
4.450000000000000e-01 6.162412188138907e-01 9.762606520205057e-01
4.500000000000000e-01 6.322055702671360e-01 9.762606521379492e-01
4.550000000000000e-01 6.485650707818353e-01 9.762606522624014e-01
4.600000000000000e-01 6.653299455783577e-01 9.762606523923744e-01
4.650000000000000e-01 6.825106732491932e-01 9.762606525259434e-01
4.700000000000000e-01 7.001179923084168e-01 9.762606526646854e-01
4.750000000000000e-01 7.181629079036070e-01 9.762606528148036e-01
4.800000000000000e-01 7.366566986944229e-01 9.762606529719206e-01
4.850000000000000e-01 7.556109239021327e-01 9.762606531423959e-01
4.900000000000000e-01 7.750374305345038e-01 9.762606533184365e-01
4.950000000000000e-01 7.949483607905672e-01 9.762606535010449e-01
5.000000000000000e-01 8.153561596498893e-01 9.762606536933186e-01
5.050000000000000e-01 8.362735826510871e-01 9.762606538913168e-01
5.100000000000000e-01 8.577137038644561e-01 9.762606541076527e-01
5.150000000000000e-01 8.796899240636907e-01 9.762606543348252e-01
5.200000000000000e-01 9.022159791018011e-01 9.762606545726191e-01
5.250000000000000e-01 9.253059484964714e-01 9.762606548216330e-01
5.300000000000000e-01 9.489742642302165e-01 9.762606550787849e-01
5.350000000000000e-01 9.732357197708378e-01 9.762606553561172e-01
5.400000000000000e-01 9.981054793178262e-01 9.762606556504582e-01
5.450000000000000e-01 1.023599087280478e+00 9.762606559541749e-01
5.500000000000000e-01 1.049732477993657e+00 9.762606562703948e-01
5.550000000000000e-01 1.076521985677273e+00 9.762606566113849e-01
5.600000000000001e-01 1.103984354645701e+00 9.762606569701010e-01
5.650000000000001e-01 1.132136749773522e+00 9.762606573395809e-01
5.700000000000001e-01 1.160996767224129e+00 9.762606577343500e-01
5.750000000000001e-01 1.190582445447902e+00 9.762606581481201e-01
5.800000000000000e-01 1.220912276456826e+00 9.762606585830091e-01
5.850000000000000e-01 1.252005217382601e+00 9.762606590427931e-01
5.900000000000000e-01 1.283880702325469e+00 9.762606595224611e-01
5.950000000000000e-01 1.316558654501151e+00 9.762606600326537e-01
6.000000000000000e-01 1.350059498693518e+00 9.762606605670918e-01
6.050000000000000e-01 1.384404174020732e+00 9.762606611293898e-01
6.100000000000000e-01 1.419614147022888e+00 9.762606617279108e-01
6.150000000000000e-01 1.455711425079295e+00 9.762606623537508e-01
6.200000000000000e-01 1.492718570163803e+00 9.762606630209901e-01
6.250000000000000e-01 1.530658712946775e+00 9.762606637311771e-01
6.300000000000000e-01 1.569555567252506e+00 9.762606644826057e-01
6.350000000000000e-01 1.609433444881138e+00 9.762606652977648e-01
6.400000000000000e-01 1.650317270804325e+00 9.762606661767979e-01
6.450000000000000e-01 1.692232598744148e+00 9.762606671360419e-01
6.500000000000000e-01 1.735205627145031e+00 9.762606682136877e-01
6.550000000000000e-01 1.779263215548615e+00 9.762606694313790e-01
6.600000000000000e-01 1.824432901381847e+00 9.762606708552517e-01
6.650000000000000e-01 1.870742917168772e+00 9.762606725919466e-01
6.700000000000000e-01 1.918222208176775e+00 9.762606747822429e-01
6.750000000000000e-01 1.966900450508319e+00 9.762606777084457e-01
6.800000000000000e-01 2.016808069649473e+00 9.762606818452257e-01
6.850000000000001e-01 2.067976259486829e+00 9.762606880217710e-01
6.900000000000001e-01 2.120437001804702e+00 9.762606977989104e-01
6.950000000000001e-01 2.174223086274785e+00 9.762607139636226e-01
7.000000000000001e-01 2.229368130950753e+00 9.762607418231591e-01
7.050000000000000e-01 2.285906603280654e+00 9.762607915690300e-01
7.100000000000000e-01 2.343873841650178e+00 9.762608818551489e-01
7.150000000000000e-01 2.403306077470301e+00 9.762610482773852e-01
7.200000000000000e-01 2.464240457823092e+00 9.762613601580848e-01
7.250000000000000e-01 2.526715068679855e+00 9.762619460090791e-01
7.300000000000000e-01 2.590768958706095e+00 9.762630420281661e-01
7.350000000000000e-01 2.656442163668210e+00 9.762650949411237e-01
7.400000000000000e-01 2.723775731457148e+00 9.762689347487187e-01
7.450000000000000e-01 2.792811747744667e+00 9.762760338318867e-01
7.500000000000000e-01 2.863593362288260e+00 9.762889612644272e-01
7.550000000000000e-01 2.936164815901156e+00 9.763122177372416e-01
7.600000000000000e-01 3.010571468104263e+00 9.763534904635480e-01
7.650000000000000e-01 3.086859825477351e+00 9.764251024017095e-01
7.700000000000000e-01 3.165077570727174e+00 9.765454772487269e-01
7.750000000000000e-01 3.245273592490716e+00 9.767407523127778e-01
7.800000000000000e-01 3.327498015892184e+00 9.770459595914350e-01
7.850000000000000e-01 3.411802233872832e+00 9.775023956571049e-01
7.900000000000000e-01 3.498238939313234e+00 9.781451100285953e-01
7.950000000000000e-01 3.586862157968046e+00 9.789776480740340e-01
8.000000000000000e-01 3.677727282233856e+00 9.799440043666013e-01
8.050000000000000e-01 3.770891105771243e+00 9.809220110686382e-01
8.100000000000001e-01 3.866411859002656e+00 9.817587479582015e-01
8.150000000000001e-01 3.964349245508326e+00 9.823395285182785e-01
8.200000000000001e-01 4.064764479342956e+00 9.826512385462668e-01
8.250000000000001e-01 4.167720323296481e+00 9.828005276184225e-01
8.300000000000001e-01 4.273281128122877e+00 9.829778693445322e-01
8.350000000000000e-01 4.381512872761445e+00 9.833903793431352e-01
8.400000000000000e-01 4.492483205575838e+00 9.841976127836128e-01
8.450000000000000e-01 4.606261486636447e+00 9.854752790620329e-01
8.500000000000000e-01 4.722918831072739e+00 9.872113834947962e-01
8.550000000000000e-01 4.842528153522501e+00 9.893206302704181e-01
8.600000000000000e-01 4.965164213705875e+00 9.916593721416889e-01
8.650000000000000e-01 5.090903663152626e+00 9.940370844269412e-01
8.700000000000000e-01 5.219825093111814e+00 9.962371746052735e-01
8.750000000000000e-01 5.352009083673925e+00 9.980615336816137e-01
8.800000000000000e-01 5.487538254136007e+00 9.993936226430785e-01
8.850000000000000e-01 5.626497314641444e+00 1.000248697092549e+00
8.900000000000000e-01 5.768973119126561e+00 1.000773200081529e+00
8.950000000000000e-01 5.915054719607133e+00 1.001181687160297e+00
9.000000000000000e-01 6.064833421838831e+00 1.001662012551299e+00
9.050000000000000e-01 6.218402842386253e+00 1.002302932252042e+00
9.100000000000000e-01 6.375858967136348e+00 1.003082112109053e+00
9.150000000000000e-01 6.537300211292723e+00 1.003910324773929e+00
9.200000000000000e-01 6.702827480888332e+00 1.004694133957763e+00
9.250000000000000e-01 6.872544235855034e+00 1.005378182263130e+00
9.300000000000000e-01 7.046556554689444e+00 1.005952770812995e+00
9.350000000000001e-01 7.224973200755413e+00 1.006437658791632e+00
9.400000000000001e-01 7.407905690264673e+00 1.006861264118450e+00
9.450000000000001e-01 7.595468361978146e+00 1.007247406254846e+00
9.500000000000001e-01 7.787778448671316e+00 1.007611298709133e+00
9.550000000000001e-01 7.984956150408610e+00 1.007960959258765e+00
9.600000000000000e-01 8.187124709672272e+00 1.008300040247245e+00
9.650000000000000e-01 8.394410488393007e+00 1.008630062471971e+00
9.700000000000000e-01 8.606943046930221e+00 1.008951672177776e+00
9.750000000000000e-01 8.824855225051540e+00 1.009265209147233e+00
9.800000000000000e-01 9.048283224961922e+00 1.009570950552721e+00
9.850000000000000e-01 9.277366696434507e+00 1.009869491630992e+00
9.900000000000000e-01 9.512248824096272e+00 1.010164812784615e+00
9.950000000000000e-01 9.753076416923058e+00 1.010496665370554e+00
1.000000000000000e+00 1.000000000000000e+01 1.011282873199142e+00
