0.000000000000000e+00 0.000000000000000e+00 9.453331668135695e-01
5.000000000000000e-03 3.369477419287315e-03 9.453331668225434e-01
1.000000000000000e-02 6.741060871647481e-03 9.453331668350841e-01
1.500000000000000e-02 1.011685770649257e-02 9.453331668959778e-01
2.000000000000000e-02 1.349897790673588e-02 9.453331669843932e-01
2.500000000000000e-02 1.688953540759990e-02 9.453331670728233e-01
3.000000000000000e-02 2.029064941789469e-02 9.453331671804494e-01
3.500000000000000e-02 2.370444574459234e-02 9.453331673186542e-01
4.000000000000000e-02 2.713305812152553e-02 9.453331674687384e-01
4.500000000000000e-02 3.057862954304063e-02 9.453331676595825e-01
5.000000000000000e-02 3.404331360343898e-02 9.453331678772630e-01
5.500000000000000e-02 3.752927584304335e-02 9.453331681134556e-01
6.000000000000000e-02 4.103869510173117e-02 9.453331683757692e-01
6.500000000000000e-02 4.457376488078044e-02 9.453331686568301e-01
7.000000000000001e-02 4.813669471387935e-02 9.453331689605253e-01
7.500000000000000e-02 5.172971154815675e-02 9.453331692969177e-01
8.000000000000000e-02 5.535506113609672e-02 9.453331696717496e-01
8.500000000000001e-02 5.901500943920686e-02 9.453331700905493e-01
9.000000000000000e-02 6.271184404431801e-02 9.453331705522856e-01
9.500000000000000e-02 6.644787559340060e-02 9.453331710536952e-01
1.000000000000000e-01 7.022543922779090e-02 9.453331715845971e-01
1.050000000000000e-01 7.404689604773053e-02 9.453331721518757e-01
1.100000000000000e-01 7.791463458813094e-02 9.453331727426983e-01
1.150000000000000e-01 8.183107231148547e-02 9.453331733612715e-01
1.200000000000000e-01 8.579865711886202e-02 9.453331740279886e-01
1.250000000000000e-01 8.981986887992111e-02 9.453331747614245e-01
1.300000000000000e-01 9.389722098291493e-02 9.453331755482950e-01
1.350000000000000e-01 9.803326190563690e-02 9.453331763960299e-01
1.400000000000000e-01 1.022305768083033e-01 9.453331773053478e-01
1.450000000000000e-01 1.064917891493625e-01 9.453331782610568e-01
1.500000000000000e-01 1.108195623252418e-01 9.453331792968543e-01
1.550000000000000e-01 1.152166013350572e-01 9.453331804271757e-01
1.600000000000000e-01 1.196856544713255e-01 9.453331816210693e-01
1.650000000000000e-01 1.242295150377370e-01 9.453331828897814e-01
1.700000000000000e-01 1.288510230950609e-01 9.453331842735803e-01
1.750000000000000e-01 1.335530672362758e-01 9.453331857691278e-01
1.800000000000000e-01 1.383385863920344e-01 9.453331873589728e-01
1.850000000000000e-01 1.432105716675912e-01 9.453331890535929e-01
1.900000000000000e-01 1.481720682123397e-01 9.453331908761902e-01
1.950000000000000e-01 1.532261771231311e-01 9.453331928219639e-01
2.000000000000000e-01 1.583760573825595e-01 9.453331949357482e-01
2.050000000000000e-01 1.636249278334301e-01 9.453331971981522e-01
2.100000000000000e-01 1.689760691906397e-01 9.453331996243342e-01
2.150000000000000e-01 1.744328260917313e-01 9.453332022371355e-01
2.200000000000000e-01 1.799986091874004e-01 9.453332050509443e-01
2.250000000000000e-01 1.856768972732633e-01 9.453332081066134e-01
2.300000000000000e-01 1.914712394642179e-01 9.453332114306949e-01
2.350000000000000e-01 1.973852574127551e-01 9.453332150534494e-01
2.400000000000000e-01 2.034226475726105e-01 9.453332189874861e-01
2.450000000000000e-01 2.095871835091678e-01 9.453332232634948e-01
2.500000000000000e-01 2.158827182580599e-01 9.453332278771988e-01
2.550000000000000e-01 2.223131867334419e-01 9.453332328547288e-01
2.600000000000000e-01 2.288826081874405e-01 9.453332382789005e-01
2.650000000000000e-01 2.355950887223172e-01 9.453332442466355e-01
2.700000000000000e-01 2.424548238569160e-01 9.453332507148230e-01
2.750000000000000e-01 2.494661011489995e-01 9.453332577760033e-01
2.800000000000000e-01 2.566333028751116e-01 9.453332655722076e-01
2.850000000000000e-01 2.639609087696434e-01 9.453332741494573e-01
2.900000000000000e-01 2.714534988248126e-01 9.453332835754199e-01
2.950000000000000e-01 2.791157561533084e-01 9.453332939459488e-01
3.000000000000000e-01 2.869524699153886e-01 9.453333053423907e-01
3.050000000000000e-01 2.949685383122613e-01 9.453333178751827e-01
3.100000000000000e-01 3.031689716476197e-01 9.453333317768045e-01
3.150000000000000e-01 3.115588954592450e-01 9.453333471445255e-01
3.200000000000000e-01 3.201435537226349e-01 9.453333642591636e-01
3.250000000000000e-01 3.289283121286580e-01 9.453333833746528e-01
3.300000000000000e-01 3.379186614372866e-01 9.453334046695967e-01
3.350000000000000e-01 3.471202209094989e-01 9.453334283569600e-01
3.400000000000000e-01 3.565387418195016e-01 9.453334548389029e-01
3.450000000000000e-01 3.661801110494620e-01 9.453334846695063e-01
3.500000000000000e-01 3.760503547690021e-01 9.453335181602585e-01
3.550000000000000e-01 3.861556422017504e-01 9.453335558275303e-01
3.600000000000000e-01 3.965022894813072e-01 9.453335982824995e-01
3.650000000000000e-01 4.070967635990345e-01 9.453336463509923e-01
3.700000000000000e-01 4.179456864461349e-01 9.453337008521944e-01
3.750000000000000e-01 4.290558389525505e-01 9.453337627526098e-01
3.800000000000000e-01 4.404341653252637e-01 9.453338332466773e-01
3.850000000000000e-01 4.520877773886537e-01 9.453339136250928e-01
3.900000000000000e-01 4.640239590296172e-01 9.453340056530302e-01
3.950000000000000e-01 4.762501707502353e-01 9.453341111329623e-01
4.000000000000000e-01 4.887740543308307e-01 9.453342324382740e-01
4.050000000000000e-01 5.016034376063282e-01 9.453343722470693e-01
4.100000000000000e-01 5.147463393589066e-01 9.453345336501576e-01
4.150000000000000e-01 5.282109743299990e-01 9.453347205156002e-01
4.200000000000000e-01 5.420057583547735e-01 9.453349373662620e-01
4.250000000000000e-01 5.561393136223041e-01 9.453351897943552e-01
4.300000000000000e-01 5.706204740647189e-01 9.453354842261869e-01
4.350000000000000e-01 5.854582908786964e-01 9.453358287191677e-01
4.400000000000000e-01 6.006620381827575e-01 9.453362325330558e-01
4.450000000000000e-01 6.162412188138907e-01 9.453367070264586e-01
4.500000000000000e-01 6.322055702671360e-01 9.453372663428393e-01
4.550000000000000e-01 6.485650707818353e-01 9.453379268353396e-01
4.600000000000000e-01 6.653299455783577e-01 9.453387092225540e-01
4.650000000000000e-01 6.825106732491932e-01 9.453396380360647e-01
4.700000000000000e-01 7.001179923084168e-01 9.453407432429699e-01
4.750000000000000e-01 7.181629079036070e-01 9.453420619538805e-01
4.800000000000000e-01 7.366566986944229e-01 9.453436385427674e-01
4.850000000000000e-01 7.556109239021327e-01 9.453455285808061e-01
4.900000000000000e-01 7.750374305345038e-01 9.453477991121768e-01
4.950000000000000e-01 7.949483607905672e-01 9.453505326630083e-01
5.000000000000000e-01 8.153561596498893e-01 9.453538316638841e-01
5.050000000000000e-01 8.362735826510871e-01 9.453578201231021e-01
5.100000000000000e-01 8.577137038644561e-01 9.453626528556739e-01
5.150000000000000e-01 8.796899240636907e-01 9.453685195469168e-01
5.200000000000000e-01 9.022159791018011e-01 9.453756530453838e-01
5.250000000000000e-01 9.253059484964714e-01 9.453843433312891e-01
5.300000000000000e-01 9.489742642302165e-01 9.453949443685901e-01
5.350000000000000e-01 9.732357197708378e-01 9.454078941313656e-01
5.400000000000000e-01 9.981054793178262e-01 9.454237335209422e-01
5.450000000000000e-01 1.023599087280478e+00 9.454431229139807e-01
5.500000000000000e-01 1.049732477993657e+00 9.454668782771509e-01
5.550000000000000e-01 1.076521985677273e+00 9.454959978992872e-01
5.600000000000001e-01 1.103984354645701e+00 9.455316967844460e-01
5.650000000000001e-01 1.132136749773522e+00 9.455754623093237e-01
5.700000000000001e-01 1.160996767224129e+00 9.456290921512777e-01
5.750000000000001e-01 1.190582445447902e+00 9.456947503682266e-01
5.800000000000000e-01 1.220912276456826e+00 9.457750405298996e-01
5.850000000000000e-01 1.252005217382601e+00 9.458730478329643e-01
5.900000000000000e-01 1.283880702325469e+00 9.459924015237643e-01
5.950000000000000e-01 1.316558654501151e+00 9.461373395010600e-01
6.000000000000000e-01 1.350059498693518e+00 9.463127098780229e-01
6.050000000000000e-01 1.384404174020732e+00 9.465239699302829e-01
6.100000000000000e-01 1.419614147022888e+00 9.467771512930917e-01
6.150000000000000e-01 1.455711425079295e+00 9.470786913861049e-01
6.200000000000000e-01 1.492718570163803e+00 9.474351914652646e-01
6.250000000000000e-01 1.530658712946775e+00 9.478530804424334e-01
6.300000000000000e-01 1.569555567252506e+00 9.483380442626810e-01
6.350000000000000e-01 1.609433444881138e+00 9.488942764936369e-01
6.400000000000000e-01 1.650317270804325e+00 9.495236152730332e-01
6.450000000000000e-01 1.692232598744148e+00 9.502244644232227e-01
6.500000000000000e-01 1.735205627145031e+00 9.509905908640727e-01
6.550000000000000e-01 1.779263215548615e+00 9.518100911477160e-01
6.600000000000000e-01 1.824432901381847e+00 9.526646966635349e-01
6.650000000000000e-01 1.870742917168772e+00 9.535296677010510e-01
6.700000000000000e-01 1.918222208176775e+00 9.543748232533062e-01
6.750000000000000e-01 1.966900450508319e+00 9.551671431932865e-01
6.800000000000000e-01 2.016808069649473e+00 9.558749435195704e-01
6.850000000000001e-01 2.067976259486829e+00 9.564732818579050e-01
6.900000000000001e-01 2.120437001804702e+00 9.569498272098338e-01
6.950000000000001e-01 2.174223086274785e+00 9.573098623965991e-01
7.000000000000001e-01 2.229368130950753e+00 9.575789210819025e-01
7.050000000000000e-01 2.285906603280654e+00 9.578020906195659e-01
7.100000000000000e-01 2.343873841650178e+00 9.580398774806812e-01
7.150000000000000e-01 2.403306077470301e+00 9.583613503860223e-01
7.200000000000000e-01 2.464240457823092e+00 9.588359050578340e-01
7.250000000000000e-01 2.526715068679855e+00 9.595252588768586e-01
7.300000000000000e-01 2.590768958706095e+00 9.604770262527186e-01
7.350000000000000e-01 2.656442163668210e+00 9.617205870181900e-01
7.400000000000000e-01 2.723775731457148e+00 9.632652991306441e-01
7.450000000000000e-01 2.792811747744667e+00 9.651006648458378e-01
7.500000000000000e-01 2.863593362288260e+00 9.671978646761840e-01
7.550000000000000e-01 2.936164815901156e+00 9.695120742477553e-01
7.600000000000000e-01 3.010571468104263e+00 9.719851184790933e-01
7.650000000000000e-01 3.086859825477351e+00 9.745482307851743e-01
7.700000000000000e-01 3.165077570727174e+00 9.771249295429382e-01
7.750000000000000e-01 3.245273592490716e+00 9.796343029207224e-01
7.800000000000000e-01 3.327498015892184e+00 9.819953121382385e-01
7.850000000000000e-01 3.411802233872832e+00 9.841329307426029e-01
7.900000000000000e-01 3.498238939313234e+00 9.859866589145583e-01
7.950000000000000e-01 3.586862157968046e+00 9.875208359511585e-01
8.000000000000000e-01 3.677727282233856e+00 9.887343708006791e-01
8.050000000000000e-01 3.770891105771243e+00 9.896659638462533e-01
8.100000000000001e-01 3.866411859002656e+00 9.903909458929232e-01
8.150000000000001e-01 3.964349245508326e+00 9.910082188926176e-01
8.200000000000001e-01 4.064764479342956e+00 9.916196761969156e-01
8.250000000000001e-01 4.167720323296481e+00 9.923079347880759e-01
8.300000000000001e-01 4.273281128122877e+00 9.931193553210662e-01
8.350000000000000e-01 4.381512872761445e+00 9.940575792871826e-01
8.400000000000000e-01 4.492483205575838e+00 9.950890498934891e-01
8.450000000000000e-01 4.606261486636447e+00 9.961578360813723e-01
8.500000000000000e-01 4.722918831072739e+00 9.972041494114404e-01
8.550000000000000e-01 4.842528153522501e+00 9.981802861653932e-01
8.600000000000000e-01 4.965164213705875e+00 9.990595002987941e-01
8.650000000000000e-01 5.090903663152626e+00 9.998366216682851e-01
8.700000000000000e-01 5.219825093111814e+00 1.000522465543860e+00
8.750000000000000e-01 5.352009083673925e+00 1.001135774522387e+00
8.800000000000000e-01 5.487538254136007e+00 1.001696134015835e+00
8.850000000000000e-01 5.626497314641444e+00 1.002219687960177e+00
8.900000000000000e-01 5.768973119126561e+00 1.002717728244122e+00
8.950000000000000e-01 5.915054719607133e+00 1.003197189667628e+00
9.000000000000000e-01 6.064833421838831e+00 1.003661909474310e+00
9.050000000000000e-01 6.218402842386253e+00 1.004113866224849e+00
9.100000000000000e-01 6.375858967136348e+00 1.004554069383403e+00
9.150000000000000e-01 6.537300211292723e+00 1.004983081346671e+00
9.200000000000000e-01 6.702827480888332e+00 1.005401278647080e+00
9.250000000000000e-01 6.872544235855034e+00 1.005808965790935e+00
9.300000000000000e-01 7.046556554689444e+00 1.006206419048858e+00
9.350000000000001e-01 7.224973200755413e+00 1.006593901499258e+00
9.400000000000001e-01 7.407905690264673e+00 1.006971667735742e+00
9.450000000000001e-01 7.595468361978146e+00 1.007339965286809e+00
9.500000000000001e-01 7.787778448671316e+00 1.007699035102441e+00
9.550000000000001e-01 7.984956150408610e+00 1.008049111800939e+00
9.600000000000000e-01 8.187124709672272e+00 1.008390423857263e+00
9.650000000000000e-01 8.394410488393007e+00 1.008723193775243e+00
9.700000000000000e-01 8.606943046930221e+00 1.009047638252644e+00
9.750000000000000e-01 8.824855225051540e+00 1.009363968340908e+00
9.800000000000000e-01 9.048283224961922e+00 1.009672389600024e+00
9.850000000000000e-01 9.277366696434507e+00 1.009973102248736e+00
9.900000000000000e-01 9.512248824096272e+00 1.010266301310266e+00
9.950000000000000e-01 9.753076416923058e+00 1.010552176753690e+00
1.000000000000000e+00 1.000000000000000e+01 1.010830913631148e+00
