0.000000000000000e+00 0.000000000000000e+00 9.320119534988317e-01
5.000000000000000e-03 3.369477419287315e-03 9.320119547011738e-01
1.000000000000000e-02 6.741060871647481e-03 9.320119577457630e-01
1.500000000000000e-02 1.011685770649257e-02 9.320119625619717e-01
2.000000000000000e-02 1.349897790673588e-02 9.320119694488188e-01
2.500000000000000e-02 1.688953540759990e-02 9.320119786618691e-01
3.000000000000000e-02 2.029064941789469e-02 9.320119899881374e-01
3.500000000000000e-02 2.370444574459234e-02 9.320120032283038e-01
4.000000000000000e-02 2.713305812152553e-02 9.320120186326131e-01
4.500000000000000e-02 3.057862954304063e-02 9.320120360936561e-01
5.000000000000000e-02 3.404331360343898e-02 9.320120557323899e-01
5.500000000000000e-02 3.752927584304335e-02 9.320120776623959e-01
6.000000000000000e-02 4.103869510173117e-02 9.320121019477262e-01
6.500000000000000e-02 4.457376488078044e-02 9.320121286576768e-01
7.000000000000001e-02 4.813669471387935e-02 9.320121578077962e-01
7.500000000000000e-02 5.172971154815675e-02 9.320121896677998e-01
8.000000000000000e-02 5.535506113609672e-02 9.320122243624449e-01
8.500000000000001e-02 5.901500943920686e-02 9.320122618853821e-01
9.000000000000000e-02 6.271184404431801e-02 9.320123023973270e-01
9.500000000000000e-02 6.644787559340060e-02 9.320123460586306e-01
1.000000000000000e-01 7.022543922779090e-02 9.320123931752820e-01
1.050000000000000e-01 7.404689604773053e-02 9.320124436941195e-01
1.100000000000000e-01 7.791463458813094e-02 9.320124979139550e-01
1.150000000000000e-01 8.183107231148547e-02 9.320125560902078e-01
1.200000000000000e-01 8.579865711886202e-02 9.320126183600040e-01
1.250000000000000e-01 8.981986887992111e-02 9.320126850180338e-01
1.300000000000000e-01 9.389722098291493e-02 9.320127560219513e-01
1.350000000000000e-01 9.803326190563690e-02 9.320128316169962e-01
1.400000000000000e-01 1.022305768083033e-01 9.320129123260467e-01
1.450000000000000e-01 1.064917891493625e-01 9.320129984074781e-01
1.500000000000000e-01 1.108195623252418e-01 9.320130903310310e-01
1.550000000000000e-01 1.152166013350572e-01 9.320131884889555e-01
1.600000000000000e-01 1.196856544713255e-01 9.320132932972679e-01
1.650000000000000e-01 1.242295150377370e-01 9.320134050842008e-01
1.700000000000000e-01 1.288510230950609e-01 9.320135241677527e-01
1.750000000000000e-01 1.335530672362758e-01 9.320136514908752e-01
1.800000000000000e-01 1.383385863920344e-01 9.320137875405586e-01
1.850000000000000e-01 1.432105716675912e-01 9.320139327307121e-01
1.900000000000000e-01 1.481720682123397e-01 9.320140877989763e-01
1.950000000000000e-01 1.532261771231311e-01 9.320142536041605e-01
2.000000000000000e-01 1.583760573825595e-01 9.320144307606343e-01
2.050000000000000e-01 1.636249278334301e-01 9.320146199678329e-01
2.100000000000000e-01 1.689760691906397e-01 9.320148223002852e-01
2.150000000000000e-01 1.744328260917313e-01 9.320150389479031e-01
2.200000000000000e-01 1.799986091874004e-01 9.320152710299306e-01
2.250000000000000e-01 1.856768972732633e-01 9.320155200558820e-01
2.300000000000000e-01 1.914712394642179e-01 9.320157874372730e-01
2.350000000000000e-01 1.973852574127551e-01 9.320160744479870e-01
2.400000000000000e-01 2.034226475726105e-01 9.320163828875448e-01
2.450000000000000e-01 2.095871835091678e-01 9.320167144173366e-01
2.500000000000000e-01 2.158827182580599e-01 9.320170710538793e-01
2.550000000000000e-01 2.223131867334419e-01 9.320174552157587e-01
2.600000000000000e-01 2.288826081874405e-01 9.320178691853682e-01
2.650000000000000e-01 2.355950887223172e-01 9.320183157599162e-01
2.700000000000000e-01 2.424548238569160e-01 9.320187984840173e-01
2.750000000000000e-01 2.494661011489995e-01 9.320193203904200e-01
2.800000000000000e-01 2.566333028751116e-01 9.320198851955778e-01
2.850000000000000e-01 2.639609087696434e-01 9.320204972389307e-01
2.900000000000000e-01 2.714534988248126e-01 9.320211609433259e-01
2.950000000000000e-01 2.791157561533084e-01 9.320218813817261e-01
3.000000000000000e-01 2.869524699153886e-01 9.320226648652418e-01
3.050000000000000e-01 2.949685383122613e-01 9.320235183133945e-01
3.100000000000000e-01 3.031689716476197e-01 9.320244481614935e-01
3.150000000000000e-01 3.115588954592450e-01 9.320254623466122e-01
3.200000000000000e-01 3.201435537226349e-01 9.320265705069881e-01
3.250000000000000e-01 3.289283121286580e-01 9.320277835597476e-01
3.300000000000000e-01 3.379186614372866e-01 9.320291126461239e-01
3.350000000000000e-01 3.471202209094989e-01 9.320305707813317e-01
3.400000000000000e-01 3.565387418195016e-01 9.320321726296353e-01
3.450000000000000e-01 3.661801110494620e-01 9.320339347438744e-01
3.500000000000000e-01 3.760503547690021e-01 9.320358765021043e-01
3.550000000000000e-01 3.861556422017504e-01 9.320380186650837e-01
3.600000000000000e-01 3.965022894813072e-01 9.320403864385969e-01
3.650000000000000e-01 4.070967635990345e-01 9.320430070756621e-01
3.700000000000000e-01 4.179456864461349e-01 9.320459119127911e-01
3.750000000000000e-01 4.290558389525505e-01 9.320491370381617e-01
3.800000000000000e-01 4.404341653252637e-01 9.320527225989378e-01
3.850000000000000e-01 4.520877773886537e-01 9.320567161788816e-01
3.900000000000000e-01 4.640239590296172e-01 9.320611703298560e-01
3.950000000000000e-01 4.762501707502353e-01 9.320661467965644e-01
4.000000000000000e-01 4.887740543308307e-01 9.320717150231805e-01
4.050000000000000e-01 5.016034376063282e-01 9.320779545506793e-01
4.100000000000000e-01 5.147463393589066e-01 9.320849595854669e-01
4.150000000000000e-01 5.282109743299990e-01 9.320928354081686e-01
4.200000000000000e-01 5.420057583547735e-01 9.321017035995680e-01
4.250000000000000e-01 5.561393136223041e-01 9.321117038145768e-01
4.300000000000000e-01 5.706204740647189e-01 9.321229993999026e-01
4.350000000000000e-01 5.854582908786964e-01 9.321357779015492e-01
4.400000000000000e-01 6.006620381827575e-01 9.321502528607537e-01
4.450000000000000e-01 6.162412188138907e-01 9.321666753393710e-01
4.500000000000000e-01 6.322055702671360e-01 9.321853318134287e-01
4.550000000000000e-01 6.485650707818353e-01 9.322065549499243e-01
4.600000000000000e-01 6.653299455783577e-01 9.322307302383972e-01
4.650000000000000e-01 6.825106732491932e-01 9.322582990762935e-01
4.700000000000000e-01 7.001179923084168e-01 9.322897769228727e-01
4.750000000000000e-01 7.181629079036070e-01 9.323257541936977e-01
4.800000000000000e-01 7.366566986944229e-01 9.323669129724740e-01
4.850000000000000e-01 7.556109239021327e-01 9.324140431547193e-01
4.900000000000000e-01 7.750374305345038e-01 9.324680459807256e-01
4.950000000000000e-01 7.949483607905672e-01 9.325299640116395e-01
5.000000000000000e-01 8.153561596498893e-01 9.326009895698597e-01
5.050000000000000e-01 8.362735826510871e-01 9.326824802432242e-01
5.100000000000000e-01 8.577137038644561e-01 9.327759931951204e-01
5.150000000000000e-01 8.796899240636907e-01 9.328832853876408e-01
5.200000000000000e-01 9.022159791018011e-01 9.330063421296322e-01
5.250000000000000e-01 9.253059484964714e-01 9.331474019668895e-01
5.300000000000000e-01 9.489742642302165e-01 9.333089457202556e-01
5.350000000000000e-01 9.732357197708378e-01 9.334937254424729e-01
5.400000000000000e-01 9.981054793178262e-01 9.337047597507497e-01
5.450000000000000e-01 1.023599087280478e+00 9.339452940084961e-01
5.500000000000000e-01 1.049732477993657e+00 9.342187989652748e-01
5.550000000000000e-01 1.076521985677273e+00 9.345289014846150e-01
5.600000000000001e-01 1.103984354645701e+00 9.348792723348098e-01
5.650000000000001e-01 1.132136749773522e+00 9.352735413545111e-01
5.700000000000001e-01 1.160996767224129e+00 9.357151094477596e-01
5.750000000000001e-01 1.190582445447902e+00 9.362068959566670e-01
5.800000000000000e-01 1.220912276456826e+00 9.367511065491940e-01
5.850000000000000e-01 1.252005217382601e+00 9.373488805418234e-01
5.900000000000000e-01 1.283880702325469e+00 9.379998555387443e-01
5.950000000000000e-01 1.316558654501151e+00 9.387017865000239e-01
6.000000000000000e-01 1.350059498693518e+00 9.394501100786736e-01
6.050000000000000e-01 1.384404174020732e+00 9.402374803154729e-01
6.100000000000000e-01 1.419614147022888e+00 9.410535024593267e-01
6.150000000000000e-01 1.455711425079295e+00 9.418846679821755e-01
6.200000000000000e-01 1.492718570163803e+00 9.427144968239594e-01
6.250000000000000e-01 1.530658712946775e+00 9.435241503252022e-01
6.300000000000000e-01 1.569555567252506e+00 9.442936367389445e-01
6.350000000000000e-01 1.609433444881138e+00 9.450035058919247e-01
6.400000000000000e-01 1.650317270804325e+00 9.456370201651151e-01
6.450000000000000e-01 1.692232598744148e+00 9.461827285010689e-01
6.500000000000000e-01 1.735205627145031e+00 9.466370404460978e-01
6.550000000000000e-01 1.779263215548615e+00 9.470062974038747e-01
6.600000000000000e-01 1.824432901381847e+00 9.473079685767448e-01
6.650000000000000e-01 1.870742917168772e+00 9.475706530758813e-01
6.700000000000000e-01 1.918222208176775e+00 9.478326718351284e-01
6.750000000000000e-01 1.966900450508319e+00 9.481393502593578e-01
6.800000000000000e-01 2.016808069649473e+00 9.485393948946657e-01
6.850000000000001e-01 2.067976259486829e+00 9.490808614751222e-01
6.900000000000001e-01 2.120437001804702e+00 9.498072087158178e-01
6.950000000000001e-01 2.174223086274785e+00 9.507539134675417e-01
7.000000000000001e-01 2.229368130950753e+00 9.519460010759351e-01
7.050000000000000e-01 2.285906603280654e+00 9.533966041483197e-01
7.100000000000000e-01 2.343873841650178e+00 9.551064436500213e-01
7.150000000000000e-01 2.403306077470301e+00 9.570640297136949e-01
7.200000000000000e-01 2.464240457823092e+00 9.592463779868184e-01
7.250000000000000e-01 2.526715068679855e+00 9.616200665297983e-01
7.300000000000000e-01 2.590768958706095e+00 9.641424941702829e-01
7.350000000000000e-01 2.656442163668210e+00 9.667632592185830e-01
7.400000000000000e-01 2.723775731457148e+00 9.694256696108720e-01
7.450000000000000e-01 2.792811747744667e+00 9.720685024822976e-01
7.500000000000000e-01 2.863593362288260e+00 9.746282369908412e-01
7.550000000000000e-01 2.936164815901156e+00 9.770420711794793e-01
7.600000000000000e-01 3.010571468104263e+00 9.792520519787981e-01
7.650000000000000e-01 3.086859825477351e+00 9.812104937593911e-01
7.700000000000000e-01 3.165077570727174e+00 9.828864124853286e-01
7.750000000000000e-01 3.245273592490716e+00 9.842719521365247e-01
7.800000000000000e-01 3.327498015892184e+00 9.853869742670324e-01
7.850000000000000e-01 3.411802233872832e+00 9.862796152294917e-01
7.900000000000000e-01 3.498238939313234e+00 9.870211749143557e-01
7.950000000000000e-01 3.586862157968046e+00 9.876952683808183e-01
8.000000000000000e-01 3.677727282233856e+00 9.883832153880068e-01
8.050000000000000e-01 3.770891105771243e+00 9.891492390451861e-01
8.100000000000001e-01 3.866411859002656e+00 9.900294211750507e-01
8.150000000000001e-01 3.964349245508326e+00 9.910273370723068e-01
8.200000000000001e-01 4.064764479342956e+00 9.921173003957409e-01
8.250000000000001e-01 4.167720323296481e+00 9.932539316414870e-01
8.300000000000001e-01 4.273281128122877e+00 9.943850381195664e-01
8.350000000000000e-01 4.381512872761445e+00 9.954640702997969e-01
8.400000000000000e-01 4.492483205575838e+00 9.964589084981287e-01
8.450000000000000e-01 4.606261486636447e+00 9.973552504879235e-01
8.500000000000000e-01 4.722918831072739e+00 9.981548211143193e-01
8.550000000000000e-01 4.842528153522501e+00 9.988702141581773e-01
8.600000000000000e-01 4.965164213705875e+00 9.995188038546171e-01
8.650000000000000e-01 5.090903663152626e+00 1.000117744836594e+00
8.700000000000000e-01 5.219825093111814e+00 1.000681042005377e+00
8.750000000000000e-01 5.352009083673925e+00 1.001218631913110e+00
8.800000000000000e-01 5.487538254136007e+00 1.001736805251382e+00
8.850000000000000e-01 5.626497314641444e+00 1.002239195040876e+00
8.900000000000000e-01 5.768973119126561e+00 1.002727774092852e+00
8.950000000000000e-01 5.915054719607133e+00 1.003203604301476e+00
9.000000000000000e-01 6.064833421838831e+00 1.003667301625636e+00
9.050000000000000e-01 6.218402842386253e+00 1.004119284103297e+00
9.100000000000000e-01 6.375858967136348e+00 1.004559887828616e+00
9.150000000000000e-01 6.537300211292723e+00 1.004989415077795e+00
9.200000000000000e-01 6.702827480888332e+00 1.005408152212388e+00
9.250000000000000e-01 6.872544235855034e+00 1.005816375744699e+00
9.300000000000000e-01 7.046556554689444e+00 1.006214354288018e+00
9.350000000000001e-01 7.224973200755413e+00 1.006602349227698e+00
9.400000000000001e-01 7.407905690264673e+00 1.006980615032794e+00
9.450000000000001e-01 7.595468361978146e+00 1.007349399473547e+00
9.500000000000001e-01 7.787778448671316e+00 1.007708943813118e+00
9.550000000000001e-01 7.984956150408610e+00 1.008059482989562e+00
9.600000000000000e-01 8.187124709672272e+00 1.008401245791476e+00
9.650000000000000e-01 8.394410488393007e+00 1.008734455028152e+00
9.700000000000000e-01 8.606943046930221e+00 1.009059327694525e+00
9.750000000000000e-01 8.824855225051540e+00 1.009376075131100e+00
9.800000000000000e-01 9.048283224961922e+00 1.009684903179064e+00
9.850000000000000e-01 9.277366696434507e+00 1.009986012330724e+00
9.900000000000000e-01 9.512248824096272e+00 1.010279597875449e+00
9.950000000000000e-01 9.753076416923058e+00 1.010565850041269e+00
1.000000000000000e+00 1.000000000000000e+01 1.010844954132273e+00
