0.000000000000000e+00 0.000000000000000e+00 8.543271144854546e-01
5.000000000000000e-03 3.369477419287315e-03 8.543281789209978e-01
1.000000000000000e-02 6.741060871647481e-03 8.543310201561384e-01
1.500000000000000e-02 1.011685770649257e-02 8.543357633721345e-01
2.000000000000000e-02 1.349897790673588e-02 8.543424208699250e-01
2.500000000000000e-02 1.688953540759990e-02 8.543510071847696e-01
3.000000000000000e-02 2.029064941789469e-02 8.543615334358404e-01
3.500000000000000e-02 2.370444574459234e-02 8.543740199530140e-01
4.000000000000000e-02 2.713305812152553e-02 8.543885015241505e-01
4.500000000000000e-02 3.057862954304063e-02 8.544050077246709e-01
5.000000000000000e-02 3.404331360343898e-02 8.544235710813263e-01
5.500000000000000e-02 3.752927584304335e-02 8.544442368078243e-01
6.000000000000000e-02 4.103869510173117e-02 8.544670412716278e-01
6.500000000000000e-02 4.457376488078044e-02 8.544920310592879e-01
7.000000000000001e-02 4.813669471387935e-02 8.545192623507142e-01
7.500000000000000e-02 5.172971154815675e-02 8.545487856926423e-01
8.000000000000000e-02 5.535506113609672e-02 8.545806595111700e-01
8.500000000000001e-02 5.901500943920686e-02 8.546149524129625e-01
9.000000000000000e-02 6.271184404431801e-02 8.546517347226599e-01
9.500000000000000e-02 6.644787559340060e-02 8.546910775381684e-01
1.000000000000000e-01 7.022543922779090e-02 8.547330610373365e-01
1.050000000000000e-01 7.404689604773053e-02 8.547777680856873e-01
1.100000000000000e-01 7.791463458813094e-02 8.548252806893143e-01
1.150000000000000e-01 8.183107231148547e-02 8.548756898931016e-01
1.200000000000000e-01 8.579865711886202e-02 8.549290893780422e-01
1.250000000000000e-01 8.981986887992111e-02 8.549855748636208e-01
1.300000000000000e-01 9.389722098291493e-02 8.550452535416421e-01
1.350000000000000e-01 9.803326190563690e-02 8.551082367777995e-01
1.400000000000000e-01 1.022305768083033e-01 8.551746350822075e-01
1.450000000000000e-01 1.064917891493625e-01 8.552445653350191e-01
1.500000000000000e-01 1.108195623252418e-01 8.553181462359069e-01
1.550000000000000e-01 1.152166013350572e-01 8.553954920593528e-01
1.600000000000000e-01 1.196856544713255e-01 8.554767303705870e-01
1.650000000000000e-01 1.242295150377370e-01 8.555619984307877e-01
1.700000000000000e-01 1.288510230950609e-01 8.556514305991311e-01
1.750000000000000e-01 1.335530672362758e-01 8.557451575636892e-01
1.800000000000000e-01 1.383385863920344e-01 8.558433164466934e-01
1.850000000000000e-01 1.432105716675912e-01 8.559460524417097e-01
1.900000000000000e-01 1.481720682123397e-01 8.560534999281273e-01
1.950000000000000e-01 1.532261771231311e-01 8.561658011977348e-01
2.000000000000000e-01 1.583760573825595e-01 8.562830959985857e-01
2.050000000000000e-01 1.636249278334301e-01 8.564055250979012e-01
2.100000000000000e-01 1.689760691906397e-01 8.565332367390848e-01
2.150000000000000e-01 1.744328260917313e-01 8.566663650746000e-01
2.200000000000000e-01 1.799986091874004e-01 8.568050495978627e-01
2.250000000000000e-01 1.856768972732633e-01 8.569494163654559e-01
2.300000000000000e-01 1.914712394642179e-01 8.570995918253901e-01
2.350000000000000e-01 1.973852574127551e-01 8.572557019656795e-01
2.400000000000000e-01 2.034226475726105e-01 8.574178587378374e-01
2.450000000000000e-01 2.095871835091678e-01 8.575861787971421e-01
2.500000000000000e-01 2.158827182580599e-01 8.577607466834921e-01
2.550000000000000e-01 2.223131867334419e-01 8.579416454335879e-01
2.600000000000000e-01 2.288826081874405e-01 8.581289548071928e-01
2.650000000000000e-01 2.355950887223172e-01 8.583227273840984e-01
2.700000000000000e-01 2.424548238569160e-01 8.585230218480149e-01
2.750000000000000e-01 2.494661011489995e-01 8.587298607402285e-01
2.800000000000000e-01 2.566333028751116e-01 8.589432352896745e-01
2.850000000000000e-01 2.639609087696434e-01 8.591631438619839e-01
2.900000000000000e-01 2.714534988248126e-01 8.593895638916423e-01
2.950000000000000e-01 2.791157561533084e-01 8.596224313211698e-01
3.000000000000000e-01 2.869524699153886e-01 8.598616617790344e-01
3.050000000000000e-01 2.949685383122613e-01 8.601071630658856e-01
3.100000000000000e-01 3.031689716476197e-01 8.603588044698817e-01
3.150000000000000e-01 3.115588954592450e-01 8.606164296795253e-01
3.200000000000000e-01 3.201435537226349e-01 8.608798690438797e-01
3.250000000000000e-01 3.289283121286580e-01 8.611489211569391e-01
3.300000000000000e-01 3.379186614372866e-01 8.614233688100478e-01
3.350000000000000e-01 3.471202209094989e-01 8.617029757074005e-01
3.400000000000000e-01 3.565387418195016e-01 8.619874893882556e-01
3.450000000000000e-01 3.661801110494620e-01 8.622766541880295e-01
3.500000000000000e-01 3.760503547690021e-01 8.625702050996857e-01
3.550000000000000e-01 3.861556422017504e-01 8.628678863533193e-01
3.600000000000000e-01 3.965022894813072e-01 8.631694577191114e-01
3.650000000000000e-01 4.070967635990345e-01 8.634747003328840e-01
3.700000000000000e-01 4.179456864461349e-01 8.637834401520730e-01
3.750000000000000e-01 4.290558389525505e-01 8.640955541684503e-01
3.800000000000000e-01 4.404341653252637e-01 8.644109900370928e-01
3.850000000000000e-01 4.520877773886537e-01 8.647297892843538e-01
3.900000000000000e-01 4.640239590296172e-01 8.650521017972486e-01
3.950000000000000e-01 4.762501707502353e-01 8.653782143367728e-01
4.000000000000000e-01 4.887740543308307e-01 8.657085747229498e-01
4.050000000000000e-01 5.016034376063282e-01 8.660438174821308e-01
4.100000000000000e-01 5.147463393589066e-01 8.663847935092868e-01
4.150000000000000e-01 5.282109743299990e-01 8.667325966573758e-01
4.200000000000000e-01 5.420057583547735e-01 8.670885965408878e-01
4.250000000000000e-01 5.561393136223041e-01 8.674544626211188e-01
4.300000000000000e-01 5.706204740647189e-01 8.678321920880857e-01
4.350000000000000e-01 5.854582908786964e-01 8.682241438468795e-01
4.400000000000000e-01 6.006620381827575e-01 8.686330486895587e-01
4.450000000000000e-01 6.162412188138907e-01 8.690620296105998e-01
4.500000000000000e-01 6.322055702671360e-01 8.695146293151955e-01
4.550000000000000e-01 6.485650707818353e-01 8.699947975243271e-01
4.600000000000000e-01 6.653299455783577e-01 8.705068908743439e-01
4.650000000000000e-01 6.825106732491932e-01 8.710556899648465e-01
4.700000000000000e-01 7.001179923084168e-01 8.716463589081405e-01
4.750000000000000e-01 7.181629079036070e-01 8.722844035296659e-01
4.800000000000000e-01 7.366566986944229e-01 8.729756715166200e-01
4.850000000000000e-01 7.556109239021327e-01 8.737262953916927e-01
4.900000000000000e-01 7.750374305345038e-01 8.745425951059823e-01
4.950000000000000e-01 7.949483607905672e-01 8.754310414905669e-01
5.000000000000000e-01 8.153561596498893e-01 8.763982065513397e-01
5.050000000000000e-01 8.362735826510871e-01 8.774506269800664e-01
5.100000000000000e-01 8.577137038644561e-01 8.785946946576377e-01
5.150000000000000e-01 8.796899240636907e-01 8.798366140048695e-01
5.200000000000000e-01 9.022159791018011e-01 8.811822980597989e-01
5.250000000000000e-01 9.253059484964714e-01 8.826371933258967e-01
5.300000000000000e-01 9.489742642302165e-01 8.842061679176141e-01
5.350000000000000e-01 9.732357197708378e-01 8.858934646248793e-01
5.400000000000000e-01 9.981054793178262e-01 8.877025906009233e-01
5.450000000000000e-01 1.023599087280478e+00 8.896361372235040e-01
5.500000000000000e-01 1.049732477993657e+00 8.916956511716694e-01
5.550000000000000e-01 1.076521985677273e+00 8.938815887696839e-01
5.600000000000001e-01 1.103984354645701e+00 8.961932567619543e-01
5.650000000000001e-01 1.132136749773522e+00 8.986286792815557e-01
5.700000000000001e-01 1.160996767224129e+00 9.011844478361093e-01
5.750000000000001e-01 1.190582445447902e+00 9.038556337941567e-01
5.800000000000000e-01 1.220912276456826e+00 9.066357636278121e-01
5.850000000000000e-01 1.252005217382601e+00 9.095167947608899e-01
5.900000000000000e-01 1.283880702325469e+00 9.124890534988334e-01
5.950000000000000e-01 1.316558654501151e+00 9.155411552909399e-01
6.000000000000000e-01 1.350059498693518e+00 9.186599482663297e-01
6.050000000000000e-01 1.384404174020732e+00 9.218305053512060e-01
6.100000000000000e-01 1.419614147022888e+00 9.250361675616599e-01
6.150000000000000e-01 1.455711425079295e+00 9.282586296486020e-01
6.200000000000000e-01 1.492718570163803e+00 9.314780683222610e-01
6.250000000000000e-01 1.530658712946775e+00 9.346733253418523e-01
6.300000000000000e-01 1.569555567252506e+00 9.378221650639230e-01
6.350000000000000e-01 1.609433444881138e+00 9.409016295956177e-01
6.400000000000000e-01 1.650317270804325e+00 9.438885124748920e-01
6.450000000000000e-01 1.692232598744148e+00 9.467599685991992e-01
6.500000000000000e-01 1.735205627145031e+00 9.494942716512552e-01
6.550000000000000e-01 1.779263215548615e+00 9.520717197377283e-01
6.600000000000000e-01 1.824432901381847e+00 9.544756733720653e-01
6.650000000000000e-01 1.870742917168772e+00 9.566936859701962e-01
6.700000000000000e-01 1.918222208176775e+00 9.587186562087948e-01
6.750000000000000e-01 1.966900450508319e+00 9.605498964475478e-01
6.800000000000000e-01 2.016808069649473e+00 9.621939777812576e-01
6.850000000000001e-01 2.067976259486829e+00 9.636651890597038e-01
6.900000000000001e-01 2.120437001804702e+00 9.649854454284754e-01
6.950000000000001e-01 2.174223086274785e+00 9.661835119268665e-01
7.000000000000001e-01 2.229368130950753e+00 9.672934750194564e-01
7.050000000000000e-01 2.285906603280654e+00 9.683524963811192e-01
7.100000000000000e-01 2.343873841650178e+00 9.693980045767112e-01
7.150000000000000e-01 2.403306077470301e+00 9.704645978682434e-01
7.200000000000000e-01 2.464240457823092e+00 9.715810178912156e-01
7.250000000000000e-01 2.526715068679855e+00 9.727675862452324e-01
7.300000000000000e-01 2.590768958706095e+00 9.740344623734550e-01
7.350000000000000e-01 2.656442163668210e+00 9.753809843226625e-01
7.400000000000000e-01 2.723775731457148e+00 9.767962099244760e-01
7.450000000000000e-01 2.792811747744667e+00 9.782606083178215e-01
7.500000000000000e-01 2.863593362288260e+00 9.797486864538649e-01
7.550000000000000e-01 2.936164815901156e+00 9.812321967356222e-01
7.600000000000000e-01 3.010571468104263e+00 9.826834818956812e-01
7.650000000000000e-01 3.086859825477351e+00 9.840784895794481e-01
7.700000000000000e-01 3.165077570727174e+00 9.853990432260995e-01
7.750000000000000e-01 3.245273592490716e+00 9.866340867262392e-01
7.800000000000000e-01 3.327498015892184e+00 9.877798087660838e-01
7.850000000000000e-01 3.411802233872832e+00 9.888387602965548e-01
7.900000000000000e-01 3.498238939313234e+00 9.898182553561077e-01
7.950000000000000e-01 3.586862157968046e+00 9.907284461950314e-01
8.000000000000000e-01 3.677727282233856e+00 9.915804648610425e-01
8.050000000000000e-01 3.770891105771243e+00 9.923849334383756e-01
8.100000000000001e-01 3.866411859002656e+00 9.931510005713475e-01
8.150000000000001e-01 3.964349245508326e+00 9.938859120955076e-01
8.200000000000001e-01 4.064764479342956e+00 9.945950110517189e-01
8.250000000000001e-01 4.167720323296481e+00 9.952820085688008e-01
8.300000000000001e-01 4.273281128122877e+00 9.959493694751799e-01
8.350000000000000e-01 4.381512872761445e+00 9.965986955870041e-01
8.400000000000000e-01 4.492483205575838e+00 9.972310410471928e-01
8.450000000000000e-01 4.606261486636447e+00 9.978471387487566e-01
8.500000000000000e-01 4.722918831072739e+00 9.984475455574624e-01
8.550000000000000e-01 4.842528153522501e+00 9.990327265249034e-01
8.600000000000000e-01 4.965164213705875e+00 9.996030993687700e-01
8.650000000000000e-01 5.090903663152626e+00 1.000159056001239e+00
8.700000000000000e-01 5.219825093111814e+00 1.000700972155771e+00
8.750000000000000e-01 5.352009083673925e+00 1.001229211435317e+00
8.800000000000000e-01 5.487538254136007e+00 1.001744126985693e+00
8.850000000000000e-01 5.626497314641444e+00 1.002246062246348e+00
8.900000000000000e-01 5.768973119126561e+00 1.002735351370965e+00
8.950000000000000e-01 5.915054719607133e+00 1.003212319536283e+00
9.000000000000000e-01 6.064833421838831e+00 1.003677283212168e+00
9.050000000000000e-01 6.218402842386253e+00 1.004130550415213e+00
9.100000000000000e-01 6.375858967136348e+00 1.004572420952192e+00
9.150000000000000e-01 6.537300211292723e+00 1.005003186655208e+00
9.200000000000000e-01 6.702827480888332e+00 1.005423131609152e+00
9.250000000000000e-01 6.872544235855034e+00 1.005832532371842e+00
9.300000000000000e-01 7.046556554689444e+00 1.006231658187135e+00
9.350000000000001e-01 7.224973200755413e+00 1.006620771191281e+00
9.400000000000001e-01 7.407905690264673e+00 1.007000126612756e+00
9.450000000000001e-01 7.595468361978146e+00 1.007369972965842e+00
9.500000000000001e-01 7.787778448671316e+00 1.007730552238165e+00
9.550000000000001e-01 7.984956150408610e+00 1.008082100072412e+00
9.600000000000000e-01 8.187124709672272e+00 1.008424845942455e+00
9.650000000000000e-01 8.394410488393007e+00 1.008759013324064e+00
9.700000000000000e-01 8.606943046930221e+00 1.009084819860409e+00
9.750000000000000e-01 8.824855225051540e+00 1.009402477522542e+00
9.800000000000000e-01 9.048283224961922e+00 1.009712192765025e+00
9.850000000000000e-01 9.277366696434507e+00 1.010014166676880e+00
9.900000000000000e-01 9.512248824096272e+00 1.010308595128024e+00
9.950000000000000e-01 9.753076416923058e+00 1.010595668911339e+00
1.000000000000000e+00 1.000000000000000e+01 1.010875573880526e+00
