0.000000000000000e+00 0.000000000000000e+00 1.124555764695978e-03
3.125000000000000e-03 3.369263549427258e-03 1.124563942852254e-03
6.250000000000000e-03 6.739349689698711e-03 1.124596397370860e-03
9.375000000000001e-03 1.011108121249049e-02 1.124650521253382e-03
1.250000000000000e-02 1.348528131119160e-02 1.124726372856493e-03
1.562500000000000e-02 1.686277378188298e-02 1.124824034514510e-03
1.875000000000000e-02 2.024438322446370e-02 1.124943615043642e-03
2.187500000000000e-02 2.363093524397333e-02 1.125085244541973e-03
2.500000000000000e-02 2.702325665215984e-02 1.125249067122688e-03
2.812500000000000e-02 3.042217566934200e-02 1.125435252768984e-03
3.125000000000000e-02 3.382852212661575e-02 1.125643999556026e-03
3.437500000000000e-02 3.724312766845378e-02 1.125875527514994e-03
3.750000000000001e-02 4.066682595574785e-02 1.126130085213968e-03
4.062500000000000e-02 4.410045286934348e-02 1.126407944051319e-03
4.375000000000000e-02 4.754484671411652e-02 1.126709401693317e-03
4.687500000000000e-02 5.100084842364160e-02 1.127034780748140e-03
5.000000000000000e-02 5.446930176550237e-02 1.127384429945134e-03
5.312500000000001e-02 5.795105354729364e-02 1.127758724336841e-03
5.625000000000000e-02 6.144695382336569e-02 1.128158065920152e-03
5.937500000000000e-02 6.495785610236132e-02 1.128582884155113e-03
6.250000000000000e-02 6.848461755559625e-02 1.129033636560426e-03
6.562500000000000e-02 7.202809922633362e-02 1.129510809334504e-03
6.875000000000001e-02 7.558916624000402e-02 1.130014918020018e-03
7.187500000000001e-02 7.916868801542200e-02 1.130546508209865e-03
7.500000000000001e-02 8.276753847705080e-02 1.131106156297387e-03
7.812500000000000e-02 8.638659626836727e-02 1.131694470272423e-03
8.125000000000000e-02 9.002674496637868e-02 1.132312090565066e-03
8.437500000000001e-02 9.368887329734420e-02 1.132959690939025e-03
8.750000000000001e-02 9.737387535375355e-02 1.133637979436602e-03
9.062500000000001e-02 1.010826508126157e-01 1.134347699377405e-03
9.375000000000000e-02 1.048161051551108e-01 1.135089630413034e-03
9.687500000000000e-02 1.085751498876601e-01 1.135864589640116e-03
1.000000000000000e-01 1.123607027644654e-01 1.136673432774214e-03
1.031250000000000e-01 1.161736880115753e-01 1.137517055387274e-03
1.062500000000000e-01 1.200150365525305e-01 1.138396394211443e-03
1.093750000000000e-01 1.238856862356450e-01 1.139312428512259e-03
1.125000000000000e-01 1.277865820629775e-01 1.140266181534389e-03
1.156250000000000e-01 1.317186764210495e-01 1.141258722023282e-03
1.187500000000000e-01 1.356829293133661e-01 1.142291165826306e-03
1.218750000000000e-01 1.396803085947971e-01 1.143364677577130e-03
1.250000000000000e-01 1.437117902078738e-01 1.144480472467366e-03
1.281250000000000e-01 1.477783584210617e-01 1.145639818109672e-03
1.312500000000000e-01 1.518810060690650e-01 1.146844036496798e-03
1.343750000000000e-01 1.560207347952229e-01 1.148094506061291e-03
1.375000000000000e-01 1.601985552960564e-01 1.149392663840858e-03
1.406250000000000e-01 1.644154875680252e-01 1.150740007754648e-03
1.437500000000000e-01 1.686725611565558e-01 1.152138098996033e-03
1.468750000000000e-01 1.729708154074000e-01 1.153588564547760e-03
1.500000000000000e-01 1.773112997203869e-01 1.155093099825685e-03
1.531250000000000e-01 1.816950738056289e-01 1.156653471457632e-03
1.562500000000000e-01 1.861232079422458e-01 1.158271520204275e-03
1.593750000000000e-01 1.905967832396682e-01 1.159949164029330e-03
1.625000000000000e-01 1.951168919015860e-01 1.161688401326712e-03
1.656250000000000e-01 1.996846374926046e-01 1.163491314312743e-03
1.687500000000000e-01 2.043011352076760e-01 1.165360072591891e-03
1.718750000000000e-01 2.089675121443681e-01 1.167296936905006e-03
1.750000000000000e-01 2.136849075780412e-01 1.169304263069432e-03
1.781250000000000e-01 2.184544732399964e-01 1.171384506120879e-03
1.812500000000000e-01 2.232773735986666e-01 1.173540224667444e-03
1.843750000000000e-01 2.281547861439151e-01 1.175774085466648e-03
1.875000000000000e-01 2.330879016745160e-01 1.178088868236917e-03
1.906250000000000e-01 2.380779245888810e-01 1.180487470715475e-03
1.937500000000000e-01 2.431260731791094e-01 1.182972913975166e-03
1.968750000000000e-01 2.482335799284277e-01 1.185548348013312e-03
2.000000000000000e-01 2.534016918120952e-01 1.188217057626304e-03
2.031250000000000e-01 2.586316706018478e-01 1.190982468584213e-03
2.062500000000000e-01 2.639247931739538e-01 1.193848154120332e-03
2.093750000000000e-01 2.692823518209576e-01 1.196817841751169e-03
2.125000000000000e-01 2.747056545671873e-01 1.199895420443033e-03
2.156250000000000e-01 2.801960254881028e-01 1.203084948141990e-03
2.187500000000000e-01 2.857548050335636e-01 1.206390659684565e-03
2.218750000000000e-01 2.913833503550930e-01 1.209816975107180e-03
2.250000000000000e-01 2.970830356372213e-01 1.213368508372944e-03
2.281250000000000e-01 3.028552524329863e-01 1.217050076534929e-03
2.312500000000000e-01 3.087014100036755e-01 1.220866709355668e-03
2.343750000000000e-01 3.146229356628902e-01 1.224823659403083e-03
2.375000000000000e-01 3.206212751250189e-01 1.228926412643530e-03
2.406250000000000e-01 3.266978928582008e-01 1.233180699553046e-03
2.437500000000000e-01 3.328542724418705e-01 1.237592506768209e-03
2.468750000000000e-01 3.390919169289667e-01 1.242168089298273e-03
2.500000000000000e-01 3.454123492128958e-01 1.246913983320362e-03
2.531250000000000e-01 3.518171123993401e-01 1.251837019579542e-03
2.562500000000000e-01 3.583077701830001e-01 1.256944337415422e-03
2.593750000000000e-01 3.648859072293631e-01 1.262243399436669e-03
2.625000000000000e-01 3.715531295615936e-01 1.267742006864265e-03
2.656250000000000e-01 3.783110649526354e-01 1.273448315563632e-03
2.687500000000000e-01 3.851613633226258e-01 1.279370852784689e-03
2.718750000000000e-01 3.921056971417164e-01 1.285518534627619e-03
2.750000000000000e-01 3.991457618383991e-01 1.291900684250390e-03
2.781250000000000e-01 4.062832762134377e-01 1.298527050831975e-03
2.812500000000000e-01 4.135199828595055e-01 1.305407829302640e-03
2.843750000000000e-01 4.208576485866312e-01 1.312553680849519e-03
2.875000000000000e-01 4.282980648535585e-01 1.319975754201941e-03
2.906250000000000e-01 4.358430482051222e-01 1.327685707696531e-03
2.937500000000000e-01 4.434944407157500e-01 1.335695732116800e-03
2.968750000000000e-01 4.512541104391968e-01 1.344018574295804e-03
3.000000000000000e-01 4.591239518646220e-01 1.352667561463215e-03
3.031250000000000e-01 4.671058863791195e-01 1.361656626309775e-03
3.062500000000000e-01 4.752018627368176e-01 1.371000332732410e-03
3.093750000000000e-01 4.834138575346580e-01 1.380713902212135e-03
3.125000000000000e-01 4.917438756949728e-01 1.390813240764022e-03
3.156250000000000e-01 5.001939509549778e-01 1.401314966383843e-03
3.187500000000000e-01 5.087661463633005e-01 1.412236436899239e-03
3.218750000000000e-01 5.174625547836644e-01 1.423595778114180e-03
3.250000000000000e-01 5.262852994058529e-01 1.435411912113861e-03
3.281250000000000e-01 5.352365342640750e-01 1.447704585572685e-03
3.312500000000000e-01 5.443184447628656e-01 1.460494397880371e-03
3.343750000000000e-01 5.535332482106405e-01 1.473802828870135e-03
3.375000000000000e-01 5.628831943610435e-01 1.487652265898086e-03
3.406250000000000e-01 5.723705659622137e-01 1.502066029983955e-03
3.437500000000000e-01 5.819976793141081e-01 1.517068400679942e-03
3.468750000000000e-01 5.917668848340161e-01 1.532684639286188e-03
3.500000000000000e-01 6.016805676304035e-01 1.548941009978119e-03
3.531250000000000e-01 6.117411480852264e-01 1.565864798352160e-03
3.562500000000000e-01 6.219510824448572e-01 1.583484326831917e-03
3.593750000000000e-01 6.323128634197650e-01 1.601828966306727e-03
3.625000000000000e-01 6.428290207931012e-01 1.620929143298273e-03
3.656250000000000e-01 6.535021220383342e-01 1.640816341868925e-03
3.687500000000000e-01 6.643347729460869e-01 1.661523099397748e-03
3.718750000000000e-01 6.753296182603294e-01 1.683082995257115e-03
3.750000000000000e-01 6.864893423240808e-01 1.705530631325445e-03
3.781250000000000e-01 6.978166697347804e-01 1.728901603170658e-03
3.812500000000000e-01 7.093143660094854e-01 1.753232460636204e-03
3.843750000000000e-01 7.209852382600603e-01 1.778560656458968e-03
3.875000000000000e-01 7.328321358785219e-01 1.804924481448734e-03
3.906250000000000e-01 7.448579512327029e-01 1.832362984665828e-03
3.937500000000000e-01 7.570656203724140e-01 1.860915876951399e-03
3.968750000000000e-01 7.694581237462648e-01 1.890623416099212e-03
4.000000000000000e-01 7.820384869293291e-01 1.921526271915482e-03
4.031250000000000e-01 7.948097813618253e-01 1.953665369402478e-03
4.062500000000000e-01 8.077751250989945e-01 1.987081708331884e-03
4.093750000000000e-01 8.209376835723596e-01 2.021816157556631e-03
4.125000000000000e-01 8.343006703625532e-01 2.057909222557939e-03
4.156250000000000e-01 8.478673479838968e-01 2.095400784952189e-03
4.187500000000000e-01 8.616410286809313e-01 2.134329813005825e-03
4.218750000000000e-01 8.756250752370857e-01 2.174734042642773e-03
4.250000000000000e-01 8.898229017956865e-01 2.216649628995174e-03
4.281250000000000e-01 9.042379746935050e-01 2.260110769261692e-03
4.312500000000000e-01 9.188738133070491e-01 2.305149298513344e-03
4.343750000000000e-01 9.337339909118028e-01 2.351794261137071e-03
4.375000000000000e-01 9.488221355546261e-01 2.400071461838453e-03
4.406250000000000e-01 9.641419309395265e-01 2.450003001536021e-03
4.437500000000000e-01 9.796971173270190e-01 2.501606805058233e-03
4.468750000000000e-01 9.954914924472941e-01 2.554896149273924e-03
4.500000000000000e-01 1.011528912427417e+00 2.609879202103895e-03
4.531250000000000e-01 1.027813292732786e+00 2.666558584710294e-03
4.562500000000000e-01 1.044348609123070e+00 2.724930970953045e-03
4.593750000000000e-01 1.061138898622882e+00 2.784986739825582e-03
4.625000000000000e-01 1.078188260507393e+00 2.846709697897765e-03
4.656250000000000e-01 1.095500857303154e+00 2.910076889643481e-03
4.687500000000000e-01 1.113080915804360e+00 2.975058513740962e-03
4.718750000000000e-01 1.130932728104805e+00 3.041617962828513e-03
4.750000000000000e-01 1.149060652645771e+00 3.109712002611954e-03
4.781250000000000e-01 1.167469115280130e+00 3.179291103517520e-03
4.812500000000000e-01 1.186162610352890e+00 3.250299934182795e-03
4.843750000000000e-01 1.205145701798475e+00 3.322678020970990e-03
4.875000000000000e-01 1.224423024254985e+00 3.396360571469983e-03
4.906250000000000e-01 1.243999284195726e+00 3.471279452798859e-03
4.937500000000000e-01 1.263879261078271e+00 3.547364307813025e-03
4.968750000000000e-01 1.284067808511348e+00 3.624543784409998e-03
5.000000000000000e-01 1.304569855439823e+00 3.702746845620975e-03
5.031250000000000e-01 1.325390407348082e+00 3.781904121613991e-03
5.062500000000000e-01 1.346534547482100e+00 3.861949259724777e-03
5.093750000000000e-01 1.368007438090487e+00 3.942820225708075e-03
5.125000000000001e-01 1.389814321684837e+00 4.024460508984395e-03
5.156250000000000e-01 1.411960522319654e+00 4.106820186988024e-03
5.187500000000000e-01 1.434451446892208e+00 4.189856808826910e-03
5.218750000000000e-01 1.457292586462593e+00 4.273536066130144e-03
5.250000000000000e-01 1.480489517594354e+00 4.357832228739203e-03
5.281250000000001e-01 1.504047903715979e+00 4.442728334152557e-03
5.312500000000000e-01 1.527973496503592e+00 4.528216131579181e-03
5.343750000000000e-01 1.552272137285215e+00 4.614295793250995e-03
5.375000000000000e-01 1.576949758466886e+00 4.700975416462220e-03
5.406250000000000e-01 1.602012384981041e+00 4.788270348915179e-03
5.437500000000001e-01 1.627466135757470e+00 4.876202376787795e-03
5.468750000000000e-01 1.653317225217225e+00 4.964798819130589e-03
5.500000000000000e-01 1.679571964789851e+00 5.054091573606498e-03
5.531250000000000e-01 1.706236764454286e+00 5.144116157280496e-03
5.562500000000000e-01 1.733318134303830e+00 5.234910782419305e-03
5.593750000000001e-01 1.760822686135563e+00 5.326515501504155e-03
5.625000000000000e-01 1.788757135064574e+00 5.418971448432681e-03
5.656250000000000e-01 1.817128301163438e+00 5.512320194791000e-03
5.687500000000000e-01 1.845943111127301e+00 5.606603231726106e-03
5.718750000000000e-01 1.875208599965003e+00 5.701861579918721e-03
5.750000000000001e-01 1.904931912716643e+00 5.798135522950391e-03
5.781250000000000e-01 1.935120306198011e+00 5.895464453372519e-03
5.812500000000000e-01 1.965781150772311e+00 5.993886816288915e-03
5.843750000000000e-01 1.996921932149593e+00 6.093440132388533e-03
5.875000000000000e-01 2.028550253214365e+00 6.194161081104862e-03
5.906250000000001e-01 2.060673835881802e+00 6.296085624799871e-03
5.937500000000000e-01 2.093300522983012e+00 6.399249156337196e-03
5.968750000000000e-01 2.126438280179837e+00 6.503686654811779e-03
6.000000000000001e-01 2.160095197909630e+00 6.609432837195869e-03
6.031250000000000e-01 2.194279493360494e+00 6.716522296899390e-03
6.062500000000001e-01 2.228999512477486e+00 6.824989623416664e-03
6.093750000000000e-01 2.264263732000228e+00 6.934869500093780e-03
6.125000000000000e-01 2.300080761532477e+00 7.046196779431511e-03
6.156250000000001e-01 2.336459345644116e+00 7.159006537150350e-03
6.187500000000000e-01 2.373408366006099e+00 7.273334107475098e-03
6.218750000000001e-01 2.410936843558884e+00 7.389215102795534e-03
6.250000000000000e-01 2.449053940714840e+00 7.506685421116413e-03
6.281250000000000e-01 2.487768963595221e+00 7.625781244633592e-03
6.312500000000001e-01 2.527091364302215e+00 7.746539032473195e-03
6.343750000000000e-01 2.567030743226622e+00 7.868995510204707e-03
6.375000000000001e-01 2.607596851391758e+00 7.993187658263344e-03
6.406250000000000e-01 2.648799592834118e+00 8.119152700945412e-03
6.437500000000000e-01 2.690649027021411e+00 8.246928097205730e-03
6.468750000000001e-01 2.733155371308524e+00 8.376551534104644e-03
6.500000000000000e-01 2.776329003432049e+00 8.508060923429124e-03
6.531250000000001e-01 2.820180464043967e+00 8.641494401746302e-03
6.562500000000000e-01 2.864720459285089e+00 8.776890333934433e-03
6.593750000000000e-01 2.909959863398929e+00 8.914287320070399e-03
6.625000000000001e-01 2.955909721386590e+00 9.053724205429237e-03
6.656250000000000e-01 3.002581251703353e+00 9.195240093264846e-03
6.687500000000001e-01 3.049985848997626e+00 9.338874359987356e-03
6.718750000000000e-01 3.098135086892879e+00 9.484666672326728e-03
6.750000000000000e-01 3.147040720813310e+00 9.632657006069323e-03
6.781250000000001e-01 3.196714690853871e+00 9.782885665969694e-03
6.812500000000000e-01 3.247169124695383e+00 9.935393306468941e-03
6.843750000000001e-01 3.298416340565477e+00 1.009022095288996e-02
6.875000000000000e-01 3.350468850246008e+00 1.024741002282421e-02
6.906250000000000e-01 3.403339362127777e+00 1.040700234747217e-02
6.937500000000001e-01 3.457040784313211e+00 1.056904019274661e-02
6.968750000000000e-01 3.511586227767823e+00 1.073356627999355e-02
7.000000000000001e-01 3.566989009521205e+00 1.090062380622753e-02
7.031250000000000e-01 3.623262655918307e+00 1.107025646381531e-02
7.062500000000000e-01 3.680420905921852e+00 1.124250845957473e-02
7.093750000000001e-01 3.738477714466631e+00 1.141742453328277e-02
7.125000000000000e-01 3.797447255866536e+00 1.159504997560822e-02
7.156250000000001e-01 3.857343927275175e+00 1.177543064550198e-02
7.187500000000000e-01 3.918182352200844e+00 1.195861298708959e-02
7.218750000000000e-01 3.979977384076828e+00 1.214464404611894e-02
7.250000000000001e-01 4.042744109887770e+00 1.233357148602071e-02
7.281250000000000e-01 4.106497853853101e+00 1.252544360364068e-02
7.312500000000001e-01 4.171254181168399e+00 1.272030934470244e-02
7.343750000000000e-01 4.237028901805528e+00 1.291821831905665e-02
7.375000000000000e-01 4.303838074372613e+00 1.311922081576949e-02
7.406250000000001e-01 4.371698010034643e+00 1.332336781809857e-02
7.437500000000000e-01 4.440625276495786e+00 1.353071101839966e-02
7.468750000000001e-01 4.510636702044332e+00 1.374130283300312e-02
7.500000000000000e-01 4.581749379661216e+00 1.395519641709383e-02
7.531250000000000e-01 4.653980671193226e+00 1.417244567962412e-02
7.562500000000001e-01 4.727348211591802e+00 1.439310529828517e-02
7.593750000000000e-01 4.801869913218528e+00 1.461723073455864e-02
7.625000000000001e-01 4.877563970218381e+00 1.484487824886725e-02
7.656250000000000e-01 4.954448862961714e+00 1.507610491584012e-02
7.687500000000000e-01 5.032543362556198e+00 1.531096863970682e-02
7.718750000000001e-01 5.111866535429675e+00 1.554952816983160e-02
7.750000000000000e-01 5.192437747985146e+00 1.579184311639838e-02
7.781250000000001e-01 5.274276671329015e+00 1.603797396625541e-02
7.812500000000000e-01 5.357403286073669e+00 1.628798209892781e-02
7.843750000000000e-01 5.441837887215693e+00 1.654192980280525e-02
7.875000000000001e-01 5.527601089090773e+00 1.679988029151165e-02
7.906250000000000e-01 5.614713830406605e+00 1.706189772046318e-02
7.937500000000001e-01 5.703197379355005e+00 1.732804720362068e-02
7.968750000000000e-01 5.793073338804412e+00 1.759839483044216e-02
8.000000000000000e-01 5.884363651574169e+00 1.787300768304111e-02
8.031250000000001e-01 5.977090605791737e+00 1.815195385355612e-02
8.062500000000000e-01 6.071276840334257e+00 1.843530246173717e-02
8.093750000000001e-01 6.166945350355728e+00 1.872312367275399e-02
8.125000000000000e-01 6.264119492901173e+00 1.901548871523193e-02
8.156250000000000e-01 6.362822992609162e+00 1.931246989952057e-02
8.187500000000001e-01 6.463079947504072e+00 1.961414063620040e-02
8.218750000000000e-01 6.564914834879517e+00 1.992057545483307e-02
8.250000000000001e-01 6.668352517274371e+00 2.023185002296045e-02
8.281250000000000e-01 6.773418248542846e+00 2.054804116535795e-02
8.312500000000000e-01 6.880137680020114e+00 2.086922688354757e-02
8.343750000000001e-01 6.988536866784961e+00 2.119548637557603e-02
8.375000000000000e-01 7.098642274021019e+00 2.152690005606370e-02
8.406250000000001e-01 7.210480783478133e+00 2.186354957652960e-02
8.437500000000000e-01 7.324079700035414e+00 2.220551784599834e-02
8.468750000000000e-01 7.439466758367605e+00 2.255288905189450e-02
8.500000000000001e-01 7.556670129716381e+00 2.290574868123002e-02
8.531250000000000e-01 7.675718428768239e+00 2.326418354209072e-02
8.562500000000001e-01 7.796640720640633e+00 2.362828178542726e-02
8.593750000000000e-01 7.919466527978115e+00 2.399813292715687e-02
8.625000000000000e-01 8.044225838160141e+00 2.437382787058137e-02
8.656250000000001e-01 8.170949110622363e+00 2.475545892912769e-02
8.687500000000000e-01 8.299667284293170e+00 2.514311984941689e-02
8.718750000000001e-01 8.430411785147284e+00 2.553690583466772e-02
8.750000000000000e-01 8.563214533878281e+00 2.593691356844090e-02
8.781250000000000e-01 8.698107953691880e+00 2.634324123873050e-02
8.812500000000001e-01 8.835124978221932e+00 2.675598856240843e-02
8.843750000000000e-01 8.974299059571019e+00 2.717525681002886e-02
8.875000000000001e-01 9.115664176477637e+00 2.760114883099856e-02
8.906250000000000e-01 9.259254842611947e+00 2.803376907912004e-02
8.937500000000000e-01 9.405106115002161e+00 2.847322363851400e-02
8.968750000000001e-01 9.553253602593529e+00 2.891962024992773e-02
9.000000000000000e-01 9.703733474942130e+00 2.937306833743634e-02
9.031250000000001e-01 9.856582471045494e+00 2.983367903554360e-02
9.062500000000000e-01 1.001183790831228e+01 3.030156521668946e-02
9.093750000000000e-01 1.016953769167313e+01 3.077684151917113e-02
9.125000000000001e-01 1.032972032283505e+01 3.125962437548507e-02
9.156250000000000e-01 1.049242490968134e+01 3.175003204109686e-02
9.187500000000001e-01 1.065769117581972e+01 3.224818462364659e-02
9.218750000000000e-01 1.082555947028058e+01 3.275420411259689e-02
9.250000000000000e-01 1.099607077736805e+01 3.326821440933129e-02
9.281250000000001e-01 1.116926672666618e+01 3.379034135771060e-02
9.312500000000000e-01 1.134518960320255e+01 3.432071277509479e-02
9.343750000000001e-01 1.152388235777201e+01 3.485945848383851e-02
9.375000000000000e-01 1.170538861742293e+01 3.540671034326792e-02
9.406250000000000e-01 1.188975269610854e+01 3.596260228214709e-02
9.437500000000001e-01 1.207701960550600e+01 3.652727033164211e-02
9.468750000000000e-01 1.226723506600578e+01 3.710085265879098e-02
9.500000000000001e-01 1.246044551787411e+01 3.768348960048799e-02
9.531250000000000e-01 1.265669813259115e+01 3.827532369799086e-02
9.562500000000000e-01 1.285604082436773e+01 3.887649973195945e-02
9.593750000000001e-01 1.305852226184337e+01 3.948716475803472e-02
9.625000000000000e-01 1.326419187996850e+01 4.010746814296674e-02
9.656250000000001e-01 1.347309989207381e+01 4.073756160130112e-02
9.687500000000000e-01 1.368529730212962e+01 4.137759923263255e-02
9.718750000000000e-01 1.390083591719824e+01 4.202773755943755e-02
9.750000000000001e-01 1.411976836008246e+01 4.268813556552094e-02
9.781250000000000e-01 1.434214808217320e+01 4.335895473542706e-02
9.812500000000001e-01 1.456802937649935e+01 4.404035909902743e-02
9.843750000000000e-01 1.479746739098328e+01 4.473251533342124e-02
9.875000000000000e-01 1.503051814190487e+01 4.543559353104212e-02
9.906250000000001e-01 1.526723852757770e+01 4.614977579609122e-02
9.937500000000000e-01 1.550768634224049e+01 4.687535190281426e-02
9.968750000000001e-01 1.575192029016732e+01 4.761378631984921e-02
1.000000000000000e+00 1.600000000000000e+01 4.837902807116754e-02
