0.000000000000000e+00 0.000000000000000e+00 9.467221957945051e-01
5.000000000000000e-03 3.369477419287315e-03 9.467221958385433e-01
1.000000000000000e-02 6.741060871647481e-03 9.467221959127596e-01
1.500000000000000e-02 1.011685770649257e-02 9.467221959457184e-01
2.000000000000000e-02 1.349897790673588e-02 9.467221959885287e-01
2.500000000000000e-02 1.688953540759990e-02 9.467221960406434e-01
3.000000000000000e-02 2.029064941789469e-02 9.467221961058335e-01
3.500000000000000e-02 2.370444574459234e-02 9.467221961926076e-01
4.000000000000000e-02 2.713305812152553e-02 9.467221962828276e-01
4.500000000000000e-02 3.057862954304063e-02 9.467221963821922e-01
5.000000000000000e-02 3.404331360343898e-02 9.467221964904902e-01
5.500000000000000e-02 3.752927584304335e-02 9.467221966092341e-01
6.000000000000000e-02 4.103869510173117e-02 9.467221967538836e-01
6.500000000000000e-02 4.457376488078044e-02 9.467221969123696e-01
7.000000000000001e-02 4.813669471387935e-02 9.467221970884088e-01
7.500000000000000e-02 5.172971154815675e-02 9.467221972858502e-01
8.000000000000000e-02 5.535506113609672e-02 9.467221975108389e-01
8.500000000000001e-02 5.901500943920686e-02 9.467221977494744e-01
9.000000000000000e-02 6.271184404431801e-02 9.467221979956676e-01
9.500000000000000e-02 6.644787559340060e-02 9.467221982476121e-01
1.000000000000000e-01 7.022543922779090e-02 9.467221985260837e-01
1.050000000000000e-01 7.404689604773053e-02 9.467221988370621e-01
1.100000000000000e-01 7.791463458813094e-02 9.467221991716850e-01
1.150000000000000e-01 8.183107231148547e-02 9.467221995245533e-01
1.200000000000000e-01 8.579865711886202e-02 9.467221999003693e-01
1.250000000000000e-01 8.981986887992111e-02 9.467222002935319e-01
1.300000000000000e-01 9.389722098291493e-02 9.467222007119619e-01
1.350000000000000e-01 9.803326190563690e-02 9.467222011654705e-01
1.400000000000000e-01 1.022305768083033e-01 9.467222016563470e-01
1.450000000000000e-01 1.064917891493625e-01 9.467222021889139e-01
1.500000000000000e-01 1.108195623252418e-01 9.467222027761907e-01
1.550000000000000e-01 1.152166013350572e-01 9.467222033918238e-01
1.600000000000000e-01 1.196856544713255e-01 9.467222040514708e-01
1.650000000000000e-01 1.242295150377370e-01 9.467222047655192e-01
1.700000000000000e-01 1.288510230950609e-01 9.467222055206538e-01
1.750000000000000e-01 1.335530672362758e-01 9.467222063392976e-01
1.800000000000000e-01 1.383385863920344e-01 9.467222072082669e-01
1.850000000000000e-01 1.432105716675912e-01 9.467222081376268e-01
1.900000000000000e-01 1.481720682123397e-01 9.467222091409055e-01
1.950000000000000e-01 1.532261771231311e-01 9.467222102199356e-01
2.000000000000000e-01 1.583760573825595e-01 9.467222113733017e-01
2.050000000000000e-01 1.636249278334301e-01 9.467222126322530e-01
2.100000000000000e-01 1.689760691906397e-01 9.467222139900200e-01
2.150000000000000e-01 1.744328260917313e-01 9.467222154498827e-01
2.200000000000000e-01 1.799986091874004e-01 9.467222170125313e-01
2.250000000000000e-01 1.856768972732633e-01 9.467222186994199e-01
2.300000000000000e-01 1.914712394642179e-01 9.467222205393705e-01
2.350000000000000e-01 1.973852574127551e-01 9.467222225504119e-01
2.400000000000000e-01 2.034226475726105e-01 9.467222247221601e-01
2.450000000000000e-01 2.095871835091678e-01 9.467222270642157e-01
2.500000000000000e-01 2.158827182580599e-01 9.467222296101796e-01
2.550000000000000e-01 2.223131867334419e-01 9.467222323511186e-01
2.600000000000000e-01 2.288826081874405e-01 9.467222353597048e-01
2.650000000000000e-01 2.355950887223172e-01 9.467222386820927e-01
2.700000000000000e-01 2.424548238569160e-01 9.467222423053444e-01
2.750000000000000e-01 2.494661011489995e-01 9.467222462560615e-01
2.800000000000000e-01 2.566333028751116e-01 9.467222506140155e-01
2.850000000000000e-01 2.639609087696434e-01 9.467222553756151e-01
2.900000000000000e-01 2.714534988248126e-01 9.467222606128319e-01
2.950000000000000e-01 2.791157561533084e-01 9.467222663714184e-01
3.000000000000000e-01 2.869524699153886e-01 9.467222727003703e-01
3.050000000000000e-01 2.949685383122613e-01 9.467222797429464e-01
3.100000000000000e-01 3.031689716476197e-01 9.467222875684966e-01
3.150000000000000e-01 3.115588954592450e-01 9.467222962582312e-01
3.200000000000000e-01 3.201435537226349e-01 9.467223059136187e-01
3.250000000000000e-01 3.289283121286580e-01 9.467223166660755e-01
3.300000000000000e-01 3.379186614372866e-01 9.467223285807462e-01
3.350000000000000e-01 3.471202209094989e-01 9.467223418992862e-01
3.400000000000000e-01 3.565387418195016e-01 9.467223569184828e-01
3.450000000000000e-01 3.661801110494620e-01 9.467223738313649e-01
3.500000000000000e-01 3.760503547690021e-01 9.467223928225279e-01
3.550000000000000e-01 3.861556422017504e-01 9.467224142135008e-01
3.600000000000000e-01 3.965022894813072e-01 9.467224384375066e-01
3.650000000000000e-01 4.070967635990345e-01 9.467224658924538e-01
3.700000000000000e-01 4.179456864461349e-01 9.467224970915895e-01
3.750000000000000e-01 4.290558389525505e-01 9.467225325728822e-01
3.800000000000000e-01 4.404341653252637e-01 9.467225731020333e-01
3.850000000000000e-01 4.520877773886537e-01 9.467226194819401e-01
3.900000000000000e-01 4.640239590296172e-01 9.467226726662706e-01
3.950000000000000e-01 4.762501707502353e-01 9.467227338159360e-01
4.000000000000000e-01 4.887740543308307e-01 9.467228042675506e-01
4.050000000000000e-01 5.016034376063282e-01 9.467228857125741e-01
4.100000000000000e-01 5.147463393589066e-01 9.467229800622975e-01
4.150000000000000e-01 5.282109743299990e-01 9.467230897800650e-01
4.200000000000000e-01 5.420057583547735e-01 9.467232174903544e-01
4.250000000000000e-01 5.561393136223041e-01 9.467233665934951e-01
4.300000000000000e-01 5.706204740647189e-01 9.467235411944104e-01
4.350000000000000e-01 5.854582908786964e-01 9.467237459923822e-01
4.400000000000000e-01 6.006620381827575e-01 9.467239872304906e-01
4.450000000000000e-01 6.162412188138907e-01 9.467242718835286e-01
4.500000000000000e-01 6.322055702671360e-01 9.467246086983866e-01
4.550000000000000e-01 6.485650707818353e-01 9.467250083246763e-01
4.600000000000000e-01 6.653299455783577e-01 9.467254835429310e-01
4.650000000000000e-01 6.825106732491932e-01 9.467260504786986e-01
4.700000000000000e-01 7.001179923084168e-01 9.467267282283816e-01
4.750000000000000e-01 7.181629079036070e-01 9.467275408951603e-01
4.800000000000000e-01 7.366566986944229e-01 9.467285176504965e-01
4.850000000000000e-01 7.556109239021327e-01 9.467296943117867e-01
4.900000000000000e-01 7.750374305345038e-01 9.467311159629280e-01
4.950000000000000e-01 7.949483607905672e-01 9.467328369743054e-01
5.000000000000000e-01 8.153561596498893e-01 9.467349258401503e-01
5.050000000000000e-01 8.362735826510871e-01 9.467374669984600e-01
5.100000000000000e-01 8.577137038644561e-01 9.467405644372132e-01
5.150000000000000e-01 8.796899240636907e-01 9.467443491820142e-01
5.200000000000000e-01 9.022159791018011e-01 9.467489818525745e-01
5.250000000000000e-01 9.253059484964714e-01 9.467546634236151e-01
5.300000000000000e-01 9.489742642302165e-01 9.467616446872943e-01
5.350000000000000e-01 9.732357197708378e-01 9.467702346923249e-01
5.400000000000000e-01 9.981054793178262e-01 9.467808213385216e-01
5.450000000000000e-01 1.023599087280478e+00 9.467938848721024e-01
5.500000000000000e-01 1.049732477993657e+00 9.468100196438138e-01
5.550000000000000e-01 1.076521985677273e+00 9.468299674927002e-01
5.600000000000001e-01 1.103984354645701e+00 9.468546410039586e-01
5.650000000000001e-01 1.132136749773522e+00 9.468851667408713e-01
5.700000000000001e-01 1.160996767224129e+00 9.469229355206243e-01
5.750000000000001e-01 1.190582445447902e+00 9.469696418652048e-01
5.800000000000000e-01 1.220912276456826e+00 9.470273538557414e-01
5.850000000000000e-01 1.252005217382601e+00 9.470985806965195e-01
5.900000000000000e-01 1.283880702325469e+00 9.471863243629203e-01
5.950000000000000e-01 1.316558654501151e+00 9.472941643444363e-01
6.000000000000000e-01 1.350059498693518e+00 9.474263196372137e-01
6.050000000000000e-01 1.384404174020732e+00 9.475876684578078e-01
6.100000000000000e-01 1.419614147022888e+00 9.477837812378866e-01
6.150000000000000e-01 1.455711425079295e+00 9.480208847010673e-01
6.200000000000000e-01 1.492718570163803e+00 9.483057089494495e-01
6.250000000000000e-01 1.530658712946775e+00 9.486452818680725e-01
6.300000000000000e-01 1.569555567252506e+00 9.490465767547599e-01
6.350000000000000e-01 1.609433444881138e+00 9.495159150569501e-01
6.400000000000000e-01 1.650317270804325e+00 9.500582127544358e-01
6.450000000000000e-01 1.692232598744148e+00 9.506760473057762e-01
6.500000000000000e-01 1.735205627145031e+00 9.513684510160135e-01
6.550000000000000e-01 1.779263215548615e+00 9.521296049420500e-01
6.600000000000000e-01 1.824432901381847e+00 9.529476809020151e-01
6.650000000000000e-01 1.870742917168772e+00 9.538039724015642e-01
6.700000000000000e-01 1.918222208176775e+00 9.546726938745237e-01
6.750000000000000e-01 1.966900450508319e+00 9.555220860502038e-01
6.800000000000000e-01 2.016808069649473e+00 9.563172445693486e-01
6.850000000000001e-01 2.067976259486829e+00 9.570246949473160e-01
6.900000000000001e-01 2.120437001804702e+00 9.576183778382444e-01
6.950000000000001e-01 2.174223086274785e+00 9.580861035460246e-01
7.000000000000001e-01 2.229368130950753e+00 9.584348768764669e-01
7.050000000000000e-01 2.285906603280654e+00 9.586934433733398e-01
7.100000000000000e-01 2.343873841650178e+00 9.589110832968236e-01
7.150000000000000e-01 2.403306077470301e+00 9.591526478022038e-01
7.200000000000000e-01 2.464240457823092e+00 9.594907614618666e-01
7.250000000000000e-01 2.526715068679855e+00 9.599968097037925e-01
7.300000000000000e-01 2.590768958706095e+00 9.607325174176736e-01
7.350000000000000e-01 2.656442163668210e+00 9.617435013730484e-01
7.400000000000000e-01 2.723775731457148e+00 9.630554189827629e-01
7.450000000000000e-01 2.792811747744667e+00 9.646726332040024e-01
7.500000000000000e-01 2.863593362288260e+00 9.665788755105409e-01
7.550000000000000e-01 2.936164815901156e+00 9.687392275040407e-01
7.600000000000000e-01 3.010571468104263e+00 9.711027940931272e-01
7.650000000000000e-01 3.086859825477351e+00 9.736056311442813e-01
7.700000000000000e-01 3.165077570727174e+00 9.761737432183114e-01
7.750000000000000e-01 3.245273592490716e+00 9.787262484020515e-01
7.800000000000000e-01 3.327498015892184e+00 9.811791501542063e-01
7.850000000000000e-01 3.411802233872832e+00 9.834505162388073e-01
7.900000000000000e-01 3.498238939313234e+00 9.854679480471443e-01
7.950000000000000e-01 3.586862157968046e+00 9.871785567767747e-01
8.000000000000000e-01 3.677727282233856e+00 9.885600292521342e-01
8.050000000000000e-01 3.770891105771243e+00 9.896293367725456e-01
8.100000000000001e-01 3.866411859002656e+00 9.904445852482525e-01
8.150000000000001e-01 3.964349245508326e+00 9.910967382969066e-01
8.200000000000001e-01 4.064764479342956e+00 9.916915136309812e-01
8.250000000000001e-01 4.167720323296481e+00 9.923260282235383e-01
8.300000000000001e-01 4.273281128122877e+00 9.930674310574634e-01
8.350000000000000e-01 4.381512872761445e+00 9.939403748552270e-01
8.400000000000000e-01 4.492483205575838e+00 9.949269750141702e-01
8.450000000000000e-01 4.606261486636447e+00 9.959783931561317e-01
8.500000000000000e-01 4.722918831072739e+00 9.970332332681391e-01
8.550000000000000e-01 4.842528153522501e+00 9.980360495824840e-01
8.600000000000000e-01 4.965164213705875e+00 9.989500900154321e-01
8.650000000000000e-01 5.090903663152626e+00 9.997614383314229e-01
8.700000000000000e-01 5.219825093111814e+00 1.000475438341381e+00
8.750000000000000e-01 5.352009083673925e+00 1.001108890244538e+00
8.800000000000000e-01 5.487538254136007e+00 1.001682001559373e+00
8.850000000000000e-01 5.626497314641444e+00 1.002212758145315e+00
8.900000000000000e-01 5.768973119126561e+00 1.002714435706716e+00
8.950000000000000e-01 5.915054719607133e+00 1.003195529174147e+00
9.000000000000000e-01 6.064833421838831e+00 1.003660881998094e+00
9.050000000000000e-01 6.218402842386253e+00 1.004113028054372e+00
9.100000000000000e-01 6.375858967136348e+00 1.004553244503379e+00
9.150000000000000e-01 6.537300211292723e+00 1.004982207766414e+00
9.200000000000000e-01 6.702827480888332e+00 1.005400337589114e+00
9.250000000000000e-01 6.872544235855034e+00 1.005807953104051e+00
9.300000000000000e-01 7.046556554689444e+00 1.006205335000713e+00
9.350000000000001e-01 7.224973200755413e+00 1.006592747532836e+00
9.400000000000001e-01 7.407905690264673e+00 1.006970445548575e+00
9.450000000000001e-01 7.595468361978146e+00 1.007338676597253e+00
9.500000000000001e-01 7.787778448671316e+00 1.007697681597090e+00
9.550000000000001e-01 7.984956150408610e+00 1.008047695124749e+00
9.600000000000000e-01 8.187124709672272e+00 1.008388945612692e+00
9.650000000000000e-01 8.394410488393007e+00 1.008721655523079e+00
9.700000000000000e-01 8.606943046930221e+00 1.009046041513095e+00
9.750000000000000e-01 8.824855225051540e+00 1.009362314594699e+00
9.800000000000000e-01 9.048283224961922e+00 1.009670680289472e+00
9.850000000000000e-01 9.277366696434507e+00 1.009971338778796e+00
9.900000000000000e-01 9.512248824096272e+00 1.010264485049539e+00
9.950000000000000e-01 9.753076416923058e+00 1.010550309035411e+00
1.000000000000000e+00 1.000000000000000e+01 1.010828995754155e+00
