0.000000000000000e+00 0.000000000000000e+00 6.828658840382879e-01
5.000000000000000e-03 3.369477419287315e-03 6.828725418451488e-01
1.000000000000000e-02 6.741060871647481e-03 6.828903063878344e-01
1.500000000000000e-02 1.011685770649257e-02 6.829199593952962e-01
2.000000000000000e-02 1.349897790673588e-02 6.829615710170720e-01
2.500000000000000e-02 1.688953540759990e-02 6.830152323034907e-01
3.000000000000000e-02 2.029064941789469e-02 6.830810815240305e-01
3.500000000000000e-02 2.370444574459234e-02 6.831592653482823e-01
4.000000000000000e-02 2.713305812152553e-02 6.832499699312592e-01
4.500000000000000e-02 3.057862954304063e-02 6.833534148980605e-01
5.000000000000000e-02 3.404331360343898e-02 6.834698380291766e-01
5.500000000000000e-02 3.752927584304335e-02 6.835995211889406e-01
6.000000000000000e-02 4.103869510173117e-02 6.837427524309519e-01
6.500000000000000e-02 4.457376488078044e-02 6.838998648599698e-01
7.000000000000001e-02 4.813669471387935e-02 6.840712415009137e-01
7.500000000000000e-02 5.172971154815675e-02 6.842572684772611e-01
8.000000000000000e-02 5.535506113609672e-02 6.844583828533918e-01
8.500000000000001e-02 5.901500943920686e-02 6.846750483626797e-01
9.000000000000000e-02 6.271184404431801e-02 6.849077635846277e-01
9.500000000000000e-02 6.644787559340060e-02 6.851570844435687e-01
1.000000000000000e-01 7.022543922779090e-02 6.854235551044676e-01
1.050000000000000e-01 7.404689604773053e-02 6.857077786164921e-01
1.100000000000000e-01 7.791463458813094e-02 6.860104354873684e-01
1.150000000000000e-01 8.183107231148547e-02 6.863322003516920e-01
1.200000000000000e-01 8.579865711886202e-02 6.866737911663386e-01
1.250000000000000e-01 8.981986887992111e-02 6.870359828851170e-01
1.300000000000000e-01 9.389722098291493e-02 6.874195874206671e-01
1.350000000000000e-01 9.803326190563690e-02 6.878254624403608e-01
1.400000000000000e-01 1.022305768083033e-01 6.882545014425807e-01
1.450000000000000e-01 1.064917891493625e-01 6.887076568264904e-01
1.500000000000000e-01 1.108195623252418e-01 6.891859207609154e-01
1.550000000000000e-01 1.152166013350572e-01 6.896903250594759e-01
1.600000000000000e-01 1.196856544713255e-01 6.902219724416889e-01
1.650000000000000e-01 1.242295150377370e-01 6.907819990060317e-01
1.700000000000000e-01 1.288510230950609e-01 6.913715943082499e-01
1.750000000000000e-01 1.335530672362758e-01 6.919920142622226e-01
1.800000000000000e-01 1.383385863920344e-01 6.926445467523997e-01
1.850000000000000e-01 1.432105716675912e-01 6.933305495780785e-01
1.900000000000000e-01 1.481720682123397e-01 6.940514366259640e-01
1.950000000000000e-01 1.532261771231311e-01 6.948086605792468e-01
2.000000000000000e-01 1.583760573825595e-01 6.956037545056648e-01
2.050000000000000e-01 1.636249278334301e-01 6.964382964139224e-01
2.100000000000000e-01 1.689760691906397e-01 6.973139127957103e-01
2.150000000000000e-01 1.744328260917313e-01 6.982323113559590e-01
2.200000000000000e-01 1.799986091874004e-01 6.991952345863909e-01
2.250000000000000e-01 1.856768972732633e-01 7.002044831235882e-01
2.300000000000000e-01 1.914712394642179e-01 7.012619358199937e-01
2.350000000000000e-01 1.973852574127551e-01 7.023694993572378e-01
2.400000000000000e-01 2.034226475726105e-01 7.035291432772804e-01
2.450000000000000e-01 2.095871835091678e-01 7.047429069474570e-01
2.500000000000000e-01 2.158827182580599e-01 7.060128468606386e-01
2.550000000000000e-01 2.223131867334419e-01 7.073410792565141e-01
2.600000000000000e-01 2.288826081874405e-01 7.087297822969498e-01
2.650000000000000e-01 2.355950887223172e-01 7.101811397727555e-01
2.700000000000000e-01 2.424548238569160e-01 7.116973834769237e-01
2.750000000000000e-01 2.494661011489995e-01 7.132807957045417e-01
2.800000000000000e-01 2.566333028751116e-01 7.149336436488374e-01
2.850000000000000e-01 2.639609087696434e-01 7.166582164311545e-01
2.900000000000000e-01 2.714534988248126e-01 7.184568428577384e-01
2.950000000000000e-01 2.791157561533084e-01 7.203318166124167e-01
3.000000000000000e-01 2.869524699153886e-01 7.222854095685671e-01
3.050000000000000e-01 2.949685383122613e-01 7.243199094252615e-01
3.100000000000000e-01 3.031689716476197e-01 7.264375473759056e-01
3.150000000000000e-01 3.115588954592450e-01 7.286404730036123e-01
3.200000000000000e-01 3.201435537226349e-01 7.309308098257401e-01
3.250000000000000e-01 3.289283121286580e-01 7.333106118780155e-01
3.300000000000000e-01 3.379186614372866e-01 7.357817839704421e-01
3.350000000000000e-01 3.471202209094989e-01 7.383461161679838e-01
3.400000000000000e-01 3.565387418195016e-01 7.410053071269710e-01
3.450000000000000e-01 3.661801110494620e-01 7.437608741366684e-01
3.500000000000000e-01 3.760503547690021e-01 7.466141019584240e-01
3.550000000000000e-01 3.861556422017504e-01 7.495660908114076e-01
3.600000000000000e-01 3.965022894813072e-01 7.526177478279107e-01
3.650000000000000e-01 4.070967635990345e-01 7.557696864021454e-01
3.700000000000000e-01 4.179456864461349e-01 7.590221810451078e-01
3.750000000000000e-01 4.290558389525505e-01 7.623752098669685e-01
3.800000000000000e-01 4.404341653252637e-01 7.658284498913100e-01
3.850000000000000e-01 4.520877773886537e-01 7.693811807232069e-01
3.900000000000000e-01 4.640239590296172e-01 7.730322133644077e-01
3.950000000000000e-01 4.762501707502353e-01 7.767799125050749e-01
4.000000000000000e-01 4.887740543308307e-01 7.806222234509005e-01
4.050000000000000e-01 5.016034376063282e-01 7.845566188612632e-01
4.100000000000000e-01 5.147463393589066e-01 7.885800137065656e-01
4.150000000000000e-01 5.282109743299990e-01 7.926887264707686e-01
4.200000000000000e-01 5.420057583547735e-01 7.968784866257388e-01
4.250000000000000e-01 5.561393136223041e-01 8.011444581580519e-01
4.300000000000000e-01 5.706204740647189e-01 8.054812404180232e-01
4.350000000000000e-01 5.854582908786964e-01 8.098828228401321e-01
4.400000000000000e-01 6.006620381827575e-01 8.143425447558310e-01
4.450000000000000e-01 6.162412188138907e-01 8.188530875104402e-01
4.500000000000000e-01 6.322055702671360e-01 8.234064773536097e-01
4.550000000000000e-01 6.485650707818353e-01 8.279941205738687e-01
4.600000000000000e-01 6.653299455783577e-01 8.326068340454332e-01
4.650000000000000e-01 6.825106732491932e-01 8.372348770769693e-01
4.700000000000000e-01 7.001179923084168e-01 8.418679914140204e-01
4.750000000000000e-01 7.181629079036070e-01 8.464954409199610e-01
4.800000000000000e-01 7.366566986944229e-01 8.511060692906590e-01
4.850000000000000e-01 7.556109239021327e-01 8.556883650973636e-01
4.900000000000000e-01 7.750374305345038e-01 8.602305438652488e-01
4.950000000000000e-01 7.949483607905672e-01 8.647206418909490e-01
5.000000000000000e-01 8.153561596498893e-01 8.691466250851847e-01
5.050000000000000e-01 8.362735826510871e-01 8.734965115041881e-01
5.100000000000000e-01 8.577137038644561e-01 8.777585084455581e-01
5.150000000000000e-01 8.796899240636907e-01 8.819211637427814e-01
5.200000000000000e-01 9.022159791018011e-01 8.859735309517606e-01
5.250000000000000e-01 9.253059484964714e-01 8.899053474282645e-01
5.300000000000000e-01 9.489742642302165e-01 8.937072236717828e-01
5.350000000000000e-01 9.732357197708378e-01 8.973708414432803e-01
5.400000000000000e-01 9.981054793178262e-01 9.008891571617844e-01
5.450000000000000e-01 1.023599087280478e+00 9.042566059232473e-01
5.500000000000000e-01 1.049732477993657e+00 9.074693002068255e-01
5.550000000000000e-01 1.076521985677273e+00 9.105252159898433e-01
5.600000000000001e-01 1.103984354645701e+00 9.134243576669372e-01
5.650000000000001e-01 1.132136749773522e+00 9.161688919738639e-01
5.700000000000001e-01 1.160996767224129e+00 9.187632401942407e-01
5.750000000000001e-01 1.190582445447902e+00 9.212141174437100e-01
5.800000000000000e-01 1.220912276456826e+00 9.235305079591449e-01
5.850000000000000e-01 1.252005217382601e+00 9.257235662452532e-01
5.900000000000000e-01 1.283880702325469e+00 9.278064357960580e-01
5.950000000000000e-01 1.316558654501151e+00 9.297939800114113e-01
6.000000000000000e-01 1.350059498693518e+00 9.317024238877206e-01
6.050000000000000e-01 1.384404174020732e+00 9.335489099946997e-01
6.100000000000000e-01 1.419614147022888e+00 9.353509779564546e-01
6.150000000000000e-01 1.455711425079295e+00 9.371259828157680e-01
6.200000000000000e-01 1.492718570163803e+00 9.388904738470811e-01
6.250000000000000e-01 1.530658712946775e+00 9.406595610874781e-01
6.300000000000000e-01 1.569555567252506e+00 9.424463015261896e-01
6.350000000000000e-01 1.609433444881138e+00 9.442611399885864e-01
6.400000000000000e-01 1.650317270804325e+00 9.461114407822012e-01
6.450000000000000e-01 1.692232598744148e+00 9.480011447500493e-01
6.500000000000000e-01 1.735205627145031e+00 9.499305822432885e-01
6.550000000000000e-01 1.779263215548615e+00 9.518964655837999e-01
6.600000000000000e-01 1.824432901381847e+00 9.538920749245040e-01
6.650000000000000e-01 1.870742917168772e+00 9.559076393313684e-01
6.700000000000000e-01 1.918222208176775e+00 9.579309009583906e-01
6.750000000000000e-01 1.966900450508319e+00 9.599478352154547e-01
6.800000000000000e-01 2.016808069649473e+00 9.619434850243651e-01
6.850000000000001e-01 2.067976259486829e+00 9.639028541409091e-01
6.900000000000001e-01 2.120437001804702e+00 9.658117948675011e-01
6.950000000000001e-01 2.174223086274785e+00 9.676578211335994e-01
7.000000000000001e-01 2.229368130950753e+00 9.694307804672317e-01
7.050000000000000e-01 2.285906603280654e+00 9.711233287395715e-01
7.100000000000000e-01 2.343873841650178e+00 9.727311695639879e-01
7.150000000000000e-01 2.403306077470301e+00 9.742530443154560e-01
7.200000000000000e-01 2.464240457823092e+00 9.756904859469800e-01
7.250000000000000e-01 2.526715068679855e+00 9.770473761125588e-01
7.300000000000000e-01 2.590768958706095e+00 9.783293662389130e-01
7.350000000000000e-01 2.656442163668210e+00 9.795432354355682e-01
7.400000000000000e-01 2.723775731457148e+00 9.806962593731823e-01
7.450000000000000e-01 2.792811747744667e+00 9.817956545389314e-01
7.500000000000000e-01 2.863593362288260e+00 9.828481438687627e-01
7.550000000000000e-01 2.936164815901156e+00 9.838596666219556e-01
7.600000000000000e-01 3.010571468104263e+00 9.848352321611964e-01
7.650000000000000e-01 3.086859825477351e+00 9.857788982342464e-01
7.700000000000000e-01 3.165077570727174e+00 9.866938422134854e-01
7.750000000000000e-01 3.245273592490716e+00 9.875824894281144e-01
7.800000000000000e-01 3.327498015892184e+00 9.884466652885753e-01
7.850000000000000e-01 3.411802233872832e+00 9.892877451543587e-01
7.900000000000000e-01 3.498238939313234e+00 9.901067851659862e-01
7.950000000000000e-01 3.586862157968046e+00 9.909046261712784e-01
8.000000000000000e-01 3.677727282233856e+00 9.916819698399393e-01
8.050000000000000e-01 3.770891105771243e+00 9.924394304405660e-01
8.100000000000001e-01 3.866411859002656e+00 9.931775677079415e-01
8.150000000000001e-01 3.964349245508326e+00 9.938969063879370e-01
8.200000000000001e-01 4.064764479342956e+00 9.945979471799676e-01
8.250000000000001e-01 4.167720323296481e+00 9.952811725581965e-01
8.300000000000001e-01 4.273281128122877e+00 9.959470497717904e-01
8.350000000000000e-01 4.381512872761445e+00 9.965960324034353e-01
8.400000000000000e-01 4.492483205575838e+00 9.972285612416152e-01
8.450000000000000e-01 4.606261486636447e+00 9.978450648461787e-01
8.500000000000000e-01 4.722918831072739e+00 9.984459599824562e-01
8.550000000000000e-01 4.842528153522501e+00 9.990316519984794e-01
8.600000000000000e-01 4.965164213705875e+00 9.996025351746527e-01
8.650000000000000e-01 5.090903663152626e+00 1.000158993056685e+00
8.700000000000000e-01 5.219825093111814e+00 1.000701398775664e+00
8.750000000000000e-01 5.352009083673925e+00 1.001230115356762e+00
8.800000000000000e-01 5.487538254136007e+00 1.001745496017312e+00
8.850000000000000e-01 5.626497314641444e+00 1.002247884454758e+00
8.900000000000000e-01 5.768973119126561e+00 1.002737615124905e+00
8.950000000000000e-01 5.915054719607133e+00 1.003215013510872e+00
9.000000000000000e-01 6.064833421838831e+00 1.003680396383112e+00
9.050000000000000e-01 6.218402842386253e+00 1.004134072050863e+00
9.100000000000000e-01 6.375858967136348e+00 1.004576340605364e+00
9.150000000000000e-01 6.537300211292723e+00 1.005007494155157e+00
9.200000000000000e-01 6.702827480888332e+00 1.005427817053784e+00
9.250000000000000e-01 6.872544235855034e+00 1.005837586120169e+00
9.300000000000000e-01 7.046556554689444e+00 1.006237070851964e+00
9.350000000000001e-01 7.224973200755413e+00 1.006626533632125e+00
9.400000000000001e-01 7.407905690264673e+00 1.007006229928973e+00
9.450000000000001e-01 7.595468361978146e+00 1.007376408489976e+00
9.500000000000001e-01 7.787778448671316e+00 1.007737311529495e+00
9.550000000000001e-01 7.984956150408610e+00 1.008089174910698e+00
9.600000000000000e-01 8.187124709672272e+00 1.008432228321870e+00
9.650000000000000e-01 8.394410488393007e+00 1.008766695447310e+00
9.700000000000000e-01 8.606943046930221e+00 1.009092794133011e+00
9.750000000000000e-01 8.824855225051540e+00 1.009410736547309e+00
9.800000000000000e-01 9.048283224961922e+00 1.009720729336678e+00
9.850000000000000e-01 9.277366696434507e+00 1.010022973776842e+00
9.900000000000000e-01 9.512248824096272e+00 1.010317665919354e+00
9.950000000000000e-01 9.753076416923058e+00 1.010604996733824e+00
1.000000000000000e+00 1.000000000000000e+01 1.010885152245914e+00
