0.000000000000000e+00 0.000000000000000e+00 9.508693048058581e-01
5.000000000000000e-03 3.369477419287315e-03 9.508693048252032e-01
1.000000000000000e-02 6.741060871647481e-03 9.508693048417021e-01
1.500000000000000e-02 1.011685770649257e-02 9.508693048456377e-01
2.000000000000000e-02 1.349897790673588e-02 9.508693048535430e-01
2.500000000000000e-02 1.688953540759990e-02 9.508693048670777e-01
3.000000000000000e-02 2.029064941789469e-02 9.508693048779993e-01
3.500000000000000e-02 2.370444574459234e-02 9.508693048875081e-01
4.000000000000000e-02 2.713305812152553e-02 9.508693048994356e-01
4.500000000000000e-02 3.057862954304063e-02 9.508693049173080e-01
5.000000000000000e-02 3.404331360343898e-02 9.508693049342204e-01
5.500000000000000e-02 3.752927584304335e-02 9.508693049518977e-01
6.000000000000000e-02 4.103869510173117e-02 9.508693049741738e-01
6.500000000000000e-02 4.457376488078044e-02 9.508693050002445e-01
7.000000000000001e-02 4.813669471387935e-02 9.508693050314418e-01
7.500000000000000e-02 5.172971154815675e-02 9.508693050625139e-01
8.000000000000000e-02 5.535506113609672e-02 9.508693051024875e-01
8.500000000000001e-02 5.901500943920686e-02 9.508693051515705e-01
9.000000000000000e-02 6.271184404431801e-02 9.508693051992452e-01
9.500000000000000e-02 6.644787559340060e-02 9.508693052387336e-01
1.000000000000000e-01 7.022543922779090e-02 9.508693052825450e-01
1.050000000000000e-01 7.404689604773053e-02 9.508693053327211e-01
1.100000000000000e-01 7.791463458813094e-02 9.508693053862541e-01
1.150000000000000e-01 8.183107231148547e-02 9.508693054467473e-01
1.200000000000000e-01 8.579865711886202e-02 9.508693055138343e-01
1.250000000000000e-01 8.981986887992111e-02 9.508693055810932e-01
1.300000000000000e-01 9.389722098291493e-02 9.508693056471635e-01
1.350000000000000e-01 9.803326190563690e-02 9.508693057151445e-01
1.400000000000000e-01 1.022305768083033e-01 9.508693057907116e-01
1.450000000000000e-01 1.064917891493625e-01 9.508693058712332e-01
1.500000000000000e-01 1.108195623252418e-01 9.508693059601372e-01
1.550000000000000e-01 1.152166013350572e-01 9.508693060587246e-01
1.600000000000000e-01 1.196856544713255e-01 9.508693061709896e-01
1.650000000000000e-01 1.242295150377370e-01 9.508693062858325e-01
1.700000000000000e-01 1.288510230950609e-01 9.508693064080850e-01
1.750000000000000e-01 1.335530672362758e-01 9.508693065481273e-01
1.800000000000000e-01 1.383385863920344e-01 9.508693066904148e-01
1.850000000000000e-01 1.432105716675912e-01 9.508693068428816e-01
1.900000000000000e-01 1.481720682123397e-01 9.508693070051649e-01
1.950000000000000e-01 1.532261771231311e-01 9.508693071767785e-01
2.000000000000000e-01 1.583760573825595e-01 9.508693073629979e-01
2.050000000000000e-01 1.636249278334301e-01 9.508693075622844e-01
2.100000000000000e-01 1.689760691906397e-01 9.508693077727390e-01
2.150000000000000e-01 1.744328260917313e-01 9.508693080051712e-01
2.200000000000000e-01 1.799986091874004e-01 9.508693082539458e-01
2.250000000000000e-01 1.856768972732633e-01 9.508693085226078e-01
2.300000000000000e-01 1.914712394642179e-01 9.508693088081915e-01
2.350000000000000e-01 1.973852574127551e-01 9.508693091178662e-01
2.400000000000000e-01 2.034226475726105e-01 9.508693094603274e-01
2.450000000000000e-01 2.095871835091678e-01 9.508693098375453e-01
2.500000000000000e-01 2.158827182580599e-01 9.508693102462766e-01
2.550000000000000e-01 2.223131867334419e-01 9.508693106810909e-01
2.600000000000000e-01 2.288826081874405e-01 9.508693111539764e-01
2.650000000000000e-01 2.355950887223172e-01 9.508693116609843e-01
2.700000000000000e-01 2.424548238569160e-01 9.508693122150116e-01
2.750000000000000e-01 2.494661011489995e-01 9.508693128301622e-01
2.800000000000000e-01 2.566333028751116e-01 9.508693135080656e-01
2.850000000000000e-01 2.639609087696434e-01 9.508693142461893e-01
2.900000000000000e-01 2.714534988248126e-01 9.508693150685210e-01
2.950000000000000e-01 2.791157561533084e-01 9.508693159644778e-01
3.000000000000000e-01 2.869524699153886e-01 9.508693169519039e-01
3.050000000000000e-01 2.949685383122613e-01 9.508693180453771e-01
3.100000000000000e-01 3.031689716476197e-01 9.508693192415743e-01
3.150000000000000e-01 3.115588954592450e-01 9.508693205797571e-01
3.200000000000000e-01 3.201435537226349e-01 9.508693220797327e-01
3.250000000000000e-01 3.289283121286580e-01 9.508693237564729e-01
3.300000000000000e-01 3.379186614372866e-01 9.508693256228068e-01
3.350000000000000e-01 3.471202209094989e-01 9.508693277199267e-01
3.400000000000000e-01 3.565387418195016e-01 9.508693300429334e-01
3.450000000000000e-01 3.661801110494620e-01 9.508693326370737e-01
3.500000000000000e-01 3.760503547690021e-01 9.508693355949422e-01
3.550000000000000e-01 3.861556422017504e-01 9.508693389745435e-01
3.600000000000000e-01 3.965022894813072e-01 9.508693427955115e-01
3.650000000000000e-01 4.070967635990345e-01 9.508693471092188e-01
3.700000000000000e-01 4.179456864461349e-01 9.508693520366570e-01
3.750000000000000e-01 4.290558389525505e-01 9.508693576722719e-01
3.800000000000000e-01 4.404341653252637e-01 9.508693641456183e-01
3.850000000000000e-01 4.520877773886537e-01 9.508693715725618e-01
3.900000000000000e-01 4.640239590296172e-01 9.508693801461735e-01
3.950000000000000e-01 4.762501707502353e-01 9.508693900696474e-01
4.000000000000000e-01 4.887740543308307e-01 9.508694015694661e-01
4.050000000000000e-01 5.016034376063282e-01 9.508694149460201e-01
4.100000000000000e-01 5.147463393589066e-01 9.508694305415661e-01
4.150000000000000e-01 5.282109743299990e-01 9.508694488152697e-01
4.200000000000000e-01 5.420057583547735e-01 9.508694702706000e-01
4.250000000000000e-01 5.561393136223041e-01 9.508694956002094e-01
4.300000000000000e-01 5.706204740647189e-01 9.508695255027952e-01
4.350000000000000e-01 5.854582908786964e-01 9.508695609348614e-01
4.400000000000000e-01 6.006620381827575e-01 9.508696031035315e-01
4.450000000000000e-01 6.162412188138907e-01 9.508696533506293e-01
4.500000000000000e-01 6.322055702671360e-01 9.508697135811428e-01
4.550000000000000e-01 6.485650707818353e-01 9.508697858776175e-01
4.600000000000000e-01 6.653299455783577e-01 9.508698729885119e-01
4.650000000000000e-01 6.825106732491932e-01 9.508699783208100e-01
4.700000000000000e-01 7.001179923084168e-01 9.508701059396049e-01
4.750000000000000e-01 7.181629079036070e-01 9.508702612479774e-01
4.800000000000000e-01 7.366566986944229e-01 9.508704506806301e-01
4.850000000000000e-01 7.556109239021327e-01 9.508706826227522e-01
4.900000000000000e-01 7.750374305345038e-01 9.508709674190947e-01
4.950000000000000e-01 7.949483607905672e-01 9.508713180054518e-01
5.000000000000000e-01 8.153561596498893e-01 9.508717512662084e-01
5.050000000000000e-01 8.362735826510871e-01 9.508722878359140e-01
5.100000000000000e-01 8.577137038644561e-01 9.508729545386791e-01
5.150000000000000e-01 8.796899240636907e-01 9.508737853194221e-01
5.200000000000000e-01 9.022159791018011e-01 9.508748228840546e-01
5.250000000000000e-01 9.253059484964714e-01 9.508761228661173e-01
5.300000000000000e-01 9.489742642302165e-01 9.508777550680458e-01
5.350000000000000e-01 9.732357197708378e-01 9.508798093983207e-01
5.400000000000000e-01 9.981054793178262e-01 9.508824016063853e-01
5.450000000000000e-01 1.023599087280478e+00 9.508856781178177e-01
5.500000000000000e-01 1.049732477993657e+00 9.508898288031623e-01
5.550000000000000e-01 1.076521985677273e+00 9.508950961146644e-01
5.600000000000001e-01 1.103984354645701e+00 9.509017893934472e-01
5.650000000000001e-01 1.132136749773522e+00 9.509103082836218e-01
5.700000000000001e-01 1.160996767224129e+00 9.509211609175187e-01
5.750000000000001e-01 1.190582445447902e+00 9.509349965319748e-01
5.800000000000000e-01 1.220912276456826e+00 9.509526467427384e-01
5.850000000000000e-01 1.252005217382601e+00 9.509751626819957e-01
5.900000000000000e-01 1.283880702325469e+00 9.510038776971957e-01
5.950000000000000e-01 1.316558654501151e+00 9.510404769228704e-01
6.000000000000000e-01 1.350059498693518e+00 9.510870632632833e-01
6.050000000000000e-01 1.384404174020732e+00 9.511462582629555e-01
6.100000000000000e-01 1.419614147022888e+00 9.512213024832573e-01
6.150000000000000e-01 1.455711425079295e+00 9.513161392965143e-01
6.200000000000000e-01 1.492718570163803e+00 9.514355272563630e-01
6.250000000000000e-01 1.530658712946775e+00 9.515851224427982e-01
6.300000000000000e-01 1.569555567252506e+00 9.517714856896278e-01
6.350000000000000e-01 1.609433444881138e+00 9.520020597725024e-01
6.400000000000000e-01 1.650317270804325e+00 9.522850337537764e-01
6.450000000000000e-01 1.692232598744148e+00 9.526289858904045e-01
6.500000000000000e-01 1.735205627145031e+00 9.530423417487405e-01
6.550000000000000e-01 1.779263215548615e+00 9.535325864954006e-01
6.600000000000000e-01 1.824432901381847e+00 9.541050833868558e-01
6.650000000000000e-01 1.870742917168772e+00 9.547615733385431e-01
6.700000000000000e-01 1.918222208176775e+00 9.554985101259957e-01
6.750000000000000e-01 1.966900450508319e+00 9.563052923750155e-01
6.800000000000000e-01 2.016808069649473e+00 9.571627125292244e-01
6.850000000000001e-01 2.067976259486829e+00 9.580423445386823e-01
6.900000000000001e-01 2.120437001804702e+00 9.589076294484769e-01
6.950000000000001e-01 2.174223086274785e+00 9.597172587408096e-01
7.000000000000001e-01 2.229368130950753e+00 9.604311812300413e-01
7.050000000000000e-01 2.285906603280654e+00 9.610187434541766e-01
7.100000000000000e-01 2.343873841650178e+00 9.614672466267319e-01
7.150000000000000e-01 2.403306077470301e+00 9.617884637954134e-01
7.200000000000000e-01 2.464240457823092e+00 9.620209372255867e-01
7.250000000000000e-01 2.526715068679855e+00 9.622269657870832e-01
7.300000000000000e-01 2.590768958706095e+00 9.624846902271534e-01
7.350000000000000e-01 2.656442163668210e+00 9.628771191097582e-01
7.400000000000000e-01 2.723775731457148e+00 9.634806985471940e-01
7.450000000000000e-01 2.792811747744667e+00 9.643557793902295e-01
7.500000000000000e-01 2.863593362288260e+00 9.655403576848000e-01
7.550000000000000e-01 2.936164815901156e+00 9.670473478271884e-01
7.600000000000000e-01 3.010571468104263e+00 9.688648248249961e-01
7.650000000000000e-01 3.086859825477351e+00 9.709582891823769e-01
7.700000000000000e-01 3.165077570727174e+00 9.732740149582227e-01
7.750000000000000e-01 3.245273592490716e+00 9.757427854174783e-01
7.800000000000000e-01 3.327498015892184e+00 9.782836546033132e-01
7.850000000000000e-01 3.411802233872832e+00 9.808077757698589e-01
7.900000000000000e-01 3.498238939313234e+00 9.832228866188556e-01
7.950000000000000e-01 3.586862157968046e+00 9.854396137374198e-01
8.000000000000000e-01 3.677727282233856e+00 9.873808039802484e-01
8.050000000000000e-01 3.770891105771243e+00 9.889939089496980e-01
8.100000000000001e-01 3.866411859002656e+00 9.902639755815731e-01
8.150000000000001e-01 3.964349245508326e+00 9.912222437160116e-01
8.200000000000001e-01 4.064764479342956e+00 9.919447930960993e-01
8.250000000000001e-01 4.167720323296481e+00 9.925384648667908e-01
8.300000000000001e-01 4.273281128122877e+00 9.931165498368268e-01
8.350000000000000e-01 4.381512872761445e+00 9.937716679976273e-01
8.400000000000000e-01 4.492483205575838e+00 9.945550382978902e-01
8.450000000000000e-01 4.606261486636447e+00 9.954690113991592e-01
8.500000000000000e-01 4.722918831072739e+00 9.964745536035665e-01
8.550000000000000e-01 4.842528153522501e+00 9.975097457584730e-01
8.600000000000000e-01 4.965164213705875e+00 9.985116791081871e-01
8.650000000000000e-01 5.090903663152626e+00 9.994338399781802e-01
8.700000000000000e-01 5.219825093111814e+00 1.000254086909802e+00
8.750000000000000e-01 5.352009083673925e+00 1.000972942975681e+00
8.800000000000000e-01 5.487538254136007e+00 1.001605725185510e+00
8.850000000000000e-01 5.626497314641444e+00 1.002173326211869e+00
8.900000000000000e-01 5.768973119126561e+00 1.002695263125086e+00
8.950000000000000e-01 5.915054719607133e+00 1.003186287054709e+00
9.000000000000000e-01 6.064833421838831e+00 1.003655939116088e+00
9.050000000000000e-01 6.218402842386253e+00 1.004109666508053e+00
9.100000000000000e-01 6.375858967136348e+00 1.004550296199979e+00
9.150000000000000e-01 6.537300211292723e+00 1.004979225317821e+00
9.200000000000000e-01 6.702827480888332e+00 1.005397169761466e+00
9.250000000000000e-01 6.872544235855034e+00 1.005804556903469e+00
9.300000000000000e-01 7.046556554689444e+00 1.006201702731945e+00
9.350000000000001e-01 7.224973200755413e+00 1.006588881747079e+00
9.400000000000001e-01 7.407905690264673e+00 1.006966351385661e+00
9.450000000000001e-01 7.595468361978146e+00 1.007334359695105e+00
9.500000000000001e-01 7.787778448671316e+00 1.007693147582262e+00
9.550000000000001e-01 7.984956150408610e+00 1.008042949503315e+00
9.600000000000000e-01 8.187124709672272e+00 1.008383993751800e+00
9.650000000000000e-01 8.394410488393007e+00 1.008716502650855e+00
9.700000000000000e-01 8.606943046930221e+00 1.009040692721813e+00
9.750000000000000e-01 8.824855225051540e+00 1.009356774844395e+00
9.800000000000000e-01 9.048283224961922e+00 1.009664954411532e+00
9.850000000000000e-01 9.277366696434507e+00 1.009965431479448e+00
9.900000000000000e-01 9.512248824096272e+00 1.010258400913243e+00
9.950000000000000e-01 9.753076416923058e+00 1.010544052528180e+00
1.000000000000000e+00 1.000000000000000e+01 1.010822571227019e+00
