0.000000000000000e+00 0.000000000000000e+00 6.851620378421104e-01
5.000000000000000e-03 3.369477419287315e-03 6.851686179507744e-01
1.000000000000000e-02 6.741060871647481e-03 6.851861732932255e-01
1.500000000000000e-02 1.011685770649257e-02 6.852154657643814e-01
2.000000000000000e-02 1.349897790673588e-02 6.852565695103929e-01
2.500000000000000e-02 1.688953540759990e-02 6.853095883340971e-01
3.000000000000000e-02 2.029064941789469e-02 6.853746494905802e-01
3.500000000000000e-02 2.370444574459234e-02 6.854519039182212e-01
4.000000000000000e-02 2.713305812152553e-02 6.855415252317971e-01
4.500000000000000e-02 3.057862954304063e-02 6.856437235838388e-01
5.000000000000000e-02 3.404331360343898e-02 6.857587463076285e-01
5.500000000000000e-02 3.752927584304335e-02 6.858868604471841e-01
6.000000000000000e-02 4.103869510173117e-02 6.860283611738258e-01
6.500000000000000e-02 4.457376488078044e-02 6.861835756522440e-01
7.000000000000001e-02 4.813669471387935e-02 6.863528724326806e-01
7.500000000000000e-02 5.172971154815675e-02 6.865366539414436e-01
8.000000000000000e-02 5.535506113609672e-02 6.867353300759006e-01
8.500000000000001e-02 5.901500943920686e-02 6.869493582158133e-01
9.000000000000000e-02 6.271184404431801e-02 6.871792371825499e-01
9.500000000000000e-02 6.644787559340060e-02 6.874254899342189e-01
1.000000000000000e-01 7.022543922779090e-02 6.876886922527823e-01
1.050000000000000e-01 7.404689604773053e-02 6.879694327233004e-01
1.100000000000000e-01 7.791463458813094e-02 6.882683478674637e-01
1.150000000000000e-01 8.183107231148547e-02 6.885861383576477e-01
1.200000000000000e-01 8.579865711886202e-02 6.889234942635578e-01
1.250000000000000e-01 8.981986887992111e-02 6.892811657639015e-01
1.300000000000000e-01 9.389722098291493e-02 6.896599768112884e-01
1.350000000000000e-01 9.803326190563690e-02 6.900607595489852e-01
1.400000000000000e-01 1.022305768083033e-01 6.904843955472383e-01
1.450000000000000e-01 1.064917891493625e-01 6.909318151506937e-01
1.500000000000000e-01 1.108195623252418e-01 6.914039959401187e-01
1.550000000000000e-01 1.152166013350572e-01 6.919019682619245e-01
1.600000000000000e-01 1.196856544713255e-01 6.924267940728052e-01
1.650000000000000e-01 1.242295150377370e-01 6.929796007234381e-01
1.700000000000000e-01 1.288510230950609e-01 6.935615617016250e-01
1.750000000000000e-01 1.335530672362758e-01 6.941738902673530e-01
1.800000000000000e-01 1.383385863920344e-01 6.948178737390721e-01
1.850000000000000e-01 1.432105716675912e-01 6.954948357036980e-01
1.900000000000000e-01 1.481720682123397e-01 6.962061552107374e-01
1.950000000000000e-01 1.532261771231311e-01 6.969532812355890e-01
2.000000000000000e-01 1.583760573825595e-01 6.977376940513691e-01
2.050000000000000e-01 1.636249278334301e-01 6.985609446089214e-01
2.100000000000000e-01 1.689760691906397e-01 6.994246435179419e-01
2.150000000000000e-01 1.744328260917313e-01 7.003304355902955e-01
2.200000000000000e-01 1.799986091874004e-01 7.012800459605609e-01
2.250000000000000e-01 1.856768972732633e-01 7.022752464777614e-01
2.300000000000000e-01 1.914712394642179e-01 7.033178468568506e-01
2.350000000000000e-01 1.973852574127551e-01 7.044097375966846e-01
2.400000000000000e-01 2.034226475726105e-01 7.055528423663191e-01
2.450000000000000e-01 2.095871835091678e-01 7.067491253228041e-01
2.500000000000000e-01 2.158827182580599e-01 7.080006282996929e-01
2.550000000000000e-01 2.223131867334419e-01 7.093094137931653e-01
2.600000000000000e-01 2.288826081874405e-01 7.106775795069901e-01
2.650000000000000e-01 2.355950887223172e-01 7.121072906021747e-01
2.700000000000000e-01 2.424548238569160e-01 7.136007164156986e-01
2.750000000000000e-01 2.494661011489995e-01 7.151600468758635e-01
2.800000000000000e-01 2.566333028751116e-01 7.167875285095757e-01
2.850000000000000e-01 2.639609087696434e-01 7.184853957346831e-01
2.900000000000000e-01 2.714534988248126e-01 7.202558741147222e-01
2.950000000000000e-01 2.791157561533084e-01 7.221012245973398e-01
3.000000000000000e-01 2.869524699153886e-01 7.240236765718290e-01
3.050000000000000e-01 2.949685383122613e-01 7.260254078547294e-01
3.100000000000000e-01 3.031689716476197e-01 7.281086012703955e-01
3.150000000000000e-01 3.115588954592450e-01 7.302753929686103e-01
3.200000000000000e-01 3.201435537226349e-01 7.325278098485308e-01
3.250000000000000e-01 3.289283121286580e-01 7.348678216139002e-01
3.300000000000000e-01 3.379186614372866e-01 7.372973369106177e-01
3.350000000000000e-01 3.471202209094989e-01 7.398181109447730e-01
3.400000000000000e-01 3.565387418195016e-01 7.424317461374871e-01
3.450000000000000e-01 3.661801110494620e-01 7.451397371739276e-01
3.500000000000000e-01 3.760503547690021e-01 7.479434053626801e-01
3.550000000000000e-01 3.861556422017504e-01 7.508438228842906e-01
3.600000000000000e-01 3.965022894813072e-01 7.538418448630342e-01
3.650000000000000e-01 4.070967635990345e-01 7.569381265140327e-01
3.700000000000000e-01 4.179456864461349e-01 7.601330362712400e-01
3.750000000000000e-01 4.290558389525505e-01 7.634265896739020e-01
3.800000000000000e-01 4.404341653252637e-01 7.668184794906927e-01
3.850000000000000e-01 4.520877773886537e-01 7.703080918697650e-01
3.900000000000000e-01 4.640239590296172e-01 7.738944318243037e-01
3.950000000000000e-01 4.762501707502353e-01 7.775760411362279e-01
4.000000000000000e-01 4.887740543308307e-01 7.813509953342311e-01
4.050000000000000e-01 5.016034376063282e-01 7.852169409271990e-01
4.100000000000000e-01 5.147463393589066e-01 7.891710790132709e-01
4.150000000000000e-01 5.282109743299990e-01 7.932100822856532e-01
4.200000000000000e-01 5.420057583547735e-01 7.973300309925463e-01
4.250000000000000e-01 5.561393136223041e-01 8.015264241093352e-01
4.300000000000000e-01 5.706204740647189e-01 8.057942123314958e-01
4.350000000000000e-01 5.854582908786964e-01 8.101278004634599e-01
4.400000000000000e-01 6.006620381827575e-01 8.145210256689425e-01
4.450000000000000e-01 6.162412188138907e-01 8.189671163840743e-01
4.500000000000000e-01 6.322055702671360e-01 8.234586670245637e-01
4.550000000000000e-01 6.485650707818353e-01 8.279876554412775e-01
4.600000000000000e-01 6.653299455783577e-01 8.325454640869855e-01
4.650000000000000e-01 6.825106732491932e-01 8.371229185561767e-01
4.700000000000000e-01 7.001179923084168e-01 8.417103236027214e-01
4.750000000000000e-01 7.181629079036070e-01 8.462974968525525e-01
4.800000000000000e-01 7.366566986944229e-01 8.508738146668059e-01
4.850000000000000e-01 7.556109239021327e-01 8.554282609292404e-01
4.900000000000000e-01 7.750374305345038e-01 8.599494934515653e-01
4.950000000000000e-01 7.949483607905672e-01 8.644259201148011e-01
5.000000000000000e-01 8.153561596498893e-01 8.688457910864180e-01
5.050000000000000e-01 8.362735826510871e-01 8.731973041954846e-01
5.100000000000000e-01 8.577137038644561e-01 8.774687256113688e-01
5.150000000000000e-01 8.796899240636907e-01 8.816485254035470e-01
5.200000000000000e-01 9.022159791018011e-01 8.857255285190194e-01
5.250000000000000e-01 9.253059484964714e-01 8.896890808223299e-01
5.300000000000000e-01 9.489742642302165e-01 8.935292294577040e-01
5.350000000000000e-01 9.732357197708378e-01 8.972369159446090e-01
5.400000000000000e-01 9.981054793178262e-01 9.008041794732756e-01
5.450000000000000e-01 1.023599087280478e+00 9.042243666944729e-01
5.500000000000000e-01 1.049732477993657e+00 9.074923429593454e-01
5.550000000000000e-01 1.076521985677273e+00 9.106046984848083e-01
5.600000000000001e-01 1.103984354645701e+00 9.135599413696913e-01
5.650000000000001e-01 1.132136749773522e+00 9.163586678665793e-01
5.700000000000001e-01 1.160996767224129e+00 9.190036989614935e-01
5.750000000000001e-01 1.190582445447902e+00 9.215001712990750e-01
5.800000000000000e-01 1.220912276456826e+00 9.238555700119868e-01
5.850000000000000e-01 1.252005217382601e+00 9.260796912791089e-01
5.900000000000000e-01 1.283880702325469e+00 9.281845236474743e-01
5.950000000000000e-01 1.316558654501151e+00 9.301840394701684e-01
6.000000000000000e-01 1.350059498693518e+00 9.320938913298479e-01
6.050000000000000e-01 1.384404174020732e+00 9.339310130276017e-01
6.100000000000000e-01 1.419614147022888e+00 9.357131304854353e-01
6.150000000000000e-01 1.455711425079295e+00 9.374581944624409e-01
6.200000000000000e-01 1.492718570163803e+00 9.391837539054594e-01
6.250000000000000e-01 1.530658712946775e+00 9.409062955128449e-01
6.300000000000000e-01 1.569555567252506e+00 9.426405810749973e-01
6.350000000000000e-01 1.609433444881138e+00 9.443990187334188e-01
6.400000000000000e-01 1.650317270804325e+00 9.461911068721777e-01
6.450000000000000e-01 1.692232598744148e+00 9.480229894149484e-01
6.500000000000000e-01 1.735205627145031e+00 9.498971584796855e-01
6.550000000000000e-01 1.779263215548615e+00 9.518123344479430e-01
6.600000000000000e-01 1.824432901381847e+00 9.537635445424941e-01
6.650000000000000e-01 1.870742917168772e+00 9.557424092032313e-01
6.700000000000000e-01 1.918222208176775e+00 9.577376313881149e-01
6.750000000000000e-01 1.966900450508319e+00 9.597356681780398e-01
6.800000000000000e-01 2.016808069649473e+00 9.617215478457429e-01
6.850000000000001e-01 2.067976259486829e+00 9.636797803362444e-01
6.900000000000001e-01 2.120437001804702e+00 9.655952967036981e-01
6.950000000000001e-01 2.174223086274785e+00 9.674543454456103e-01
7.000000000000001e-01 2.229368130950753e+00 9.692452727636249e-01
7.050000000000000e-01 2.285906603280654e+00 9.709591209476679e-01
7.100000000000000e-01 2.343873841650178e+00 9.725899947325840e-01
7.150000000000000e-01 2.403306077470301e+00 9.741351686274416e-01
7.200000000000000e-01 2.464240457823092e+00 9.755949363119206e-01
7.250000000000000e-01 2.526715068679855e+00 9.769722323076008e-01
7.300000000000000e-01 2.590768958706095e+00 9.782720816053007e-01
7.350000000000000e-01 2.656442163668210e+00 9.795009503432518e-01
7.400000000000000e-01 2.723775731457148e+00 9.806660768796230e-01
7.450000000000000e-01 2.792811747744667e+00 9.817748567445860e-01
7.500000000000000e-01 2.863593362288260e+00 9.828343385384219e-01
7.550000000000000e-01 2.936164815901156e+00 9.838508645563244e-01
7.600000000000000e-01 3.010571468104263e+00 9.848298646719487e-01
7.650000000000000e-01 3.086859825477351e+00 9.857757896695467e-01
7.700000000000000e-01 3.165077570727174e+00 9.866921544412502e-01
7.750000000000000e-01 3.245273592490716e+00 9.875816539724555e-01
7.800000000000000e-01 3.327498015892184e+00 9.884463154527806e-01
7.850000000000000e-01 3.411802233872832e+00 9.892876561733054e-01
7.900000000000000e-01 3.498238939313234e+00 9.901068262955834e-01
7.950000000000000e-01 3.586862157968046e+00 9.909047253662155e-01
8.000000000000000e-01 3.677727282233856e+00 9.916820895908882e-01
8.050000000000000e-01 3.770891105771243e+00 9.924395523758661e-01
8.100000000000001e-01 3.866411859002656e+00 9.931776834333148e-01
8.150000000000001e-01 3.964349245508326e+00 9.938970123955297e-01
8.200000000000001e-01 4.064764479342956e+00 9.945980422051444e-01
8.250000000000001e-01 4.167720323296481e+00 9.952812562982880e-01
8.300000000000001e-01 4.273281128122877e+00 9.959471223068758e-01
8.350000000000000e-01 4.381512872761445e+00 9.965960939525096e-01
8.400000000000000e-01 4.492483205575838e+00 9.972286120672105e-01
8.450000000000000e-01 4.606261486636447e+00 9.978451052198185e-01
8.500000000000000e-01 4.722918831072739e+00 9.984459901731603e-01
8.550000000000000e-01 4.842528153522501e+00 9.990316722693333e-01
8.600000000000000e-01 4.965164213705875e+00 9.996025457819714e-01
8.650000000000000e-01 5.090903663152626e+00 1.000158994249944e+00
8.700000000000000e-01 5.219825093111814e+00 1.000701390797633e+00
8.750000000000000e-01 5.352009083673925e+00 1.001230098443687e+00
8.800000000000000e-01 5.487538254136007e+00 1.001745470399101e+00
8.850000000000000e-01 5.626497314641444e+00 1.002247850355164e+00
8.900000000000000e-01 5.768973119126561e+00 1.002737572761704e+00
8.950000000000000e-01 5.915054719607133e+00 1.003214963096031e+00
9.000000000000000e-01 6.064833421838831e+00 1.003680338122959e+00
9.050000000000000e-01 6.218402842386253e+00 1.004134006146246e+00
9.100000000000000e-01 6.375858967136348e+00 1.004576267251807e+00
9.150000000000000e-01 6.537300211292723e+00 1.005007413543008e+00
9.200000000000000e-01 6.702827480888332e+00 1.005427729368366e+00
9.250000000000000e-01 6.872544235855034e+00 1.005837491541915e+00
9.300000000000000e-01 7.046556554689444e+00 1.006236969556559e+00
9.350000000000001e-01 7.224973200755413e+00 1.006626425790636e+00
9.400000000000001e-01 7.407905690264673e+00 1.007006115707977e+00
9.450000000000001e-01 7.595468361978146e+00 1.007376288051689e+00
9.500000000000001e-01 7.787778448671316e+00 1.007737185031887e+00
9.550000000000001e-01 7.984956150408610e+00 1.008089042507613e+00
9.600000000000000e-01 8.187124709672272e+00 1.008432090163140e+00
9.650000000000000e-01 8.394410488393007e+00 1.008766551678862e+00
9.700000000000000e-01 8.606943046930221e+00 1.009092644896978e+00
9.750000000000000e-01 8.824855225051540e+00 1.009410581982131e+00
9.800000000000000e-01 9.048283224961922e+00 1.009720569577204e+00
9.850000000000000e-01 9.277366696434507e+00 1.010022808954425e+00
9.900000000000000e-01 9.512248824096272e+00 1.010317496161950e+00
9.950000000000000e-01 9.753076416923058e+00 1.010604822166079e+00
1.000000000000000e+00 1.000000000000000e+01 1.010884972989258e+00
