0.000000000000000e+00 0.000000000000000e+00 6.921679303586545e-01
5.000000000000000e-03 3.369477419287315e-03 6.921739622205063e-01
1.000000000000000e-02 6.741060871647481e-03 6.921900417848715e-01
1.500000000000000e-02 1.011685770649257e-02 6.922168533835227e-01
2.000000000000000e-02 1.349897790673588e-02 6.922544870681648e-01
2.500000000000000e-02 1.688953540759990e-02 6.923030406427706e-01
3.000000000000000e-02 2.029064941789469e-02 6.923626131058724e-01
3.500000000000000e-02 2.370444574459234e-02 6.924333444827278e-01
4.000000000000000e-02 2.713305812152553e-02 6.925154151628095e-01
4.500000000000000e-02 3.057862954304063e-02 6.926090147300129e-01
5.000000000000000e-02 3.404331360343898e-02 6.927143602040158e-01
5.500000000000000e-02 3.752927584304335e-02 6.928317142452722e-01
6.000000000000000e-02 4.103869510173117e-02 6.929613480116209e-01
6.500000000000000e-02 4.457376488078044e-02 6.931035566179538e-01
7.000000000000001e-02 4.813669471387935e-02 6.932586904130916e-01
7.500000000000000e-02 5.172971154815675e-02 6.934271149420652e-01
8.000000000000000e-02 5.535506113609672e-02 6.936092167928201e-01
8.500000000000001e-02 5.901500943920686e-02 6.938054323481936e-01
9.000000000000000e-02 6.271184404431801e-02 6.940162175121682e-01
9.500000000000000e-02 6.644787559340060e-02 6.942420594414297e-01
1.000000000000000e-01 7.022543922779090e-02 6.944834933771240e-01
1.050000000000000e-01 7.404689604773053e-02 6.947410746672293e-01
1.100000000000000e-01 7.791463458813094e-02 6.950153987397465e-01
1.150000000000000e-01 8.183107231148547e-02 6.953071077548050e-01
1.200000000000000e-01 8.579865711886202e-02 6.956168639550785e-01
1.250000000000000e-01 8.981986887992111e-02 6.959453771892716e-01
1.300000000000000e-01 9.389722098291493e-02 6.962934054116803e-01
1.350000000000000e-01 9.803326190563690e-02 6.966617306743207e-01
1.400000000000000e-01 1.022305768083033e-01 6.970511899359150e-01
1.450000000000000e-01 1.064917891493625e-01 6.974626685267075e-01
1.500000000000000e-01 1.108195623252418e-01 6.978970774812644e-01
1.550000000000000e-01 1.152166013350572e-01 6.983553878998977e-01
1.600000000000000e-01 1.196856544713255e-01 6.988386225664898e-01
1.650000000000000e-01 1.242295150377370e-01 6.993478347263516e-01
1.700000000000000e-01 1.288510230950609e-01 6.998841436104699e-01
1.750000000000000e-01 1.335530672362758e-01 7.004487236585013e-01
1.800000000000000e-01 1.383385863920344e-01 7.010427798809866e-01
1.850000000000000e-01 1.432105716675912e-01 7.016675853997992e-01
1.900000000000000e-01 1.481720682123397e-01 7.023244762090418e-01
1.950000000000000e-01 1.532261771231311e-01 7.030148222485184e-01
2.000000000000000e-01 1.583760573825595e-01 7.037400625248597e-01
2.050000000000000e-01 1.636249278334301e-01 7.045017062534570e-01
2.100000000000000e-01 1.689760691906397e-01 7.053012953599909e-01
2.150000000000000e-01 1.744328260917313e-01 7.061404348881367e-01
2.200000000000000e-01 1.799986091874004e-01 7.070208121792801e-01
2.250000000000000e-01 1.856768972732633e-01 7.079441540984256e-01
2.300000000000000e-01 1.914712394642179e-01 7.089122365139146e-01
2.350000000000000e-01 1.973852574127551e-01 7.099269194434413e-01
2.400000000000000e-01 2.034226475726105e-01 7.109901132598281e-01
2.450000000000000e-01 2.095871835091678e-01 7.121037619948128e-01
2.500000000000000e-01 2.158827182580599e-01 7.132698862351902e-01
2.550000000000000e-01 2.223131867334419e-01 7.144905741990267e-01
2.600000000000000e-01 2.288826081874405e-01 7.157679341050009e-01
2.650000000000000e-01 2.355950887223172e-01 7.171041159428145e-01
2.700000000000000e-01 2.424548238569160e-01 7.185013469541351e-01
2.750000000000000e-01 2.494661011489995e-01 7.199618905906781e-01
2.800000000000000e-01 2.566333028751116e-01 7.214880084051096e-01
2.850000000000000e-01 2.639609087696434e-01 7.230819959616073e-01
2.900000000000000e-01 2.714534988248126e-01 7.247462037964424e-01
2.950000000000000e-01 2.791157561533084e-01 7.264829849515290e-01
3.000000000000000e-01 2.869524699153886e-01 7.282946570426704e-01
3.050000000000000e-01 2.949685383122613e-01 7.301835342217766e-01
3.100000000000000e-01 3.031689716476197e-01 7.321519474519171e-01
3.150000000000000e-01 3.115588954592450e-01 7.342021929464977e-01
3.200000000000000e-01 3.201435537226349e-01 7.363364775227650e-01
3.250000000000000e-01 3.289283121286580e-01 7.385569283699090e-01
3.300000000000000e-01 3.379186614372866e-01 7.408656168940992e-01
3.350000000000000e-01 3.471202209094989e-01 7.432645303962607e-01
3.400000000000000e-01 3.565387418195016e-01 7.457555154361736e-01
3.450000000000000e-01 3.661801110494620e-01 7.483402368763540e-01
3.500000000000000e-01 3.760503547690021e-01 7.510201586028548e-01
3.550000000000000e-01 3.861556422017504e-01 7.537965479294759e-01
3.600000000000000e-01 3.965022894813072e-01 7.566704683151902e-01
3.650000000000000e-01 4.070967635990345e-01 7.596427221791736e-01
3.700000000000000e-01 4.179456864461349e-01 7.627137948712813e-01
3.750000000000000e-01 4.290558389525505e-01 7.658838141391615e-01
3.800000000000000e-01 4.404341653252637e-01 7.691525009111422e-01
3.850000000000000e-01 4.520877773886537e-01 7.725191533189490e-01
3.900000000000000e-01 4.640239590296172e-01 7.759826130436474e-01
3.950000000000000e-01 4.762501707502353e-01 7.795412294886783e-01
4.000000000000000e-01 4.887740543308307e-01 7.831928272512162e-01
4.050000000000000e-01 5.016034376063282e-01 7.869346595919960e-01
4.100000000000000e-01 5.147463393589066e-01 7.907633766305165e-01
4.150000000000000e-01 5.282109743299990e-01 7.946749871615423e-01
4.200000000000000e-01 5.420057583547735e-01 7.986648324862686e-01
4.250000000000000e-01 5.561393136223041e-01 8.027275621687558e-01
4.300000000000000e-01 5.706204740647189e-01 8.068571190805646e-01
4.350000000000000e-01 5.854582908786964e-01 8.110467316771427e-01
4.400000000000000e-01 6.006620381827575e-01 8.152889164732551e-01
4.450000000000000e-01 6.162412188138907e-01 8.195754915404148e-01
4.500000000000000e-01 6.322055702671360e-01 8.238976028311563e-01
4.550000000000000e-01 6.485650707818353e-01 8.282457646962370e-01
4.600000000000000e-01 6.653299455783577e-01 8.326099159746768e-01
4.650000000000000e-01 6.825106732491932e-01 8.369794927806763e-01
4.700000000000000e-01 7.001179923084168e-01 8.413435188378549e-01
4.750000000000000e-01 7.181629079036070e-01 8.456907138259586e-01
4.800000000000000e-01 7.366566986944229e-01 8.500096197318604e-01
4.850000000000000e-01 7.556109239021327e-01 8.542887446263999e-01
4.900000000000000e-01 7.750374305345038e-01 8.585167226281873e-01
4.950000000000000e-01 7.949483607905672e-01 8.626824880744847e-01
5.000000000000000e-01 8.153561596498893e-01 8.667754611146719e-01
5.050000000000000e-01 8.362735826510871e-01 8.707857410975515e-01
5.100000000000000e-01 8.577137038644561e-01 8.747043032712483e-01
5.150000000000000e-01 8.796899240636907e-01 8.785231934923559e-01
5.200000000000000e-01 9.022159791018011e-01 8.822357148944440e-01
5.250000000000000e-01 9.253059484964714e-01 8.858365998455927e-01
5.300000000000000e-01 9.489742642302165e-01 8.893221600841753e-01
5.350000000000000e-01 9.732357197708378e-01 8.926904077165407e-01
5.400000000000000e-01 9.981054793178262e-01 8.959411398422059e-01
5.450000000000000e-01 1.023599087280478e+00 8.990759799885137e-01
5.500000000000000e-01 1.049732477993657e+00 9.020983703244454e-01
5.550000000000000e-01 1.076521985677273e+00 9.050135098055694e-01
5.600000000000001e-01 1.103984354645701e+00 9.078282349841165e-01
5.650000000000001e-01 1.132136749773522e+00 9.105508421837936e-01
5.700000000000001e-01 1.160996767224129e+00 9.131908520479193e-01
5.750000000000001e-01 1.190582445447902e+00 9.157587200560093e-01
5.800000000000000e-01 1.220912276456826e+00 9.182654993764692e-01
5.850000000000000e-01 1.252005217382601e+00 9.207224652655853e-01
5.900000000000000e-01 1.283880702325469e+00 9.231407129978983e-01
5.950000000000000e-01 1.316558654501151e+00 9.255307438650701e-01
6.000000000000000e-01 1.350059498693518e+00 9.279020559418034e-01
6.050000000000000e-01 1.384404174020732e+00 9.302627579137895e-01
6.100000000000000e-01 1.419614147022888e+00 9.326192251194386e-01
6.150000000000000e-01 1.455711425079295e+00 9.349758169067502e-01
6.200000000000000e-01 1.492718570163803e+00 9.373346732976849e-01
6.250000000000000e-01 1.530658712946775e+00 9.396956066609485e-01
6.300000000000000e-01 1.569555567252506e+00 9.420561005397179e-01
6.350000000000000e-01 1.609433444881138e+00 9.444114229473197e-01
6.400000000000000e-01 1.650317270804325e+00 9.467548554057922e-01
6.450000000000000e-01 1.692232598744148e+00 9.490780319554397e-01
6.500000000000000e-01 1.735205627145031e+00 9.513713746544975e-01
6.550000000000000e-01 1.779263215548615e+00 9.536246042350031e-01
6.600000000000000e-01 1.824432901381847e+00 9.558272972740468e-01
6.650000000000000e-01 1.870742917168772e+00 9.579694553083574e-01
6.700000000000000e-01 1.918222208176775e+00 9.600420476576925e-01
6.750000000000000e-01 1.966900450508319e+00 9.620374891621694e-01
6.800000000000000e-01 2.016808069649473e+00 9.639500171934070e-01
6.850000000000001e-01 2.067976259486829e+00 9.657759393877532e-01
6.900000000000001e-01 2.120437001804702e+00 9.675137342492447e-01
6.950000000000001e-01 2.174223086274785e+00 9.691640001437695e-01
7.000000000000001e-01 2.229368130950753e+00 9.707292627483275e-01
7.050000000000000e-01 2.285906603280654e+00 9.722136648372401e-01
7.100000000000000e-01 2.343873841650178e+00 9.736225734060465e-01
7.150000000000000e-01 2.403306077470301e+00 9.749621458726970e-01
7.200000000000000e-01 2.464240457823092e+00 9.762388984262312e-01
7.250000000000000e-01 2.526715068679855e+00 9.774593153879847e-01
7.300000000000000e-01 2.590768958706095e+00 9.786295295443870e-01
7.350000000000000e-01 2.656442163668210e+00 9.797550914454506e-01
7.400000000000000e-01 2.723775731457148e+00 9.808408327452423e-01
7.450000000000000e-01 2.792811747744667e+00 9.818908169135855e-01
7.500000000000000e-01 2.863593362288260e+00 9.829083617767366e-01
7.550000000000000e-01 2.936164815901156e+00 9.838961133200229e-01
7.600000000000000e-01 3.010571468104263e+00 9.848561491263804e-01
7.650000000000000e-01 3.086859825477351e+00 9.857900920910949e-01
7.700000000000000e-01 3.165077570727174e+00 9.866992195048305e-01
7.750000000000000e-01 3.245273592490716e+00 9.875845579322375e-01
7.800000000000000e-01 3.327498015892184e+00 9.884469593832954e-01
7.850000000000000e-01 3.411802233872832e+00 9.892871582962550e-01
7.900000000000000e-01 3.498238939313234e+00 9.901058114815514e-01
7.950000000000000e-01 3.586862157968046e+00 9.909035244583423e-01
8.000000000000000e-01 3.677727282233856e+00 9.916808678447010e-01
8.050000000000000e-01 3.770891105771243e+00 9.924383870320250e-01
8.100000000000001e-01 3.866411859002656e+00 9.931766076492509e-01
8.150000000000001e-01 3.964349245508326e+00 9.938960385687340e-01
8.200000000000001e-01 4.064764479342956e+00 9.945971735718669e-01
8.250000000000001e-01 4.167720323296481e+00 9.952804923301489e-01
8.300000000000001e-01 4.273281128122877e+00 9.959464610563765e-01
8.350000000000000e-01 4.381512872761445e+00 9.965955330032655e-01
8.400000000000000e-01 4.492483205575838e+00 9.972281488915947e-01
8.450000000000000e-01 4.606261486636447e+00 9.978447373031687e-01
8.500000000000000e-01 4.722918831072739e+00 9.984457150528392e-01
8.550000000000000e-01 4.842528153522501e+00 9.990314875450996e-01
8.600000000000000e-01 4.965164213705875e+00 9.996024491174609e-01
8.650000000000000e-01 5.090903663152626e+00 1.000158983371646e+00
8.700000000000000e-01 5.219825093111814e+00 1.000701463493255e+00
8.750000000000000e-01 5.352009083673925e+00 1.001230252560412e+00
8.800000000000000e-01 5.487538254136007e+00 1.001745703841872e+00
8.850000000000000e-01 5.626497314641444e+00 1.002248161085013e+00
8.900000000000000e-01 5.768973119126561e+00 1.002737958794139e+00
8.950000000000000e-01 5.915054719607133e+00 1.003215422499475e+00
9.000000000000000e-01 6.064833421838831e+00 1.003680869017235e+00
9.050000000000000e-01 6.218402842386253e+00 1.004134606701113e+00
9.100000000000000e-01 6.375858967136348e+00 1.004576935685544e+00
9.150000000000000e-01 6.537300211292723e+00 1.005008148121044e+00
9.200000000000000e-01 6.702827480888332e+00 1.005428528401946e+00
9.250000000000000e-01 6.872544235855034e+00 1.005838353386818e+00
9.300000000000000e-01 7.046556554689444e+00 1.006237892611846e+00
9.350000000000001e-01 7.224973200755413e+00 1.006627408497446e+00
9.400000000000001e-01 7.407905690264673e+00 1.007007156548355e+00
9.450000000000001e-01 7.595468361978146e+00 1.007377385547447e+00
9.500000000000001e-01 7.787778448671316e+00 1.007738337743508e+00
9.550000000000001e-01 7.984956150408610e+00 1.008090249033184e+00
9.600000000000000e-01 8.187124709672272e+00 1.008433349137313e+00
9.650000000000000e-01 8.394410488393007e+00 1.008767861771857e+00
9.700000000000000e-01 8.606943046930221e+00 1.009094004813603e+00
9.750000000000000e-01 8.824855225051540e+00 1.009411990460842e+00
9.800000000000000e-01 9.048283224961922e+00 1.009722025389186e+00
9.850000000000000e-01 9.277366696434507e+00 1.010024310902705e+00
9.900000000000000e-01 9.512248824096272e+00 1.010319043080533e+00
9.950000000000000e-01 9.753076416923058e+00 1.010606412919111e+00
1.000000000000000e+00 1.000000000000000e+01 1.010886606470210e+00
