0.000000000000000e+00 0.000000000000000e+00 6.812801690897170e-01
5.000000000000000e-03 3.369477419287315e-03 6.812867457442373e-01
1.000000000000000e-02 6.741060871647481e-03 6.813043197850663e-01
1.500000000000000e-02 1.011685770649257e-02 6.813337061688480e-01
2.000000000000000e-02 1.349897790673588e-02 6.813749535569490e-01
2.500000000000000e-02 1.688953540759990e-02 6.814281309488980e-01
3.000000000000000e-02 2.029064941789469e-02 6.814933863970732e-01
3.500000000000000e-02 2.370444574459234e-02 6.815708789381981e-01
4.000000000000000e-02 2.713305812152553e-02 6.816607854965050e-01
4.500000000000000e-02 3.057862954304063e-02 6.817633257768763e-01
5.000000000000000e-02 3.404331360343898e-02 6.818787287392095e-01
5.500000000000000e-02 3.752927584304335e-02 6.820072681325005e-01
6.000000000000000e-02 4.103869510173117e-02 6.821492640826128e-01
6.500000000000000e-02 4.457376488078044e-02 6.823050459084896e-01
7.000000000000001e-02 4.813669471387935e-02 6.824749690080163e-01
7.500000000000000e-02 5.172971154815675e-02 6.826594343543969e-01
8.000000000000000e-02 5.535506113609672e-02 6.828588843159663e-01
8.500000000000001e-02 5.901500943920686e-02 6.830737794119228e-01
9.000000000000000e-02 6.271184404431801e-02 6.833046158916340e-01
9.500000000000000e-02 6.644787559340060e-02 6.835519441584004e-01
1.000000000000000e-01 7.022543922779090e-02 6.838163292348405e-01
1.050000000000000e-01 7.404689604773053e-02 6.840983754512024e-01
1.100000000000000e-01 7.791463458813094e-02 6.843987466097409e-01
1.150000000000000e-01 8.183107231148547e-02 6.847181260135835e-01
1.200000000000000e-01 8.579865711886202e-02 6.850572442545340e-01
1.250000000000000e-01 8.981986887992111e-02 6.854168821439459e-01
1.300000000000000e-01 9.389722098291493e-02 6.857978469354741e-01
1.350000000000000e-01 9.803326190563690e-02 6.862010055171629e-01
1.400000000000000e-01 1.022305768083033e-01 6.866272665758677e-01
1.450000000000000e-01 1.064917891493625e-01 6.870775751781971e-01
1.500000000000000e-01 1.108195623252418e-01 6.875529444485668e-01
1.550000000000000e-01 1.152166013350572e-01 6.880544243233085e-01
1.600000000000000e-01 1.196856544713255e-01 6.885831124754851e-01
1.650000000000000e-01 1.242295150377370e-01 6.891401763129393e-01
1.700000000000000e-01 1.288510230950609e-01 6.897268170494228e-01
1.750000000000000e-01 1.335530672362758e-01 6.903442957168857e-01
1.800000000000000e-01 1.383385863920344e-01 6.909939442115628e-01
1.850000000000000e-01 1.432105716675912e-01 6.916771298445671e-01
1.900000000000000e-01 1.481720682123397e-01 6.923952899433322e-01
1.950000000000000e-01 1.532261771231311e-01 6.931499311069269e-01
2.000000000000000e-01 1.583760573825595e-01 6.939425951391348e-01
2.050000000000000e-01 1.636249278334301e-01 6.947749001121589e-01
2.100000000000000e-01 1.689760691906397e-01 6.956485341815390e-01
2.150000000000000e-01 1.744328260917313e-01 6.965652225941982e-01
2.200000000000000e-01 1.799986091874004e-01 6.975267709228165e-01
2.250000000000000e-01 1.856768972732633e-01 6.985350552647048e-01
2.300000000000000e-01 1.914712394642179e-01 6.995919840888004e-01
2.350000000000000e-01 1.973852574127551e-01 7.006995428464362e-01
2.400000000000000e-01 2.034226475726105e-01 7.018597915544497e-01
2.450000000000000e-01 2.095871835091678e-01 7.030748191305165e-01
2.500000000000000e-01 2.158827182580599e-01 7.043467814300748e-01
2.550000000000000e-01 2.223131867334419e-01 7.056779101959122e-01
2.600000000000000e-01 2.288826081874405e-01 7.070704566793552e-01
2.650000000000000e-01 2.355950887223172e-01 7.085267154934757e-01
2.700000000000000e-01 2.424548238569160e-01 7.100490582869416e-01
2.750000000000000e-01 2.494661011489995e-01 7.116398758859509e-01
2.800000000000000e-01 2.566333028751116e-01 7.133015632488727e-01
2.850000000000000e-01 2.639609087696434e-01 7.150365689546287e-01
2.900000000000000e-01 2.714534988248126e-01 7.168473661026095e-01
2.950000000000000e-01 2.791157561533084e-01 7.187363966558367e-01
3.000000000000000e-01 2.869524699153886e-01 7.207061022858755e-01
3.050000000000000e-01 2.949685383122613e-01 7.227589420148697e-01
3.100000000000000e-01 3.031689716476197e-01 7.248973253434067e-01
3.150000000000000e-01 3.115588954592450e-01 7.271235819079449e-01
3.200000000000000e-01 3.201435537226349e-01 7.294400024107983e-01
3.250000000000000e-01 3.289283121286580e-01 7.318488262973957e-01
3.300000000000000e-01 3.379186614372866e-01 7.343521626741696e-01
3.350000000000000e-01 3.471202209094989e-01 7.369519633389556e-01
3.400000000000000e-01 3.565387418195016e-01 7.396500551343983e-01
3.450000000000000e-01 3.661801110494620e-01 7.424481245889677e-01
3.500000000000000e-01 3.760503547690021e-01 7.453476392994152e-01
3.550000000000000e-01 3.861556422017504e-01 7.483497938985426e-01
3.600000000000000e-01 3.965022894813072e-01 7.514555132342361e-01
3.650000000000000e-01 4.070967635990345e-01 7.546654582635299e-01
3.700000000000000e-01 4.179456864461349e-01 7.579799819674694e-01
3.750000000000000e-01 4.290558389525505e-01 7.613990435164443e-01
3.800000000000000e-01 4.404341653252637e-01 7.649221453346069e-01
3.850000000000000e-01 4.520877773886537e-01 7.685483317569457e-01
3.900000000000000e-01 4.640239590296172e-01 7.722761898438180e-01
3.950000000000000e-01 4.762501707502353e-01 7.761038064839285e-01
4.000000000000000e-01 4.887740543308307e-01 7.800287145126586e-01
4.050000000000000e-01 5.016034376063282e-01 7.840478289430013e-01
4.100000000000000e-01 5.147463393589066e-01 7.881573906222201e-01
4.150000000000000e-01 5.282109743299990e-01 7.923529532901188e-01
4.200000000000000e-01 5.420057583547735e-01 7.966293605407596e-01
4.250000000000000e-01 5.561393136223041e-01 8.009807368405509e-01
4.300000000000000e-01 5.706204740647189e-01 8.054004781691424e-01
4.350000000000000e-01 5.854582908786964e-01 8.098812368654219e-01
4.400000000000000e-01 6.006620381827575e-01 8.144149244428992e-01
4.450000000000000e-01 6.162412188138907e-01 8.189927143557086e-01
4.500000000000000e-01 6.322055702671360e-01 8.236050653123277e-01
4.550000000000000e-01 6.485650707818353e-01 8.282417533823078e-01
4.600000000000000e-01 6.653299455783577e-01 8.328919218010790e-01
4.650000000000000e-01 6.825106732491932e-01 8.375441447197665e-01
4.700000000000000e-01 7.001179923084168e-01 8.421865078533399e-01
4.750000000000000e-01 7.181629079036070e-01 8.468067055511066e-01
4.800000000000000e-01 7.366566986944229e-01 8.513921550788700e-01
4.850000000000000e-01 7.556109239021327e-01 8.559301279387811e-01
4.900000000000000e-01 7.750374305345038e-01 8.604078978735394e-01
4.950000000000000e-01 7.949483607905672e-01 8.648129046125429e-01
5.000000000000000e-01 8.153561596498893e-01 8.691329318801606e-01
5.050000000000000e-01 8.362735826510871e-01 8.733562975456242e-01
5.100000000000000e-01 8.577137038644561e-01 8.774720531102560e-01
5.150000000000000e-01 8.796899240636907e-01 8.814701889944044e-01
5.200000000000000e-01 9.022159791018011e-01 8.853418413237542e-01
5.250000000000000e-01 9.253059484964714e-01 8.890794951428597e-01
5.300000000000000e-01 9.489742642302165e-01 8.926771782323986e-01
5.350000000000000e-01 9.732357197708378e-01 8.961306390136248e-01
5.400000000000000e-01 9.981054793178262e-01 8.994375014361271e-01
5.450000000000000e-01 1.023599087280478e+00 9.025973893198491e-01
5.500000000000000e-01 1.049732477993657e+00 9.056120124241425e-01
5.550000000000000e-01 1.076521985677273e+00 9.084852066156391e-01
5.600000000000001e-01 1.103984354645701e+00 9.112229209744641e-01
5.650000000000001e-01 1.132136749773522e+00 9.138331455814077e-01
5.700000000000001e-01 1.160996767224129e+00 9.163257751213029e-01
5.750000000000001e-01 1.190582445447902e+00 9.187124053528135e-01
5.800000000000000e-01 1.220912276456826e+00 9.210060619344861e-01
5.850000000000000e-01 1.252005217382601e+00 9.232208640247315e-01
5.900000000000000e-01 1.283880702325469e+00 9.253716284077126e-01
5.950000000000000e-01 1.316558654501151e+00 9.274734235078435e-01
6.000000000000000e-01 1.350059498693518e+00 9.295410863653791e-01
6.050000000000000e-01 1.384404174020732e+00 9.315887192351199e-01
6.100000000000000e-01 1.419614147022888e+00 9.336291856882354e-01
6.150000000000000e-01 1.455711425079295e+00 9.356736286734153e-01
6.200000000000000e-01 1.492718570163803e+00 9.377310346541817e-01
6.250000000000000e-01 1.530658712946775e+00 9.398078684231621e-01
6.300000000000000e-01 1.569555567252506e+00 9.419078022693099e-01
6.350000000000000e-01 1.609433444881138e+00 9.440315606544255e-01
6.400000000000000e-01 1.650317270804325e+00 9.461768973195295e-01
6.450000000000000e-01 1.692232598744148e+00 9.483387157565353e-01
6.500000000000000e-01 1.735205627145031e+00 9.505093363310616e-01
6.550000000000000e-01 1.779263215548615e+00 9.526789042679256e-01
6.600000000000000e-01 1.824432901381847e+00 9.548359226471119e-01
6.650000000000000e-01 1.870742917168772e+00 9.569678841700245e-01
6.700000000000000e-01 1.918222208176775e+00 9.590619656511643e-01
6.750000000000000e-01 1.966900450508319e+00 9.611057410886966e-01
6.800000000000000e-01 2.016808069649473e+00 9.630878640068713e-01
6.850000000000001e-01 2.067976259486829e+00 9.649986687328255e-01
6.900000000000001e-01 2.120437001804702e+00 9.668306442752435e-01
6.950000000000001e-01 2.174223086274785e+00 9.685787438690621e-01
7.000000000000001e-01 2.229368130950753e+00 9.702405076125562e-01
7.050000000000000e-01 2.285906603280654e+00 9.718159936196644e-01
7.100000000000000e-01 2.343873841650178e+00 9.733075325682446e-01
7.150000000000000e-01 2.403306077470301e+00 9.747193387140324e-01
7.200000000000000e-01 2.464240457823092e+00 9.760570245556436e-01
7.250000000000000e-01 2.526715068679855e+00 9.773270740828821e-01
7.300000000000000e-01 2.590768958706095e+00 9.785363296721495e-01
7.350000000000000e-01 2.656442163668210e+00 9.796915403451441e-01
7.400000000000000e-01 2.723775731457148e+00 9.807990058157994e-01
7.450000000000000e-01 2.792811747744667e+00 9.818643341217217e-01
7.500000000000000e-01 2.863593362288260e+00 9.828923137517451e-01
7.550000000000000e-01 2.936164815901156e+00 9.838868868979410e-01
7.600000000000000e-01 3.010571468104263e+00 9.848512008017192e-01
7.650000000000000e-01 3.086859825477351e+00 9.857877099622147e-01
7.700000000000000e-01 3.165077570727174e+00 9.866983028487651e-01
7.750000000000000e-01 3.245273592490716e+00 9.875844313929084e-01
7.800000000000000e-01 3.327498015892184e+00 9.884472281529638e-01
7.850000000000000e-01 3.411802233872832e+00 9.892876029111887e-01
7.900000000000000e-01 3.498238939313234e+00 9.901063162725827e-01
7.950000000000000e-01 3.586862157968046e+00 9.909040318914911e-01
8.000000000000000e-01 3.677727282233856e+00 9.916813511542770e-01
8.050000000000000e-01 3.770891105771243e+00 9.924388348129402e-01
8.100000000000001e-01 3.866411859002656e+00 9.931770157128900e-01
8.150000000000001e-01 3.964349245508326e+00 9.938964059053242e-01
8.200000000000001e-01 4.064764479342956e+00 9.945975004755050e-01
8.250000000000001e-01 4.167720323296481e+00 9.952807795846764e-01
8.300000000000001e-01 4.273281128122877e+00 9.959467096056188e-01
8.350000000000000e-01 4.381512872761445e+00 9.965957438268892e-01
8.400000000000000e-01 4.492483205575838e+00 9.972283229619918e-01
8.450000000000000e-01 4.606261486636447e+00 9.978448755719339e-01
8.500000000000000e-01 4.722918831072739e+00 9.984458184472298e-01
8.550000000000000e-01 4.842528153522501e+00 9.990315569675947e-01
8.600000000000000e-01 4.965164213705875e+00 9.996024854461933e-01
8.650000000000000e-01 5.090903663152626e+00 1.000158987461048e+00
8.700000000000000e-01 5.219825093111814e+00 1.000701436174734e+00
8.750000000000000e-01 5.352009083673925e+00 1.001230194643020e+00
8.800000000000000e-01 5.487538254136007e+00 1.001745616112954e+00
8.850000000000000e-01 5.626497314641444e+00 1.002248044310836e+00
8.900000000000000e-01 5.768973119126561e+00 1.002737813720496e+00
8.950000000000000e-01 5.915054719607133e+00 1.003215249852273e+00
9.000000000000000e-01 6.064833421838831e+00 1.003680669503065e+00
9.050000000000000e-01 6.218402842386253e+00 1.004134381007799e+00
9.100000000000000e-01 6.375858967136348e+00 1.004576684482675e+00
9.150000000000000e-01 6.537300211292723e+00 1.005007872060490e+00
9.200000000000000e-01 6.702827480888332e+00 1.005428228118360e+00
9.250000000000000e-01 6.872544235855034e+00 1.005838029498114e+00
9.300000000000000e-01 7.046556554689444e+00 1.006237545719675e+00
9.350000000000001e-01 7.224973200755413e+00 1.006627039187643e+00
9.400000000000001e-01 7.407905690264673e+00 1.007006765391384e+00
9.450000000000001e-01 7.595468361978146e+00 1.007376973098826e+00
9.500000000000001e-01 7.787778448671316e+00 1.007737904544223e+00
9.550000000000001e-01 7.984956150408610e+00 1.008089795610087e+00
9.600000000000000e-01 8.187124709672272e+00 1.008432876003517e+00
9.650000000000000e-01 8.394410488393007e+00 1.008767369427107e+00
9.700000000000000e-01 8.606943046930221e+00 1.009093493744645e+00
9.750000000000000e-01 8.824855225051540e+00 1.009411461141777e+00
9.800000000000000e-01 9.048283224961922e+00 1.009721478281816e+00
9.850000000000000e-01 9.277366696434507e+00 1.010023746456864e+00
9.900000000000000e-01 9.512248824096272e+00 1.010318461734414e+00
9.950000000000000e-01 9.753076416923058e+00 1.010605815099579e+00
1.000000000000000e+00 1.000000000000000e+01 1.010885992593110e+00
