0.000000000000000e+00 0.000000000000000e+00 9.367140772711031e-01
5.000000000000000e-03 3.369477419287315e-03 9.367140777395289e-01
1.000000000000000e-02 6.741060871647481e-03 9.367140787360707e-01
1.500000000000000e-02 1.011685770649257e-02 9.367140800335555e-01
2.000000000000000e-02 1.349897790673588e-02 9.367140818678621e-01
2.500000000000000e-02 1.688953540759990e-02 9.367140842521609e-01
3.000000000000000e-02 2.029064941789469e-02 9.367140871547859e-01
3.500000000000000e-02 2.370444574459234e-02 9.367140905863461e-01
4.000000000000000e-02 2.713305812152553e-02 9.367140945865563e-01
4.500000000000000e-02 3.057862954304063e-02 9.367140991433699e-01
5.000000000000000e-02 3.404331360343898e-02 9.367141042850050e-01
5.500000000000000e-02 3.752927584304335e-02 9.367141101160302e-01
6.000000000000000e-02 4.103869510173117e-02 9.367141164915583e-01
6.500000000000000e-02 4.457376488078044e-02 9.367141233955945e-01
7.000000000000001e-02 4.813669471387935e-02 9.367141309986694e-01
7.500000000000000e-02 5.172971154815675e-02 9.367141392557207e-01
8.000000000000000e-02 5.535506113609672e-02 9.367141482103016e-01
8.500000000000001e-02 5.901500943920686e-02 9.367141579950234e-01
9.000000000000000e-02 6.271184404431801e-02 9.367141685857377e-01
9.500000000000000e-02 6.644787559340060e-02 9.367141799558772e-01
1.000000000000000e-01 7.022543922779090e-02 9.367141922427331e-01
1.050000000000000e-01 7.404689604773053e-02 9.367142055665673e-01
1.100000000000000e-01 7.791463458813094e-02 9.367142198883645e-01
1.150000000000000e-01 8.183107231148547e-02 9.367142352462743e-01
1.200000000000000e-01 8.579865711886202e-02 9.367142516504666e-01
1.250000000000000e-01 8.981986887992111e-02 9.367142690665471e-01
1.300000000000000e-01 9.389722098291493e-02 9.367142877489856e-01
1.350000000000000e-01 9.803326190563690e-02 9.367143077648243e-01
1.400000000000000e-01 1.022305768083033e-01 9.367143290857031e-01
1.450000000000000e-01 1.064917891493625e-01 9.367143518936293e-01
1.500000000000000e-01 1.108195623252418e-01 9.367143762657809e-01
1.550000000000000e-01 1.152166013350572e-01 9.367144023050130e-01
1.600000000000000e-01 1.196856544713255e-01 9.367144301251676e-01
1.650000000000000e-01 1.242295150377370e-01 9.367144597944772e-01
1.700000000000000e-01 1.288510230950609e-01 9.367144915322702e-01
1.750000000000000e-01 1.335530672362758e-01 9.367145255491537e-01
1.800000000000000e-01 1.383385863920344e-01 9.367145620089986e-01
1.850000000000000e-01 1.432105716675912e-01 9.367146009099178e-01
1.900000000000000e-01 1.481720682123397e-01 9.367146424752558e-01
1.950000000000000e-01 1.532261771231311e-01 9.367146870924500e-01
2.000000000000000e-01 1.583760573825595e-01 9.367147349251119e-01
2.050000000000000e-01 1.636249278334301e-01 9.367147861801742e-01
2.100000000000000e-01 1.689760691906397e-01 9.367148410579339e-01
2.150000000000000e-01 1.744328260917313e-01 9.367148999097932e-01
2.200000000000000e-01 1.799986091874004e-01 9.367149631550706e-01
2.250000000000000e-01 1.856768972732633e-01 9.367150311147726e-01
2.300000000000000e-01 1.914712394642179e-01 9.367151043125231e-01
2.350000000000000e-01 1.973852574127551e-01 9.367151833530840e-01
2.400000000000000e-01 2.034226475726105e-01 9.367152683662145e-01
2.450000000000000e-01 2.095871835091678e-01 9.367153599185489e-01
2.500000000000000e-01 2.158827182580599e-01 9.367154589439932e-01
2.550000000000000e-01 2.223131867334419e-01 9.367155659807020e-01
2.600000000000000e-01 2.288826081874405e-01 9.367156816612479e-01
2.650000000000000e-01 2.355950887223172e-01 9.367158069624828e-01
2.700000000000000e-01 2.424548238569160e-01 9.367159428319873e-01
2.750000000000000e-01 2.494661011489995e-01 9.367160904490708e-01
2.800000000000000e-01 2.566333028751116e-01 9.367162510137830e-01
2.850000000000000e-01 2.639609087696434e-01 9.367164254677186e-01
2.900000000000000e-01 2.714534988248126e-01 9.367166155312237e-01
2.950000000000000e-01 2.791157561533084e-01 9.367168228110683e-01
3.000000000000000e-01 2.869524699153886e-01 9.367170491348638e-01
3.050000000000000e-01 2.949685383122613e-01 9.367172968632144e-01
3.100000000000000e-01 3.031689716476197e-01 9.367175686024852e-01
3.150000000000000e-01 3.115588954592450e-01 9.367178667013991e-01
3.200000000000000e-01 3.201435537226349e-01 9.367181937198131e-01
3.250000000000000e-01 3.289283121286580e-01 9.367185535367073e-01
3.300000000000000e-01 3.379186614372866e-01 9.367189501908588e-01
3.350000000000000e-01 3.471202209094989e-01 9.367193881815561e-01
3.400000000000000e-01 3.565387418195016e-01 9.367198722156994e-01
3.450000000000000e-01 3.661801110494620e-01 9.367204082100691e-01
3.500000000000000e-01 3.760503547690021e-01 9.367210026729567e-01
3.550000000000000e-01 3.861556422017504e-01 9.367216629643087e-01
3.600000000000000e-01 3.965022894813072e-01 9.367223978487680e-01
3.650000000000000e-01 4.070967635990345e-01 9.367232167085840e-01
3.700000000000000e-01 4.179456864461349e-01 9.367241314726966e-01
3.750000000000000e-01 4.290558389525505e-01 9.367251548004772e-01
3.800000000000000e-01 4.404341653252637e-01 9.367263017119511e-01
3.850000000000000e-01 4.520877773886537e-01 9.367275895828301e-01
3.900000000000000e-01 4.640239590296172e-01 9.367290377751888e-01
3.950000000000000e-01 4.762501707502353e-01 9.367306697957875e-01
4.000000000000000e-01 4.887740543308307e-01 9.367325120367546e-01
4.050000000000000e-01 5.016034376063282e-01 9.367345959505959e-01
4.100000000000000e-01 5.147463393589066e-01 9.367369571766765e-01
4.150000000000000e-01 5.282109743299990e-01 9.367396375208520e-01
4.200000000000000e-01 5.420057583547735e-01 9.367426864548831e-01
4.250000000000000e-01 5.561393136223041e-01 9.367461606260471e-01
4.300000000000000e-01 5.706204740647189e-01 9.367501268340238e-01
4.350000000000000e-01 5.854582908786964e-01 9.367546621150468e-01
4.400000000000000e-01 6.006620381827575e-01 9.367598589353100e-01
4.450000000000000e-01 6.162412188138907e-01 9.367658245281482e-01
4.500000000000000e-01 6.322055702671360e-01 9.367726833254127e-01
4.550000000000000e-01 6.485650707818353e-01 9.367805843292203e-01
4.600000000000000e-01 6.653299455783577e-01 9.367897000153265e-01
4.650000000000000e-01 6.825106732491932e-01 9.368002353508166e-01
4.700000000000000e-01 7.001179923084168e-01 9.368124310428939e-01
4.750000000000000e-01 7.181629079036070e-01 9.368265687863397e-01
4.800000000000000e-01 7.366566986944229e-01 9.368429841877420e-01
4.850000000000000e-01 7.556109239021327e-01 9.368620682657809e-01
4.900000000000000e-01 7.750374305345038e-01 9.368842839788231e-01
4.950000000000000e-01 7.949483607905672e-01 9.369101773383235e-01
5.000000000000000e-01 8.153561596498893e-01 9.369403856939257e-01
5.050000000000000e-01 8.362735826510871e-01 9.369756643159370e-01
5.100000000000000e-01 8.577137038644561e-01 9.370168950132036e-01
5.150000000000000e-01 8.796899240636907e-01 9.370651091818266e-01
5.200000000000000e-01 9.022159791018011e-01 9.371215189515099e-01
5.250000000000000e-01 9.253059484964714e-01 9.371875272149646e-01
5.300000000000000e-01 9.489742642302165e-01 9.372647672701939e-01
5.350000000000000e-01 9.732357197708378e-01 9.373551313757643e-01
5.400000000000000e-01 9.981054793178262e-01 9.374607835769713e-01
5.450000000000000e-01 1.023599087280478e+00 9.375842078546819e-01
5.500000000000000e-01 1.049732477993657e+00 9.377282214950518e-01
5.550000000000000e-01 1.076521985677273e+00 9.378959780353424e-01
5.600000000000001e-01 1.103984354645701e+00 9.380909994400243e-01
5.650000000000001e-01 1.132136749773522e+00 9.383171435961126e-01
5.700000000000001e-01 1.160996767224129e+00 9.385785550827783e-01
5.750000000000001e-01 1.190582445447902e+00 9.388796275956354e-01
5.800000000000000e-01 1.220912276456826e+00 9.392248609905846e-01
5.850000000000000e-01 1.252005217382601e+00 9.396186737476054e-01
5.900000000000000e-01 1.283880702325469e+00 9.400652048209431e-01
5.950000000000000e-01 1.316558654501151e+00 9.405679659376653e-01
6.000000000000000e-01 1.350059498693518e+00 9.411294069176521e-01
6.050000000000000e-01 1.384404174020732e+00 9.417504743992877e-01
6.100000000000000e-01 1.419614147022888e+00 9.424300331539823e-01
6.150000000000000e-01 1.455711425079295e+00 9.431642088295800e-01
6.200000000000000e-01 1.492718570163803e+00 9.439458438294650e-01
6.250000000000000e-01 1.530658712946775e+00 9.447640368260218e-01
6.300000000000000e-01 1.569555567252506e+00 9.456038313486095e-01
6.350000000000000e-01 1.609433444881138e+00 9.464463732973236e-01
6.400000000000000e-01 1.650317270804325e+00 9.472696965508377e-01
6.450000000000000e-01 1.692232598744148e+00 9.480501509904637e-01
6.500000000000000e-01 1.735205627145031e+00 9.487646212960165e-01
6.550000000000000e-01 1.779263215548615e+00 9.493935478626144e-01
6.600000000000000e-01 1.824432901381847e+00 9.499243412448448e-01
6.650000000000000e-01 1.870742917168772e+00 9.503546082497514e-01
6.700000000000000e-01 1.918222208176775e+00 9.506946269443504e-01
6.750000000000000e-01 1.966900450508319e+00 9.509684642777362e-01
6.800000000000000e-01 2.016808069649473e+00 9.512132455588046e-01
6.850000000000001e-01 2.067976259486829e+00 9.514765206934358e-01
6.900000000000001e-01 2.120437001804702e+00 9.518121268815180e-01
6.950000000000001e-01 2.174223086274785e+00 9.522751843557692e-01
7.000000000000001e-01 2.229368130950753e+00 9.529169584615580e-01
7.050000000000000e-01 2.285906603280654e+00 9.537803217666527e-01
7.100000000000000e-01 2.343873841650178e+00 9.548963658696208e-01
7.150000000000000e-01 2.403306077470301e+00 9.562823730903642e-01
7.200000000000000e-01 2.464240457823092e+00 9.579410497619331e-01
7.250000000000000e-01 2.526715068679855e+00 9.598607645652241e-01
7.300000000000000e-01 2.590768958706095e+00 9.620164994621790e-01
7.350000000000000e-01 2.656442163668210e+00 9.643712442370703e-01
7.400000000000000e-01 2.723775731457148e+00 9.668776242277646e-01
7.450000000000000e-01 2.792811747744667e+00 9.694796476331144e-01
7.500000000000000e-01 2.863593362288260e+00 9.721145903335384e-01
7.550000000000000e-01 2.936164815901156e+00 9.747151788361353e-01
7.600000000000000e-01 3.010571468104263e+00 9.772123754785998e-01
7.650000000000000e-01 3.086859825477351e+00 9.795391881761776e-01
7.700000000000000e-01 3.165077570727174e+00 9.816359181910957e-01
7.750000000000000e-01 3.245273592490716e+00 9.834569439876224e-01
7.800000000000000e-01 3.327498015892184e+00 9.849783795325501e-01
7.850000000000000e-01 3.411802233872832e+00 9.862048734122824e-01
7.900000000000000e-01 3.498238939313234e+00 9.871729575438645e-01
7.950000000000000e-01 3.586862157968046e+00 9.879484375942955e-01
8.000000000000000e-01 3.677727282233856e+00 9.886167551091427e-01
8.050000000000000e-01 3.770891105771243e+00 9.892676814588264e-01
8.100000000000001e-01 3.866411859002656e+00 9.899780441403513e-01
8.150000000000001e-01 3.964349245508326e+00 9.907972695271690e-01
8.200000000000001e-01 4.064764479342956e+00 9.917398167351220e-01
8.250000000000001e-01 4.167720323296481e+00 9.927864055801988e-01
8.300000000000001e-01 4.273281128122877e+00 9.938931958619780e-01
8.350000000000000e-01 4.381512872761445e+00 9.950057307887694e-01
8.400000000000000e-01 4.492483205575838e+00 9.960732663885168e-01
8.450000000000000e-01 4.606261486636447e+00 9.970594367570464e-01
8.500000000000000e-01 4.722918831072739e+00 9.979468964181725e-01
8.550000000000000e-01 4.842528153522501e+00 9.987359262943378e-01
8.600000000000000e-01 4.965164213705875e+00 9.994389803276496e-01
8.650000000000000e-01 5.090903663152626e+00 1.000073994006565e+00
8.700000000000000e-01 5.219825093111814e+00 1.000658833253157e+00
8.750000000000000e-01 5.352009083673925e+00 1.001208048410342e+00
8.800000000000000e-01 5.487538254136007e+00 1.001731873904645e+00
8.850000000000000e-01 5.626497314641444e+00 1.002236705067812e+00
8.900000000000000e-01 5.768973119126561e+00 1.002726175828814e+00
8.950000000000000e-01 5.915054719607133e+00 1.003202224457640e+00
9.000000000000000e-01 6.064833421838831e+00 1.003665877344061e+00
9.050000000000000e-01 6.218402842386253e+00 1.004117724338405e+00
9.100000000000000e-01 6.375858967136348e+00 1.004558166083918e+00
9.150000000000000e-01 6.537300211292723e+00 1.004987526651533e+00
9.200000000000000e-01 6.702827480888332e+00 1.005406098990156e+00
9.250000000000000e-01 6.872544235855034e+00 1.005814161352678e+00
9.300000000000000e-01 7.046556554689444e+00 1.006211982705818e+00
9.350000000000001e-01 7.224973200755413e+00 1.006599824432316e+00
9.400000000000001e-01 7.407905690264673e+00 1.006977940917893e+00
9.450000000000001e-01 7.595468361978146e+00 1.007346579834720e+00
9.500000000000001e-01 7.787778448671316e+00 1.007705982347354e+00
9.550000000000001e-01 7.984956150408610e+00 1.008056383297399e+00
9.600000000000000e-01 8.187124709672272e+00 1.008398011379571e+00
9.650000000000000e-01 8.394410488393007e+00 1.008731089311841e+00
9.700000000000000e-01 8.606943046930221e+00 1.009055834000319e+00
9.750000000000000e-01 8.824855225051540e+00 1.009372456699112e+00
9.800000000000000e-01 9.048283224961922e+00 1.009681163165358e+00
9.850000000000000e-01 9.277366696434507e+00 1.009982153809599e+00
9.900000000000000e-01 9.512248824096272e+00 1.010275623841655e+00
9.950000000000000e-01 9.753076416923058e+00 1.010561763412158e+00
1.000000000000000e+00 1.000000000000000e+01 1.010840757749883e+00
