0.000000000000000e+00 0.000000000000000e+00 8.138245808420630e-01
5.000000000000000e-03 3.369477419287315e-03 8.138247482724159e-01
1.000000000000000e-02 6.741060871647481e-03 8.138251954896117e-01
1.500000000000000e-02 1.011685770649257e-02 8.138259462498610e-01
2.000000000000000e-02 1.349897790673588e-02 8.138270041734195e-01
2.500000000000000e-02 1.688953540759990e-02 8.138283706929208e-01
3.000000000000000e-02 2.029064941789469e-02 8.138300547793967e-01
3.500000000000000e-02 2.370444574459234e-02 8.138320671554171e-01
4.000000000000000e-02 2.713305812152553e-02 8.138344188748535e-01
4.500000000000000e-02 3.057862954304063e-02 8.138371208465132e-01
5.000000000000000e-02 3.404331360343898e-02 8.138401894094113e-01
5.500000000000000e-02 3.752927584304335e-02 8.138436412170699e-01
6.000000000000000e-02 4.103869510173117e-02 8.138474940692649e-01
6.500000000000000e-02 4.457376488078044e-02 8.138517678882491e-01
7.000000000000001e-02 4.813669471387935e-02 8.138564885151441e-01
7.500000000000000e-02 5.172971154815675e-02 8.138616827956854e-01
8.000000000000000e-02 5.535506113609672e-02 8.138673785839332e-01
8.500000000000001e-02 5.901500943920686e-02 8.138736114446756e-01
9.000000000000000e-02 6.271184404431801e-02 8.138804148137395e-01
9.500000000000000e-02 6.644787559340060e-02 8.138878256733932e-01
1.000000000000000e-01 7.022543922779090e-02 8.138958878319982e-01
1.050000000000000e-01 7.404689604773053e-02 8.139046521623799e-01
1.100000000000000e-01 7.791463458813094e-02 8.139141719327125e-01
1.150000000000000e-01 8.183107231148547e-02 8.139245018619977e-01
1.200000000000000e-01 8.579865711886202e-02 8.139357034637497e-01
1.250000000000000e-01 8.981986887992111e-02 8.139478457095004e-01
1.300000000000000e-01 9.389722098291493e-02 8.139610050636112e-01
1.350000000000000e-01 9.803326190563690e-02 8.139752611986706e-01
1.400000000000000e-01 1.022305768083033e-01 8.139907046327329e-01
1.450000000000000e-01 1.064917891493625e-01 8.140074322553593e-01
1.500000000000000e-01 1.108195623252418e-01 8.140255498899759e-01
1.550000000000000e-01 1.152166013350572e-01 8.140451750898847e-01
1.600000000000000e-01 1.196856544713255e-01 8.140664327931219e-01
1.650000000000000e-01 1.242295150377370e-01 8.140894624537638e-01
1.700000000000000e-01 1.288510230950609e-01 8.141144148966004e-01
1.750000000000000e-01 1.335530672362758e-01 8.141414555366786e-01
1.800000000000000e-01 1.383385863920344e-01 8.141707613335976e-01
1.850000000000000e-01 1.432105716675912e-01 8.142025275308719e-01
1.900000000000000e-01 1.481720682123397e-01 8.142369668660998e-01
1.950000000000000e-01 1.532261771231311e-01 8.142743063602720e-01
2.000000000000000e-01 1.583760573825595e-01 8.143148021394264e-01
2.050000000000000e-01 1.636249278334301e-01 8.143587260598296e-01
2.100000000000000e-01 1.689760691906397e-01 8.144063747303695e-01
2.150000000000000e-01 1.744328260917313e-01 8.144580733994886e-01
2.200000000000000e-01 1.799986091874004e-01 8.145141712551789e-01
2.250000000000000e-01 1.856768972732633e-01 8.145750505176553e-01
2.300000000000000e-01 1.914712394642179e-01 8.146411182203920e-01
2.350000000000000e-01 1.973852574127551e-01 8.147128265087747e-01
2.400000000000000e-01 2.034226475726105e-01 8.147906651310109e-01
2.450000000000000e-01 2.095871835091678e-01 8.148751549691237e-01
2.500000000000000e-01 2.158827182580599e-01 8.149668675654562e-01
2.550000000000000e-01 2.223131867334419e-01 8.150664138828542e-01
2.600000000000000e-01 2.288826081874405e-01 8.151744618049047e-01
2.650000000000000e-01 2.355950887223172e-01 8.152917310637328e-01
2.700000000000000e-01 2.424548238569160e-01 8.154189899921578e-01
2.750000000000000e-01 2.494661011489995e-01 8.155570785199454e-01
2.800000000000000e-01 2.566333028751116e-01 8.157068896163190e-01
2.850000000000000e-01 2.639609087696434e-01 8.158693886447465e-01
2.900000000000000e-01 2.714534988248126e-01 8.160456167581662e-01
2.950000000000000e-01 2.791157561533084e-01 8.162366774544304e-01
3.000000000000000e-01 2.869524699153886e-01 8.164437681697532e-01
3.050000000000000e-01 2.949685383122613e-01 8.166681611732338e-01
3.100000000000000e-01 3.031689716476197e-01 8.169112114643545e-01
3.150000000000000e-01 3.115588954592450e-01 8.171743800414121e-01
3.200000000000000e-01 3.201435537226349e-01 8.174592041413442e-01
3.250000000000000e-01 3.289283121286580e-01 8.177673270840886e-01
3.300000000000000e-01 3.379186614372866e-01 8.181005006403302e-01
3.350000000000000e-01 3.471202209094989e-01 8.184605591109260e-01
3.400000000000000e-01 3.565387418195016e-01 8.188494614302738e-01
3.450000000000000e-01 3.661801110494620e-01 8.192692711315811e-01
3.500000000000000e-01 3.760503547690021e-01 8.197221418701093e-01
3.550000000000000e-01 3.861556422017504e-01 8.202103618597101e-01
3.600000000000000e-01 3.965022894813072e-01 8.207363156593942e-01
3.650000000000000e-01 4.070967635990345e-01 8.213024801017136e-01
3.700000000000000e-01 4.179456864461349e-01 8.219114664922933e-01
3.750000000000000e-01 4.290558389525505e-01 8.225659688739726e-01
3.800000000000000e-01 4.404341653252637e-01 8.232687637956831e-01
3.850000000000000e-01 4.520877773886537e-01 8.240227519511555e-01
3.900000000000000e-01 4.640239590296172e-01 8.248308963026396e-01
3.950000000000000e-01 4.762501707502353e-01 8.256962142792748e-01
4.000000000000000e-01 4.887740543308307e-01 8.266218238202906e-01
4.050000000000000e-01 5.016034376063282e-01 8.276108773253253e-01
4.100000000000000e-01 5.147463393589066e-01 8.286665311810244e-01
4.150000000000000e-01 5.282109743299990e-01 8.297919990462622e-01
4.200000000000000e-01 5.420057583547735e-01 8.309904965922315e-01
4.250000000000000e-01 5.561393136223041e-01 8.322651718204023e-01
4.300000000000000e-01 5.706204740647189e-01 8.336191526876918e-01
4.350000000000000e-01 5.854582908786964e-01 8.350555305858353e-01
4.400000000000000e-01 6.006620381827575e-01 8.365772540450278e-01
4.450000000000000e-01 6.162412188138907e-01 8.381871291165853e-01
4.500000000000000e-01 6.322055702671360e-01 8.398878562993319e-01
4.550000000000000e-01 6.485650707818353e-01 8.416819396328047e-01
4.600000000000000e-01 6.653299455783577e-01 8.435715983213640e-01
4.650000000000000e-01 6.825106732491932e-01 8.455588004661254e-01
4.700000000000000e-01 7.001179923084168e-01 8.476452628184187e-01
4.750000000000000e-01 7.181629079036070e-01 8.498323322333851e-01
4.800000000000000e-01 7.366566986944229e-01 8.521209072301188e-01
4.850000000000000e-01 7.556109239021327e-01 8.545114689843928e-01
4.900000000000000e-01 7.750374305345038e-01 8.570040762435139e-01
4.950000000000000e-01 7.949483607905672e-01 8.595982513016933e-01
5.000000000000000e-01 8.153561596498893e-01 8.622928771051643e-01
5.050000000000000e-01 8.362735826510871e-01 8.650861949248753e-01
5.100000000000000e-01 8.577137038644561e-01 8.679758242322623e-01
5.150000000000000e-01 8.796899240636907e-01 8.709587025374002e-01
5.200000000000000e-01 9.022159791018011e-01 8.740309680900510e-01
5.250000000000000e-01 9.253059484964714e-01 8.771878804103047e-01
5.300000000000000e-01 9.489742642302165e-01 8.804238124626952e-01
5.350000000000000e-01 9.732357197708378e-01 8.837322627190005e-01
5.400000000000000e-01 9.981054793178262e-01 8.871058305001808e-01
5.450000000000000e-01 1.023599087280478e+00 8.905361526192389e-01
5.500000000000000e-01 1.049732477993657e+00 8.940138378563500e-01
5.550000000000000e-01 1.076521985677273e+00 8.975284327096159e-01
5.600000000000001e-01 1.103984354645701e+00 9.010684260118601e-01
5.650000000000001e-01 1.132136749773522e+00 9.046212816436606e-01
5.700000000000001e-01 1.160996767224129e+00 9.081734887805158e-01
5.750000000000001e-01 1.190582445447902e+00 9.117106294638089e-01
5.800000000000000e-01 1.220912276456826e+00 9.152174708353624e-01
5.850000000000000e-01 1.252005217382601e+00 9.186780938095535e-01
5.900000000000000e-01 1.283880702325469e+00 9.220760688928195e-01
5.950000000000000e-01 1.316558654501151e+00 9.253946881896298e-01
6.000000000000000e-01 1.350059498693518e+00 9.286172608938864e-01
6.050000000000000e-01 1.384404174020732e+00 9.317274775014945e-01
6.100000000000000e-01 1.419614147022888e+00 9.347098456085492e-01
6.150000000000000e-01 1.455711425079295e+00 9.375501959723972e-01
6.200000000000000e-01 1.492718570163803e+00 9.402362515739362e-01
6.250000000000000e-01 1.530658712946775e+00 9.427582440973790e-01
6.300000000000000e-01 1.569555567252506e+00 9.451095518614483e-01
6.350000000000000e-01 1.609433444881138e+00 9.472873212348913e-01
6.400000000000000e-01 1.650317270804325e+00 9.492930211546275e-01
6.450000000000000e-01 1.692232598744148e+00 9.511328693622548e-01
6.500000000000000e-01 1.735205627145031e+00 9.528180618996459e-01
6.550000000000000e-01 1.779263215548615e+00 9.543647371563750e-01
6.600000000000000e-01 1.824432901381847e+00 9.557936151070467e-01
6.650000000000000e-01 1.870742917168772e+00 9.571292731758189e-01
6.700000000000000e-01 1.918222208176775e+00 9.583990525325023e-01
6.750000000000000e-01 1.966900450508319e+00 9.596316302732359e-01
6.800000000000000e-01 2.016808069649473e+00 9.608553390204826e-01
6.850000000000001e-01 2.067976259486829e+00 9.620963591198860e-01
6.900000000000001e-01 2.120437001804702e+00 9.633769421456998e-01
6.950000000000001e-01 2.174223086274785e+00 9.647138410111421e-01
7.000000000000001e-01 2.229368130950753e+00 9.661171171429563e-01
7.050000000000000e-01 2.285906603280654e+00 9.675894677820966e-01
7.100000000000000e-01 2.343873841650178e+00 9.691261688322161e-01
7.150000000000000e-01 2.403306077470301e+00 9.707156659340036e-01
7.200000000000000e-01 2.464240457823092e+00 9.723407755587284e-01
7.250000000000000e-01 2.526715068679855e+00 9.739803867864469e-01
7.300000000000000e-01 2.590768958706095e+00 9.756114913997382e-01
7.350000000000000e-01 2.656442163668210e+00 9.772113235341513e-01
7.400000000000000e-01 2.723775731457148e+00 9.787593687091244e-01
7.450000000000000e-01 2.792811747744667e+00 9.802390124970000e-01
7.500000000000000e-01 2.863593362288260e+00 9.816386446034649e-01
7.550000000000000e-01 2.936164815901156e+00 9.829521117032086e-01
7.600000000000000e-01 3.010571468104263e+00 9.841785110154394e-01
7.650000000000000e-01 3.086859825477351e+00 9.853214180882985e-01
7.700000000000000e-01 3.165077570727174e+00 9.863877249974911e-01
7.750000000000000e-01 3.245273592490716e+00 9.873863104525320e-01
7.800000000000000e-01 3.327498015892184e+00 9.883267616666231e-01
7.850000000000000e-01 3.411802233872832e+00 9.892183226094513e-01
7.900000000000000e-01 3.498238939313234e+00 9.900691695457289e-01
7.950000000000000e-01 3.586862157968046e+00 9.908860341190358e-01
8.000000000000000e-01 3.677727282233856e+00 9.916741272256531e-01
8.050000000000000e-01 3.770891105771243e+00 9.924372767378202e-01
8.100000000000001e-01 3.866411859002656e+00 9.931781817654398e-01
8.150000000000001e-01 3.964349245508326e+00 9.938986996005914e-01
8.200000000000001e-01 4.064764479342956e+00 9.946001079101197e-01
8.250000000000001e-01 4.167720323296481e+00 9.952833131527375e-01
8.300000000000001e-01 4.273281128122877e+00 9.959489989377516e-01
8.350000000000000e-01 4.381512872761445e+00 9.965977219571354e-01
8.400000000000000e-01 4.492483205575838e+00 9.972299687903609e-01
8.450000000000000e-01 4.606261486636447e+00 9.978461868749137e-01
8.500000000000000e-01 4.722918831072739e+00 9.984468001382092e-01
8.550000000000000e-01 4.842528153522501e+00 9.990322163680987e-01
8.600000000000000e-01 4.965164213705875e+00 9.996028305258626e-01
8.650000000000000e-01 5.090903663152626e+00 1.000159026235122e+00
8.700000000000000e-01 5.219825093111814e+00 1.000701176516741e+00
8.750000000000000e-01 5.352009083673925e+00 1.001229644234292e+00
8.800000000000000e-01 5.487538254136007e+00 1.001744782433452e+00
8.850000000000000e-01 5.626497314641444e+00 1.002246934641313e+00
8.900000000000000e-01 5.768973119126561e+00 1.002736435147399e+00
8.950000000000000e-01 5.915054719607133e+00 1.003213609273145e+00
9.000000000000000e-01 6.064833421838831e+00 1.003678773631910e+00
9.050000000000000e-01 6.218402842386253e+00 1.004132236380302e+00
9.100000000000000e-01 6.375858967136348e+00 1.004574297461263e+00
9.150000000000000e-01 6.537300211292723e+00 1.005005248839232e+00
9.200000000000000e-01 6.702827480888332e+00 1.005425374727708e+00
9.250000000000000e-01 6.872544235855034e+00 1.005834951809506e+00
9.300000000000000e-01 7.046556554689444e+00 1.006234249449981e+00
9.350000000000001e-01 7.224973200755413e+00 1.006623529903485e+00
9.400000000000001e-01 7.407905690264673e+00 1.007003048513316e+00
9.450000000000001e-01 7.595468361978146e+00 1.007373053905387e+00
9.500000000000001e-01 7.787778448671316e+00 1.007733788175865e+00
9.550000000000001e-01 7.984956150408610e+00 1.008085487072990e+00
9.600000000000000e-01 8.187124709672272e+00 1.008428380173278e+00
9.650000000000000e-01 8.394410488393007e+00 1.008762691052325e+00
9.700000000000000e-01 8.606943046930221e+00 1.009088637450399e+00
9.750000000000000e-01 8.824855225051540e+00 1.009406431432997e+00
9.800000000000000e-01 9.048283224961922e+00 1.009716279546554e+00
9.850000000000000e-01 9.277366696434507e+00 1.010018382969471e+00
9.900000000000000e-01 9.512248824096272e+00 1.010312937658619e+00
9.950000000000000e-01 9.753076416923058e+00 1.010600134491483e+00
1.000000000000000e+00 1.000000000000000e+01 1.010880159404089e+00
