0.000000000000000e+00 0.000000000000000e+00 9.360243825992900e-01
5.000000000000000e-03 3.369477419287315e-03 9.360243830338831e-01
1.000000000000000e-02 6.741060871647481e-03 9.360243840973026e-01
1.500000000000000e-02 1.011685770649257e-02 9.360243856170636e-01
2.000000000000000e-02 1.349897790673588e-02 9.360243877630008e-01
2.500000000000000e-02 1.688953540759990e-02 9.360243906370662e-01
3.000000000000000e-02 2.029064941789469e-02 9.360243940871116e-01
3.500000000000000e-02 2.370444574459234e-02 9.360243982699483e-01
4.000000000000000e-02 2.713305812152553e-02 9.360244031875014e-01
4.500000000000000e-02 3.057862954304063e-02 9.360244087589498e-01
5.000000000000000e-02 3.404331360343898e-02 9.360244150389752e-01
5.500000000000000e-02 3.752927584304335e-02 9.360244220832130e-01
6.000000000000000e-02 4.103869510173117e-02 9.360244298754521e-01
6.500000000000000e-02 4.457376488078044e-02 9.360244384919734e-01
7.000000000000001e-02 4.813669471387935e-02 9.360244479923104e-01
7.500000000000000e-02 5.172971154815675e-02 9.360244583940157e-01
8.000000000000000e-02 5.535506113609672e-02 9.360244696736851e-01
8.500000000000001e-02 5.901500943920686e-02 9.360244819467407e-01
9.000000000000000e-02 6.271184404431801e-02 9.360244952188699e-01
9.500000000000000e-02 6.644787559340060e-02 9.360245094339870e-01
1.000000000000000e-01 7.022543922779090e-02 9.360245246167416e-01
1.050000000000000e-01 7.404689604773053e-02 9.360245409252849e-01
1.100000000000000e-01 7.791463458813094e-02 9.360245584016456e-01
1.150000000000000e-01 8.183107231148547e-02 9.360245771283664e-01
1.200000000000000e-01 8.579865711886202e-02 9.360245972524643e-01
1.250000000000000e-01 8.981986887992111e-02 9.360246188803102e-01
1.300000000000000e-01 9.389722098291493e-02 9.360246419390045e-01
1.350000000000000e-01 9.803326190563690e-02 9.360246665574097e-01
1.400000000000000e-01 1.022305768083033e-01 9.360246929566584e-01
1.450000000000000e-01 1.064917891493625e-01 9.360247211779810e-01
1.500000000000000e-01 1.108195623252418e-01 9.360247513129711e-01
1.550000000000000e-01 1.152166013350572e-01 9.360247834878933e-01
1.600000000000000e-01 1.196856544713255e-01 9.360248178872779e-01
1.650000000000000e-01 1.242295150377370e-01 9.360248546864498e-01
1.700000000000000e-01 1.288510230950609e-01 9.360248939820360e-01
1.750000000000000e-01 1.335530672362758e-01 9.360249358353018e-01
1.800000000000000e-01 1.383385863920344e-01 9.360249805893642e-01
1.850000000000000e-01 1.432105716675912e-01 9.360250284704474e-01
1.900000000000000e-01 1.481720682123397e-01 9.360250797565617e-01
1.950000000000000e-01 1.532261771231311e-01 9.360251345256000e-01
2.000000000000000e-01 1.583760573825595e-01 9.360251931328295e-01
2.050000000000000e-01 1.636249278334301e-01 9.360252560015586e-01
2.100000000000000e-01 1.689760691906397e-01 9.360253235163655e-01
2.150000000000000e-01 1.744328260917313e-01 9.360253960898089e-01
2.200000000000000e-01 1.799986091874004e-01 9.360254740386488e-01
2.250000000000000e-01 1.856768972732633e-01 9.360255578903861e-01
2.300000000000000e-01 1.914712394642179e-01 9.360256479212069e-01
2.350000000000000e-01 1.973852574127551e-01 9.360257445747007e-01
2.400000000000000e-01 2.034226475726105e-01 9.360258487293799e-01
2.450000000000000e-01 2.095871835091678e-01 9.360259612218862e-01
2.500000000000000e-01 2.158827182580599e-01 9.360260823428017e-01
2.550000000000000e-01 2.223131867334419e-01 9.360262131959480e-01
2.600000000000000e-01 2.288826081874405e-01 9.360263549072846e-01
2.650000000000000e-01 2.355950887223172e-01 9.360265083855378e-01
2.700000000000000e-01 2.424548238569160e-01 9.360266747734352e-01
2.750000000000000e-01 2.494661011489995e-01 9.360268552046676e-01
2.800000000000000e-01 2.566333028751116e-01 9.360270509975301e-01
2.850000000000000e-01 2.639609087696434e-01 9.360272638112924e-01
2.900000000000000e-01 2.714534988248126e-01 9.360274956217481e-01
2.950000000000000e-01 2.791157561533084e-01 9.360277481395746e-01
3.000000000000000e-01 2.869524699153886e-01 9.360280240891522e-01
3.050000000000000e-01 2.949685383122613e-01 9.360283258912493e-01
3.100000000000000e-01 3.031689716476197e-01 9.360286560726846e-01
3.150000000000000e-01 3.115588954592450e-01 9.360290177456916e-01
3.200000000000000e-01 3.201435537226349e-01 9.360294148535608e-01
3.250000000000000e-01 3.289283121286580e-01 9.360298518740233e-01
3.300000000000000e-01 3.379186614372866e-01 9.360303327760814e-01
3.350000000000000e-01 3.471202209094989e-01 9.360308629099677e-01
3.400000000000000e-01 3.565387418195016e-01 9.360314482396931e-01
3.450000000000000e-01 3.661801110494620e-01 9.360320958804849e-01
3.500000000000000e-01 3.760503547690021e-01 9.360328135051506e-01
3.550000000000000e-01 3.861556422017504e-01 9.360336099081165e-01
3.600000000000000e-01 3.965022894813072e-01 9.360344952917368e-01
3.650000000000000e-01 4.070967635990345e-01 9.360354809893386e-01
3.700000000000000e-01 4.179456864461349e-01 9.360365806895774e-01
3.750000000000000e-01 4.290558389525505e-01 9.360378092907612e-01
3.800000000000000e-01 4.404341653252637e-01 9.360391847780586e-01
3.850000000000000e-01 4.520877773886537e-01 9.360407273072489e-01
3.900000000000000e-01 4.640239590296172e-01 9.360424598860372e-01
3.950000000000000e-01 4.762501707502353e-01 9.360444095797251e-01
4.000000000000000e-01 4.887740543308307e-01 9.360466074968660e-01
4.050000000000000e-01 5.016034376063282e-01 9.360490901434408e-01
4.100000000000000e-01 5.147463393589066e-01 9.360518992533055e-01
4.150000000000000e-01 5.282109743299990e-01 9.360550842452868e-01
4.200000000000000e-01 5.420057583547735e-01 9.360587007636786e-01
4.250000000000000e-01 5.561393136223041e-01 9.360628147138208e-01
4.300000000000000e-01 5.706204740647189e-01 9.360675043057447e-01
4.350000000000000e-01 5.854582908786964e-01 9.360728582825679e-01
4.400000000000000e-01 6.006620381827575e-01 9.360789826618049e-01
4.450000000000000e-01 6.162412188138907e-01 9.360859998418266e-01
4.500000000000000e-01 6.322055702671360e-01 9.360940536018518e-01
4.550000000000000e-01 6.485650707818353e-01 9.361033135451102e-01
4.600000000000000e-01 6.653299455783577e-01 9.361139761653490e-01
4.650000000000000e-01 6.825106732491932e-01 9.361262752537423e-01
4.700000000000000e-01 7.001179923084168e-01 9.361404824108064e-01
4.750000000000000e-01 7.181629079036070e-01 9.361569173620293e-01
4.800000000000000e-01 7.366566986944229e-01 9.361759577560479e-01
4.850000000000000e-01 7.556109239021327e-01 9.361980424157186e-01
4.900000000000000e-01 7.750374305345038e-01 9.362236913632304e-01
4.950000000000000e-01 7.949483607905672e-01 9.362535119571156e-01
5.000000000000000e-01 8.153561596498893e-01 9.362882141125327e-01
5.050000000000000e-01 8.362735826510871e-01 9.363286347863077e-01
5.100000000000000e-01 8.577137038644561e-01 9.363757444935883e-01
5.150000000000000e-01 8.796899240636907e-01 9.364306787401487e-01
5.200000000000000e-01 9.022159791018011e-01 9.364947609748443e-01
5.250000000000000e-01 9.253059484964714e-01 9.365695159509025e-01
5.300000000000000e-01 9.489742642302165e-01 9.366567140112790e-01
5.350000000000000e-01 9.732357197708378e-01 9.367583867563398e-01
5.400000000000000e-01 9.981054793178262e-01 9.368768473523497e-01
5.450000000000000e-01 1.023599087280478e+00 9.370147350376939e-01
5.500000000000000e-01 1.049732477993657e+00 9.371750109644127e-01
5.550000000000000e-01 1.076521985677273e+00 9.373609685592162e-01
5.600000000000001e-01 1.103984354645701e+00 9.375762500364452e-01
5.650000000000001e-01 1.132136749773522e+00 9.378247884565881e-01
5.700000000000001e-01 1.160996767224129e+00 9.381107606675940e-01
5.750000000000001e-01 1.190582445447902e+00 9.384385195749333e-01
5.800000000000000e-01 1.220912276456826e+00 9.388124126861727e-01
5.850000000000000e-01 1.252005217382601e+00 9.392365894739048e-01
5.900000000000000e-01 1.283880702325469e+00 9.397147636731148e-01
5.950000000000000e-01 1.316558654501151e+00 9.402498164231634e-01
6.000000000000000e-01 1.350059498693518e+00 9.408433611451826e-01
6.050000000000000e-01 1.384404174020732e+00 9.414952835218608e-01
6.100000000000000e-01 1.419614147022888e+00 9.422031362739716e-01
6.150000000000000e-01 1.455711425079295e+00 9.429615320243813e-01
6.200000000000000e-01 1.492718570163803e+00 9.437616798770264e-01
6.250000000000000e-01 1.530658712946775e+00 9.445910110293261e-01
6.300000000000000e-01 1.569555567252506e+00 9.454330484936257e-01
6.350000000000000e-01 1.609433444881138e+00 9.462678310364873e-01
6.400000000000000e-01 1.650317270804325e+00 9.470729636073273e-01
6.450000000000000e-01 1.692232598744148e+00 9.478253145216464e-01
6.500000000000000e-01 1.735205627145031e+00 9.485034905497121e-01
6.550000000000000e-01 1.779263215548615e+00 9.490909647666447e-01
6.600000000000000e-01 1.824432901381847e+00 9.495793549143716e-01
6.650000000000000e-01 1.870742917168772e+00 9.499712869790218e-01
6.700000000000000e-01 1.918222208176775e+00 9.502823089805297e-01
6.750000000000000e-01 1.966900450508319e+00 9.505413021694675e-01
6.800000000000000e-01 2.016808069649473e+00 9.507890507616857e-01
6.850000000000001e-01 2.067976259486829e+00 9.510750925780693e-01
6.900000000000001e-01 2.120437001804702e+00 9.514533428989995e-01
6.950000000000001e-01 2.174223086274785e+00 9.519771394761707e-01
7.000000000000001e-01 2.229368130950753e+00 9.526944124849330e-01
7.050000000000000e-01 2.285906603280654e+00 9.536436356109399e-01
7.100000000000000e-01 2.343873841650178e+00 9.548509844015937e-01
7.150000000000000e-01 2.403306077470301e+00 9.563287939763616e-01
7.200000000000000e-01 2.464240457823092e+00 9.580751539302275e-01
7.250000000000000e-01 2.526715068679855e+00 9.600743753769795e-01
7.300000000000000e-01 2.590768958706095e+00 9.622980570787175e-01
7.350000000000000e-01 2.656442163668210e+00 9.647065104883354e-01
7.400000000000000e-01 2.723775731457148e+00 9.672503689611730e-01
7.450000000000000e-01 2.792811747744667e+00 9.698723079131483e-01
7.500000000000000e-01 2.863593362288260e+00 9.725089334387608e-01
7.550000000000000e-01 2.936164815901156e+00 9.750930346956044e-01
7.600000000000000e-01 3.010571468104263e+00 9.775565288044386e-01
7.650000000000000e-01 3.086859825477351e+00 9.798345188590689e-01
7.700000000000000e-01 3.165077570727174e+00 9.818708179536849e-01
7.750000000000000e-01 3.245273592490716e+00 9.836248896199693e-01
7.800000000000000e-01 3.327498015892184e+00 9.850793283497933e-01
7.850000000000000e-01 3.411802233872832e+00 9.862459636247309e-01
7.900000000000000e-01 3.498238939313234e+00 9.871679926587651e-01
7.950000000000000e-01 3.586862157968046e+00 9.879159069553677e-01
8.000000000000000e-01 3.677727282233856e+00 9.885766358253306e-01
8.050000000000000e-01 3.770891105771243e+00 9.892377641845584e-01
8.100000000000001e-01 3.866411859002656e+00 9.899707734776129e-01
8.150000000000001e-01 3.964349245508326e+00 9.908179603036961e-01
8.200000000000001e-01 4.064764479342956e+00 9.917866635382799e-01
8.250000000000001e-01 4.167720323296481e+00 9.928521389627977e-01
8.300000000000001e-01 4.273281128122877e+00 9.939677649816504e-01
8.350000000000000e-01 4.381512872761445e+00 9.950791561013549e-01
8.400000000000000e-01 4.492483205575838e+00 9.961378640554932e-01
8.450000000000000e-01 4.606261486636447e+00 9.971109287823680e-01
8.500000000000000e-01 4.722918831072739e+00 9.979843569877237e-01
8.550000000000000e-01 4.842528153522501e+00 9.987608965768801e-01
8.600000000000000e-01 4.965164213705875e+00 9.994542657834601e-01
8.650000000000000e-01 5.090903663152626e+00 1.000082603674913e+00
8.700000000000000e-01 5.219825093111814e+00 1.000663311494336e+00
8.750000000000000e-01 5.352009083673925e+00 1.001210221305737e+00
8.800000000000000e-01 5.487538254136007e+00 1.001732887610667e+00
8.850000000000000e-01 5.626497314641444e+00 1.002237198121686e+00
8.900000000000000e-01 5.768973119126561e+00 1.002726466528169e+00
8.950000000000000e-01 5.915054719607133e+00 1.003202455345257e+00
9.000000000000000e-01 6.064833421838831e+00 1.003666105780418e+00
9.050000000000000e-01 6.218402842386253e+00 1.004117970908968e+00
9.100000000000000e-01 6.375858967136348e+00 1.004558437158686e+00
9.150000000000000e-01 6.537300211292723e+00 1.004987823667857e+00
9.200000000000000e-01 6.702827480888332e+00 1.005406421851219e+00
9.250000000000000e-01 6.872544235855034e+00 1.005814509539963e+00
9.300000000000000e-01 7.046556554689444e+00 1.006212355605687e+00
9.350000000000001e-01 7.224973200755413e+00 1.006600221422016e+00
9.400000000000001e-01 7.407905690264673e+00 1.006978361385702e+00
9.450000000000001e-01 7.595468361978146e+00 1.007347023183926e+00
9.500000000000001e-01 7.787778448671316e+00 1.007706447996679e+00
9.550000000000001e-01 7.984956150408610e+00 1.008056870680719e+00
9.600000000000000e-01 8.187124709672272e+00 1.008398519945519e+00
9.650000000000000e-01 8.394410488393007e+00 1.008731618523411e+00
9.700000000000000e-01 8.606943046930221e+00 1.009056383334469e+00
9.750000000000000e-01 8.824855225051540e+00 1.009373025646386e+00
9.800000000000000e-01 9.048283224961922e+00 1.009681751229514e+00
9.850000000000000e-01 9.277366696434507e+00 1.009982760507252e+00
9.900000000000000e-01 9.512248824096272e+00 1.010276248701928e+00
9.950000000000000e-01 9.753076416923058e+00 1.010562405976342e+00
1.000000000000000e+00 1.000000000000000e+01 1.010841417571113e+00
