0.000000000000000e+00 0.000000000000000e+00 9.516429540640385e-01
5.000000000000000e-03 3.369477419287315e-03 9.516429540692470e-01
1.000000000000000e-02 6.741060871647481e-03 9.516429540710157e-01
1.500000000000000e-02 1.011685770649257e-02 9.516429540837235e-01
2.000000000000000e-02 1.349897790673588e-02 9.516429540928997e-01
2.500000000000000e-02 1.688953540759990e-02 9.516429540981788e-01
3.000000000000000e-02 2.029064941789469e-02 9.516429541097509e-01
3.500000000000000e-02 2.370444574459234e-02 9.516429541283915e-01
4.000000000000000e-02 2.713305812152553e-02 9.516429541434163e-01
4.500000000000000e-02 3.057862954304063e-02 9.516429541578989e-01
5.000000000000000e-02 3.404331360343898e-02 9.516429541750228e-01
5.500000000000000e-02 3.752927584304335e-02 9.516429541927650e-01
6.000000000000000e-02 4.103869510173117e-02 9.516429542112903e-01
6.500000000000000e-02 4.457376488078044e-02 9.516429542259752e-01
7.000000000000001e-02 4.813669471387935e-02 9.516429542439799e-01
7.500000000000000e-02 5.172971154815675e-02 9.516429542700624e-01
8.000000000000000e-02 5.535506113609672e-02 9.516429542958309e-01
8.500000000000001e-02 5.901500943920686e-02 9.516429543246464e-01
9.000000000000000e-02 6.271184404431801e-02 9.516429543557128e-01
9.500000000000000e-02 6.644787559340060e-02 9.516429543880542e-01
1.000000000000000e-01 7.022543922779090e-02 9.516429544204709e-01
1.050000000000000e-01 7.404689604773053e-02 9.516429544533371e-01
1.100000000000000e-01 7.791463458813094e-02 9.516429544931841e-01
1.150000000000000e-01 8.183107231148547e-02 9.516429545375282e-01
1.200000000000000e-01 8.579865711886202e-02 9.516429545856208e-01
1.250000000000000e-01 8.981986887992111e-02 9.516429546314812e-01
1.300000000000000e-01 9.389722098291493e-02 9.516429546825964e-01
1.350000000000000e-01 9.803326190563690e-02 9.516429547375580e-01
1.400000000000000e-01 1.022305768083033e-01 9.516429547946034e-01
1.450000000000000e-01 1.064917891493625e-01 9.516429548616946e-01
1.500000000000000e-01 1.108195623252418e-01 9.516429549312584e-01
1.550000000000000e-01 1.152166013350572e-01 9.516429550063876e-01
1.600000000000000e-01 1.196856544713255e-01 9.516429550854874e-01
1.650000000000000e-01 1.242295150377370e-01 9.516429551633773e-01
1.700000000000000e-01 1.288510230950609e-01 9.516429552463986e-01
1.750000000000000e-01 1.335530672362758e-01 9.516429553366830e-01
1.800000000000000e-01 1.383385863920344e-01 9.516429554361858e-01
1.850000000000000e-01 1.432105716675912e-01 9.516429555466914e-01
1.900000000000000e-01 1.481720682123397e-01 9.516429556657759e-01
1.950000000000000e-01 1.532261771231311e-01 9.516429557928049e-01
2.000000000000000e-01 1.583760573825595e-01 9.516429559273186e-01
2.050000000000000e-01 1.636249278334301e-01 9.516429560717251e-01
2.100000000000000e-01 1.689760691906397e-01 9.516429562219929e-01
2.150000000000000e-01 1.744328260917313e-01 9.516429563891093e-01
2.200000000000000e-01 1.799986091874004e-01 9.516429565743095e-01
2.250000000000000e-01 1.856768972732633e-01 9.516429567665353e-01
2.300000000000000e-01 1.914712394642179e-01 9.516429569696713e-01
2.350000000000000e-01 1.973852574127551e-01 9.516429571907239e-01
2.400000000000000e-01 2.034226475726105e-01 9.516429574348549e-01
2.450000000000000e-01 2.095871835091678e-01 9.516429577013445e-01
2.500000000000000e-01 2.158827182580599e-01 9.516429579851795e-01
2.550000000000000e-01 2.223131867334419e-01 9.516429582965463e-01
2.600000000000000e-01 2.288826081874405e-01 9.516429586364932e-01
2.650000000000000e-01 2.355950887223172e-01 9.516429589981584e-01
2.700000000000000e-01 2.424548238569160e-01 9.516429594038729e-01
2.750000000000000e-01 2.494661011489995e-01 9.516429598433952e-01
2.800000000000000e-01 2.566333028751116e-01 9.516429603136926e-01
2.850000000000000e-01 2.639609087696434e-01 9.516429608204676e-01
2.900000000000000e-01 2.714534988248126e-01 9.516429613817574e-01
2.950000000000000e-01 2.791157561533084e-01 9.516429620146541e-01
3.000000000000000e-01 2.869524699153886e-01 9.516429627131908e-01
3.050000000000000e-01 2.949685383122613e-01 9.516429634819936e-01
3.100000000000000e-01 3.031689716476197e-01 9.516429643382697e-01
3.150000000000000e-01 3.115588954592450e-01 9.516429652874757e-01
3.200000000000000e-01 3.201435537226349e-01 9.516429663190541e-01
3.250000000000000e-01 3.289283121286580e-01 9.516429674715730e-01
3.300000000000000e-01 3.379186614372866e-01 9.516429687570065e-01
3.350000000000000e-01 3.471202209094989e-01 9.516429701984714e-01
3.400000000000000e-01 3.565387418195016e-01 9.516429718332812e-01
3.450000000000000e-01 3.661801110494620e-01 9.516429736895432e-01
3.500000000000000e-01 3.760503547690021e-01 9.516429757569403e-01
3.550000000000000e-01 3.861556422017504e-01 9.516429780581102e-01
3.600000000000000e-01 3.965022894813072e-01 9.516429806877054e-01
3.650000000000000e-01 4.070967635990345e-01 9.516429836829310e-01
3.700000000000000e-01 4.179456864461349e-01 9.516429871057247e-01
3.750000000000000e-01 4.290558389525505e-01 9.516429909948302e-01
3.800000000000000e-01 4.404341653252637e-01 9.516429954638825e-01
3.850000000000000e-01 4.520877773886537e-01 9.516430006199228e-01
3.900000000000000e-01 4.640239590296172e-01 9.516430065533396e-01
3.950000000000000e-01 4.762501707502353e-01 9.516430134248526e-01
4.000000000000000e-01 4.887740543308307e-01 9.516430213733951e-01
4.050000000000000e-01 5.016034376063282e-01 9.516430306411705e-01
4.100000000000000e-01 5.147463393589066e-01 9.516430414533640e-01
4.150000000000000e-01 5.282109743299990e-01 9.516430541354693e-01
4.200000000000000e-01 5.420057583547735e-01 9.516430690380755e-01
4.250000000000000e-01 5.561393136223041e-01 9.516430865871536e-01
4.300000000000000e-01 5.706204740647189e-01 9.516431073823747e-01
4.350000000000000e-01 5.854582908786964e-01 9.516431320430911e-01
4.400000000000000e-01 6.006620381827575e-01 9.516431614567353e-01
4.450000000000000e-01 6.162412188138907e-01 9.516431966069735e-01
4.500000000000000e-01 6.322055702671360e-01 9.516432387293590e-01
4.550000000000000e-01 6.485650707818353e-01 9.516432893648173e-01
4.600000000000000e-01 6.653299455783577e-01 9.516433505067922e-01
4.650000000000000e-01 6.825106732491932e-01 9.516434246919823e-01
4.700000000000000e-01 7.001179923084168e-01 9.516435147344477e-01
4.750000000000000e-01 7.181629079036070e-01 9.516436245495842e-01
4.800000000000000e-01 7.366566986944229e-01 9.516437589157901e-01
4.850000000000000e-01 7.556109239021327e-01 9.516439237801094e-01
4.900000000000000e-01 7.750374305345038e-01 9.516441269144168e-01
4.950000000000000e-01 7.949483607905672e-01 9.516443777117239e-01
5.000000000000000e-01 8.153561596498893e-01 9.516446885965001e-01
5.050000000000000e-01 8.362735826510871e-01 9.516450750488655e-01
5.100000000000000e-01 8.577137038644561e-01 9.516455567352631e-01
5.150000000000000e-01 8.796899240636907e-01 9.516461593323740e-01
5.200000000000000e-01 9.022159791018011e-01 9.516469147941128e-01
5.250000000000000e-01 9.253059484964714e-01 9.516478649219379e-01
5.300000000000000e-01 9.489742642302165e-01 9.516490631397305e-01
5.350000000000000e-01 9.732357197708378e-01 9.516505774482457e-01
5.400000000000000e-01 9.981054793178262e-01 9.516524968681798e-01
5.450000000000000e-01 1.023599087280478e+00 9.516549345614324e-01
5.500000000000000e-01 1.049732477993657e+00 9.516580369674572e-01
5.550000000000000e-01 1.076521985677273e+00 9.516619941885109e-01
5.600000000000001e-01 1.103984354645701e+00 9.516670488461753e-01
5.650000000000001e-01 1.132136749773522e+00 9.516735162172798e-01
5.700000000000001e-01 1.160996767224129e+00 9.516818024626564e-01
5.750000000000001e-01 1.190582445447902e+00 9.516924273230525e-01
5.800000000000000e-01 1.220912276456826e+00 9.517060630773804e-01
5.850000000000000e-01 1.252005217382601e+00 9.517235691396294e-01
5.900000000000000e-01 1.283880702325469e+00 9.517460406687775e-01
5.950000000000000e-01 1.316558654501151e+00 9.517748782830446e-01
6.000000000000000e-01 1.350059498693518e+00 9.518118507220897e-01
6.050000000000000e-01 1.384404174020732e+00 9.518591809534487e-01
6.100000000000000e-01 1.419614147022888e+00 9.519196558478313e-01
6.150000000000000e-01 1.455711425079295e+00 9.519967171818480e-01
6.200000000000000e-01 1.492718570163803e+00 9.520945717325718e-01
6.250000000000000e-01 1.530658712946775e+00 9.522183119081414e-01
6.300000000000000e-01 1.569555567252506e+00 9.523739719737768e-01
6.350000000000000e-01 1.609433444881138e+00 9.525685475404495e-01
6.400000000000000e-01 1.650317270804325e+00 9.528099623259225e-01
6.450000000000000e-01 1.692232598744148e+00 9.531068496355038e-01
6.500000000000000e-01 1.735205627145031e+00 9.534681341114717e-01
6.550000000000000e-01 1.779263215548615e+00 9.539024147290267e-01
6.600000000000000e-01 1.824432901381847e+00 9.544169890836026e-01
6.650000000000000e-01 1.870742917168772e+00 9.550164746288170e-01
6.700000000000000e-01 1.918222208176775e+00 9.557011716207560e-01
6.750000000000000e-01 1.966900450508319e+00 9.564652262323257e-01
6.800000000000000e-01 2.016808069649473e+00 9.572947357918178e-01
6.850000000000001e-01 2.067976259486829e+00 9.581663673466899e-01
6.900000000000001e-01 2.120437001804702e+00 9.590472980311990e-01
6.950000000000001e-01 2.174223086274785e+00 9.598972246278670e-01
7.000000000000001e-01 2.229368130950753e+00 9.606730617691830e-01
7.050000000000000e-01 2.285906603280654e+00 9.613364071993451e-01
7.100000000000000e-01 2.343873841650178e+00 9.618626341118334e-01
7.150000000000000e-01 2.403306077470301e+00 9.622492774913702e-01
7.200000000000000e-01 2.464240457823092e+00 9.625210876900177e-01
7.250000000000000e-01 2.526715068679855e+00 9.627298682960491e-01
7.300000000000000e-01 2.590768958706095e+00 9.629486594062320e-01
7.350000000000000e-01 2.656442163668210e+00 9.632615174377093e-01
7.400000000000000e-01 2.723775731457148e+00 9.637514146149850e-01
7.450000000000000e-01 2.792811747744667e+00 9.644890393181681e-01
7.500000000000000e-01 2.863593362288260e+00 9.655245256213396e-01
7.550000000000000e-01 2.936164815901156e+00 9.668829315743909e-01
7.600000000000000e-01 3.010571468104263e+00 9.685632128695464e-01
7.650000000000000e-01 3.086859825477351e+00 9.705398046952314e-01
7.700000000000000e-01 3.165077570727174e+00 9.727657607105996e-01
7.750000000000000e-01 3.245273592490716e+00 9.751765722793372e-01
7.800000000000000e-01 3.327498015892184e+00 9.776941166909564e-01
7.850000000000000e-01 3.411802233872832e+00 9.802305735783535e-01
7.900000000000000e-01 3.498238939313234e+00 9.826926828261018e-01
7.950000000000000e-01 3.586862157968046e+00 9.849873812679437e-01
8.000000000000000e-01 3.677727282233856e+00 9.870302114875320e-01
8.050000000000000e-01 3.770891105771243e+00 9.887571643519181e-01
8.100000000000001e-01 3.866411859002656e+00 9.901383893251429e-01
8.150000000000001e-01 3.964349245508326e+00 9.911893072116231e-01
8.200000000000001e-01 4.064764479342956e+00 9.919731413566982e-01
8.250000000000001e-01 4.167720323296481e+00 9.925906453778384e-01
8.300000000000001e-01 4.273281128122877e+00 9.931577616290106e-01
8.350000000000000e-01 4.381512872761445e+00 9.937775928662959e-01
8.400000000000000e-01 4.492483205575838e+00 9.945161630381141e-01
8.450000000000000e-01 4.606261486636447e+00 9.953902553346688e-01
8.500000000000000e-01 4.722918831072739e+00 9.963708349099669e-01
8.550000000000000e-01 4.842528153522501e+00 9.973995253513752e-01
8.600000000000000e-01 4.965164213705875e+00 9.984109677805373e-01
8.650000000000000e-01 5.090903663152626e+00 9.993525489883863e-01
8.700000000000000e-01 5.219825093111814e+00 1.000195326558942e+00
8.750000000000000e-01 5.352009083673925e+00 1.000934605003313e+00
8.800000000000000e-01 5.487538254136007e+00 1.001583017558674e+00
8.850000000000000e-01 5.626497314641444e+00 1.002161033855202e+00
8.900000000000000e-01 5.768973119126561e+00 1.002689100483155e+00
8.950000000000000e-01 5.915054719607133e+00 1.003183329967560e+00
9.000000000000000e-01 6.064833421838831e+00 1.003654469213651e+00
9.050000000000000e-01 6.218402842386253e+00 1.004108798440031e+00
9.100000000000000e-01 6.375858967136348e+00 1.004549626147266e+00
9.150000000000000e-01 6.537300211292723e+00 1.004978589493797e+00
9.200000000000000e-01 6.702827480888332e+00 1.005396509212888e+00
9.250000000000000e-01 6.872544235855034e+00 1.005803853170625e+00
9.300000000000000e-01 7.046556554689444e+00 1.006200951265330e+00
9.350000000000001e-01 7.224973200755413e+00 1.006588082253738e+00
9.400000000000001e-01 7.407905690264673e+00 1.006965504723740e+00
9.450000000000001e-01 7.595468361978146e+00 1.007333466984428e+00
9.500000000000001e-01 7.787778448671316e+00 1.007692209976989e+00
9.550000000000001e-01 7.984956150408610e+00 1.008041968140320e+00
9.600000000000000e-01 8.187124709672272e+00 1.008382969740658e+00
9.650000000000000e-01 8.394410488393007e+00 1.008715437072636e+00
9.700000000000000e-01 8.606943046930221e+00 1.009039586629531e+00
9.750000000000000e-01 8.824855225051540e+00 1.009355629263727e+00
9.800000000000000e-01 9.048283224961922e+00 1.009663770341550e+00
9.850000000000000e-01 9.277366696434507e+00 1.009964209893343e+00
9.900000000000000e-01 9.512248824096272e+00 1.010257142759032e+00
9.950000000000000e-01 9.753076416923058e+00 1.010542758729392e+00
1.000000000000000e+00 1.000000000000000e+01 1.010821242683520e+00
