0.000000000000000e+00 0.000000000000000e+00 7.176839019159478e-01
5.000000000000000e-03 3.369477419287315e-03 7.176889572046700e-01
1.000000000000000e-02 6.741060871647481e-03 7.177024484682049e-01
1.500000000000000e-02 1.011685770649257e-02 7.177249601223710e-01
2.000000000000000e-02 1.349897790673588e-02 7.177565581747377e-01
2.500000000000000e-02 1.688953540759990e-02 7.177973304942196e-01
3.000000000000000e-02 2.029064941789469e-02 7.178473474290099e-01
3.500000000000000e-02 2.370444574459234e-02 7.179067273634931e-01
4.000000000000000e-02 2.713305812152553e-02 7.179756108647505e-01
4.500000000000000e-02 3.057862954304063e-02 7.180541712497248e-01
5.000000000000000e-02 3.404331360343898e-02 7.181425835935832e-01
5.500000000000000e-02 3.752927584304335e-02 7.182410403266227e-01
6.000000000000000e-02 4.103869510173117e-02 7.183497783180692e-01
6.500000000000000e-02 4.457376488078044e-02 7.184690408467661e-01
7.000000000000001e-02 4.813669471387935e-02 7.185991183919007e-01
7.500000000000000e-02 5.172971154815675e-02 7.187403066250566e-01
8.000000000000000e-02 5.535506113609672e-02 7.188929199598361e-01
8.500000000000001e-02 5.901500943920686e-02 7.190573147959807e-01
9.000000000000000e-02 6.271184404431801e-02 7.192338537374786e-01
9.500000000000000e-02 6.644787559340060e-02 7.194229494316122e-01
1.000000000000000e-01 7.022543922779090e-02 7.196250266258414e-01
1.050000000000000e-01 7.404689604773053e-02 7.198405366853248e-01
1.100000000000000e-01 7.791463458813094e-02 7.200699669761490e-01
1.150000000000000e-01 8.183107231148547e-02 7.203138160105650e-01
1.200000000000000e-01 8.579865711886202e-02 7.205726473757458e-01
1.250000000000000e-01 8.981986887992111e-02 7.208470334691274e-01
1.300000000000000e-01 9.389722098291493e-02 7.211375634618561e-01
1.350000000000000e-01 9.803326190563690e-02 7.214448808172946e-01
1.400000000000000e-01 1.022305768083033e-01 7.217696451926667e-01
1.450000000000000e-01 1.064917891493625e-01 7.221125672656508e-01
1.500000000000000e-01 1.108195623252418e-01 7.224743892854530e-01
1.550000000000000e-01 1.152166013350572e-01 7.228558722839820e-01
1.600000000000000e-01 1.196856544713255e-01 7.232578266541199e-01
1.650000000000000e-01 1.242295150377370e-01 7.236811029500569e-01
1.700000000000000e-01 1.288510230950609e-01 7.241265785442563e-01
1.750000000000000e-01 1.335530672362758e-01 7.245951596934040e-01
1.800000000000000e-01 1.383385863920344e-01 7.250878213287996e-01
1.850000000000000e-01 1.432105716675912e-01 7.256055686007933e-01
1.900000000000000e-01 1.481720682123397e-01 7.261494189991073e-01
1.950000000000000e-01 1.532261771231311e-01 7.267204613169038e-01
2.000000000000000e-01 1.583760573825595e-01 7.273198145777764e-01
2.050000000000000e-01 1.636249278334301e-01 7.279486333728598e-01
2.100000000000000e-01 1.689760691906397e-01 7.286081285185249e-01
2.150000000000000e-01 1.744328260917313e-01 7.292995321266096e-01
2.200000000000000e-01 1.799986091874004e-01 7.300241350049470e-01
2.250000000000000e-01 1.856768972732633e-01 7.307832659805561e-01
2.300000000000000e-01 1.914712394642179e-01 7.315782804268871e-01
2.350000000000000e-01 1.973852574127551e-01 7.324105983052708e-01
2.400000000000000e-01 2.034226475726105e-01 7.332816587357498e-01
2.450000000000000e-01 2.095871835091678e-01 7.341929417375621e-01
2.500000000000000e-01 2.158827182580599e-01 7.351459836984896e-01
2.550000000000000e-01 2.223131867334419e-01 7.361423290603548e-01
2.600000000000000e-01 2.288826081874405e-01 7.371835751297262e-01
2.650000000000000e-01 2.355950887223172e-01 7.382713573321470e-01
2.700000000000000e-01 2.424548238569160e-01 7.394073129172589e-01
2.750000000000000e-01 2.494661011489995e-01 7.405931352341354e-01
2.800000000000000e-01 2.566333028751116e-01 7.418305346196187e-01
2.850000000000000e-01 2.639609087696434e-01 7.431212195270982e-01
2.900000000000000e-01 2.714534988248126e-01 7.444669508868009e-01
2.950000000000000e-01 2.791157561533084e-01 7.458694857890544e-01
3.000000000000000e-01 2.869524699153886e-01 7.473305698530781e-01
3.050000000000000e-01 2.949685383122613e-01 7.488519895718693e-01
3.100000000000000e-01 3.031689716476197e-01 7.504355065725120e-01
3.150000000000000e-01 3.115588954592450e-01 7.520828539986253e-01
3.200000000000000e-01 3.201435537226349e-01 7.537957921262587e-01
3.250000000000000e-01 3.289283121286580e-01 7.555760381409710e-01
3.300000000000000e-01 3.379186614372866e-01 7.574252506316351e-01
3.350000000000000e-01 3.471202209094989e-01 7.593450930904899e-01
3.400000000000000e-01 3.565387418195016e-01 7.613371710371607e-01
3.450000000000000e-01 3.661801110494620e-01 7.634029919121691e-01
3.500000000000000e-01 3.760503547690021e-01 7.655440360233525e-01
3.550000000000000e-01 3.861556422017504e-01 7.677617189849015e-01
3.600000000000000e-01 3.965022894813072e-01 7.700573123422858e-01
3.650000000000000e-01 4.070967635990345e-01 7.724320008375675e-01
3.700000000000000e-01 4.179456864461349e-01 7.748869010116231e-01
3.750000000000000e-01 4.290558389525505e-01 7.774229613281989e-01
3.800000000000000e-01 4.404341653252637e-01 7.800409557725116e-01
3.850000000000000e-01 4.520877773886537e-01 7.827415527741678e-01
3.900000000000000e-01 4.640239590296172e-01 7.855252619018326e-01
3.950000000000000e-01 4.762501707502353e-01 7.883923448967401e-01
4.000000000000000e-01 4.887740543308307e-01 7.913428534979338e-01
4.050000000000000e-01 5.016034376063282e-01 7.943766739156618e-01
4.100000000000000e-01 5.147463393589066e-01 7.974934464832408e-01
4.150000000000000e-01 5.282109743299990e-01 8.006924873075463e-01
4.200000000000000e-01 5.420057583547735e-01 8.039728259889170e-01
4.250000000000000e-01 5.561393136223041e-01 8.073332467248652e-01
4.300000000000000e-01 5.706204740647189e-01 8.107722209346673e-01
4.350000000000000e-01 5.854582908786964e-01 8.142878133725745e-01
4.400000000000000e-01 6.006620381827575e-01 8.178776778523533e-01
4.450000000000000e-01 6.162412188138907e-01 8.215391081642796e-01
4.500000000000000e-01 6.322055702671360e-01 8.252690299370886e-01
4.550000000000000e-01 6.485650707818353e-01 8.290639133885271e-01
4.600000000000000e-01 6.653299455783577e-01 8.329196975569697e-01
4.650000000000000e-01 6.825106732491932e-01 8.368317885859429e-01
4.700000000000000e-01 7.001179923084168e-01 8.407950909641680e-01
4.750000000000000e-01 7.181629079036070e-01 8.448040123333177e-01
4.800000000000000e-01 7.366566986944229e-01 8.488524291637883e-01
4.850000000000000e-01 7.556109239021327e-01 8.529336296112094e-01
4.900000000000000e-01 7.750374305345038e-01 8.570402729225836e-01
4.950000000000000e-01 7.949483607905672e-01 8.611643857549147e-01
5.000000000000000e-01 8.153561596498893e-01 8.652973744822834e-01
5.050000000000000e-01 8.362735826510871e-01 8.694300522000725e-01
5.100000000000000e-01 8.577137038644561e-01 8.735526660056429e-01
5.150000000000000e-01 8.796899240636907e-01 8.776549272020384e-01
5.200000000000000e-01 9.022159791018011e-01 8.817260535775755e-01
5.250000000000000e-01 9.253059484964714e-01 8.857548249804289e-01
5.300000000000000e-01 9.489742642302165e-01 8.897296614717488e-01
5.350000000000000e-01 9.732357197708378e-01 8.936387233440256e-01
5.400000000000000e-01 9.981054793178262e-01 8.974700374426439e-01
5.450000000000000e-01 1.023599087280478e+00 9.012116500653552e-01
5.500000000000000e-01 1.049732477993657e+00 9.048518084859989e-01
5.550000000000000e-01 1.076521985677273e+00 9.083791714922477e-01
5.600000000000001e-01 1.103984354645701e+00 9.117830488309315e-01
5.650000000000001e-01 1.132136749773522e+00 9.150536677721807e-01
5.700000000000001e-01 1.160996767224129e+00 9.181824631316203e-01
5.750000000000001e-01 1.190582445447902e+00 9.211623846111396e-01
5.800000000000000e-01 1.220912276456826e+00 9.239882124381039e-01
5.850000000000000e-01 1.252005217382601e+00 9.266568690413836e-01
5.900000000000000e-01 1.283880702325469e+00 9.291677111044973e-01
5.950000000000000e-01 1.316558654501151e+00 9.315227830601078e-01
6.000000000000000e-01 1.350059498693518e+00 9.337270103311259e-01
6.050000000000000e-01 1.384404174020732e+00 9.357883088702986e-01
6.100000000000000e-01 1.419614147022888e+00 9.377175873517934e-01
6.150000000000000e-01 1.455711425079295e+00 9.395286202699512e-01
6.200000000000000e-01 1.492718570163803e+00 9.412377746524938e-01
6.250000000000000e-01 1.530658712946775e+00 9.428635803457323e-01
6.300000000000000e-01 1.569555567252506e+00 9.444261438158017e-01
6.350000000000000e-01 1.609433444881138e+00 9.459464176794644e-01
6.400000000000000e-01 1.650317270804325e+00 9.474453518566240e-01
6.450000000000000e-01 1.692232598744148e+00 9.489429660720897e-01
6.500000000000000e-01 1.735205627145031e+00 9.504573959158190e-01
6.550000000000000e-01 1.779263215548615e+00 9.520039742136195e-01
6.600000000000000e-01 1.824432901381847e+00 9.535944146181147e-01
6.650000000000000e-01 1.870742917168772e+00 9.552361639963936e-01
6.700000000000000e-01 1.918222208176775e+00 9.569319837465199e-01
6.750000000000000e-01 1.966900450508319e+00 9.586798075582446e-01
6.800000000000000e-01 2.016808069649473e+00 9.604729048411608e-01
6.850000000000001e-01 2.067976259486829e+00 9.623003560947416e-01
6.900000000000001e-01 2.120437001804702e+00 9.641478203945035e-01
6.950000000000001e-01 2.174223086274785e+00 9.659985479064839e-01
7.000000000000001e-01 2.229368130950753e+00 9.678345644123071e-01
7.050000000000000e-01 2.285906603280654e+00 9.696379332087472e-01
7.100000000000000e-01 2.343873841650178e+00 9.713919857423441e-01
7.150000000000000e-01 2.403306077470301e+00 9.730824091710655e-01
7.200000000000000e-01 2.464240457823092e+00 9.746980891561738e-01
7.250000000000000e-01 2.526715068679855e+00 9.762316303693204e-01
7.300000000000000e-01 2.590768958706095e+00 9.776795137786656e-01
7.350000000000000e-01 2.656442163668210e+00 9.790418942377168e-01
7.400000000000000e-01 2.723775731457148e+00 9.803220872756906e-01
7.450000000000000e-01 2.792811747744667e+00 9.815258321461612e-01
7.500000000000000e-01 2.863593362288260e+00 9.826604417807038e-01
7.550000000000000e-01 2.936164815901156e+00 9.837339547906095e-01
7.600000000000000e-01 3.010571468104263e+00 9.847543897765701e-01
7.650000000000000e-01 3.086859825477351e+00 9.857291721057770e-01
7.700000000000000e-01 3.165077570727174e+00 9.866647654566191e-01
7.750000000000000e-01 3.245273592490716e+00 9.875665034210274e-01
7.800000000000000e-01 3.327498015892184e+00 9.884385876589586e-01
7.850000000000000e-01 3.411802233872832e+00 9.892842028242682e-01
7.900000000000000e-01 3.498238939313234e+00 9.901056952872253e-01
7.950000000000000e-01 3.586862157968046e+00 9.909047699193646e-01
8.000000000000000e-01 3.677727282233856e+00 9.916826724227082e-01
8.050000000000000e-01 3.770891105771243e+00 9.924403392450339e-01
8.100000000000001e-01 3.866411859002656e+00 9.931785095081687e-01
8.150000000000001e-01 3.964349245508326e+00 9.938978017854764e-01
8.200000000000001e-01 4.064764479342956e+00 9.945987628159834e-01
8.250000000000001e-01 4.167720323296481e+00 9.952818962255239e-01
8.300000000000001e-01 4.273281128122877e+00 9.959476783332398e-01
8.350000000000000e-01 4.381512872761445e+00 9.965965663296766e-01
8.400000000000000e-01 4.492483205575838e+00 9.972290023144036e-01
8.450000000000000e-01 4.606261486636447e+00 9.978454152618156e-01
8.500000000000000e-01 4.722918831072739e+00 9.984462220279532e-01
8.550000000000000e-01 4.842528153522501e+00 9.990318279440834e-01
8.600000000000000e-01 4.965164213705875e+00 9.996026272417593e-01
8.650000000000000e-01 5.090903663152626e+00 1.000159003409929e+00
8.700000000000000e-01 5.219825093111814e+00 1.000701329522111e+00
8.750000000000000e-01 5.352009083673925e+00 1.001229968546988e+00
8.800000000000000e-01 5.487538254136007e+00 1.001745273646910e+00
8.850000000000000e-01 5.626497314641444e+00 1.002247588465899e+00
8.900000000000000e-01 5.768973119126561e+00 1.002737247407872e+00
8.950000000000000e-01 5.915054719607133e+00 1.003214575905546e+00
9.000000000000000e-01 6.064833421838831e+00 1.003679890680417e+00
9.050000000000000e-01 6.218402842386253e+00 1.004133499994154e+00
9.100000000000000e-01 6.375858967136348e+00 1.004575703891781e+00
9.150000000000000e-01 6.537300211292723e+00 1.005006794436931e+00
9.200000000000000e-01 6.702827480888332e+00 1.005427055939503e+00
9.250000000000000e-01 6.872544235855034e+00 1.005836765176002e+00
9.300000000000000e-01 7.046556554689444e+00 1.006236191602851e+00
9.350000000000001e-01 7.224973200755413e+00 1.006625597562928e+00
9.400000000000001e-01 7.407905690264673e+00 1.007005238485591e+00
9.450000000000001e-01 7.595468361978146e+00 1.007375363080427e+00
9.500000000000001e-01 7.787778448671316e+00 1.007736213524962e+00
9.550000000000001e-01 7.984956150408610e+00 1.008088025646547e+00
9.600000000000000e-01 8.187124709672272e+00 1.008431029098636e+00
9.650000000000000e-01 8.394410488393007e+00 1.008765447531651e+00
9.700000000000000e-01 8.606943046930221e+00 1.009091498758636e+00
9.750000000000000e-01 8.824855225051540e+00 1.009409394915879e+00
9.800000000000000e-01 9.048283224961922e+00 1.009719342618678e+00
9.850000000000000e-01 9.277366696434507e+00 1.010021543112426e+00
9.900000000000000e-01 9.512248824096272e+00 1.010316192419169e+00
9.950000000000000e-01 9.753076416923058e+00 1.010603481479808e+00
1.000000000000000e+00 1.000000000000000e+01 1.010883596292070e+00
