0.000000000000000e+00 0.000000000000000e+00 1.141467746598120e-03
3.125000000000000e-03 3.369263549427258e-03 1.141475963952969e-03
6.250000000000000e-03 6.739349689698711e-03 1.141508680264698e-03
9.375000000000001e-03 1.011108121249049e-02 1.141563237639558e-03
1.250000000000000e-02 1.348528131119160e-02 1.141639702770434e-03
1.562500000000000e-02 1.686277378188298e-02 1.141738161734439e-03
1.875000000000000e-02 2.024438322446370e-02 1.141858712434296e-03
2.187500000000000e-02 2.363093524397333e-02 1.142001478447997e-03
2.500000000000000e-02 2.702325665215984e-02 1.142166611243373e-03
2.812500000000000e-02 3.042217566934200e-02 1.142354283964094e-03
3.125000000000000e-02 3.382852212661575e-02 1.142564697574164e-03
3.437500000000000e-02 3.724312766845378e-02 1.142798075605910e-03
3.750000000000001e-02 4.066682595574785e-02 1.143054667017918e-03
4.062500000000000e-02 4.410045286934348e-02 1.143334745258031e-03
4.375000000000000e-02 4.754484671411652e-02 1.143638609136099e-03
4.687500000000000e-02 5.100084842364160e-02 1.143966583073753e-03
5.000000000000000e-02 5.446930176550237e-02 1.144319017599257e-03
5.312500000000001e-02 5.795105354729364e-02 1.144696289806484e-03
5.625000000000000e-02 6.144695382336569e-02 1.145098803865099e-03
5.937500000000000e-02 6.495785610236132e-02 1.145526991562295e-03
6.250000000000000e-02 6.848461755559625e-02 1.145981312883511e-03
6.562500000000000e-02 7.202809922633362e-02 1.146462256632532e-03
6.875000000000001e-02 7.558916624000402e-02 1.146970341092749e-03
7.187500000000001e-02 7.916868801542200e-02 1.147506114731079e-03
7.500000000000001e-02 8.276753847705080e-02 1.148070156946111e-03
7.812500000000000e-02 8.638659626836727e-02 1.148663078862134e-03
8.125000000000000e-02 9.002674496637868e-02 1.149285524170797e-03
8.437500000000001e-02 9.368887329734420e-02 1.149938170022226e-03
8.750000000000001e-02 9.737387535375355e-02 1.150621727967567e-03
9.062500000000001e-02 1.010826508126157e-01 1.151336944955021e-03
9.375000000000000e-02 1.048161051551108e-01 1.152084604381569e-03
9.687500000000000e-02 1.085751498876601e-01 1.152865527202726e-03
1.000000000000000e-01 1.123607027644654e-01 1.153680573102797e-03
1.031250000000000e-01 1.161736880115753e-01 1.154530641728263e-03
1.062500000000000e-01 1.200150365525305e-01 1.155416673987088e-03
1.093750000000000e-01 1.238856862356450e-01 1.156339653416876e-03
1.125000000000000e-01 1.277865820629775e-01 1.157300607625042e-03
1.156250000000000e-01 1.317186764210495e-01 1.158300609804268e-03
1.187500000000000e-01 1.356829293133661e-01 1.159340780326777e-03
1.218750000000000e-01 1.396803085947971e-01 1.160422288421127e-03
1.250000000000000e-01 1.437117902078738e-01 1.161546353935431e-03
1.281250000000000e-01 1.477783584210617e-01 1.162714249191187e-03
1.312500000000000e-01 1.518810060690650e-01 1.163927300932061e-03
1.343750000000000e-01 1.560207347952229e-01 1.165186892372296e-03
1.375000000000000e-01 1.601985552960564e-01 1.166494465349612e-03
1.406250000000000e-01 1.644154875680252e-01 1.167851522587779e-03
1.437500000000000e-01 1.686725611565558e-01 1.169259630074316e-03
1.468750000000000e-01 1.729708154074000e-01 1.170720419559070e-03
1.500000000000000e-01 1.773112997203869e-01 1.172235591179745e-03
1.531250000000000e-01 1.816950738056289e-01 1.173806916220774e-03
1.562500000000000e-01 1.861232079422458e-01 1.175436240012293e-03
1.593750000000000e-01 1.905967832396682e-01 1.177125484976295e-03
1.625000000000000e-01 1.951168919015860e-01 1.178876653827458e-03
1.656250000000000e-01 1.996846374926046e-01 1.180691832936510e-03
1.687500000000000e-01 2.043011352076760e-01 1.182573195864394e-03
1.718750000000000e-01 2.089675121443681e-01 1.184523007075939e-03
1.750000000000000e-01 2.136849075780412e-01 1.186543625842159e-03
1.781250000000000e-01 2.184544732399964e-01 1.188637510340772e-03
1.812500000000000e-01 2.232773735986666e-01 1.190807221964988e-03
1.843750000000000e-01 2.281547861439151e-01 1.193055429851104e-03
1.875000000000000e-01 2.330879016745160e-01 1.195384915635945e-03
1.906250000000000e-01 2.380779245888810e-01 1.197798578455684e-03
1.937500000000000e-01 2.431260731791094e-01 1.200299440198135e-03
1.968750000000000e-01 2.482335799284277e-01 1.202890651021093e-03
2.000000000000000e-01 2.534016918120952e-01 1.205575495149890e-03
2.031250000000000e-01 2.586316706018478e-01 1.208357396967860e-03
2.062500000000000e-01 2.639247931739538e-01 1.211239927413956e-03
2.093750000000000e-01 2.692823518209576e-01 1.214226810702347e-03
2.125000000000000e-01 2.747056545671873e-01 1.217321931379344e-03
2.156250000000000e-01 2.801960254881028e-01 1.220529341733588e-03
2.187500000000000e-01 2.857548050335636e-01 1.223853269575935e-03
2.218750000000000e-01 2.913833503550930e-01 1.227298126406041e-03
2.250000000000000e-01 2.970830356372213e-01 1.230868515983103e-03
2.281250000000000e-01 3.028552524329863e-01 1.234569243318736e-03
2.312500000000000e-01 3.087014100036755e-01 1.238405324110352e-03
2.343750000000000e-01 3.146229356628902e-01 1.242381994633828e-03
2.375000000000000e-01 3.206212751250189e-01 1.246504722114572e-03
2.406250000000000e-01 3.266978928582008e-01 1.250779215596348e-03
2.437500000000000e-01 3.328542724418705e-01 1.255211437327403e-03
2.468750000000000e-01 3.390919169289667e-01 1.259807614683520e-03
2.500000000000000e-01 3.454123492128958e-01 1.264574252647571e-03
2.531250000000000e-01 3.518171123993401e-01 1.269518146864961e-03
2.562500000000000e-01 3.583077701830001e-01 1.274646397294025e-03
2.593750000000000e-01 3.648859072293631e-01 1.279966422469893e-03
2.625000000000000e-01 3.715531295615936e-01 1.285485974399617e-03
2.656250000000000e-01 3.783110649526354e-01 1.291213154105325e-03
2.687500000000000e-01 3.851613633226258e-01 1.297156427830908e-03
2.718750000000000e-01 3.921056971417164e-01 1.303324643926139e-03
2.750000000000000e-01 3.991457618383991e-01 1.309727050420110e-03
2.781250000000000e-01 4.062832762134377e-01 1.316373313293499e-03
2.812500000000000e-01 4.135199828595055e-01 1.323273535456236e-03
2.843750000000000e-01 4.208576485866312e-01 1.330438276433739e-03
2.875000000000000e-01 4.282980648535585e-01 1.337878572760774e-03
2.906250000000000e-01 4.358430482051222e-01 1.345605959077255e-03
2.937500000000000e-01 4.434944407157500e-01 1.353632489914715e-03
2.968750000000000e-01 4.512541104391968e-01 1.361970762155729e-03
3.000000000000000e-01 4.591239518646220e-01 1.370633938141122e-03
3.031250000000000e-01 4.671058863791195e-01 1.379635769391205e-03
3.062500000000000e-01 4.752018627368176e-01 1.388990620897489e-03
3.093750000000000e-01 4.834138575346580e-01 1.398713495930074e-03
3.125000000000000e-01 4.917438756949728e-01 1.408820061293184e-03
3.156250000000000e-01 5.001939509549778e-01 1.419326672946821e-03
3.187500000000000e-01 5.087661463633005e-01 1.430250401896141e-03
3.218750000000000e-01 5.174625547836644e-01 1.441609060231699e-03
3.250000000000000e-01 5.262852994058529e-01 1.453421227182954e-03
3.281250000000000e-01 5.352365342640750e-01 1.465706275024160e-03
3.312500000000000e-01 5.443184447628656e-01 1.478484394645781e-03
3.343750000000000e-01 5.535332482106405e-01 1.491776620575635e-03
3.375000000000000e-01 5.628831943610435e-01 1.505604855201818e-03
3.406250000000000e-01 5.723705659622137e-01 1.519991891913941e-03
3.437500000000000e-01 5.819976793141081e-01 1.534961436840043e-03
3.468750000000000e-01 5.917668848340161e-01 1.550538128813575e-03
3.500000000000000e-01 6.016805676304035e-01 1.566747557157894e-03
3.531250000000000e-01 6.117411480852264e-01 1.583616276824674e-03
3.562500000000000e-01 6.219510824448572e-01 1.601171820367436e-03
3.593750000000000e-01 6.323128634197650e-01 1.619442706172121e-03
3.625000000000000e-01 6.428290207931012e-01 1.638458442303310e-03
3.656250000000000e-01 6.535021220383342e-01 1.658249525257720e-03
3.687500000000000e-01 6.643347729460869e-01 1.678847432846328e-03
3.718750000000000e-01 6.753296182603294e-01 1.700284610353584e-03
3.750000000000000e-01 6.864893423240808e-01 1.722594449047622e-03
3.781250000000000e-01 6.978166697347804e-01 1.745811256040271e-03
3.812500000000000e-01 7.093143660094854e-01 1.769970214421763e-03
3.843750000000000e-01 7.209852382600603e-01 1.795107332524175e-03
3.875000000000000e-01 7.328321358785219e-01 1.821259381102499e-03
3.906250000000000e-01 7.448579512327029e-01 1.848463817165832e-03
3.937500000000000e-01 7.570656203724140e-01 1.876758693147273e-03
3.968750000000000e-01 7.694581237462648e-01 1.906182550074211e-03
4.000000000000000e-01 7.820384869293291e-01 1.936774293396027e-03
4.031250000000000e-01 7.948097813618253e-01 1.968573050149909e-03
4.062500000000000e-01 8.077751250989945e-01 2.001618006204449e-03
4.093750000000000e-01 8.209376835723596e-01 2.035948222422833e-03
4.125000000000000e-01 8.343006703625532e-01 2.071602428741283e-03
4.156250000000000e-01 8.478673479838968e-01 2.108618795373359e-03
4.187500000000000e-01 8.616410286809313e-01 2.147034680636554e-03
4.218750000000000e-01 8.756250752370857e-01 2.186886355264245e-03
4.250000000000000e-01 8.898229017956865e-01 2.228208703523228e-03
4.281250000000000e-01 9.042379746935050e-01 2.271034902013573e-03
4.312500000000000e-01 9.188738133070491e-01 2.315396077690504e-03
4.343750000000000e-01 9.337339909118028e-01 2.361320947422052e-03
4.375000000000000e-01 9.488221355546261e-01 2.408835442281949e-03
4.406250000000000e-01 9.641419309395265e-01 2.457962320770314e-03
4.437500000000000e-01 9.796971173270190e-01 2.508720776243879e-03
4.468750000000000e-01 9.954914924472941e-01 2.561126045003421e-03
4.500000000000000e-01 1.011528912427417e+00 2.615189022699280e-03
4.531250000000000e-01 1.027813292732786e+00 2.670915897935695e-03
4.562500000000000e-01 1.044348609123070e+00 2.728307813127978e-03
4.593750000000000e-01 1.061138898622882e+00 2.787360563727393e-03
4.625000000000000e-01 1.078188260507393e+00 2.848064347798612e-03
4.656250000000000e-01 1.095500857303154e+00 2.910403578524992e-03
4.687500000000000e-01 1.113080915804360e+00 2.974356772431335e-03
4.718750000000000e-01 1.130932728104805e+00 3.039896525853839e-03
4.750000000000000e-01 1.149060652645771e+00 3.106989591358759e-03
4.781250000000000e-01 1.167469115280130e+00 3.175597064334521e-03
4.812500000000000e-01 1.186162610352890e+00 3.245674687799753e-03
4.843750000000000e-01 1.205145701798475e+00 3.317173280559596e-03
4.875000000000000e-01 1.224423024254985e+00 3.390039290227549e-03
4.906250000000000e-01 1.243999284195726e+00 3.464215468386829e-03
4.937500000000000e-01 1.263879261078271e+00 3.539641660430975e-03
4.968750000000000e-01 1.284067808511348e+00 3.616255697596520e-03
5.000000000000000e-01 1.304569855439823e+00 3.693994373636128e-03
5.031250000000000e-01 1.325390407348082e+00 3.772794483778253e-03
5.062500000000000e-01 1.346534547482100e+00 3.852593899405395e-03
5.093750000000000e-01 1.368007438090487e+00 3.933332648584575e-03
5.125000000000001e-01 1.389814321684837e+00 4.014953970500691e-03
5.156250000000000e-01 1.411960522319654e+00 4.097405311217480e-03
5.187500000000000e-01 1.434451446892208e+00 4.180639229178137e-03
5.218750000000000e-01 1.457292586462593e+00 4.264614181505364e-03
5.250000000000000e-01 1.480489517594354e+00 4.349295166395655e-03
5.281250000000001e-01 1.504047903715979e+00 4.434654202528632e-03
5.312500000000000e-01 1.527973496503592e+00 4.520670633122100e-03
5.343750000000000e-01 1.552272137285215e+00 4.607331249660777e-03
5.375000000000000e-01 1.576949758466886e+00 4.694630237959307e-03
5.406250000000000e-01 1.602012384981041e+00 4.782568956616601e-03
5.437500000000001e-01 1.627466135757470e+00 4.871155564628631e-03
5.468750000000000e-01 1.653317225217225e+00 4.960404520556824e-03
5.500000000000000e-01 1.679571964789851e+00 5.050335979892522e-03
5.531250000000000e-01 1.706236764454286e+00 5.140975119914962e-03
5.562500000000000e-01 1.733318134303830e+00 5.232351422328365e-03
5.593750000000001e-01 1.760822686135563e+00 5.324497943317187e-03
5.625000000000000e-01 1.788757135064574e+00 5.417450598518031e-03
5.656250000000000e-01 1.817128301163438e+00 5.511247487002310e-03
5.687500000000000e-01 1.845943111127301e+00 5.605928273992700e-03
5.718750000000000e-01 1.875208599965003e+00 5.701533647037129e-03
5.750000000000001e-01 1.904931912716643e+00 5.798104855090990e-03
5.781250000000000e-01 1.935120306198011e+00 5.895683334755644e-03
5.812500000000000e-01 1.965781150772311e+00 5.994310423101140e-03
5.843750000000000e-01 1.996921932149593e+00 6.094027152323676e-03
5.875000000000000e-01 2.028550253214365e+00 6.194874118147386e-03
5.906250000000001e-01 2.060673835881802e+00 6.296891411494019e-03
5.937500000000000e-01 2.093300522983012e+00 6.400118601552007e-03
5.968750000000000e-01 2.126438280179837e+00 6.504594757941707e-03
6.000000000000001e-01 2.160095197909630e+00 6.610358500092220e-03
6.031250000000000e-01 2.194279493360494e+00 6.717448063060407e-03
6.062500000000001e-01 2.228999512477486e+00 6.825901370642980e-03
6.093750000000000e-01 2.264263732000228e+00 6.935756108551716e-03
6.125000000000000e-01 2.300080761532477e+00 7.047049792439433e-03
6.156250000000001e-01 2.336459345644116e+00 7.159819827503435e-03
6.187500000000000e-01 2.373408366006099e+00 7.274103558113124e-03
6.218750000000001e-01 2.410936843558884e+00 7.389938307314905e-03
6.250000000000000e-01 2.449053940714840e+00 7.507361407111657e-03
6.281250000000000e-01 2.487768963595221e+00 7.626410221092072e-03
6.312500000000001e-01 2.527091364302215e+00 7.747122161327862e-03
6.343750000000000e-01 2.567030743226622e+00 7.869534701520450e-03
6.375000000000001e-01 2.607596851391758e+00 7.993685388232679e-03
6.406250000000000e-01 2.648799592834118e+00 8.119611851757221e-03
6.437500000000000e-01 2.690649027021411e+00 8.247351817818049e-03
6.468750000000001e-01 2.733155371308524e+00 8.376943120928723e-03
6.500000000000000e-01 2.776329003432049e+00 8.508423719881667e-03
6.531250000000001e-01 2.820180464043967e+00 8.641831715541778e-03
6.562500000000000e-01 2.864720459285089e+00 8.777205370878423e-03
6.593750000000000e-01 2.909959863398929e+00 8.914583132995377e-03
6.625000000000001e-01 2.955909721386590e+00 9.054003656804477e-03
6.656250000000000e-01 3.002581251703353e+00 9.195505829928083e-03
6.687500000000001e-01 3.049985848997626e+00 9.339128798397572e-03
6.718750000000000e-01 3.098135086892879e+00 9.484911992730452e-03
6.750000000000000e-01 3.147040720813310e+00 9.632895154007280e-03
6.781250000000001e-01 3.196714690853871e+00 9.783118359623555e-03
6.812500000000000e-01 3.247169124695383e+00 9.935622048453479e-03
6.843750000000001e-01 3.298416340565477e+00 1.009044704522701e-02
6.875000000000000e-01 3.350468850246008e+00 1.024763458398406e-02
6.906250000000000e-01 3.403339362127777e+00 1.040722633052687e-02
6.937500000000001e-01 3.457040784313211e+00 1.056926440384198e-02
6.968750000000000e-01 3.511586227767823e+00 1.073379139650472e-02
7.000000000000001e-01 3.566989009521205e+00 1.090085039411212e-02
7.031250000000000e-01 3.623262655918307e+00 1.107048499381464e-02
7.062500000000000e-01 3.680420905921852e+00 1.124273932203321e-02
7.093750000000001e-01 3.738477714466631e+00 1.141765805145775e-02
7.125000000000000e-01 3.797447255866536e+00 1.159528641742688e-02
7.156250000000001e-01 3.857343927275175e+00 1.177567023378741e-02
7.187500000000000e-01 3.918182352200844e+00 1.195885590832782e-02
7.218750000000000e-01 3.979977384076828e+00 1.214489045787307e-02
7.250000000000001e-01 4.042744109887770e+00 1.233382152311960e-02
7.281250000000000e-01 4.106497853853101e+00 1.252569738328047e-02
7.312500000000001e-01 4.171254181168399e+00 1.272056697060148e-02
7.343750000000000e-01 4.237028901805528e+00 1.291847988480023e-02
7.375000000000000e-01 4.303838074372613e+00 1.311948640747209e-02
7.406250000000001e-01 4.371698010034643e+00 1.332363751649982e-02
7.437500000000000e-01 4.440625276495786e+00 1.353098490049720e-02
7.468750000000001e-01 4.510636702044332e+00 1.374158097331176e-02
7.500000000000000e-01 4.581749379661216e+00 1.395547888860715e-02
7.531250000000000e-01 4.653980671193226e+00 1.417273255454231e-02
7.562500000000001e-01 4.727348211591802e+00 1.439339664856123e-02
7.593750000000000e-01 4.801869913218528e+00 1.461752663230546e-02
7.625000000000001e-01 4.877563970218381e+00 1.484517876665913e-02
7.656250000000000e-01 4.954448862961714e+00 1.507641012693539e-02
7.687500000000000e-01 5.032543362556198e+00 1.531127861821192e-02
7.718750000000001e-01 5.111866535429675e+00 1.554984299082244e-02
7.750000000000000e-01 5.192437747985146e+00 1.579216285601081e-02
7.781250000000001e-01 5.274276671329015e+00 1.603829870175363e-02
7.812500000000000e-01 5.357403286073669e+00 1.628831190875720e-02
7.843750000000000e-01 5.441837887215693e+00 1.654226476663438e-02
7.875000000000001e-01 5.527601089090773e+00 1.680022049026687e-02
7.906250000000000e-01 5.614713830406605e+00 1.706224323635825e-02
7.937500000000001e-01 5.703197379355005e+00 1.732839812018309e-02
7.968750000000000e-01 5.793073338804412e+00 1.759875123253734e-02
8.000000000000000e-01 5.884363651574169e+00 1.787336965689537e-02
8.031250000000001e-01 5.977090605791737e+00 1.815232148677890e-02
8.062500000000000e-01 6.071276840334257e+00 1.843567584334286e-02
8.093750000000001e-01 6.166945350355728e+00 1.872350289318379e-02
8.125000000000000e-01 6.264119492901173e+00 1.901587386637564e-02
8.156250000000000e-01 6.362822992609162e+00 1.931286107473867e-02
8.187500000000001e-01 6.463079947504072e+00 1.961453793034636e-02
8.218750000000000e-01 6.564914834879517e+00 1.992097896427595e-02
8.250000000000001e-01 6.668352517274371e+00 2.023225984560788e-02
8.281250000000000e-01 6.773418248542846e+00 2.054845740067947e-02
8.312500000000000e-01 6.880137680020114e+00 2.086964963259834e-02
8.343750000000001e-01 6.988536866784961e+00 2.119591574102092e-02
8.375000000000000e-01 7.098642274021019e+00 2.152733614220182e-02
8.406250000000001e-01 7.210480783478133e+00 2.186399248931924e-02
8.437500000000000e-01 7.324079700035414e+00 2.220596769308233e-02
8.468750000000000e-01 7.439466758367605e+00 2.255334594262590e-02
8.500000000000001e-01 7.556670129716381e+00 2.290621272669845e-02
8.531250000000000e-01 7.675718428768239e+00 2.326465485514888e-02
8.562500000000001e-01 7.796640720640633e+00 2.362876048071817e-02
8.593750000000000e-01 7.919466527978115e+00 2.399861912114126e-02
8.625000000000000e-01 8.044225838160141e+00 2.437432168156576e-02
8.656250000000001e-01 8.170949110622363e+00 2.475596047729284e-02
8.687500000000000e-01 8.299667284293170e+00 2.514362925684677e-02
8.718750000000001e-01 8.430411785147284e+00 2.553742322537886e-02
8.750000000000000e-01 8.563214533878281e+00 2.593743906841233e-02
8.781250000000000e-01 8.698107953691880e+00 2.634377497593411e-02
8.812500000000001e-01 8.835124978221932e+00 2.675653066683990e-02
8.843750000000000e-01 8.974299059571019e+00 2.717580741373900e-02
8.875000000000001e-01 9.115664176477637e+00 2.760170806812525e-02
8.906250000000000e-01 9.259254842611947e+00 2.803433708592065e-02
8.937500000000000e-01 9.405106115002161e+00 2.847380055339834e-02
8.968750000000001e-01 9.553253602593529e+00 2.892020621349153e-02
9.000000000000000e-01 9.703733474942130e+00 2.937366349249531e-02
9.031250000000001e-01 9.856582471045494e+00 2.983428352716800e-02
9.062500000000000e-01 1.001183790831228e+01 3.030217919223921e-02
9.093750000000000e-01 1.016953769167313e+01 3.077746512833159e-02
9.125000000000001e-01 1.032972032283505e+01 3.126025777030324e-02
9.156250000000000e-01 1.049242490968134e+01 3.175067537601836e-02
9.187500000000001e-01 1.065769117581972e+01 3.224883805555306e-02
9.218750000000000e-01 1.082555947028058e+01 3.275486780084405e-02
9.250000000000000e-01 1.099607077736805e+01 3.326888851578768e-02
9.281250000000001e-01 1.116926672666618e+01 3.379102604679684e-02
9.312500000000000e-01 1.134518960320255e+01 3.432140821382351e-02
9.343750000000001e-01 1.152388235777201e+01 3.486016484185493e-02
9.375000000000000e-01 1.170538861742293e+01 3.540742779289111e-02
9.406250000000000e-01 1.188975269610854e+01 3.596333099841183e-02
9.437500000000001e-01 1.207701960550600e+01 3.652801049234143e-02
9.468750000000000e-01 1.226723506600578e+01 3.710160444451940e-02
9.500000000000001e-01 1.246044551787411e+01 3.768425319468541e-02
9.531250000000000e-01 1.265669813259115e+01 3.827609928698728e-02
9.562500000000000e-01 1.285604082436773e+01 3.887728750502018e-02
9.593750000000001e-01 1.305852226184337e+01 3.948796490740655e-02
9.625000000000000e-01 1.326419187996850e+01 4.010828086392468e-02
9.656250000000001e-01 1.347309989207381e+01 4.073838709219587e-02
9.687500000000000e-01 1.368529730212962e+01 4.137843769493876e-02
9.718750000000000e-01 1.390083591719824e+01 4.202858919780018e-02
9.750000000000001e-01 1.411976836008246e+01 4.268900058777225e-02
9.781250000000000e-01 1.434214808217320e+01 4.335983335220491e-02
9.812500000000001e-01 1.456802937649935e+01 4.404125151842372e-02
9.843750000000000e-01 1.479746739098328e+01 4.473342169396285e-02
9.875000000000000e-01 1.503051814190487e+01 4.543651310742324e-02
9.906250000000001e-01 1.526723852757770e+01 4.615069764996579e-02
9.937500000000000e-01 1.550768634224049e+01 4.687614991745027e-02
9.968750000000001e-01 1.575192029016732e+01 4.761304725323010e-02
1.000000000000000e+00 1.600000000000000e+01 4.836156979161371e-02
