0.000000000000000e+00 0.000000000000000e+00 9.577415970312645e-01
5.000000000000000e-03 3.369477419287315e-03 9.577415970763840e-01
1.000000000000000e-02 6.741060871647481e-03 9.577415971053735e-01
1.500000000000000e-02 1.011685770649257e-02 9.577415971135784e-01
2.000000000000000e-02 1.349897790673588e-02 9.577415971185381e-01
2.500000000000000e-02 1.688953540759990e-02 9.577415971240629e-01
3.000000000000000e-02 2.029064941789469e-02 9.577415971294455e-01
3.500000000000000e-02 2.370444574459234e-02 9.577415971330036e-01
4.000000000000000e-02 2.713305812152553e-02 9.577415971395670e-01
4.500000000000000e-02 3.057862954304063e-02 9.577415971450080e-01
5.000000000000000e-02 3.404331360343898e-02 9.577415971502929e-01
5.500000000000000e-02 3.752927584304335e-02 9.577415971562288e-01
6.000000000000000e-02 4.103869510173117e-02 9.577415971612065e-01
6.500000000000000e-02 4.457376488078044e-02 9.577415971655486e-01
7.000000000000001e-02 4.813669471387935e-02 9.577415971700082e-01
7.500000000000000e-02 5.172971154815675e-02 9.577415971747809e-01
8.000000000000000e-02 5.535506113609672e-02 9.577415971788054e-01
8.500000000000001e-02 5.901500943920686e-02 9.577415971834933e-01
9.000000000000000e-02 6.271184404431801e-02 9.577415971907499e-01
9.500000000000000e-02 6.644787559340060e-02 9.577415971974302e-01
1.000000000000000e-01 7.022543922779090e-02 9.577415972040469e-01
1.050000000000000e-01 7.404689604773053e-02 9.577415972128848e-01
1.100000000000000e-01 7.791463458813094e-02 9.577415972205677e-01
1.150000000000000e-01 8.183107231148547e-02 9.577415972274765e-01
1.200000000000000e-01 8.579865711886202e-02 9.577415972376285e-01
1.250000000000000e-01 8.981986887992111e-02 9.577415972485752e-01
1.300000000000000e-01 9.389722098291493e-02 9.577415972598493e-01
1.350000000000000e-01 9.803326190563690e-02 9.577415972708331e-01
1.400000000000000e-01 1.022305768083033e-01 9.577415972823954e-01
1.450000000000000e-01 1.064917891493625e-01 9.577415972963707e-01
1.500000000000000e-01 1.108195623252418e-01 9.577415973115798e-01
1.550000000000000e-01 1.152166013350572e-01 9.577415973255108e-01
1.600000000000000e-01 1.196856544713255e-01 9.577415973410508e-01
1.650000000000000e-01 1.242295150377370e-01 9.577415973610529e-01
1.700000000000000e-01 1.288510230950609e-01 9.577415973803310e-01
1.750000000000000e-01 1.335530672362758e-01 9.577415973986613e-01
1.800000000000000e-01 1.383385863920344e-01 9.577415974165733e-01
1.850000000000000e-01 1.432105716675912e-01 9.577415974337844e-01
1.900000000000000e-01 1.481720682123397e-01 9.577415974537171e-01
1.950000000000000e-01 1.532261771231311e-01 9.577415974751334e-01
2.000000000000000e-01 1.583760573825595e-01 9.577415974986563e-01
2.050000000000000e-01 1.636249278334301e-01 9.577415975223212e-01
2.100000000000000e-01 1.689760691906397e-01 9.577415975463009e-01
2.150000000000000e-01 1.744328260917313e-01 9.577415975764815e-01
2.200000000000000e-01 1.799986091874004e-01 9.577415976067639e-01
2.250000000000000e-01 1.856768972732633e-01 9.577415976401756e-01
2.300000000000000e-01 1.914712394642179e-01 9.577415976769780e-01
2.350000000000000e-01 1.973852574127551e-01 9.577415977120484e-01
2.400000000000000e-01 2.034226475726105e-01 9.577415977493096e-01
2.450000000000000e-01 2.095871835091678e-01 9.577415977917355e-01
2.500000000000000e-01 2.158827182580599e-01 9.577415978378760e-01
2.550000000000000e-01 2.223131867334419e-01 9.577415978835033e-01
2.600000000000000e-01 2.288826081874405e-01 9.577415979271762e-01
2.650000000000000e-01 2.355950887223172e-01 9.577415979738804e-01
2.700000000000000e-01 2.424548238569160e-01 9.577415980248691e-01
2.750000000000000e-01 2.494661011489995e-01 9.577415980796982e-01
2.800000000000000e-01 2.566333028751116e-01 9.577415981408315e-01
2.850000000000000e-01 2.639609087696434e-01 9.577415982068503e-01
2.900000000000000e-01 2.714534988248126e-01 9.577415982794374e-01
2.950000000000000e-01 2.791157561533084e-01 9.577415983576880e-01
3.000000000000000e-01 2.869524699153886e-01 9.577415984405501e-01
3.050000000000000e-01 2.949685383122613e-01 9.577415985279079e-01
3.100000000000000e-01 3.031689716476197e-01 9.577415986189806e-01
3.150000000000000e-01 3.115588954592450e-01 9.577415987146773e-01
3.200000000000000e-01 3.201435537226349e-01 9.577415988177653e-01
3.250000000000000e-01 3.289283121286580e-01 9.577415989267938e-01
3.300000000000000e-01 3.379186614372866e-01 9.577415990470526e-01
3.350000000000000e-01 3.471202209094989e-01 9.577415991832225e-01
3.400000000000000e-01 3.565387418195016e-01 9.577415993305178e-01
3.450000000000000e-01 3.661801110494620e-01 9.577415994888082e-01
3.500000000000000e-01 3.760503547690021e-01 9.577415996604751e-01
3.550000000000000e-01 3.861556422017504e-01 9.577415998410065e-01
3.600000000000000e-01 3.965022894813072e-01 9.577416000340031e-01
3.650000000000000e-01 4.070967635990345e-01 9.577416002547086e-01
3.700000000000000e-01 4.179456864461349e-01 9.577416005020511e-01
3.750000000000000e-01 4.290558389525505e-01 9.577416007670080e-01
3.800000000000000e-01 4.404341653252637e-01 9.577416010548626e-01
3.850000000000000e-01 4.520877773886537e-01 9.577416013845798e-01
3.900000000000000e-01 4.640239590296172e-01 9.577416017547949e-01
3.950000000000000e-01 4.762501707502353e-01 9.577416021657116e-01
4.000000000000000e-01 4.887740543308307e-01 9.577416026224116e-01
4.050000000000000e-01 5.016034376063282e-01 9.577416031321910e-01
4.100000000000000e-01 5.147463393589066e-01 9.577416037162865e-01
4.150000000000000e-01 5.282109743299990e-01 9.577416043778026e-01
4.200000000000000e-01 5.420057583547735e-01 9.577416051418612e-01
4.250000000000000e-01 5.561393136223041e-01 9.577416060188282e-01
4.300000000000000e-01 5.706204740647189e-01 9.577416070295164e-01
4.350000000000000e-01 5.854582908786964e-01 9.577416082064226e-01
4.400000000000000e-01 6.006620381827575e-01 9.577416095760020e-01
4.450000000000000e-01 6.162412188138907e-01 9.577416112044265e-01
4.500000000000000e-01 6.322055702671360e-01 9.577416131220915e-01
4.550000000000000e-01 6.485650707818353e-01 9.577416154084397e-01
4.600000000000000e-01 6.653299455783577e-01 9.577416181442969e-01
4.650000000000000e-01 6.825106732491932e-01 9.577416214207564e-01
4.700000000000000e-01 7.001179923084168e-01 9.577416254251053e-01
4.750000000000000e-01 7.181629079036070e-01 9.577416303148857e-01
4.800000000000000e-01 7.366566986944229e-01 9.577416363120426e-01
4.850000000000000e-01 7.556109239021327e-01 9.577416436985358e-01
4.900000000000000e-01 7.750374305345038e-01 9.577416528853774e-01
4.950000000000000e-01 7.949483607905672e-01 9.577416643935840e-01
5.000000000000000e-01 8.153561596498893e-01 9.577416788233389e-01
5.050000000000000e-01 8.362735826510871e-01 9.577416971012517e-01
5.100000000000000e-01 8.577137038644561e-01 9.577417203152975e-01
5.150000000000000e-01 8.796899240636907e-01 9.577417499723161e-01
5.200000000000000e-01 9.022159791018011e-01 9.577417881180893e-01
5.250000000000000e-01 9.253059484964714e-01 9.577418373006384e-01
5.300000000000000e-01 9.489742642302165e-01 9.577419011784428e-01
5.350000000000000e-01 9.732357197708378e-01 9.577419844233565e-01
5.400000000000000e-01 9.981054793178262e-01 9.577420933739895e-01
5.450000000000000e-01 1.023599087280478e+00 9.577422367798843e-01
5.500000000000000e-01 1.049732477993657e+00 9.577424260051117e-01
5.550000000000000e-01 1.076521985677273e+00 9.577426769299062e-01
5.600000000000001e-01 1.103984354645701e+00 9.577430108952105e-01
5.650000000000001e-01 1.132136749773522e+00 9.577434565741549e-01
5.700000000000001e-01 1.160996767224129e+00 9.577440538707405e-01
5.750000000000001e-01 1.190582445447902e+00 9.577448562942151e-01
5.800000000000000e-01 1.220912276456826e+00 9.577459371380129e-01
5.850000000000000e-01 1.252005217382601e+00 9.577473974308055e-01
5.900000000000000e-01 1.283880702325469e+00 9.577493735100354e-01
5.950000000000000e-01 1.316558654501151e+00 9.577520529515167e-01
6.000000000000000e-01 1.350059498693518e+00 9.577556924301757e-01
6.050000000000000e-01 1.384404174020732e+00 9.577606393821724e-01
6.100000000000000e-01 1.419614147022888e+00 9.577673695498753e-01
6.150000000000000e-01 1.455711425079295e+00 9.577765287643201e-01
6.200000000000000e-01 1.492718570163803e+00 9.577889868993594e-01
6.250000000000000e-01 1.530658712946775e+00 9.578059204238555e-01
6.300000000000000e-01 1.569555567252506e+00 9.578289045362465e-01
6.350000000000000e-01 1.609433444881138e+00 9.578600276900239e-01
6.400000000000000e-01 1.650317270804325e+00 9.579020506130558e-01
6.450000000000000e-01 1.692232598744148e+00 9.579585751432541e-01
6.500000000000000e-01 1.735205627145031e+00 9.580342267271683e-01
6.550000000000000e-01 1.779263215548615e+00 9.581348728453897e-01
6.600000000000000e-01 1.824432901381847e+00 9.582678035689232e-01
6.650000000000000e-01 1.870742917168772e+00 9.584418215384227e-01
6.700000000000000e-01 1.918222208176775e+00 9.586672382514659e-01
6.750000000000000e-01 1.966900450508319e+00 9.589556351127809e-01
6.800000000000000e-01 2.016808069649473e+00 9.593192009121938e-01
6.850000000000001e-01 2.067976259486829e+00 9.597695912161106e-01
6.900000000000001e-01 2.120437001804702e+00 9.603162221297081e-01
6.950000000000001e-01 2.174223086274785e+00 9.609638367158581e-01
7.000000000000001e-01 2.229368130950753e+00 9.617094245869282e-01
7.050000000000000e-01 2.285906603280654e+00 9.625389324561749e-01
7.100000000000000e-01 2.343873841650178e+00 9.634245517407153e-01
7.150000000000000e-01 2.403306077470301e+00 9.643239938517773e-01
7.200000000000000e-01 2.464240457823092e+00 9.651836947903903e-01
7.250000000000000e-01 2.526715068679855e+00 9.659472638622130e-01
7.300000000000000e-01 2.590768958706095e+00 9.665684394449620e-01
7.350000000000000e-01 2.656442163668210e+00 9.670253566465210e-01
7.400000000000000e-01 2.723775731457148e+00 9.673314162219488e-01
7.450000000000000e-01 2.792811747744667e+00 9.675384350373679e-01
7.500000000000000e-01 2.863593362288260e+00 9.677302394342165e-01
7.550000000000000e-01 2.936164815901156e+00 9.680083839101689e-01
7.600000000000000e-01 3.010571468104263e+00 9.684743523083301e-01
7.650000000000000e-01 3.086859825477351e+00 9.692131354489076e-01
7.700000000000000e-01 3.165077570727174e+00 9.702816451024039e-01
7.750000000000000e-01 3.245273592490716e+00 9.717031616979838e-01
7.800000000000000e-01 3.327498015892184e+00 9.734671001496925e-01
7.850000000000000e-01 3.411802233872832e+00 9.755324263518755e-01
7.900000000000000e-01 3.498238939313234e+00 9.778329698704405e-01
7.950000000000000e-01 3.586862157968046e+00 9.802832190407775e-01
8.000000000000000e-01 3.677727282233856e+00 9.827837814694026e-01
8.050000000000000e-01 3.770891105771243e+00 9.852267472154402e-01
8.100000000000001e-01 3.866411859002656e+00 9.875026277458944e-01
8.150000000000001e-01 3.964349245508326e+00 9.895113427789619e-01
8.200000000000001e-01 4.064764479342956e+00 9.911783661648049e-01
8.250000000000001e-01 4.167720323296481e+00 9.924731938397560e-01
8.300000000000001e-01 4.273281128122877e+00 9.934227870298780e-01
8.350000000000000e-01 4.381512872761445e+00 9.941113194917185e-01
8.400000000000000e-01 4.492483205575838e+00 9.946618526982915e-01
8.450000000000000e-01 4.606261486636447e+00 9.952038933410873e-01
8.500000000000000e-01 4.722918831072739e+00 9.958382338450649e-01
8.550000000000000e-01 4.842528153522501e+00 9.966124573494840e-01
8.600000000000000e-01 4.965164213705875e+00 9.975158943603595e-01
8.650000000000000e-01 5.090903663152626e+00 9.984942407570165e-01
8.700000000000000e-01 5.219825093111814e+00 9.994758820753150e-01
8.750000000000000e-01 5.352009083673925e+00 1.000398125702524e+00
8.800000000000000e-01 5.487538254136007e+00 1.001223575280950e+00
8.850000000000000e-01 5.626497314641444e+00 1.001943130204592e+00
8.900000000000000e-01 5.768973119126561e+00 1.002568663489108e+00
8.950000000000000e-01 5.915054719607133e+00 1.003121795784311e+00
9.000000000000000e-01 6.064833421838831e+00 1.003624439378830e+00
9.050000000000000e-01 6.218402842386253e+00 1.004093688312251e+00
9.100000000000000e-01 6.375858967136348e+00 1.004540690073252e+00
9.150000000000000e-01 6.537300211292723e+00 1.004971761936016e+00
9.200000000000000e-01 6.702827480888332e+00 1.005390114238659e+00
9.250000000000000e-01 6.872544235855034e+00 1.005797278343395e+00
9.300000000000000e-01 7.046556554689444e+00 1.006194001271909e+00
9.350000000000001e-01 7.224973200755413e+00 1.006580706917132e+00
9.400000000000001e-01 7.407905690264673e+00 1.006957698787344e+00
9.450000000000001e-01 7.595468361978146e+00 1.007325237489616e+00
9.500000000000001e-01 7.787778448671316e+00 1.007683566826367e+00
9.550000000000001e-01 7.984956150408610e+00 1.008032921664356e+00
9.600000000000000e-01 8.187124709672272e+00 1.008373530139971e+00
9.650000000000000e-01 8.394410488393007e+00 1.008705614307840e+00
9.700000000000000e-01 8.606943046930221e+00 1.009029390406477e+00
9.750000000000000e-01 8.824855225051540e+00 1.009345069036845e+00
9.800000000000000e-01 9.048283224961922e+00 1.009652855320144e+00
9.850000000000000e-01 9.277366696434507e+00 1.009952949048185e+00
9.900000000000000e-01 9.512248824096272e+00 1.010245544828960e+00
9.950000000000000e-01 9.753076416923058e+00 1.010530832229131e+00
1.000000000000000e+00 1.000000000000000e+01 1.010808995926110e+00
