0.000000000000000e+00 0.000000000000000e+00 9.610509279642440e-01
5.000000000000000e-03 3.369477419287315e-03 9.610509279654846e-01
1.000000000000000e-02 6.741060871647481e-03 9.610509279768860e-01
1.500000000000000e-02 1.011685770649257e-02 9.610509279823741e-01
2.000000000000000e-02 1.349897790673588e-02 9.610509279894590e-01
2.500000000000000e-02 1.688953540759990e-02 9.610509279943232e-01
3.000000000000000e-02 2.029064941789469e-02 9.610509279985484e-01
3.500000000000000e-02 2.370444574459234e-02 9.610509280028466e-01
4.000000000000000e-02 2.713305812152553e-02 9.610509280081598e-01
4.500000000000000e-02 3.057862954304063e-02 9.610509280130485e-01
5.000000000000000e-02 3.404331360343898e-02 9.610509280192362e-01
5.500000000000000e-02 3.752927584304335e-02 9.610509280224510e-01
6.000000000000000e-02 4.103869510173117e-02 9.610509280258575e-01
6.500000000000000e-02 4.457376488078044e-02 9.610509280303647e-01
7.000000000000001e-02 4.813669471387935e-02 9.610509280346203e-01
7.500000000000000e-02 5.172971154815675e-02 9.610509280390338e-01
8.000000000000000e-02 5.535506113609672e-02 9.610509280436049e-01
8.500000000000001e-02 5.901500943920686e-02 9.610509280478293e-01
9.000000000000000e-02 6.271184404431801e-02 9.610509280528401e-01
9.500000000000000e-02 6.644787559340060e-02 9.610509280588860e-01
1.000000000000000e-01 7.022543922779090e-02 9.610509280651902e-01
1.050000000000000e-01 7.404689604773053e-02 9.610509280708465e-01
1.100000000000000e-01 7.791463458813094e-02 9.610509280765458e-01
1.150000000000000e-01 8.183107231148547e-02 9.610509280825410e-01
1.200000000000000e-01 8.579865711886202e-02 9.610509280899373e-01
1.250000000000000e-01 8.981986887992111e-02 9.610509280980415e-01
1.300000000000000e-01 9.389722098291493e-02 9.610509281066153e-01
1.350000000000000e-01 9.803326190563690e-02 9.610509281157059e-01
1.400000000000000e-01 1.022305768083033e-01 9.610509281269067e-01
1.450000000000000e-01 1.064917891493625e-01 9.610509281394842e-01
1.500000000000000e-01 1.108195623252418e-01 9.610509281513611e-01
1.550000000000000e-01 1.152166013350572e-01 9.610509281624053e-01
1.600000000000000e-01 1.196856544713255e-01 9.610509281748105e-01
1.650000000000000e-01 1.242295150377370e-01 9.610509281889873e-01
1.700000000000000e-01 1.288510230950609e-01 9.610509282035236e-01
1.750000000000000e-01 1.335530672362758e-01 9.610509282201268e-01
1.800000000000000e-01 1.383385863920344e-01 9.610509282366898e-01
1.850000000000000e-01 1.432105716675912e-01 9.610509282529950e-01
1.900000000000000e-01 1.481720682123397e-01 9.610509282688676e-01
1.950000000000000e-01 1.532261771231311e-01 9.610509282832527e-01
2.000000000000000e-01 1.583760573825595e-01 9.610509283007728e-01
2.050000000000000e-01 1.636249278334301e-01 9.610509283203309e-01
2.100000000000000e-01 1.689760691906397e-01 9.610509283395818e-01
2.150000000000000e-01 1.744328260917313e-01 9.610509283592091e-01
2.200000000000000e-01 1.799986091874004e-01 9.610509283808667e-01
2.250000000000000e-01 1.856768972732633e-01 9.610509284084320e-01
2.300000000000000e-01 1.914712394642179e-01 9.610509284348924e-01
2.350000000000000e-01 1.973852574127551e-01 9.610509284626015e-01
2.400000000000000e-01 2.034226475726105e-01 9.610509284933429e-01
2.450000000000000e-01 2.095871835091678e-01 9.610509285229911e-01
2.500000000000000e-01 2.158827182580599e-01 9.610509285547505e-01
2.550000000000000e-01 2.223131867334419e-01 9.610509285903061e-01
2.600000000000000e-01 2.288826081874405e-01 9.610509286280881e-01
2.650000000000000e-01 2.355950887223172e-01 9.610509286650586e-01
2.700000000000000e-01 2.424548238569160e-01 9.610509286997599e-01
2.750000000000000e-01 2.494661011489995e-01 9.610509287364287e-01
2.800000000000000e-01 2.566333028751116e-01 9.610509287769147e-01
2.850000000000000e-01 2.639609087696434e-01 9.610509288204390e-01
2.900000000000000e-01 2.714534988248126e-01 9.610509288689422e-01
2.950000000000000e-01 2.791157561533084e-01 9.610509289216126e-01
3.000000000000000e-01 2.869524699153886e-01 9.610509289776678e-01
3.050000000000000e-01 2.949685383122613e-01 9.610509290365135e-01
3.100000000000000e-01 3.031689716476197e-01 9.610509290991222e-01
3.150000000000000e-01 3.115588954592450e-01 9.610509291645704e-01
3.200000000000000e-01 3.201435537226349e-01 9.610509292302426e-01
3.250000000000000e-01 3.289283121286580e-01 9.610509292983328e-01
3.300000000000000e-01 3.379186614372866e-01 9.610509293710565e-01
3.350000000000000e-01 3.471202209094989e-01 9.610509294468476e-01
3.400000000000000e-01 3.565387418195016e-01 9.610509295292817e-01
3.450000000000000e-01 3.661801110494620e-01 9.610509296210091e-01
3.500000000000000e-01 3.760503547690021e-01 9.610509297185225e-01
3.550000000000000e-01 3.861556422017504e-01 9.610509298209209e-01
3.600000000000000e-01 3.965022894813072e-01 9.610509299298819e-01
3.650000000000000e-01 4.070967635990345e-01 9.610509300409282e-01
3.700000000000000e-01 4.179456864461349e-01 9.610509301569168e-01
3.750000000000000e-01 4.290558389525505e-01 9.610509302866332e-01
3.800000000000000e-01 4.404341653252637e-01 9.610509304277918e-01
3.850000000000000e-01 4.520877773886537e-01 9.610509305737858e-01
3.900000000000000e-01 4.640239590296172e-01 9.610509307275974e-01
3.950000000000000e-01 4.762501707502353e-01 9.610509309011980e-01
4.000000000000000e-01 4.887740543308307e-01 9.610509310894104e-01
4.050000000000000e-01 5.016034376063282e-01 9.610509312907043e-01
4.100000000000000e-01 5.147463393589066e-01 9.610509315047312e-01
4.150000000000000e-01 5.282109743299990e-01 9.610509317337715e-01
4.200000000000000e-01 5.420057583547735e-01 9.610509319877449e-01
4.250000000000000e-01 5.561393136223041e-01 9.610509322635121e-01
4.300000000000000e-01 5.706204740647189e-01 9.610509325727545e-01
4.350000000000000e-01 5.854582908786964e-01 9.610509329124048e-01
4.400000000000000e-01 6.006620381827575e-01 9.610509332868050e-01
4.450000000000000e-01 6.162412188138907e-01 9.610509337044282e-01
4.500000000000000e-01 6.322055702671360e-01 9.610509341679102e-01
4.550000000000000e-01 6.485650707818353e-01 9.610509347027194e-01
4.600000000000000e-01 6.653299455783577e-01 9.610509353068853e-01
4.650000000000000e-01 6.825106732491932e-01 9.610509360001718e-01
4.700000000000000e-01 7.001179923084168e-01 9.610509367984758e-01
4.750000000000000e-01 7.181629079036070e-01 9.610509377154357e-01
4.800000000000000e-01 7.366566986944229e-01 9.610509388094207e-01
4.850000000000000e-01 7.556109239021327e-01 9.610509401116530e-01
4.900000000000000e-01 7.750374305345038e-01 9.610509416624884e-01
4.950000000000000e-01 7.949483607905672e-01 9.610509435230932e-01
5.000000000000000e-01 8.153561596498893e-01 9.610509458022038e-01
5.050000000000000e-01 8.362735826510871e-01 9.610509486203442e-01
5.100000000000000e-01 8.577137038644561e-01 9.610509521050828e-01
5.150000000000000e-01 8.796899240636907e-01 9.610509564986974e-01
5.200000000000000e-01 9.022159791018011e-01 9.610509620561198e-01
5.250000000000000e-01 9.253059484964714e-01 9.610509691608353e-01
5.300000000000000e-01 9.489742642302165e-01 9.610509783481125e-01
5.350000000000000e-01 9.732357197708378e-01 9.610509902700126e-01
5.400000000000000e-01 9.981054793178262e-01 9.610510059449150e-01
5.450000000000000e-01 1.023599087280478e+00 9.610510266516955e-01
5.500000000000000e-01 1.049732477993657e+00 9.610510542069726e-01
5.550000000000000e-01 1.076521985677273e+00 9.610510912190897e-01
5.600000000000001e-01 1.103984354645701e+00 9.610511410964266e-01
5.650000000000001e-01 1.132136749773522e+00 9.610512088712381e-01
5.700000000000001e-01 1.160996767224129e+00 9.610513014572042e-01
5.750000000000001e-01 1.190582445447902e+00 9.610514284325580e-01
5.800000000000000e-01 1.220912276456826e+00 9.610516037470188e-01
5.850000000000000e-01 1.252005217382601e+00 9.610518465843217e-01
5.900000000000000e-01 1.283880702325469e+00 9.610521843077044e-01
5.950000000000000e-01 1.316558654501151e+00 9.610526561564289e-01
6.000000000000000e-01 1.350059498693518e+00 9.610533168416112e-01
6.050000000000000e-01 1.384404174020732e+00 9.610542449242594e-01
6.100000000000000e-01 1.419614147022888e+00 9.610555522000819e-01
6.150000000000000e-01 1.455711425079295e+00 9.610573959270184e-01
6.200000000000000e-01 1.492718570163803e+00 9.610600010663946e-01
6.250000000000000e-01 1.530658712946775e+00 9.610636859701284e-01
6.300000000000000e-01 1.569555567252506e+00 9.610688981648045e-01
6.350000000000000e-01 1.609433444881138e+00 9.610762712548507e-01
6.400000000000000e-01 1.650317270804325e+00 9.610866928961064e-01
6.450000000000000e-01 1.692232598744148e+00 9.611013967959215e-01
6.500000000000000e-01 1.735205627145031e+00 9.611220968212075e-01
6.550000000000000e-01 1.779263215548615e+00 9.611511452741994e-01
6.600000000000000e-01 1.824432901381847e+00 9.611917284799423e-01
6.650000000000000e-01 1.870742917168772e+00 9.612481247118805e-01
6.700000000000000e-01 1.918222208176775e+00 9.613259795071142e-01
6.750000000000000e-01 1.966900450508319e+00 9.614325702243679e-01
6.800000000000000e-01 2.016808069649473e+00 9.615770641440120e-01
6.850000000000001e-01 2.067976259486829e+00 9.617706550548990e-01
6.900000000000001e-01 2.120437001804702e+00 9.620263974795167e-01
6.950000000000001e-01 2.174223086274785e+00 9.623586174249202e-01
7.000000000000001e-01 2.229368130950753e+00 9.627817141265308e-01
7.050000000000000e-01 2.285906603280654e+00 9.633080853395555e-01
7.100000000000000e-01 2.343873841650178e+00 9.639450538336267e-01
7.150000000000000e-01 2.403306077470301e+00 9.646908594740043e-01
7.200000000000000e-01 2.464240457823092e+00 9.655300600062231e-01
7.250000000000000e-01 2.526715068679855e+00 9.664295898364258e-01
7.300000000000000e-01 2.590768958706095e+00 9.673380357338146e-01
7.350000000000000e-01 2.656442163668210e+00 9.681910366246214e-01
7.400000000000000e-01 2.723775731457148e+00 9.689240354865225e-01
7.450000000000000e-01 2.792811747744667e+00 9.694902485140494e-01
7.500000000000000e-01 2.863593362288260e+00 9.698782614935809e-01
7.550000000000000e-01 2.936164815901156e+00 9.701222862381897e-01
7.600000000000000e-01 3.010571468104263e+00 9.703002588677165e-01
7.650000000000000e-01 3.086859825477351e+00 9.705198376844973e-01
7.700000000000000e-01 3.165077570727174e+00 9.708971234495871e-01
7.750000000000000e-01 3.245273592490716e+00 9.715349609299806e-01
7.800000000000000e-01 3.327498015892184e+00 9.725064461865558e-01
7.850000000000000e-01 3.411802233872832e+00 9.738461711782226e-01
7.900000000000000e-01 3.498238939313234e+00 9.755487760905842e-01
7.950000000000000e-01 3.586862157968046e+00 9.775727437326839e-01
8.000000000000000e-01 3.677727282233856e+00 9.798469820261491e-01
8.050000000000000e-01 3.770891105771243e+00 9.822780121488756e-01
8.100000000000001e-01 3.866411859002656e+00 9.847564509688589e-01
8.150000000000001e-01 3.964349245508326e+00 9.871632677042917e-01
8.200000000000001e-01 4.064764479342956e+00 9.893784865347425e-01
8.250000000000001e-01 4.167720323296481e+00 9.912956581253775e-01
8.300000000000001e-01 4.273281128122877e+00 9.928425469520223e-01
8.350000000000000e-01 4.381512872761445e+00 9.940025442749802e-01
8.400000000000000e-01 4.492483205575838e+00 9.948262783292584e-01
8.450000000000000e-01 4.606261486636447e+00 9.954237250509661e-01
8.500000000000000e-01 4.722918831072739e+00 9.959351844577360e-01
8.550000000000000e-01 4.842528153522501e+00 9.964904295388112e-01
8.600000000000000e-01 4.965164213705875e+00 9.971721815478389e-01
8.650000000000000e-01 5.090903663152626e+00 9.979985025658796e-01
8.700000000000000e-01 5.219825093111814e+00 9.989297230537438e-01
8.750000000000000e-01 5.352009083673925e+00 9.998942252686974e-01
8.800000000000000e-01 5.487538254136007e+00 1.000819787284747e+00
8.850000000000000e-01 5.626497314641444e+00 1.001656944995166e+00
8.900000000000000e-01 5.768973119126561e+00 1.002387266908080e+00
8.950000000000000e-01 5.915054719607133e+00 1.003018005413985e+00
9.000000000000000e-01 6.064833421838831e+00 1.003570119136908e+00
9.050000000000000e-01 6.218402842386253e+00 1.004066948690811e+00
9.100000000000000e-01 6.375858967136348e+00 1.004527478709517e+00
9.150000000000000e-01 6.537300211292723e+00 1.004964356954047e+00
9.200000000000000e-01 6.702827480888332e+00 1.005384816857909e+00
9.250000000000000e-01 6.872544235855034e+00 1.005792529119852e+00
9.300000000000000e-01 7.046556554689444e+00 1.006189219574166e+00
9.350000000000001e-01 7.224973200755413e+00 1.006575703354339e+00
9.400000000000001e-01 7.407905690264673e+00 1.006952421841612e+00
9.450000000000001e-01 7.595468361978146e+00 1.007319678689360e+00
9.500000000000001e-01 7.787778448671316e+00 1.007677729588092e+00
9.550000000000001e-01 7.984956150408610e+00 1.008026812236972e+00
9.600000000000000e-01 8.187124709672272e+00 1.008367155266168e+00
9.650000000000000e-01 8.394410488393007e+00 1.008698980687549e+00
9.700000000000000e-01 8.606943046930221e+00 1.009022504589620e+00
9.750000000000000e-01 8.824855225051540e+00 1.009337937407237e+00
9.800000000000000e-01 9.048283224961922e+00 1.009645484096644e+00
9.850000000000000e-01 9.277366696434507e+00 1.009945344288790e+00
9.900000000000000e-01 9.512248824096272e+00 1.010237712436384e+00
9.950000000000000e-01 9.753076416923058e+00 1.010522777968559e+00
1.000000000000000e+00 1.000000000000000e+01 1.010800725572239e+00
