0.000000000000000e+00 0.000000000000000e+00 8.390214901664989e-01
5.000000000000000e-03 3.369477419287315e-03 8.390216953950009e-01
1.000000000000000e-02 6.741060871647481e-03 8.390222434193282e-01
1.500000000000000e-02 1.011685770649257e-02 8.390231577777399e-01
2.000000000000000e-02 1.349897790673588e-02 8.390244406720809e-01
2.500000000000000e-02 1.688953540759990e-02 8.390260959382364e-01
3.000000000000000e-02 2.029064941789469e-02 8.390281256555758e-01
3.500000000000000e-02 2.370444574459234e-02 8.390305336209819e-01
4.000000000000000e-02 2.713305812152553e-02 8.390333294626628e-01
4.500000000000000e-02 3.057862954304063e-02 8.390365223201192e-01
5.000000000000000e-02 3.404331360343898e-02 8.390401150569228e-01
5.500000000000000e-02 3.752927584304335e-02 8.390441182493030e-01
6.000000000000000e-02 4.103869510173117e-02 8.390485421415178e-01
6.500000000000000e-02 4.457376488078044e-02 8.390533957201822e-01
7.000000000000001e-02 4.813669471387935e-02 8.390586897842380e-01
7.500000000000000e-02 5.172971154815675e-02 8.390644381018473e-01
8.000000000000000e-02 5.535506113609672e-02 8.390706560414856e-01
8.500000000000001e-02 5.901500943920686e-02 8.390773590066237e-01
9.000000000000000e-02 6.271184404431801e-02 8.390845643287678e-01
9.500000000000000e-02 6.644787559340060e-02 8.390922878881328e-01
1.000000000000000e-01 7.022543922779090e-02 8.391005491688872e-01
1.050000000000000e-01 7.404689604773053e-02 8.391093672060905e-01
1.100000000000000e-01 7.791463458813094e-02 8.391187645048359e-01
1.150000000000000e-01 8.183107231148547e-02 8.391287640119187e-01
1.200000000000000e-01 8.579865711886202e-02 8.391393918450253e-01
1.250000000000000e-01 8.981986887992111e-02 8.391506780789780e-01
1.300000000000000e-01 9.389722098291493e-02 8.391626487368485e-01
1.350000000000000e-01 9.803326190563690e-02 8.391753334372564e-01
1.400000000000000e-01 1.022305768083033e-01 8.391887629223282e-01
1.450000000000000e-01 1.064917891493625e-01 8.392029748526257e-01
1.500000000000000e-01 1.108195623252418e-01 8.392180054946057e-01
1.550000000000000e-01 1.152166013350572e-01 8.392338933236015e-01
1.600000000000000e-01 1.196856544713255e-01 8.392506846238410e-01
1.650000000000000e-01 1.242295150377370e-01 8.392684233622966e-01
1.700000000000000e-01 1.288510230950609e-01 8.392871597037315e-01
1.750000000000000e-01 1.335530672362758e-01 8.393069431038227e-01
1.800000000000000e-01 1.383385863920344e-01 8.393278297663749e-01
1.850000000000000e-01 1.432105716675912e-01 8.393498819581821e-01
1.900000000000000e-01 1.481720682123397e-01 8.393731640710832e-01
1.950000000000000e-01 1.532261771231311e-01 8.393977506171991e-01
2.000000000000000e-01 1.583760573825595e-01 8.394237140595013e-01
2.050000000000000e-01 1.636249278334301e-01 8.394511356544800e-01
2.100000000000000e-01 1.689760691906397e-01 8.394801046269439e-01
2.150000000000000e-01 1.744328260917313e-01 8.395107154082528e-01
2.200000000000000e-01 1.799986091874004e-01 8.395430794553472e-01
2.250000000000000e-01 1.856768972732633e-01 8.395773102005180e-01
2.300000000000000e-01 1.914712394642179e-01 8.396135289669653e-01
2.350000000000000e-01 1.973852574127551e-01 8.396518737656909e-01
2.400000000000000e-01 2.034226475726105e-01 8.396924905893681e-01
2.450000000000000e-01 2.095871835091678e-01 8.397355488786546e-01
2.500000000000000e-01 2.158827182580599e-01 8.397812335832692e-01
2.550000000000000e-01 2.223131867334419e-01 8.398297308941264e-01
2.600000000000000e-01 2.288826081874405e-01 8.398812594759776e-01
2.650000000000000e-01 2.355950887223172e-01 8.399360694098349e-01
2.700000000000000e-01 2.424548238569160e-01 8.399944210836781e-01
2.750000000000000e-01 2.494661011489995e-01 8.400566029260237e-01
2.800000000000000e-01 2.566333028751116e-01 8.401229412020387e-01
2.850000000000000e-01 2.639609087696434e-01 8.401937952226399e-01
2.900000000000000e-01 2.714534988248126e-01 8.402695579192558e-01
2.950000000000000e-01 2.791157561533084e-01 8.403506662032958e-01
3.000000000000000e-01 2.869524699153886e-01 8.404376060098119e-01
3.050000000000000e-01 2.949685383122613e-01 8.405309098110687e-01
3.100000000000000e-01 3.031689716476197e-01 8.406311700330883e-01
3.150000000000000e-01 3.115588954592450e-01 8.407390404261244e-01
3.200000000000000e-01 3.201435537226349e-01 8.408552403344692e-01
3.250000000000000e-01 3.289283121286580e-01 8.409805690513392e-01
3.300000000000000e-01 3.379186614372866e-01 8.411159016294094e-01
3.350000000000000e-01 3.471202209094989e-01 8.412622042415178e-01
3.400000000000000e-01 3.565387418195016e-01 8.414205420349352e-01
3.450000000000000e-01 3.661801110494620e-01 8.415920758196778e-01
3.500000000000000e-01 3.760503547690021e-01 8.417780861501718e-01
3.550000000000000e-01 3.861556422017504e-01 8.419799704233594e-01
3.600000000000000e-01 3.965022894813072e-01 8.421992475850054e-01
3.650000000000000e-01 4.070967635990345e-01 8.424375841856944e-01
3.700000000000000e-01 4.179456864461349e-01 8.426967807470637e-01
3.750000000000000e-01 4.290558389525505e-01 8.429787864855210e-01
3.800000000000000e-01 4.404341653252637e-01 8.432857208229140e-01
3.850000000000000e-01 4.520877773886537e-01 8.436198507495170e-01
3.900000000000000e-01 4.640239590296172e-01 8.439836141311909e-01
3.950000000000000e-01 4.762501707502353e-01 8.443796341815880e-01
4.000000000000000e-01 4.887740543308307e-01 8.448106876706628e-01
4.050000000000000e-01 5.016034376063282e-01 8.452797315718158e-01
4.100000000000000e-01 5.147463393589066e-01 8.457899109665231e-01
4.150000000000000e-01 5.282109743299990e-01 8.463445142000997e-01
4.200000000000000e-01 5.420057583547735e-01 8.469469967521764e-01
4.250000000000000e-01 5.561393136223041e-01 8.476009888973111e-01
4.300000000000000e-01 5.706204740647189e-01 8.483102337942379e-01
4.350000000000000e-01 5.854582908786964e-01 8.490785960970101e-01
4.400000000000000e-01 6.006620381827575e-01 8.499100774347595e-01
4.450000000000000e-01 6.162412188138907e-01 8.508087393657279e-01
4.500000000000000e-01 6.322055702671360e-01 8.517786781967698e-01
4.550000000000000e-01 6.485650707818353e-01 8.528240539029648e-01
4.600000000000000e-01 6.653299455783577e-01 8.539490185821369e-01
4.650000000000000e-01 6.825106732491932e-01 8.551576349849654e-01
4.700000000000000e-01 7.001179923084168e-01 8.564538966564016e-01
4.750000000000000e-01 7.181629079036070e-01 8.578417026683269e-01
4.800000000000000e-01 7.366566986944229e-01 8.593247366840819e-01
4.850000000000000e-01 7.556109239021327e-01 8.609064168391702e-01
4.900000000000000e-01 7.750374305345038e-01 8.625899159578631e-01
4.950000000000000e-01 7.949483607905672e-01 8.643780891124369e-01
5.000000000000000e-01 8.153561596498893e-01 8.662733388972832e-01
5.050000000000000e-01 8.362735826510871e-01 8.682775719736822e-01
5.100000000000000e-01 8.577137038644561e-01 8.703922114576769e-01
5.150000000000000e-01 8.796899240636907e-01 8.726181216382253e-01
5.200000000000000e-01 9.022159791018011e-01 8.749554652997341e-01
5.250000000000000e-01 9.253059484964714e-01 8.774036276525264e-01
5.300000000000000e-01 9.489742642302165e-01 8.799612200112155e-01
5.350000000000000e-01 9.732357197708378e-01 8.826260503541364e-01
5.400000000000000e-01 9.981054793178262e-01 8.853950094276749e-01
5.450000000000000e-01 1.023599087280478e+00 8.882639460778116e-01
5.500000000000000e-01 1.049732477993657e+00 8.912276091946536e-01
5.550000000000000e-01 1.076521985677273e+00 8.942796422489395e-01
5.600000000000001e-01 1.103984354645701e+00 8.974125674658509e-01
5.650000000000001e-01 1.132136749773522e+00 9.006177279883979e-01
5.700000000000001e-01 1.160996767224129e+00 9.038852084756775e-01
5.750000000000001e-01 1.190582445447902e+00 9.072037761977797e-01
5.800000000000000e-01 1.220912276456826e+00 9.105608654242360e-01
5.850000000000000e-01 1.252005217382601e+00 9.139426015109025e-01
5.900000000000000e-01 1.283880702325469e+00 9.173338551291939e-01
5.950000000000000e-01 1.316558654501151e+00 9.207183229539617e-01
6.000000000000000e-01 1.350059498693518e+00 9.240786417387946e-01
6.050000000000000e-01 1.384404174020732e+00 9.273965503756253e-01
6.100000000000000e-01 1.419614147022888e+00 9.306531148502800e-01
6.150000000000000e-01 1.455711425079295e+00 9.338290303968273e-01
6.200000000000000e-01 1.492718570163803e+00 9.369050123337599e-01
6.250000000000000e-01 1.530658712946775e+00 9.398622841245380e-01
6.300000000000000e-01 1.569555567252506e+00 9.426831667042024e-01
6.350000000000000e-01 1.609433444881138e+00 9.453517658958109e-01
6.400000000000000e-01 1.650317270804325e+00 9.478547441663177e-01
6.450000000000000e-01 1.692232598744148e+00 9.501821484023685e-01
6.500000000000000e-01 1.735205627145031e+00 9.523282473990932e-01
6.550000000000000e-01 1.779263215548615e+00 9.542923126945251e-01
6.600000000000000e-01 1.824432901381847e+00 9.560792571016908e-01
6.650000000000000e-01 1.870742917168772e+00 9.577000309686791e-01
6.700000000000000e-01 1.918222208176775e+00 9.591716720865472e-01
6.750000000000000e-01 1.966900450508319e+00 9.605169165611646e-01
6.800000000000000e-01 2.016808069649473e+00 9.617633086731788e-01
6.850000000000001e-01 2.067976259486829e+00 9.629417982808318e-01
6.900000000000001e-01 2.120437001804702e+00 9.640848804844762e-01
6.950000000000001e-01 2.174223086274785e+00 9.652244048937892e-01
7.000000000000001e-01 2.229368130950753e+00 9.663892480704764e-01
7.050000000000000e-01 2.285906603280654e+00 9.676030888363509e-01
7.100000000000000e-01 2.343873841650178e+00 9.688825410059508e-01
7.150000000000000e-01 2.403306077470301e+00 9.702358760998087e-01
7.200000000000000e-01 2.464240457823092e+00 9.716625109163806e-01
7.250000000000000e-01 2.526715068679855e+00 9.731533488761268e-01
7.300000000000000e-01 2.590768958706095e+00 9.746919613574353e-01
7.350000000000000e-01 2.656442163668210e+00 9.762564892358122e-01
7.400000000000000e-01 2.723775731457148e+00 9.778220491714020e-01
7.450000000000000e-01 2.792811747744667e+00 9.793633570744752e-01
7.500000000000000e-01 2.863593362288260e+00 9.808572449218371e-01
7.550000000000000e-01 2.936164815901156e+00 9.822847567281682e-01
7.600000000000000e-01 3.010571468104263e+00 9.836325697554752e-01
7.650000000000000e-01 3.086859825477351e+00 9.848935935243772e-01
7.700000000000000e-01 3.165077570727174e+00 9.860667354861445e-01
7.750000000000000e-01 3.245273592490716e+00 9.871559611112783e-01
7.800000000000000e-01 3.327498015892184e+00 9.881688858933998e-01
7.850000000000000e-01 3.411802233872832e+00 9.891151910629626e-01
7.900000000000000e-01 3.498238939313234e+00 9.900051424566607e-01
7.950000000000000e-01 3.586862157968046e+00 9.908484214344085e-01
8.000000000000000e-01 3.677727282233856e+00 9.916533729156727e-01
8.050000000000000e-01 3.770891105771243e+00 9.924266703838400e-01
8.100000000000001e-01 3.866411859002656e+00 9.931733182993231e-01
8.150000000000001e-01 3.964349245508326e+00 9.938968729436616e-01
8.200000000000001e-01 4.064764479342956e+00 9.945997623229087e-01
8.250000000000001e-01 4.167720323296481e+00 9.952836122600234e-01
8.300000000000001e-01 4.273281128122877e+00 9.959495230233840e-01
8.350000000000000e-01 4.381512872761445e+00 9.965982751201979e-01
8.400000000000000e-01 4.492483205575838e+00 9.972304666643298e-01
8.450000000000000e-01 4.606261486636447e+00 9.978465966318056e-01
8.500000000000000e-01 4.722918831072739e+00 9.984471110034920e-01
8.550000000000000e-01 4.842528153522501e+00 9.990324262801779e-01
8.600000000000000e-01 4.965164213705875e+00 9.996029405783406e-01
8.650000000000000e-01 5.090903663152626e+00 1.000159038545945e+00
8.700000000000000e-01 5.219825093111814e+00 1.000701093477381e+00
8.750000000000000e-01 5.352009083673925e+00 1.001229468267465e+00
8.800000000000000e-01 5.487538254136007e+00 1.001744515922276e+00
8.850000000000000e-01 5.626497314641444e+00 1.002246579911309e+00
8.900000000000000e-01 5.768973119126561e+00 1.002735994463350e+00
8.950000000000000e-01 5.915054719607133e+00 1.003213084839734e+00
9.000000000000000e-01 6.064833421838831e+00 1.003678167595207e+00
9.050000000000000e-01 6.218402842386253e+00 1.004131550829392e+00
9.100000000000000e-01 6.375858967136348e+00 1.004573534429851e+00
9.150000000000000e-01 6.537300211292723e+00 1.005004410307210e+00
9.200000000000000e-01 6.702827480888332e+00 1.005424462622670e+00
9.250000000000000e-01 6.872544235855034e+00 1.005833968008220e+00
9.300000000000000e-01 7.046556554689444e+00 1.006233195779809e+00
9.350000000000001e-01 7.224973200755413e+00 1.006622408143766e+00
9.400000000000001e-01 7.407905690264673e+00 1.007001860396697e+00
9.450000000000001e-01 7.595468361978146e+00 1.007371801119123e+00
9.500000000000001e-01 7.787778448671316e+00 1.007732472363075e+00
9.550000000000001e-01 7.984956150408610e+00 1.008084109833872e+00
9.600000000000000e-01 8.187124709672272e+00 1.008426943066291e+00
9.650000000000000e-01 8.394410488393007e+00 1.008761195595336e+00
9.700000000000000e-01 8.606943046930221e+00 1.009087085121792e+00
9.750000000000000e-01 8.824855225051540e+00 1.009404823672752e+00
9.800000000000000e-01 9.048283224961922e+00 1.009714617757291e+00
9.850000000000000e-01 9.277366696434507e+00 1.010016668517468e+00
9.900000000000000e-01 9.512248824096272e+00 1.010311171874794e+00
9.950000000000000e-01 9.753076416923058e+00 1.010598318672353e+00
1.000000000000000e+00 1.000000000000000e+01 1.010878294812694e+00
