0.000000000000000e+00 0.000000000000000e+00 8.260931859932693e-01
5.000000000000000e-03 3.369477419287315e-03 8.260931863334871e-01
1.000000000000000e-02 6.741060871647481e-03 8.260931875176875e-01
1.500000000000000e-02 1.011685770649257e-02 8.260931908959018e-01
2.000000000000000e-02 1.349897790673588e-02 8.260931976369372e-01
2.500000000000000e-02 1.688953540759990e-02 8.260932095674030e-01
3.000000000000000e-02 2.029064941789469e-02 8.260932295386318e-01
3.500000000000000e-02 2.370444574459234e-02 8.260932610154308e-01
4.000000000000000e-02 2.713305812152553e-02 8.260933083480438e-01
4.500000000000000e-02 3.057862954304063e-02 8.260933762444265e-01
5.000000000000000e-02 3.404331360343898e-02 8.260934704158714e-01
5.500000000000000e-02 3.752927584304335e-02 8.260935975559291e-01
6.000000000000000e-02 4.103869510173117e-02 8.260937655225508e-01
6.500000000000000e-02 4.457376488078044e-02 8.260939822866992e-01
7.000000000000001e-02 4.813669471387935e-02 8.260942579068437e-01
7.500000000000000e-02 5.172971154815675e-02 8.260946034273852e-01
8.000000000000000e-02 5.535506113609672e-02 8.260950315622173e-01
8.500000000000001e-02 5.901500943920686e-02 8.260955559490648e-01
9.000000000000000e-02 6.271184404431801e-02 8.260961920767497e-01
9.500000000000000e-02 6.644787559340060e-02 8.260969582597562e-01
1.000000000000000e-01 7.022543922779090e-02 8.260978726746194e-01
1.050000000000000e-01 7.404689604773053e-02 8.260989580227722e-01
1.100000000000000e-01 7.791463458813094e-02 8.261002395366628e-01
1.150000000000000e-01 8.183107231148547e-02 8.261017443541220e-01
1.200000000000000e-01 8.579865711886202e-02 8.261035012719569e-01
1.250000000000000e-01 8.981986887992111e-02 8.261055436797142e-01
1.300000000000000e-01 9.389722098291493e-02 8.261079103612767e-01
1.350000000000000e-01 9.803326190563690e-02 8.261106425324000e-01
1.400000000000000e-01 1.022305768083033e-01 8.261137870185674e-01
1.450000000000000e-01 1.064917891493625e-01 8.261173929758850e-01
1.500000000000000e-01 1.108195623252418e-01 8.261215176965139e-01
1.550000000000000e-01 1.152166013350572e-01 8.261262235378514e-01
1.600000000000000e-01 1.196856544713255e-01 8.261315790131857e-01
1.650000000000000e-01 1.242295150377370e-01 8.261376631234956e-01
1.700000000000000e-01 1.288510230950609e-01 8.261445592090660e-01
1.750000000000000e-01 1.335530672362758e-01 8.261523625745558e-01
1.800000000000000e-01 1.383385863920344e-01 8.261611761376517e-01
1.850000000000000e-01 1.432105716675912e-01 8.261711133293931e-01
1.900000000000000e-01 1.481720682123397e-01 8.261823012194132e-01
1.950000000000000e-01 1.532261771231311e-01 8.261948786013020e-01
2.000000000000000e-01 1.583760573825595e-01 8.262090009232496e-01
2.050000000000000e-01 1.636249278334301e-01 8.262248352844348e-01
2.100000000000000e-01 1.689760691906397e-01 8.262425682097940e-01
2.150000000000000e-01 1.744328260917313e-01 8.262624052999217e-01
2.200000000000000e-01 1.799986091874004e-01 8.262845713579505e-01
2.250000000000000e-01 1.856768972732633e-01 8.263093167401553e-01
2.300000000000000e-01 1.914712394642179e-01 8.263369135408793e-01
2.350000000000000e-01 1.973852574127551e-01 8.263676568970012e-01
2.400000000000000e-01 2.034226475726105e-01 8.264018718552898e-01
2.450000000000000e-01 2.095871835091678e-01 8.264399252096121e-01
2.500000000000000e-01 2.158827182580599e-01 8.264822103350601e-01
2.550000000000000e-01 2.223131867334419e-01 8.265291507601900e-01
2.600000000000000e-01 2.288826081874405e-01 8.265812216929844e-01
2.650000000000000e-01 2.355950887223172e-01 8.266389356194960e-01
2.700000000000000e-01 2.424548238569160e-01 8.267028535703688e-01
2.750000000000000e-01 2.494661011489995e-01 8.267735888846446e-01
2.800000000000000e-01 2.566333028751116e-01 8.268518042341330e-01
2.850000000000000e-01 2.639609087696434e-01 8.269382284832320e-01
2.900000000000000e-01 2.714534988248126e-01 8.270336462591000e-01
2.950000000000000e-01 2.791157561533084e-01 8.271389127729684e-01
3.000000000000000e-01 2.869524699153886e-01 8.272549588808715e-01
3.050000000000000e-01 2.949685383122613e-01 8.273827822955956e-01
3.100000000000000e-01 3.031689716476197e-01 8.275234732067337e-01
3.150000000000000e-01 3.115588954592450e-01 8.276782024608670e-01
3.200000000000000e-01 3.201435537226349e-01 8.278482287090329e-01
3.250000000000000e-01 3.289283121286580e-01 8.280349191066635e-01
3.300000000000000e-01 3.379186614372866e-01 8.282397281954650e-01
3.350000000000000e-01 3.471202209094989e-01 8.284642230192311e-01
3.400000000000000e-01 3.565387418195016e-01 8.287100876056670e-01
3.450000000000000e-01 3.661801110494620e-01 8.289791039363139e-01
3.500000000000000e-01 3.760503547690021e-01 8.292731880579242e-01
3.550000000000000e-01 3.861556422017504e-01 8.295943757584502e-01
3.600000000000000e-01 3.965022894813072e-01 8.299448126009448e-01
3.650000000000000e-01 4.070967635990345e-01 8.303267925776613e-01
3.700000000000000e-01 4.179456864461349e-01 8.307427272380983e-01
3.750000000000000e-01 4.290558389525505e-01 8.311951441774639e-01
3.800000000000000e-01 4.404341653252637e-01 8.316867236824224e-01
3.850000000000000e-01 4.520877773886537e-01 8.322202545032603e-01
3.900000000000000e-01 4.640239590296172e-01 8.327986356854565e-01
3.950000000000000e-01 4.762501707502353e-01 8.334249122155121e-01
4.000000000000000e-01 4.887740543308307e-01 8.341022194370611e-01
4.050000000000000e-01 5.016034376063282e-01 8.348337776900926e-01
4.100000000000000e-01 5.147463393589066e-01 8.356229310880073e-01
4.150000000000000e-01 5.282109743299990e-01 8.364730849403073e-01
4.200000000000000e-01 5.420057583547735e-01 8.373876795050865e-01
4.250000000000000e-01 5.561393136223041e-01 8.383702354312829e-01
4.300000000000000e-01 5.706204740647189e-01 8.394242967177696e-01
4.350000000000000e-01 5.854582908786964e-01 8.405533662396805e-01
4.400000000000000e-01 6.006620381827575e-01 8.417609476506449e-01
4.450000000000000e-01 6.162412188138907e-01 8.430505208024771e-01
4.500000000000000e-01 6.322055702671360e-01 8.444254383897191e-01
4.550000000000000e-01 6.485650707818353e-01 8.458889260392761e-01
4.600000000000000e-01 6.653299455783577e-01 8.474441080746558e-01
4.650000000000000e-01 6.825106732491932e-01 8.490939109919022e-01
4.700000000000000e-01 7.001179923084168e-01 8.508409782691413e-01
4.750000000000000e-01 7.181629079036070e-01 8.526876994357108e-01
4.800000000000000e-01 7.366566986944229e-01 8.546361967949313e-01
4.850000000000000e-01 7.556109239021327e-01 8.566882015505739e-01
4.900000000000000e-01 7.750374305345038e-01 8.588449777055177e-01
4.950000000000000e-01 7.949483607905672e-01 8.611073479515534e-01
5.000000000000000e-01 8.153561596498893e-01 8.634756750911662e-01
5.050000000000000e-01 8.362735826510871e-01 8.659497398776137e-01
5.100000000000000e-01 8.577137038644561e-01 8.685286387806557e-01
5.150000000000000e-01 8.796899240636907e-01 8.712107798878650e-01
5.200000000000000e-01 9.022159791018011e-01 8.739938924361527e-01
5.250000000000000e-01 9.253059484964714e-01 8.768749547404023e-01
5.300000000000000e-01 9.489742642302165e-01 8.798500712408259e-01
5.350000000000000e-01 9.732357197708378e-01 8.829143923841127e-01
5.400000000000000e-01 9.981054793178262e-01 8.860621046969461e-01
5.450000000000000e-01 1.023599087280478e+00 8.892864357343042e-01
5.500000000000000e-01 1.049732477993657e+00 8.925796202517998e-01
5.550000000000000e-01 1.076521985677273e+00 8.959328306643808e-01
5.600000000000001e-01 1.103984354645701e+00 8.993361095011376e-01
5.650000000000001e-01 1.132136749773522e+00 9.027783359635004e-01
5.700000000000001e-01 1.160996767224129e+00 9.062472331035073e-01
5.750000000000001e-01 1.190582445447902e+00 9.097294043477460e-01
5.800000000000000e-01 1.220912276456826e+00 9.132103906586913e-01
5.850000000000000e-01 1.252005217382601e+00 9.166747499242235e-01
5.900000000000000e-01 1.283880702325469e+00 9.201061677296848e-01
5.950000000000000e-01 1.316558654501151e+00 9.234876129439520e-01
6.000000000000000e-01 1.350059498693518e+00 9.268015501006577e-01
6.050000000000000e-01 1.384404174020732e+00 9.300302190180431e-01
6.100000000000000e-01 1.419614147022888e+00 9.331559898894418e-01
6.150000000000000e-01 1.455711425079295e+00 9.361617994862151e-01
6.200000000000000e-01 1.492718570163803e+00 9.390316704788084e-01
6.250000000000000e-01 1.530658712946775e+00 9.417513099273216e-01
6.300000000000000e-01 1.569555567252506e+00 9.443087745553895e-01
6.350000000000000e-01 1.609433444881138e+00 9.466951790462641e-01
6.400000000000000e-01 1.650317270804325e+00 9.489054098186146e-01
6.450000000000000e-01 1.692232598744148e+00 9.509387915341224e-01
6.500000000000000e-01 1.735205627145031e+00 9.527996389647275e-01
6.550000000000000e-01 1.779263215548615e+00 9.544976156881422e-01
6.600000000000000e-01 1.824432901381847e+00 9.560478170172899e-01
6.650000000000000e-01 1.870742917168772e+00 9.574705013587789e-01
6.700000000000000e-01 1.918222208176775e+00 9.587904147751177e-01
6.750000000000000e-01 1.966900450508319e+00 9.600356888505890e-01
6.800000000000000e-01 2.016808069649473e+00 9.612363399891987e-01
6.850000000000001e-01 2.067976259486829e+00 9.624224535313164e-01
6.900000000000001e-01 2.120437001804702e+00 9.636221901663082e-01
6.950000000000001e-01 2.174223086274785e+00 9.648597952344545e-01
7.000000000000001e-01 2.229368130950753e+00 9.661538146122950e-01
7.050000000000000e-01 2.285906603280654e+00 9.675157178537916e-01
7.100000000000000e-01 2.343873841650178e+00 9.689490983671699e-01
7.150000000000000e-01 2.403306077470301e+00 9.704495645022425e-01
7.200000000000000e-01 2.464240457823092e+00 9.720053611105560e-01
7.250000000000000e-01 2.526715068679855e+00 9.735986773456281e-01
7.300000000000000e-01 2.590768958706095e+00 9.752075131369247e-01
7.350000000000000e-01 2.656442163668210e+00 9.768079041188010e-01
7.400000000000000e-01 2.723775731457148e+00 9.783762530085753e-01
7.450000000000000e-01 2.792811747744667e+00 9.798914941293625e-01
7.500000000000000e-01 2.863593362288260e+00 9.813368345342931e-01
7.550000000000000e-01 2.936164815901156e+00 9.827008728476168e-01
7.600000000000000e-01 3.010571468104263e+00 9.839779905276338e-01
7.650000000000000e-01 3.086859825477351e+00 9.851680252734083e-01
7.700000000000000e-01 3.165077570727174e+00 9.862753501591709e-01
7.750000000000000e-01 3.245273592490716e+00 9.873075694539750e-01
7.800000000000000e-01 3.327498015892184e+00 9.882740827303621e-01
7.850000000000000e-01 3.411802233872832e+00 9.891847548546433e-01
7.900000000000000e-01 3.498238939313234e+00 9.900488683261031e-01
7.950000000000000e-01 3.586862157968046e+00 9.908744465559661e-01
8.000000000000000e-01 3.677727282233856e+00 9.916679477707950e-01
8.050000000000000e-01 3.770891105771243e+00 9.924342614098213e-01
8.100000000000001e-01 3.866411859002656e+00 9.931769040642027e-01
8.150000000000001e-01 3.964349245508326e+00 9.938983099952571e-01
8.200000000000001e-01 4.064764479342956e+00 9.946001326470205e-01
8.250000000000001e-01 4.167720323296481e+00 9.952835051512013e-01
8.300000000000001e-01 4.273281128122877e+00 9.959492379856889e-01
8.350000000000000e-01 4.381512872761445e+00 9.965979537721535e-01
8.400000000000000e-01 4.492483205575838e+00 9.972301708959511e-01
8.450000000000000e-01 4.606261486636447e+00 9.978463510255151e-01
8.500000000000000e-01 4.722918831072739e+00 9.984469239821462e-01
8.550000000000000e-01 4.842528153522501e+00 9.990322998033339e-01
8.600000000000000e-01 4.965164213705875e+00 9.996028742325354e-01
8.650000000000000e-01 5.090903663152626e+00 1.000159031131699e+00
8.700000000000000e-01 5.219825093111814e+00 1.000701143574910e+00
8.750000000000000e-01 5.352009083673925e+00 1.001229574421427e+00
8.800000000000000e-01 5.487538254136007e+00 1.001744676696583e+00
8.850000000000000e-01 5.626497314641444e+00 1.002246793903440e+00
8.900000000000000e-01 5.768973119126561e+00 1.002736260307151e+00
8.950000000000000e-01 5.915054719607133e+00 1.003213401205248e+00
9.000000000000000e-01 6.064833421838831e+00 1.003678533187822e+00
9.050000000000000e-01 6.218402842386253e+00 1.004131964388873e+00
9.100000000000000e-01 6.375858967136348e+00 1.004573994729369e+00
9.150000000000000e-01 6.537300211292723e+00 1.005004916152398e+00
9.200000000000000e-01 6.702827480888332e+00 1.005425012850710e+00
9.250000000000000e-01 6.872544235855034e+00 1.005834561486954e+00
9.300000000000000e-01 7.046556554689444e+00 1.006233831406885e+00
9.350000000000001e-01 7.224973200755413e+00 1.006623084845800e+00
9.400000000000001e-01 7.407905690264673e+00 1.007002577128472e+00
9.450000000000001e-01 7.595468361978146e+00 1.007372556862805e+00
9.500000000000001e-01 7.787778448671316e+00 1.007733266127456e+00
9.550000000000001e-01 7.984956150408610e+00 1.008084940653634e+00
9.600000000000000e-01 8.187124709672272e+00 1.008427810001295e+00
9.650000000000000e-01 8.394410488393007e+00 1.008762097729932e+00
9.700000000000000e-01 8.606943046930221e+00 1.009088021564146e+00
9.750000000000000e-01 8.824855225051540e+00 1.009405793554198e+00
9.800000000000000e-01 9.048283224961922e+00 1.009715620231701e+00
9.850000000000000e-01 9.277366696434507e+00 1.010017702760635e+00
9.900000000000000e-01 9.512248824096272e+00 1.010312237083844e+00
9.950000000000000e-01 9.753076416923058e+00 1.010599414065165e+00
1.000000000000000e+00 1.000000000000000e+01 1.010879419627339e+00
