0.000000000000000e+00 0.000000000000000e+00 9.316276199124797e-01
5.000000000000000e-03 3.369477419287315e-03 9.316276210587007e-01
1.000000000000000e-02 6.741060871647481e-03 9.316276242714687e-01
1.500000000000000e-02 1.011685770649257e-02 9.316276299340193e-01
2.000000000000000e-02 1.349897790673588e-02 9.316276377877458e-01
2.500000000000000e-02 1.688953540759990e-02 9.316276476016192e-01
3.000000000000000e-02 2.029064941789469e-02 9.316276597436250e-01
3.500000000000000e-02 2.370444574459234e-02 9.316276743945827e-01
4.000000000000000e-02 2.713305812152553e-02 9.316276913793895e-01
4.500000000000000e-02 3.057862954304063e-02 9.316277107100794e-01
5.000000000000000e-02 3.404331360343898e-02 9.316277325444781e-01
5.500000000000000e-02 3.752927584304335e-02 9.316277568885206e-01
6.000000000000000e-02 4.103869510173117e-02 9.316277836496667e-01
6.500000000000000e-02 4.457376488078044e-02 9.316278131003035e-01
7.000000000000001e-02 4.813669471387935e-02 9.316278454132287e-01
7.500000000000000e-02 5.172971154815675e-02 9.316278805203190e-01
8.000000000000000e-02 5.535506113609672e-02 9.316279187079112e-01
8.500000000000001e-02 5.901500943920686e-02 9.316279601433428e-01
9.000000000000000e-02 6.271184404431801e-02 9.316280049427603e-01
9.500000000000000e-02 6.644787559340060e-02 9.316280533160812e-01
1.000000000000000e-01 7.022543922779090e-02 9.316281052557726e-01
1.050000000000000e-01 7.404689604773053e-02 9.316281610737170e-01
1.100000000000000e-01 7.791463458813094e-02 9.316282211354684e-01
1.150000000000000e-01 8.183107231148547e-02 9.316282854131526e-01
1.200000000000000e-01 8.579865711886202e-02 9.316283540378686e-01
1.250000000000000e-01 8.981986887992111e-02 9.316284271601636e-01
1.300000000000000e-01 9.389722098291493e-02 9.316285052945196e-01
1.350000000000000e-01 9.803326190563690e-02 9.316285889674245e-01
1.400000000000000e-01 1.022305768083033e-01 9.316286781716463e-01
1.450000000000000e-01 1.064917891493625e-01 9.316287732520598e-01
1.500000000000000e-01 1.108195623252418e-01 9.316288747576446e-01
1.550000000000000e-01 1.152166013350572e-01 9.316289830043977e-01
1.600000000000000e-01 1.196856544713255e-01 9.316290984587934e-01
1.650000000000000e-01 1.242295150377370e-01 9.316292217317189e-01
1.700000000000000e-01 1.288510230950609e-01 9.316293533964153e-01
1.750000000000000e-01 1.335530672362758e-01 9.316294937390707e-01
1.800000000000000e-01 1.383385863920344e-01 9.316296434480837e-01
1.850000000000000e-01 1.432105716675912e-01 9.316298033570896e-01
1.900000000000000e-01 1.481720682123397e-01 9.316299742016282e-01
1.950000000000000e-01 1.532261771231311e-01 9.316301568389322e-01
2.000000000000000e-01 1.583760573825595e-01 9.316303518364549e-01
2.050000000000000e-01 1.636249278334301e-01 9.316305601943117e-01
2.100000000000000e-01 1.689760691906397e-01 9.316307831272642e-01
2.150000000000000e-01 1.744328260917313e-01 9.316310216593601e-01
2.200000000000000e-01 1.799986091874004e-01 9.316312773570183e-01
2.250000000000000e-01 1.856768972732633e-01 9.316315518760032e-01
2.300000000000000e-01 1.914712394642179e-01 9.316318459726097e-01
2.350000000000000e-01 1.973852574127551e-01 9.316321613578287e-01
2.400000000000000e-01 2.034226475726105e-01 9.316325004222299e-01
2.450000000000000e-01 2.095871835091678e-01 9.316328649205368e-01
2.500000000000000e-01 2.158827182580599e-01 9.316332568787142e-01
2.550000000000000e-01 2.223131867334419e-01 9.316336789290200e-01
2.600000000000000e-01 2.288826081874405e-01 9.316341337585600e-01
2.650000000000000e-01 2.355950887223172e-01 9.316346246672673e-01
2.700000000000000e-01 2.424548238569160e-01 9.316351549635581e-01
2.750000000000000e-01 2.494661011489995e-01 9.316357276710419e-01
2.800000000000000e-01 2.566333028751116e-01 9.316363473378642e-01
2.850000000000000e-01 2.639609087696434e-01 9.316370183386814e-01
2.900000000000000e-01 2.714534988248126e-01 9.316377457134747e-01
2.950000000000000e-01 2.791157561533084e-01 9.316385356190449e-01
3.000000000000000e-01 2.869524699153886e-01 9.316393947742415e-01
3.050000000000000e-01 2.949685383122613e-01 9.316403295999868e-01
3.100000000000000e-01 3.031689716476197e-01 9.316413472266990e-01
3.150000000000000e-01 3.115588954592450e-01 9.316424573029457e-01
3.200000000000000e-01 3.201435537226349e-01 9.316436699616317e-01
3.250000000000000e-01 3.289283121286580e-01 9.316449965166332e-01
3.300000000000000e-01 3.379186614372866e-01 9.316464490099664e-01
3.350000000000000e-01 3.471202209094989e-01 9.316480419494900e-01
3.400000000000000e-01 3.565387418195016e-01 9.316497912091632e-01
3.450000000000000e-01 3.661801110494620e-01 9.316517146426644e-01
3.500000000000000e-01 3.760503547690021e-01 9.316538329807614e-01
3.550000000000000e-01 3.861556422017504e-01 9.316561685989074e-01
3.600000000000000e-01 3.965022894813072e-01 9.316587488652669e-01
3.650000000000000e-01 4.070967635990345e-01 9.316616030136354e-01
3.700000000000000e-01 4.179456864461349e-01 9.316647650673838e-01
3.750000000000000e-01 4.290558389525505e-01 9.316682737981179e-01
3.800000000000000e-01 4.404341653252637e-01 9.316721721460647e-01
3.850000000000000e-01 4.520877773886537e-01 9.316765110224889e-01
3.900000000000000e-01 4.640239590296172e-01 9.316813472152187e-01
3.950000000000000e-01 4.762501707502353e-01 9.316867469458310e-01
4.000000000000000e-01 4.887740543308307e-01 9.316927846405328e-01
4.050000000000000e-01 5.016034376063282e-01 9.316995460226363e-01
4.100000000000000e-01 5.147463393589066e-01 9.317071306812875e-01
4.150000000000000e-01 5.282109743299990e-01 9.317156514063319e-01
4.200000000000000e-01 5.420057583547735e-01 9.317252386573696e-01
4.250000000000000e-01 5.561393136223041e-01 9.317360408282260e-01
4.300000000000000e-01 5.706204740647189e-01 9.317482322854894e-01
4.350000000000000e-01 5.854582908786964e-01 9.317620121019415e-01
4.400000000000000e-01 6.006620381827575e-01 9.317776075260464e-01
4.450000000000000e-01 6.162412188138907e-01 9.317952849297897e-01
4.500000000000000e-01 6.322055702671360e-01 9.318153476536208e-01
4.550000000000000e-01 6.485650707818353e-01 9.318381486150457e-01
4.600000000000000e-01 6.653299455783577e-01 9.318640943142125e-01
4.650000000000000e-01 6.825106732491932e-01 9.318936511131936e-01
4.700000000000000e-01 7.001179923084168e-01 9.319273623136193e-01
4.750000000000000e-01 7.181629079036070e-01 9.319658481068026e-01
4.800000000000000e-01 7.366566986944229e-01 9.320098259797069e-01
4.850000000000000e-01 7.556109239021327e-01 9.320601228423511e-01
4.900000000000000e-01 7.750374305345038e-01 9.321176815194651e-01
4.950000000000000e-01 7.949483607905672e-01 9.321835913357051e-01
5.000000000000000e-01 8.153561596498893e-01 9.322590923693037e-01
5.050000000000000e-01 8.362735826510871e-01 9.323455964890460e-01
5.100000000000000e-01 8.577137038644561e-01 9.324447173929363e-01
5.150000000000000e-01 8.796899240636907e-01 9.325582689968293e-01
5.200000000000000e-01 9.022159791018011e-01 9.326882988650091e-01
5.250000000000000e-01 9.253059484964714e-01 9.328371040686900e-01
5.300000000000000e-01 9.489742642302165e-01 9.330072210573086e-01
5.350000000000000e-01 9.732357197708378e-01 9.332014557457194e-01
5.400000000000000e-01 9.981054793178262e-01 9.334228654835912e-01
5.450000000000000e-01 1.023599087280478e+00 9.336747211378102e-01
5.500000000000000e-01 1.049732477993657e+00 9.339605012795965e-01
5.550000000000000e-01 1.076521985677273e+00 9.342838048504378e-01
5.600000000000001e-01 1.103984354645701e+00 9.346482399586576e-01
5.650000000000001e-01 1.132136749773522e+00 9.350573294465904e-01
5.700000000000001e-01 1.160996767224129e+00 9.355143001122644e-01
5.750000000000001e-01 1.190582445447902e+00 9.360218307058444e-01
5.800000000000000e-01 1.220912276456826e+00 9.365818111887850e-01
5.850000000000000e-01 1.252005217382601e+00 9.371949680778465e-01
5.900000000000000e-01 1.283880702325469e+00 9.378604372766863e-01
5.950000000000000e-01 1.316558654501151e+00 9.385753936822783e-01
6.000000000000000e-01 1.350059498693518e+00 9.393346145371628e-01
6.050000000000000e-01 1.384404174020732e+00 9.401300518001364e-01
6.100000000000000e-01 1.419614147022888e+00 9.409506280561560e-01
6.150000000000000e-01 1.455711425079295e+00 9.417822272285035e-01
6.200000000000000e-01 1.492718570163803e+00 9.426079230460450e-01
6.250000000000000e-01 1.530658712946775e+00 9.434087142923420e-01
6.300000000000000e-01 1.569555567252506e+00 9.441648354069583e-01
6.350000000000000e-01 1.609433444881138e+00 9.448575283917572e-01
6.400000000000000e-01 1.650317270804325e+00 9.454712685673807e-01
6.450000000000000e-01 1.692232598744148e+00 9.459963236654120e-01
6.500000000000000e-01 1.735205627145031e+00 9.464312075323709e-01
6.550000000000000e-01 1.779263215548615e+00 9.467845497680635e-01
6.600000000000000e-01 1.824432901381847e+00 9.470760401822802e-01
6.650000000000000e-01 1.870742917168772e+00 9.473361534506741e-01
6.700000000000000e-01 1.918222208176775e+00 9.476044904943985e-01
6.750000000000000e-01 1.966900450508319e+00 9.479269001131571e-01
6.800000000000000e-01 2.016808069649473e+00 9.483518084841952e-01
6.850000000000001e-01 2.067976259486829e+00 9.489262436317819e-01
6.900000000000001e-01 2.120437001804702e+00 9.496920315933052e-01
6.950000000000001e-01 2.174223086274785e+00 9.506826136626889e-01
7.000000000000001e-01 2.229368130950753e+00 9.519207955414654e-01
7.050000000000000e-01 2.285906603280654e+00 9.534174972595985e-01
7.100000000000000e-01 2.343873841650178e+00 9.551713741611828e-01
7.150000000000000e-01 2.403306077470301e+00 9.571691060090898e-01
7.200000000000000e-01 2.464240457823092e+00 9.593861598961440e-01
7.250000000000000e-01 2.526715068679855e+00 9.617878627204342e-01
7.300000000000000e-01 2.590768958706095e+00 9.643306559046014e-01
7.350000000000000e-01 2.656442163668210e+00 9.669634654988097e-01
7.400000000000000e-01 2.723775731457148e+00 9.696292141217355e-01
7.450000000000000e-01 2.792811747744667e+00 9.722666067109609e-01
7.500000000000000e-01 2.863593362288260e+00 9.748124239233353e-01
7.550000000000000e-01 2.936164815901156e+00 9.772046361373461e-01
7.600000000000000e-01 3.010571468104263e+00 9.793866523286208e-01
7.650000000000000e-01 3.086859825477351e+00 9.813128353250443e-01
7.700000000000000e-01 3.165077570727174e+00 9.829549346621934e-01
7.750000000000000e-01 3.245273592490716e+00 9.843083276612176e-01
7.800000000000000e-01 3.327498015892184e+00 9.853961927260185e-01
7.850000000000000e-01 3.411802233872832e+00 9.862694658083503e-01
7.900000000000000e-01 3.498238939313234e+00 9.870011007201290e-01
7.950000000000000e-01 3.586862157968046e+00 9.876747832669710e-01
8.000000000000000e-01 3.677727282233856e+00 9.883702562421331e-01
8.050000000000000e-01 3.770891105771243e+00 9.891488812408205e-01
8.100000000000001e-01 3.866411859002656e+00 9.900432843006359e-01
8.150000000000001e-01 3.964349245508326e+00 9.910537974006414e-01
8.200000000000001e-01 4.064764479342956e+00 9.921523904007749e-01
8.250000000000001e-01 4.167720323296481e+00 9.932926252474691e-01
8.300000000000001e-01 4.273281128122877e+00 9.944225439652246e-01
8.350000000000000e-01 4.381512872761445e+00 9.954967993048749e-01
8.400000000000000e-01 4.492483205575838e+00 9.964849252234141e-01
8.450000000000000e-01 4.606261486636447e+00 9.973742051590668e-01
8.500000000000000e-01 4.722918831072739e+00 9.981675183369528e-01
8.550000000000000e-01 4.842528153522501e+00 9.988780475956693e-01
8.600000000000000e-01 4.965164213705875e+00 9.995232599181871e-01
8.650000000000000e-01 5.090903663152626e+00 1.000120086992677e+00
8.700000000000000e-01 5.219825093111814e+00 1.000682186978684e+00
8.750000000000000e-01 5.352009083673925e+00 1.001219163714320e+00
8.800000000000000e-01 5.487538254136007e+00 1.001737055169577e+00
8.850000000000000e-01 5.626497314641444e+00 1.002239331692352e+00
8.900000000000000e-01 5.768973119126561e+00 1.002727874777269e+00
8.950000000000000e-01 5.915054719607133e+00 1.003203700951260e+00
9.000000000000000e-01 6.064833421838831e+00 1.003667406056755e+00
9.050000000000000e-01 6.218402842386253e+00 1.004119400130467e+00
9.100000000000000e-01 6.375858967136348e+00 1.004560016404475e+00
9.150000000000000e-01 6.537300211292723e+00 1.004989556234980e+00
9.200000000000000e-01 6.702827480888332e+00 1.005408305720536e+00
9.250000000000000e-01 6.872544235855034e+00 1.005816541310011e+00
9.300000000000000e-01 7.046556554689444e+00 1.006214531607730e+00
9.350000000000001e-01 7.224973200755413e+00 1.006602538003362e+00
9.400000000000001e-01 7.407905690264673e+00 1.006980814973078e+00
9.450000000000001e-01 7.595468361978146e+00 1.007349610294616e+00
9.500000000000001e-01 7.787778448671316e+00 1.007709165238545e+00
9.550000000000001e-01 7.984956150408610e+00 1.008059714750132e+00
9.600000000000000e-01 8.187124709672272e+00 1.008401487624995e+00
9.650000000000000e-01 8.394410488393007e+00 1.008734706679257e+00
9.700000000000000e-01 8.606943046930221e+00 1.009059588914491e+00
9.750000000000000e-01 8.824855225051540e+00 1.009376345677665e+00
9.800000000000000e-01 9.048283224961922e+00 1.009685182816248e+00
9.850000000000000e-01 9.277366696434507e+00 1.009986300828662e+00
9.900000000000000e-01 9.512248824096272e+00 1.010279895010223e+00
9.950000000000000e-01 9.753076416923058e+00 1.010566155594750e+00
1.000000000000000e+00 1.000000000000000e+01 1.010845267891962e+00
