0.000000000000000e+00 0.000000000000000e+00 9.782504427745847e-01
5.000000000000000e-03 3.369477419287315e-03 9.782504428078460e-01
1.000000000000000e-02 6.741060871647481e-03 9.782504428371331e-01
1.500000000000000e-02 1.011685770649257e-02 9.782504428526111e-01
2.000000000000000e-02 1.349897790673588e-02 9.782504428580396e-01
2.500000000000000e-02 1.688953540759990e-02 9.782504428625894e-01
3.000000000000000e-02 2.029064941789469e-02 9.782504428666827e-01
3.500000000000000e-02 2.370444574459234e-02 9.782504428697637e-01
4.000000000000000e-02 2.713305812152553e-02 9.782504428726340e-01
4.500000000000000e-02 3.057862954304063e-02 9.782504428756845e-01
5.000000000000000e-02 3.404331360343898e-02 9.782504428783572e-01
5.500000000000000e-02 3.752927584304335e-02 9.782504428823647e-01
6.000000000000000e-02 4.103869510173117e-02 9.782504428853406e-01
6.500000000000000e-02 4.457376488078044e-02 9.782504428878642e-01
7.000000000000001e-02 4.813669471387935e-02 9.782504428906316e-01
7.500000000000000e-02 5.172971154815675e-02 9.782504428923267e-01
8.000000000000000e-02 5.535506113609672e-02 9.782504428943533e-01
8.500000000000001e-02 5.901500943920686e-02 9.782504428977560e-01
9.000000000000000e-02 6.271184404431801e-02 9.782504429012832e-01
9.500000000000000e-02 6.644787559340060e-02 9.782504429055099e-01
1.000000000000000e-01 7.022543922779090e-02 9.782504429086849e-01
1.050000000000000e-01 7.404689604773053e-02 9.782504429118928e-01
1.100000000000000e-01 7.791463458813094e-02 9.782504429147053e-01
1.150000000000000e-01 8.183107231148547e-02 9.782504429161867e-01
1.200000000000000e-01 8.579865711886202e-02 9.782504429179735e-01
1.250000000000000e-01 8.981986887992111e-02 9.782504429213381e-01
1.300000000000000e-01 9.389722098291493e-02 9.782504429248176e-01
1.350000000000000e-01 9.803326190563690e-02 9.782504429275779e-01
1.400000000000000e-01 1.022305768083033e-01 9.782504429309582e-01
1.450000000000000e-01 1.064917891493625e-01 9.782504429351118e-01
1.500000000000000e-01 1.108195623252418e-01 9.782504429401712e-01
1.550000000000000e-01 1.152166013350572e-01 9.782504429459407e-01
1.600000000000000e-01 1.196856544713255e-01 9.782504429518306e-01
1.650000000000000e-01 1.242295150377370e-01 9.782504429577628e-01
1.700000000000000e-01 1.288510230950609e-01 9.782504429627711e-01
1.750000000000000e-01 1.335530672362758e-01 9.782504429692626e-01
1.800000000000000e-01 1.383385863920344e-01 9.782504429749723e-01
1.850000000000000e-01 1.432105716675912e-01 9.782504429804333e-01
1.900000000000000e-01 1.481720682123397e-01 9.782504429857736e-01
1.950000000000000e-01 1.532261771231311e-01 9.782504429918225e-01
2.000000000000000e-01 1.583760573825595e-01 9.782504429998173e-01
2.050000000000000e-01 1.636249278334301e-01 9.782504430091498e-01
2.100000000000000e-01 1.689760691906397e-01 9.782504430182980e-01
2.150000000000000e-01 1.744328260917313e-01 9.782504430263815e-01
2.200000000000000e-01 1.799986091874004e-01 9.782504430355902e-01
2.250000000000000e-01 1.856768972732633e-01 9.782504430459580e-01
2.300000000000000e-01 1.914712394642179e-01 9.782504430557027e-01
2.350000000000000e-01 1.973852574127551e-01 9.782504430655968e-01
2.400000000000000e-01 2.034226475726105e-01 9.782504430766514e-01
2.450000000000000e-01 2.095871835091678e-01 9.782504430883672e-01
2.500000000000000e-01 2.158827182580599e-01 9.782504430997696e-01
2.550000000000000e-01 2.223131867334419e-01 9.782504431120579e-01
2.600000000000000e-01 2.288826081874405e-01 9.782504431256426e-01
2.650000000000000e-01 2.355950887223172e-01 9.782504431398398e-01
2.700000000000000e-01 2.424548238569160e-01 9.782504431542600e-01
2.750000000000000e-01 2.494661011489995e-01 9.782504431687995e-01
2.800000000000000e-01 2.566333028751116e-01 9.782504431859141e-01
2.850000000000000e-01 2.639609087696434e-01 9.782504432028183e-01
2.900000000000000e-01 2.714534988248126e-01 9.782504432206156e-01
2.950000000000000e-01 2.791157561533084e-01 9.782504432382743e-01
3.000000000000000e-01 2.869524699153886e-01 9.782504432578967e-01
3.050000000000000e-01 2.949685383122613e-01 9.782504432790954e-01
3.100000000000000e-01 3.031689716476197e-01 9.782504433008781e-01
3.150000000000000e-01 3.115588954592450e-01 9.782504433233734e-01
3.200000000000000e-01 3.201435537226349e-01 9.782504433463787e-01
3.250000000000000e-01 3.289283121286580e-01 9.782504433716606e-01
3.300000000000000e-01 3.379186614372866e-01 9.782504433991809e-01
3.350000000000000e-01 3.471202209094989e-01 9.782504434265191e-01
3.400000000000000e-01 3.565387418195016e-01 9.782504434558927e-01
3.450000000000000e-01 3.661801110494620e-01 9.782504434897092e-01
3.500000000000000e-01 3.760503547690021e-01 9.782504435238700e-01
3.550000000000000e-01 3.861556422017504e-01 9.782504435585979e-01
3.600000000000000e-01 3.965022894813072e-01 9.782504435926384e-01
3.650000000000000e-01 4.070967635990345e-01 9.782504436282325e-01
3.700000000000000e-01 4.179456864461349e-01 9.782504436663030e-01
3.750000000000000e-01 4.290558389525505e-01 9.782504437100666e-01
3.800000000000000e-01 4.404341653252637e-01 9.782504437538755e-01
3.850000000000000e-01 4.520877773886537e-01 9.782504437977591e-01
3.900000000000000e-01 4.640239590296172e-01 9.782504438476265e-01
3.950000000000000e-01 4.762501707502353e-01 9.782504439029751e-01
4.000000000000000e-01 4.887740543308307e-01 9.782504439589571e-01
4.050000000000000e-01 5.016034376063282e-01 9.782504440156459e-01
4.100000000000000e-01 5.147463393589066e-01 9.782504440760041e-01
4.150000000000000e-01 5.282109743299990e-01 9.782504441346219e-01
4.200000000000000e-01 5.420057583547735e-01 9.782504441977438e-01
4.250000000000000e-01 5.561393136223041e-01 9.782504442649292e-01
4.300000000000000e-01 5.706204740647189e-01 9.782504443374831e-01
4.350000000000000e-01 5.854582908786964e-01 9.782504444176020e-01
4.400000000000000e-01 6.006620381827575e-01 9.782504445040281e-01
4.450000000000000e-01 6.162412188138907e-01 9.782504445903173e-01
4.500000000000000e-01 6.322055702671360e-01 9.782504446750759e-01
4.550000000000000e-01 6.485650707818353e-01 9.782504447690207e-01
4.600000000000000e-01 6.653299455783577e-01 9.782504448687940e-01
4.650000000000000e-01 6.825106732491932e-01 9.782504449731211e-01
4.700000000000000e-01 7.001179923084168e-01 9.782504450810512e-01
4.750000000000000e-01 7.181629079036070e-01 9.782504451973083e-01
4.800000000000000e-01 7.366566986944229e-01 9.782504453219886e-01
4.850000000000000e-01 7.556109239021327e-01 9.782504454509097e-01
4.900000000000000e-01 7.750374305345038e-01 9.782504455860385e-01
4.950000000000000e-01 7.949483607905672e-01 9.782504457250818e-01
5.000000000000000e-01 8.153561596498893e-01 9.782504458732247e-01
5.050000000000000e-01 8.362735826510871e-01 9.782504460314143e-01
5.100000000000000e-01 8.577137038644561e-01 9.782504461994425e-01
5.150000000000000e-01 8.796899240636907e-01 9.782504463772367e-01
5.200000000000000e-01 9.022159791018011e-01 9.782504465615779e-01
5.250000000000000e-01 9.253059484964714e-01 9.782504467517542e-01
5.300000000000000e-01 9.489742642302165e-01 9.782504469543278e-01
5.350000000000000e-01 9.732357197708378e-01 9.782504471709137e-01
5.400000000000000e-01 9.981054793178262e-01 9.782504473991983e-01
5.450000000000000e-01 1.023599087280478e+00 9.782504476420210e-01
5.500000000000000e-01 1.049732477993657e+00 9.782504478893060e-01
5.550000000000000e-01 1.076521985677273e+00 9.782504481525834e-01
5.600000000000001e-01 1.103984354645701e+00 9.782504484387475e-01
5.650000000000001e-01 1.132136749773522e+00 9.782504487310085e-01
5.700000000000001e-01 1.160996767224129e+00 9.782504490401968e-01
5.750000000000001e-01 1.190582445447902e+00 9.782504493687766e-01
5.800000000000000e-01 1.220912276456826e+00 9.782504497146809e-01
5.850000000000000e-01 1.252005217382601e+00 9.782504500793675e-01
5.900000000000000e-01 1.283880702325469e+00 9.782504504604946e-01
5.950000000000000e-01 1.316558654501151e+00 9.782504508673475e-01
6.000000000000000e-01 1.350059498693518e+00 9.782504512935146e-01
6.050000000000000e-01 1.384404174020732e+00 9.782504517416670e-01
6.100000000000000e-01 1.419614147022888e+00 9.782504522182918e-01
6.150000000000000e-01 1.455711425079295e+00 9.782504527154333e-01
6.200000000000000e-01 1.492718570163803e+00 9.782504532432225e-01
6.250000000000000e-01 1.530658712946775e+00 9.782504537996776e-01
6.300000000000000e-01 1.569555567252506e+00 9.782504543826258e-01
6.350000000000000e-01 1.609433444881138e+00 9.782504550030986e-01
6.400000000000000e-01 1.650317270804325e+00 9.782504556540229e-01
6.450000000000000e-01 1.692232598744148e+00 9.782504563413310e-01
6.500000000000000e-01 1.735205627145031e+00 9.782504570715415e-01
6.550000000000000e-01 1.779263215548615e+00 9.782504578402582e-01
6.600000000000000e-01 1.824432901381847e+00 9.782504586597969e-01
6.650000000000000e-01 1.870742917168772e+00 9.782504595332467e-01
6.700000000000000e-01 1.918222208176775e+00 9.782504604694487e-01
6.750000000000000e-01 1.966900450508319e+00 9.782504614888545e-01
6.800000000000000e-01 2.016808069649473e+00 9.782504626012646e-01
6.850000000000001e-01 2.067976259486829e+00 9.782504638548301e-01
6.900000000000001e-01 2.120437001804702e+00 9.782504653090471e-01
6.950000000000001e-01 2.174223086274785e+00 9.782504670271467e-01
7.000000000000001e-01 2.229368130950753e+00 9.782504692199233e-01
7.050000000000000e-01 2.285906603280654e+00 9.782504722101072e-01
7.100000000000000e-01 2.343873841650178e+00 9.782504764476753e-01
7.150000000000000e-01 2.403306077470301e+00 9.782504831115906e-01
7.200000000000000e-01 2.464240457823092e+00 9.782504945998736e-01
7.250000000000000e-01 2.526715068679855e+00 9.782505149123627e-01
7.300000000000000e-01 2.590768958706095e+00 9.782505527147251e-01
7.350000000000000e-01 2.656442163668210e+00 9.782506278941779e-01
7.400000000000000e-01 2.723775731457148e+00 9.782507792525206e-01
7.450000000000000e-01 2.792811747744667e+00 9.782510816645840e-01
7.500000000000000e-01 2.863593362288260e+00 9.782516964728466e-01
7.550000000000000e-01 2.936164815901156e+00 9.782529660925942e-01
7.600000000000000e-01 3.010571468104263e+00 9.782555521845734e-01
7.650000000000000e-01 3.086859825477351e+00 9.782606997981373e-01
7.700000000000000e-01 3.165077570727174e+00 9.782708513280967e-01
7.750000000000000e-01 3.245273592490716e+00 9.782907689964653e-01
7.800000000000000e-01 3.327498015892184e+00 9.783290244891113e-01
7.850000000000000e-01 3.411802233872832e+00 9.783997478189801e-01
7.900000000000000e-01 3.498238939313234e+00 9.785252623534314e-01
7.950000000000000e-01 3.586862157968046e+00 9.787400698689138e-01
8.000000000000000e-01 3.677727282233856e+00 9.790929959237725e-01
8.050000000000000e-01 3.770891105771243e+00 9.796382272840138e-01
8.100000000000001e-01 3.866411859002656e+00 9.804057270619307e-01
8.150000000000001e-01 3.964349245508326e+00 9.813582112144428e-01
8.200000000000001e-01 4.064764479342956e+00 9.823689120856496e-01
8.250000000000001e-01 4.167720323296481e+00 9.832569419417233e-01
8.300000000000001e-01 4.273281128122877e+00 9.838749842785415e-01
8.350000000000000e-01 4.381512872761445e+00 9.841951683415401e-01
8.400000000000000e-01 4.492483205575838e+00 9.843360654912182e-01
8.450000000000000e-01 4.606261486636447e+00 9.845163463216980e-01
8.500000000000000e-01 4.722918831072739e+00 9.849673534264822e-01
8.550000000000000e-01 4.842528153522501e+00 9.858550445617793e-01
8.600000000000000e-01 4.965164213705875e+00 9.872440564967908e-01
8.650000000000000e-01 5.090903663152626e+00 9.891003758563127e-01
8.700000000000000e-01 5.219825093111814e+00 9.913068747295420e-01
8.750000000000000e-01 5.352009083673925e+00 9.936754974252417e-01
8.800000000000000e-01 5.487538254136007e+00 9.959658822822282e-01
8.850000000000000e-01 5.626497314641444e+00 9.979321273584222e-01
8.900000000000000e-01 5.768973119126561e+00 9.994003162891638e-01
8.950000000000000e-01 5.915054719607133e+00 1.000342263897404e+00
9.000000000000000e-01 6.064833421838831e+00 1.000892443322882e+00
9.050000000000000e-01 6.218402842386253e+00 1.001282798502275e+00
9.100000000000000e-01 6.375858967136348e+00 1.001728513108644e+00
9.150000000000000e-01 6.537300211292723e+00 1.002335768005073e+00
9.200000000000000e-01 6.702827480888332e+00 1.003084103392584e+00
9.250000000000000e-01 6.872544235855034e+00 1.003878613376138e+00
9.300000000000000e-01 7.046556554689444e+00 1.004622734498334e+00
9.350000000000001e-01 7.224973200755413e+00 1.005263776344379e+00
9.400000000000001e-01 7.407905690264673e+00 1.005797299932455e+00
9.450000000000001e-01 7.595468361978146e+00 1.006246776493340e+00
9.500000000000001e-01 7.787778448671316e+00 1.006641338395512e+00
9.550000000000001e-01 7.984956150408610e+00 1.007003501278858e+00
9.600000000000000e-01 8.187124709672272e+00 1.007346691678281e+00
9.650000000000000e-01 8.394410488393007e+00 1.007677559565513e+00
9.700000000000000e-01 8.606943046930221e+00 1.007999010978408e+00
9.750000000000000e-01 8.824855225051540e+00 1.008312472196511e+00
9.800000000000000e-01 9.048283224961922e+00 1.008620699122122e+00
9.850000000000000e-01 9.277366696434507e+00 1.008945452809727e+00
9.900000000000000e-01 9.512248824096272e+00 1.009495894132183e+00
9.950000000000000e-01 9.753076416923058e+00 1.012460880746334e+00
1.000000000000000e+00 1.000000000000000e+01 1.041375237707604e+00
