0.000000000000000e+00 0.000000000000000e+00 9.775660984676632e-01
5.000000000000000e-03 3.369477419287315e-03 9.775660984929576e-01
1.000000000000000e-02 6.741060871647481e-03 9.775660985100042e-01
1.500000000000000e-02 1.011685770649257e-02 9.775660985181767e-01
2.000000000000000e-02 1.349897790673588e-02 9.775660985217610e-01
2.500000000000000e-02 1.688953540759990e-02 9.775660985244105e-01
3.000000000000000e-02 2.029064941789469e-02 9.775660985266506e-01
3.500000000000000e-02 2.370444574459234e-02 9.775660985292219e-01
4.000000000000000e-02 2.713305812152553e-02 9.775660985309639e-01
4.500000000000000e-02 3.057862954304063e-02 9.775660985329129e-01
5.000000000000000e-02 3.404331360343898e-02 9.775660985343637e-01
5.500000000000000e-02 3.752927584304335e-02 9.775660985357614e-01
6.000000000000000e-02 4.103869510173117e-02 9.775660985369395e-01
6.500000000000000e-02 4.457376488078044e-02 9.775660985388771e-01
7.000000000000001e-02 4.813669471387935e-02 9.775660985402125e-01
7.500000000000000e-02 5.172971154815675e-02 9.775660985417686e-01
8.000000000000000e-02 5.535506113609672e-02 9.775660985435355e-01
8.500000000000001e-02 5.901500943920686e-02 9.775660985456601e-01
9.000000000000000e-02 6.271184404431801e-02 9.775660985482357e-01
9.500000000000000e-02 6.644787559340060e-02 9.775660985503849e-01
1.000000000000000e-01 7.022543922779090e-02 9.775660985540622e-01
1.050000000000000e-01 7.404689604773053e-02 9.775660985585558e-01
1.100000000000000e-01 7.791463458813094e-02 9.775660985618886e-01
1.150000000000000e-01 8.183107231148547e-02 9.775660985650027e-01
1.200000000000000e-01 8.579865711886202e-02 9.775660985699011e-01
1.250000000000000e-01 8.981986887992111e-02 9.775660985739140e-01
1.300000000000000e-01 9.389722098291493e-02 9.775660985781931e-01
1.350000000000000e-01 9.803326190563690e-02 9.775660985830692e-01
1.400000000000000e-01 1.022305768083033e-01 9.775660985886204e-01
1.450000000000000e-01 1.064917891493625e-01 9.775660985958271e-01
1.500000000000000e-01 1.108195623252418e-01 9.775660986025717e-01
1.550000000000000e-01 1.152166013350572e-01 9.775660986098268e-01
1.600000000000000e-01 1.196856544713255e-01 9.775660986166246e-01
1.650000000000000e-01 1.242295150377370e-01 9.775660986212914e-01
1.700000000000000e-01 1.288510230950609e-01 9.775660986273490e-01
1.750000000000000e-01 1.335530672362758e-01 9.775660986340450e-01
1.800000000000000e-01 1.383385863920344e-01 9.775660986394635e-01
1.850000000000000e-01 1.432105716675912e-01 9.775660986450004e-01
1.900000000000000e-01 1.481720682123397e-01 9.775660986513001e-01
1.950000000000000e-01 1.532261771231311e-01 9.775660986585408e-01
2.000000000000000e-01 1.583760573825595e-01 9.775660986663902e-01
2.050000000000000e-01 1.636249278334301e-01 9.775660986747643e-01
2.100000000000000e-01 1.689760691906397e-01 9.775660986831947e-01
2.150000000000000e-01 1.744328260917313e-01 9.775660986903313e-01
2.200000000000000e-01 1.799986091874004e-01 9.775660986998465e-01
2.250000000000000e-01 1.856768972732633e-01 9.775660987114163e-01
2.300000000000000e-01 1.914712394642179e-01 9.775660987241905e-01
2.350000000000000e-01 1.973852574127551e-01 9.775660987368383e-01
2.400000000000000e-01 2.034226475726105e-01 9.775660987478686e-01
2.450000000000000e-01 2.095871835091678e-01 9.775660987613178e-01
2.500000000000000e-01 2.158827182580599e-01 9.775660987770751e-01
2.550000000000000e-01 2.223131867334419e-01 9.775660987934526e-01
2.600000000000000e-01 2.288826081874405e-01 9.775660988103814e-01
2.650000000000000e-01 2.355950887223172e-01 9.775660988293896e-01
2.700000000000000e-01 2.424548238569160e-01 9.775660988469919e-01
2.750000000000000e-01 2.494661011489995e-01 9.775660988626282e-01
2.800000000000000e-01 2.566333028751116e-01 9.775660988799590e-01
2.850000000000000e-01 2.639609087696434e-01 9.775660988995436e-01
2.900000000000000e-01 2.714534988248126e-01 9.775660989195880e-01
2.950000000000000e-01 2.791157561533084e-01 9.775660989408885e-01
3.000000000000000e-01 2.869524699153886e-01 9.775660989626747e-01
3.050000000000000e-01 2.949685383122613e-01 9.775660989868247e-01
3.100000000000000e-01 3.031689716476197e-01 9.775660990109022e-01
3.150000000000000e-01 3.115588954592450e-01 9.775660990349164e-01
3.200000000000000e-01 3.201435537226349e-01 9.775660990618390e-01
3.250000000000000e-01 3.289283121286580e-01 9.775660990923464e-01
3.300000000000000e-01 3.379186614372866e-01 9.775660991261088e-01
3.350000000000000e-01 3.471202209094989e-01 9.775660991610405e-01
3.400000000000000e-01 3.565387418195016e-01 9.775660991960435e-01
3.450000000000000e-01 3.661801110494620e-01 9.775660992307836e-01
3.500000000000000e-01 3.760503547690021e-01 9.775660992674818e-01
3.550000000000000e-01 3.861556422017504e-01 9.775660993052147e-01
3.600000000000000e-01 3.965022894813072e-01 9.775660993461237e-01
3.650000000000000e-01 4.070967635990345e-01 9.775660993913393e-01
3.700000000000000e-01 4.179456864461349e-01 9.775660994374600e-01
3.750000000000000e-01 4.290558389525505e-01 9.775660994835771e-01
3.800000000000000e-01 4.404341653252637e-01 9.775660995358774e-01
3.850000000000000e-01 4.520877773886537e-01 9.775660995906229e-01
3.900000000000000e-01 4.640239590296172e-01 9.775660996454232e-01
3.950000000000000e-01 4.762501707502353e-01 9.775660997046624e-01
4.000000000000000e-01 4.887740543308307e-01 9.775660997663432e-01
4.050000000000000e-01 5.016034376063282e-01 9.775660998321729e-01
4.100000000000000e-01 5.147463393589066e-01 9.775660999032307e-01
4.150000000000000e-01 5.282109743299990e-01 9.775660999774555e-01
4.200000000000000e-01 5.420057583547735e-01 9.775661000535505e-01
4.250000000000000e-01 5.561393136223041e-01 9.775661001334346e-01
4.300000000000000e-01 5.706204740647189e-01 9.775661002150934e-01
4.350000000000000e-01 5.854582908786964e-01 9.775661002989197e-01
4.400000000000000e-01 6.006620381827575e-01 9.775661003917442e-01
4.450000000000000e-01 6.162412188138907e-01 9.775661004950197e-01
4.500000000000000e-01 6.322055702671360e-01 9.775661006018548e-01
4.550000000000000e-01 6.485650707818353e-01 9.775661007102969e-01
4.600000000000000e-01 6.653299455783577e-01 9.775661008227249e-01
4.650000000000000e-01 6.825106732491932e-01 9.775661009421791e-01
4.700000000000000e-01 7.001179923084168e-01 9.775661010680265e-01
4.750000000000000e-01 7.181629079036070e-01 9.775661012002144e-01
4.800000000000000e-01 7.366566986944229e-01 9.775661013419445e-01
4.850000000000000e-01 7.556109239021327e-01 9.775661014909685e-01
4.900000000000000e-01 7.750374305345038e-01 9.775661016487641e-01
4.950000000000000e-01 7.949483607905672e-01 9.775661018104543e-01
5.000000000000000e-01 8.153561596498893e-01 9.775661019798884e-01
5.050000000000000e-01 8.362735826510871e-01 9.775661021599241e-01
5.100000000000000e-01 8.577137038644561e-01 9.775661023494173e-01
5.150000000000000e-01 8.796899240636907e-01 9.775661025562508e-01
5.200000000000000e-01 9.022159791018011e-01 9.775661027680790e-01
5.250000000000000e-01 9.253059484964714e-01 9.775661029890775e-01
5.300000000000000e-01 9.489742642302165e-01 9.775661032222214e-01
5.350000000000000e-01 9.732357197708378e-01 9.775661034647750e-01
5.400000000000000e-01 9.981054793178262e-01 9.775661037301403e-01
5.450000000000000e-01 1.023599087280478e+00 9.775661040053444e-01
5.500000000000000e-01 1.049732477993657e+00 9.775661042889802e-01
5.550000000000000e-01 1.076521985677273e+00 9.775661045920430e-01
5.600000000000001e-01 1.103984354645701e+00 9.775661049140234e-01
5.650000000000001e-01 1.132136749773522e+00 9.775661052507528e-01
5.700000000000001e-01 1.160996767224129e+00 9.775661056009672e-01
5.750000000000001e-01 1.190582445447902e+00 9.775661059762532e-01
5.800000000000000e-01 1.220912276456826e+00 9.775661063695738e-01
5.850000000000000e-01 1.252005217382601e+00 9.775661067807190e-01
5.900000000000000e-01 1.283880702325469e+00 9.775661072183376e-01
5.950000000000000e-01 1.316558654501151e+00 9.775661076744327e-01
6.000000000000000e-01 1.350059498693518e+00 9.775661081579481e-01
6.050000000000000e-01 1.384404174020732e+00 9.775661086671212e-01
6.100000000000000e-01 1.419614147022888e+00 9.775661091996719e-01
6.150000000000000e-01 1.455711425079295e+00 9.775661097669702e-01
6.200000000000000e-01 1.492718570163803e+00 9.775661103600843e-01
6.250000000000000e-01 1.530658712946775e+00 9.775661109865659e-01
6.300000000000000e-01 1.569555567252506e+00 9.775661116526534e-01
6.350000000000000e-01 1.609433444881138e+00 9.775661123503825e-01
6.400000000000000e-01 1.650317270804325e+00 9.775661130955221e-01
6.450000000000000e-01 1.692232598744148e+00 9.775661138895203e-01
6.500000000000000e-01 1.735205627145031e+00 9.775661147339078e-01
6.550000000000000e-01 1.779263215548615e+00 9.775661156519577e-01
6.600000000000000e-01 1.824432901381847e+00 9.775661166509153e-01
6.650000000000000e-01 1.870742917168772e+00 9.775661177556445e-01
6.700000000000000e-01 1.918222208176775e+00 9.775661190123740e-01
6.750000000000000e-01 1.966900450508319e+00 9.775661204731786e-01
6.800000000000000e-01 2.016808069649473e+00 9.775661222494317e-01
6.850000000000001e-01 2.067976259486829e+00 9.775661245100369e-01
6.900000000000001e-01 2.120437001804702e+00 9.775661275502776e-01
6.950000000000001e-01 2.174223086274785e+00 9.775661319646805e-01
7.000000000000001e-01 2.229368130950753e+00 9.775661387344240e-01
7.050000000000000e-01 2.285906603280654e+00 9.775661497442809e-01
7.100000000000000e-01 2.343873841650178e+00 9.775661689604468e-01
7.150000000000000e-01 2.403306077470301e+00 9.775662036572287e-01
7.200000000000000e-01 2.464240457823092e+00 9.775662676555227e-01
7.250000000000000e-01 2.526715068679855e+00 9.775663900238449e-01
7.300000000000000e-01 2.590768958706095e+00 9.775666282529586e-01
7.350000000000000e-01 2.656442163668210e+00 9.775670898689660e-01
7.400000000000000e-01 2.723775731457148e+00 9.775679860156672e-01
7.450000000000000e-01 2.792811747744667e+00 9.775697397509914e-01
7.500000000000000e-01 2.863593362288260e+00 9.775731520411113e-01
7.550000000000000e-01 2.936164815901156e+00 9.775796749895139e-01
7.600000000000000e-01 3.010571468104263e+00 9.775919693915091e-01
7.650000000000000e-01 3.086859825477351e+00 9.776149291895094e-01
7.700000000000000e-01 3.165077570727174e+00 9.776571033815598e-01
7.750000000000000e-01 3.245273592490716e+00 9.777322818421036e-01
7.800000000000000e-01 3.327498015892184e+00 9.778613971228550e-01
7.850000000000000e-01 3.411802233872832e+00 9.780750749002552e-01
7.900000000000000e-01 3.498238939313234e+00 9.784150982871914e-01
7.950000000000000e-01 3.586862157968046e+00 9.789286673232693e-01
8.000000000000000e-01 3.677727282233856e+00 9.796476626174204e-01
8.050000000000000e-01 3.770891105771243e+00 9.805543024711689e-01
8.100000000000001e-01 3.866411859002656e+00 9.815546049780233e-01
8.150000000000001e-01 3.964349245508326e+00 9.824919016477595e-01
8.200000000000001e-01 4.064764479342956e+00 9.832107851813598e-01
8.250000000000001e-01 4.167720323296481e+00 9.836390163668060e-01
8.300000000000001e-01 4.273281128122877e+00 9.838349615981661e-01
8.350000000000000e-01 4.381512872761445e+00 9.839718535200807e-01
8.400000000000000e-01 4.492483205575838e+00 9.842717902063456e-01
8.450000000000000e-01 4.606261486636447e+00 9.849279645089363e-01
8.500000000000000e-01 4.722918831072739e+00 9.860517692830075e-01
8.550000000000000e-01 4.842528153522501e+00 9.876585771821830e-01
8.600000000000000e-01 4.965164213705875e+00 9.896794617313783e-01
8.650000000000000e-01 5.090903663152626e+00 9.919768950366680e-01
8.700000000000000e-01 5.219825093111814e+00 9.943565742636640e-01
8.750000000000000e-01 5.352009083673925e+00 9.965884500233283e-01
8.800000000000000e-01 5.487538254136007e+00 9.984543879389568e-01
8.850000000000000e-01 5.626497314641444e+00 9.998186867756012e-01
8.900000000000000e-01 5.768973119126561e+00 1.000686737357501e+00
8.950000000000000e-01 5.915054719607133e+00 1.001207635313839e+00
9.000000000000000e-01 6.064833421838831e+00 1.001606043906372e+00
9.050000000000000e-01 6.218402842386253e+00 1.002078071408750e+00
9.100000000000000e-01 6.375858967136348e+00 1.002713128244612e+00
9.150000000000000e-01 6.537300211292723e+00 1.003483760832912e+00
9.200000000000000e-01 6.702827480888332e+00 1.004296028159070e+00
9.250000000000000e-01 6.872544235855034e+00 1.005056458724764e+00
9.300000000000000e-01 7.046556554689444e+00 1.005713770054817e+00
9.350000000000001e-01 7.224973200755413e+00 1.006263050522820e+00
9.400000000000001e-01 7.407905690264673e+00 1.006726857954688e+00
9.450000000000001e-01 7.595468361978146e+00 1.007133960650552e+00
9.500000000000001e-01 7.787778448671316e+00 1.007507106616779e+00
9.550000000000001e-01 7.984956150408610e+00 1.007860174051094e+00
9.600000000000000e-01 8.187124709672272e+00 1.008200185005508e+00
9.650000000000000e-01 8.394410488393007e+00 1.008530227016465e+00
9.700000000000000e-01 8.606943046930221e+00 1.008851558679342e+00
9.750000000000000e-01 8.824855225051540e+00 1.009164744484210e+00
9.800000000000000e-01 9.048283224961922e+00 1.009470333535574e+00
9.850000000000000e-01 9.277366696434507e+00 1.009771042852374e+00
9.900000000000000e-01 9.512248824096272e+00 1.010091441345710e+00
9.950000000000000e-01 9.753076416923058e+00 1.010686571855267e+00
1.000000000000000e+00 1.000000000000000e+01 1.014252074753918e+00
