0.000000000000000e+00 0.000000000000000e+00 -1.120841340112457e-01
5.000000000000000e-03 3.369477419287315e-03 -1.120877983277566e-01
1.000000000000000e-02 6.741060871647481e-03 -1.120866209998829e-01
1.500000000000000e-02 1.011685770649257e-02 -1.120760937496898e-01
2.000000000000000e-02 1.349897790673588e-02 -1.120628478141036e-01
2.500000000000000e-02 1.688953540759990e-02 -1.120432150085472e-01
3.000000000000000e-02 2.029064941789469e-02 -1.120206374559268e-01
3.500000000000000e-02 2.370444574459234e-02 -1.119923879007353e-01
4.000000000000000e-02 2.713305812152553e-02 -1.119601014465132e-01
4.500000000000000e-02 3.057862954304063e-02 -1.119229556009154e-01
5.000000000000000e-02 3.404331360343898e-02 -1.118806344678537e-01
5.500000000000000e-02 3.752927584304335e-02 -1.118339009925329e-01
6.000000000000000e-02 4.103869510173117e-02 -1.117816088358856e-01
6.500000000000000e-02 4.457376488078044e-02 -1.117248804874924e-01
7.000000000000001e-02 4.813669471387935e-02 -1.116622866064387e-01
7.500000000000000e-02 5.172971154815675e-02 -1.115947708441865e-01
8.000000000000000e-02 5.535506113609672e-02 -1.115216420044241e-01
8.500000000000001e-02 5.901500943920686e-02 -1.114425824290477e-01
9.000000000000000e-02 6.271184404431801e-02 -1.113580000829025e-01
9.500000000000000e-02 6.644787559340060e-02 -1.112669298547391e-01
1.000000000000000e-01 7.022543922779090e-02 -1.111700188731015e-01
1.050000000000000e-01 7.404689604773053e-02 -1.110662049239368e-01
1.100000000000000e-01 7.791463458813094e-02 -1.109558618824078e-01
1.150000000000000e-01 8.183107231148547e-02 -1.108384591266145e-01
1.200000000000000e-01 8.579865711886202e-02 -1.107137575437114e-01
1.250000000000000e-01 8.981986887992111e-02 -1.105817061626068e-01
1.300000000000000e-01 9.389722098291493e-02 -1.104414503819875e-01
1.350000000000000e-01 9.803326190563690e-02 -1.102933580986038e-01
1.400000000000000e-01 1.022305768083033e-01 -1.101365508894939e-01
1.450000000000000e-01 1.064917891493625e-01 -1.099710133735951e-01
1.500000000000000e-01 1.108195623252418e-01 -1.097963654144168e-01
1.550000000000000e-01 1.152166013350572e-01 -1.096119213101406e-01
1.600000000000000e-01 1.196856544713255e-01 -1.094177215308174e-01
1.650000000000000e-01 1.242295150377370e-01 -1.092128760900569e-01
1.700000000000000e-01 1.288510230950609e-01 -1.089973054665868e-01
1.750000000000000e-01 1.335530672362758e-01 -1.087703992474506e-01
1.800000000000000e-01 1.383385863920344e-01 -1.085316540421549e-01
1.850000000000000e-01 1.432105716675912e-01 -1.082807128105247e-01
1.900000000000000e-01 1.481720682123397e-01 -1.080167977689149e-01
1.950000000000000e-01 1.532261771231311e-01 -1.077396062293419e-01
2.000000000000000e-01 1.583760573825595e-01 -1.074484523347084e-01
2.050000000000000e-01 1.636249278334301e-01 -1.071427607101549e-01
2.100000000000000e-01 1.689760691906397e-01 -1.068219585822015e-01
2.150000000000000e-01 1.744328260917313e-01 -1.064853266211072e-01
2.200000000000000e-01 1.799986091874004e-01 -1.061322299474629e-01
2.250000000000000e-01 1.856768972732633e-01 -1.057620003241762e-01
2.300000000000000e-01 1.914712394642179e-01 -1.053740611486181e-01
2.350000000000000e-01 1.973852574127551e-01 -1.049674292707761e-01
2.400000000000000e-01 2.034226475726105e-01 -1.045414487246859e-01
2.450000000000000e-01 2.095871835091678e-01 -1.040954817010007e-01
2.500000000000000e-01 2.158827182580599e-01 -1.036284936278802e-01
2.550000000000000e-01 2.223131867334419e-01 -1.031398352690112e-01
2.600000000000000e-01 2.288826081874405e-01 -1.026285873661332e-01
2.650000000000000e-01 2.355950887223172e-01 -1.020938566750060e-01
2.700000000000000e-01 2.424548238569160e-01 -1.015348458447851e-01
2.750000000000000e-01 2.494661011489995e-01 -1.009505209446371e-01
2.800000000000000e-01 2.566333028751116e-01 -1.003400529254342e-01
2.850000000000000e-01 2.639609087696434e-01 -9.970247283710179e-02
2.900000000000000e-01 2.714534988248126e-01 -9.903674172094529e-02
2.950000000000000e-01 2.791157561533084e-01 -9.834202184871797e-02
3.000000000000000e-01 2.869524699153886e-01 -9.761719233131105e-02
3.050000000000000e-01 2.949685383122613e-01 -9.686131664960496e-02
3.100000000000000e-01 3.031689716476197e-01 -9.607342115618245e-02
3.150000000000000e-01 3.115588954592450e-01 -9.525240343177196e-02
3.200000000000000e-01 3.201435537226349e-01 -9.439733280588601e-02
3.250000000000000e-01 3.289283121286580e-01 -9.350719269177961e-02
3.300000000000000e-01 3.379186614372866e-01 -9.258089401820563e-02
3.350000000000000e-01 3.471202209094989e-01 -9.161757120181450e-02
3.400000000000000e-01 3.565387418195016e-01 -9.061614905875008e-02
3.450000000000000e-01 3.661801110494620e-01 -8.957567612746364e-02
3.500000000000000e-01 3.760503547690021e-01 -8.849527728558493e-02
3.550000000000000e-01 3.861556422017504e-01 -8.737398088614982e-02
3.600000000000000e-01 3.965022894813072e-01 -8.621090226572042e-02
3.650000000000000e-01 4.070967635990345e-01 -8.500530101807713e-02
3.700000000000000e-01 4.179456864461349e-01 -8.375627748393547e-02
3.750000000000000e-01 4.290558389525505e-01 -8.246315244696542e-02
3.800000000000000e-01 4.404341653252637e-01 -8.112528499040254e-02
3.850000000000000e-01 4.520877773886537e-01 -7.974201661719896e-02
3.900000000000000e-01 4.640239590296172e-01 -7.831280764213980e-02
3.950000000000000e-01 4.762501707502353e-01 -7.683729913013421e-02
4.000000000000000e-01 4.887740543308307e-01 -7.531503489455352e-02
4.050000000000000e-01 5.016034376063282e-01 -7.374578325001144e-02
4.100000000000000e-01 5.147463393589066e-01 -7.212942998981840e-02
4.150000000000000e-01 5.282109743299990e-01 -7.046591461176395e-02
4.200000000000000e-01 5.420057583547735e-01 -6.875525360078245e-02
4.250000000000000e-01 5.561393136223041e-01 -6.699775403008192e-02
4.300000000000000e-01 5.706204740647189e-01 -6.519372797982237e-02
4.350000000000000e-01 5.854582908786964e-01 -6.334363593573035e-02
4.400000000000000e-01 6.006620381827575e-01 -6.144812483917281e-02
4.450000000000000e-01 6.162412188138907e-01 -5.950806961403499e-02
4.500000000000000e-01 6.322055702671360e-01 -5.752436001195190e-02
4.550000000000000e-01 6.485650707818353e-01 -5.549814071012046e-02
4.600000000000000e-01 6.653299455783577e-01 -5.343075196879236e-02
4.650000000000000e-01 6.825106732491932e-01 -5.132374029687645e-02
4.700000000000000e-01 7.001179923084168e-01 -4.917871459730389e-02
4.750000000000000e-01 7.181629079036070e-01 -4.699757949064757e-02
4.800000000000000e-01 7.366566986944229e-01 -4.478243543990095e-02
4.850000000000000e-01 7.556109239021327e-01 -4.253561191920914e-02
4.900000000000000e-01 7.750374305345038e-01 -4.025952592567136e-02
4.950000000000000e-01 7.949483607905672e-01 -3.795688405035232e-02
5.000000000000000e-01 8.153561596498893e-01 -3.563059627038716e-02
5.050000000000000e-01 8.362735826510871e-01 -3.328385307622571e-02
5.100000000000000e-01 8.577137038644561e-01 -3.091995402985169e-02
5.150000000000000e-01 8.796899240636907e-01 -2.854245035323564e-02
5.200000000000000e-01 9.022159791018011e-01 -2.615507584127198e-02
5.250000000000000e-01 9.253059484964714e-01 -2.376189956882838e-02
5.300000000000000e-01 9.489742642302165e-01 -2.136716084511501e-02
5.350000000000000e-01 9.732357197708378e-01 -1.897536029311308e-02
5.400000000000000e-01 9.981054793178262e-01 -1.659114917868354e-02
5.450000000000000e-01 1.023599087280478e+00 -1.421947473793787e-02
5.500000000000000e-01 1.049732477993657e+00 -1.186547610274558e-02
5.550000000000000e-01 1.076521985677273e+00 -9.534645081438387e-03
5.600000000000001e-01 1.103984354645701e+00 -7.232675539894705e-03
5.650000000000001e-01 1.132136749773522e+00 -4.965596376730933e-03
5.700000000000001e-01 1.160996767224129e+00 -2.739661169761922e-03
5.750000000000001e-01 1.190582445447902e+00 -5.614345769883140e-04
5.800000000000000e-01 1.220912276456826e+00 1.562252632644042e-03
5.850000000000000e-01 1.252005217382601e+00 3.624264542415871e-03
5.900000000000000e-01 1.283880702325469e+00 5.617174992543485e-03
5.950000000000000e-01 1.316558654501151e+00 7.533262361746061e-03
6.000000000000000e-01 1.350059498693518e+00 9.364526405861405e-03
6.050000000000000e-01 1.384404174020732e+00 1.110271021911247e-02
6.100000000000000e-01 1.419614147022888e+00 1.273933924668683e-02
6.150000000000000e-01 1.455711425079295e+00 1.426577726456108e-02
6.200000000000000e-01 1.492718570163803e+00 1.567330487252256e-02
6.250000000000000e-01 1.530658712946775e+00 1.695322410176291e-02
6.300000000000000e-01 1.569555567252506e+00 1.809699321055150e-02
6.350000000000000e-01 1.609433444881138e+00 1.909639467861815e-02
6.400000000000000e-01 1.650317270804325e+00 1.994373806953572e-02
6.450000000000000e-01 1.692232598744148e+00 2.063209726814683e-02
6.500000000000000e-01 1.735205627145031e+00 2.115557877061499e-02
6.550000000000000e-01 1.779263215548615e+00 2.150961429067031e-02
6.600000000000000e-01 1.824432901381847e+00 2.169126724116354e-02
6.650000000000000e-01 1.870742917168772e+00 2.169953908459489e-02
6.700000000000000e-01 1.918222208176775e+00 2.153565866399890e-02
6.750000000000000e-01 1.966900450508319e+00 2.120333599332213e-02
6.800000000000000e-01 2.016808069649473e+00 2.070896207819882e-02
6.850000000000001e-01 2.067976259486829e+00 2.006173841597234e-02
6.900000000000001e-01 2.120437001804702e+00 1.927372385711031e-02
6.950000000000001e-01 2.174223086274785e+00 1.835979216562550e-02
7.000000000000001e-01 2.229368130950753e+00 1.733750033591141e-02
7.050000000000000e-01 2.285906603280654e+00 1.622687487615522e-02
7.100000000000000e-01 2.343873841650178e+00 1.505013033068235e-02
7.150000000000000e-01 2.403306077470301e+00 1.383134102008236e-02
7.200000000000000e-01 2.464240457823092e+00 1.259609338011351e-02
7.250000000000000e-01 2.526715068679855e+00 1.137115266855235e-02
7.300000000000000e-01 2.590768958706095e+00 1.018418449017949e-02
7.350000000000000e-01 2.656442163668210e+00 9.063578550883482e-03
7.400000000000000e-01 2.723775731457148e+00 8.038428580454570e-03
7.450000000000000e-01 2.792811747744667e+00 7.138726726115034e-03
7.500000000000000e-01 2.863593362288260e+00 6.395829994266334e-03
7.550000000000000e-01 2.936164815901156e+00 5.843246465947120e-03
7.600000000000000e-01 3.010571468104263e+00 5.517765195522712e-03
7.650000000000000e-01 3.086859825477351e+00 5.460910841397643e-03
7.700000000000000e-01 3.165077570727174e+00 5.720637590472490e-03
7.750000000000000e-01 3.245273592490716e+00 6.353083698034275e-03
7.800000000000000e-01 3.327498015892184e+00 7.424087608672547e-03
7.850000000000000e-01 3.411802233872832e+00 9.010023472752447e-03
7.900000000000000e-01 3.498238939313234e+00 1.119735973396991e-02
7.950000000000000e-01 3.586862157968046e+00 1.408020235313778e-02
8.000000000000000e-01 3.677727282233856e+00 1.775499249297631e-02
8.050000000000000e-01 3.770891105771243e+00 2.231154381159041e-02
8.100000000000001e-01 3.866411859002656e+00 2.781980117670119e-02
8.150000000000001e-01 3.964349245508326e+00 3.431216404030543e-02
8.200000000000001e-01 4.064764479342956e+00 4.176201601937668e-02
8.250000000000001e-01 4.167720323296481e+00 5.006026274368166e-02
8.300000000000001e-01 4.273281128122877e+00 5.899313213740433e-02
8.350000000000000e-01 4.381512872761445e+00 6.822601521665050e-02
8.400000000000000e-01 4.492483205575838e+00 7.729931637912016e-02
8.450000000000000e-01 4.606261486636447e+00 8.564256464039186e-02
8.500000000000000e-01 4.722918831072739e+00 9.261176756722261e-02
8.550000000000000e-01 4.842528153522501e+00 9.755166913710479e-02
8.600000000000000e-01 4.965164213705875e+00 9.987915513942135e-02
8.650000000000000e-01 5.090903663152626e+00 9.917725608591968e-02
8.700000000000000e-01 5.219825093111814e+00 9.528267800992810e-02
8.750000000000000e-01 5.352009083673925e+00 8.834593682504120e-02
8.800000000000000e-01 5.487538254136007e+00 7.884444225062599e-02
8.850000000000000e-01 5.626497314641444e+00 6.753671569923381e-02
8.900000000000000e-01 5.768973119126561e+00 5.535962662301003e-02
8.950000000000000e-01 5.915054719607133e+00 4.328668420908366e-02
9.000000000000000e-01 6.064833421838831e+00 3.217854666061438e-02
9.050000000000000e-01 6.218402842386253e+00 2.266143777122180e-02
9.100000000000000e-01 6.375858967136348e+00 1.506210956994559e-02
9.150000000000000e-01 6.537300211292723e+00 9.410990864519644e-03
9.200000000000000e-01 6.702827480888332e+00 5.504405417965514e-03
9.250000000000000e-01 6.872544235855034e+00 3.000407974565015e-03
9.300000000000000e-01 7.046556554689444e+00 1.517063342407304e-03
9.350000000000001e-01 7.224973200755413e+00 7.079827443137081e-04
9.400000000000001e-01 7.407905690264673e+00 3.033586144990403e-04
9.450000000000001e-01 7.595468361978146e+00 1.186845873765954e-04
9.500000000000001e-01 7.787778448671316e+00 4.214924583529342e-05
9.550000000000001e-01 7.984956150408610e+00 1.350368094141776e-05
9.600000000000000e-01 8.187124709672272e+00 3.877389019462764e-06
9.650000000000000e-01 8.394410488393007e+00 9.909485298257664e-07
9.700000000000000e-01 8.606943046930221e+00 2.237833417844849e-07
9.750000000000000e-01 8.824855225051540e+00 4.432092465957539e-08
9.800000000000000e-01 9.048283224961922e+00 7.649349140890292e-09
9.850000000000000e-01 9.277366696434507e+00 1.151862835132366e-09
9.900000000000000e-01 9.512248824096272e+00 1.578758474925335e-10
9.950000000000000e-01 9.753076416923058e+00 3.154879282360871e-11
1.000000000000000e+00 1.000000000000000e+01 -1.134972189309569e-11
