0.000000000000000e+00 0.000000000000000e+00 -1.325548785615087e-04
5.000000000000000e-03 3.369477419287315e-03 -1.361555401468745e-04
1.000000000000000e-02 6.741060871647481e-03 -1.323607900665435e-04
1.500000000000000e-02 1.011685770649257e-02 -1.328790236514282e-04
2.000000000000000e-02 1.349897790673588e-02 -1.329249602916681e-04
2.500000000000000e-02 1.688953540759990e-02 -1.331146085523590e-04
3.000000000000000e-02 2.029064941789469e-02 -1.328313435920264e-04
3.500000000000000e-02 2.370444574459234e-02 -1.332733350255173e-04
4.000000000000000e-02 2.713305812152553e-02 -1.326676734155466e-04
4.500000000000000e-02 3.057862954304063e-02 -1.334948260456145e-04
5.000000000000000e-02 3.404331360343898e-02 -1.326206737713726e-04
5.500000000000000e-02 3.752927584304335e-02 -1.336802568244492e-04
6.000000000000000e-02 4.103869510173117e-02 -1.327956567389430e-04
6.500000000000000e-02 4.457376488078044e-02 -1.340220018279922e-04
7.000000000000001e-02 4.813669471387935e-02 -1.331131450944405e-04
7.500000000000000e-02 5.172971154815675e-02 -1.341046080825931e-04
8.000000000000000e-02 5.535506113609672e-02 -1.332304326654614e-04
8.500000000000001e-02 5.901500943920686e-02 -1.340504042980648e-04
9.000000000000000e-02 6.271184404431801e-02 -1.333868874170539e-04
9.500000000000000e-02 6.644787559340060e-02 -1.340205157215268e-04
1.000000000000000e-01 7.022543922779090e-02 -1.336166349811476e-04
1.050000000000000e-01 7.404689604773053e-02 -1.340789506322604e-04
1.100000000000000e-01 7.791463458813094e-02 -1.337635995298811e-04
1.150000000000000e-01 8.183107231148547e-02 -1.340958874242589e-04
1.200000000000000e-01 8.579865711886202e-02 -1.338872159356787e-04
1.250000000000000e-01 8.981986887992111e-02 -1.340799479138980e-04
1.300000000000000e-01 9.389722098291493e-02 -1.339834785065701e-04
1.350000000000000e-01 9.803326190563690e-02 -1.341524545149847e-04
1.400000000000000e-01 1.022305768083033e-01 -1.341564695265827e-04
1.450000000000000e-01 1.064917891493625e-01 -1.342442047065476e-04
1.500000000000000e-01 1.108195623252418e-01 -1.342424203940100e-04
1.550000000000000e-01 1.152166013350572e-01 -1.342723551714588e-04
1.600000000000000e-01 1.196856544713255e-01 -1.344221518724537e-04
1.650000000000000e-01 1.242295150377370e-01 -1.344704324385338e-04
1.700000000000000e-01 1.288510230950609e-01 -1.346206564919986e-04
1.750000000000000e-01 1.335530672362758e-01 -1.345946408097551e-04
1.800000000000000e-01 1.383385863920344e-01 -1.348780532910142e-04
1.850000000000000e-01 1.432105716675912e-01 -1.347409289923033e-04
1.900000000000000e-01 1.481720682123397e-01 -1.351314487587008e-04
1.950000000000000e-01 1.532261771231311e-01 -1.350142893977206e-04
2.000000000000000e-01 1.583760573825595e-01 -1.354428412767595e-04
2.050000000000000e-01 1.636249278334301e-01 -1.353263722746980e-04
2.100000000000000e-01 1.689760691906397e-01 -1.356793156130688e-04
2.150000000000000e-01 1.744328260917313e-01 -1.356872432416368e-04
2.200000000000000e-01 1.799986091874004e-01 -1.358661803538795e-04
2.250000000000000e-01 1.856768972732633e-01 -1.359713844480620e-04
2.300000000000000e-01 1.914712394642179e-01 -1.361471950873404e-04
2.350000000000000e-01 1.973852574127551e-01 -1.362998861666468e-04
2.400000000000000e-01 2.034226475726105e-01 -1.364222709480988e-04
2.450000000000000e-01 2.095871835091678e-01 -1.365664239801330e-04
2.500000000000000e-01 2.158827182580599e-01 -1.367653130334303e-04
2.550000000000000e-01 2.223131867334419e-01 -1.369806523335133e-04
2.600000000000000e-01 2.288826081874405e-01 -1.370702999341985e-04
2.650000000000000e-01 2.355950887223172e-01 -1.374532690267761e-04
2.700000000000000e-01 2.424548238569160e-01 -1.374657244256321e-04
2.750000000000000e-01 2.494661011489995e-01 -1.378812371275762e-04
2.800000000000000e-01 2.566333028751116e-01 -1.379256473121193e-04
2.850000000000000e-01 2.639609087696434e-01 -1.383939415042029e-04
2.900000000000000e-01 2.714534988248126e-01 -1.384808841917038e-04
2.950000000000000e-01 2.791157561533084e-01 -1.388434714407633e-04
3.000000000000000e-01 2.869524699153886e-01 -1.389718475029947e-04
3.050000000000000e-01 2.949685383122613e-01 -1.393022643468951e-04
3.100000000000000e-01 3.031689716476197e-01 -1.394954305822887e-04
3.150000000000000e-01 3.115588954592450e-01 -1.397870055693338e-04
3.200000000000000e-01 3.201435537226349e-01 -1.400762390309815e-04
3.250000000000000e-01 3.289283121286580e-01 -1.403149012676287e-04
3.300000000000000e-01 3.379186614372866e-01 -1.407030537426018e-04
3.350000000000000e-01 3.471202209094989e-01 -1.409127542144306e-04
3.400000000000000e-01 3.565387418195016e-01 -1.413660680859685e-04
3.450000000000000e-01 3.661801110494620e-01 -1.415399007100549e-04
3.500000000000000e-01 3.760503547690021e-01 -1.419761432187783e-04
3.550000000000000e-01 3.861556422017504e-01 -1.422096180257942e-04
3.600000000000000e-01 3.965022894813072e-01 -1.425562987015489e-04
3.650000000000000e-01 4.070967635990345e-01 -1.428516794217282e-04
3.700000000000000e-01 4.179456864461349e-01 -1.431502174266340e-04
3.750000000000000e-01 4.290558389525505e-01 -1.435268213770183e-04
3.800000000000000e-01 4.404341653252637e-01 -1.437398047149899e-04
3.850000000000000e-01 4.520877773886537e-01 -1.441854050033961e-04
3.900000000000000e-01 4.640239590296172e-01 -1.443474657909642e-04
3.950000000000000e-01 4.762501707502353e-01 -1.447328881249499e-04
4.000000000000000e-01 4.887740543308307e-01 -1.449340530713667e-04
4.050000000000000e-01 5.016034376063282e-01 -1.452754812466818e-04
4.100000000000000e-01 5.147463393589066e-01 -1.454823255255086e-04
4.150000000000000e-01 5.282109743299990e-01 -1.456555378162323e-04
4.200000000000000e-01 5.420057583547735e-01 -1.459203132470562e-04
4.250000000000000e-01 5.561393136223041e-01 -1.460236248471318e-04
4.300000000000000e-01 5.706204740647189e-01 -1.462622520587038e-04
4.350000000000000e-01 5.854582908786964e-01 -1.463134112871837e-04
4.400000000000000e-01 6.006620381827575e-01 -1.464151139269132e-04
4.450000000000000e-01 6.162412188138907e-01 -1.464465318707387e-04
4.500000000000000e-01 6.322055702671360e-01 -1.463782335841463e-04
4.550000000000000e-01 6.485650707818353e-01 -1.463678340880164e-04
4.600000000000000e-01 6.653299455783577e-01 -1.461981618186994e-04
4.650000000000000e-01 6.825106732491932e-01 -1.460759683193038e-04
4.700000000000000e-01 7.001179923084168e-01 -1.458118351128097e-04
4.750000000000000e-01 7.181629079036070e-01 -1.455084735486115e-04
4.800000000000000e-01 7.366566986944229e-01 -1.451155056715816e-04
4.850000000000000e-01 7.556109239021327e-01 -1.446715257236991e-04
4.900000000000000e-01 7.750374305345038e-01 -1.441512020347153e-04
4.950000000000000e-01 7.949483607905672e-01 -1.435527521370645e-04
5.000000000000000e-01 8.153561596498893e-01 -1.428706810465007e-04
5.050000000000000e-01 8.362735826510871e-01 -1.420501504577257e-04
5.100000000000000e-01 8.577137038644561e-01 -1.412610575366727e-04
5.150000000000000e-01 8.796899240636907e-01 -1.403485252776724e-04
5.200000000000000e-01 9.022159791018011e-01 -1.392929948951434e-04
5.250000000000000e-01 9.253059484964714e-01 -1.382777560703274e-04
5.300000000000000e-01 9.489742642302165e-01 -1.371216689472642e-04
5.350000000000000e-01 9.732357197708378e-01 -1.359661994142181e-04
5.400000000000000e-01 9.981054793178262e-01 -1.347503434345778e-04
5.450000000000000e-01 1.023599087280478e+00 -1.335076872067389e-04
5.500000000000000e-01 1.049732477993657e+00 -1.323119992854292e-04
5.550000000000000e-01 1.076521985677273e+00 -1.310928851185776e-04
5.600000000000001e-01 1.103984354645701e+00 -1.299729700858019e-04
5.650000000000001e-01 1.132136749773522e+00 -1.289598876611409e-04
5.700000000000001e-01 1.160996767224129e+00 -1.280515405741155e-04
5.750000000000001e-01 1.190582445447902e+00 -1.274161812225696e-04
5.800000000000000e-01 1.220912276456826e+00 -1.269977836905704e-04
5.850000000000000e-01 1.252005217382601e+00 -1.269567001133047e-04
5.900000000000000e-01 1.283880702325469e+00 -1.273899864608891e-04
5.950000000000000e-01 1.316558654501151e+00 -1.283485721687227e-04
6.000000000000000e-01 1.350059498693518e+00 -1.300570271832179e-04
6.050000000000000e-01 1.384404174020732e+00 -1.326501303455613e-04
6.100000000000000e-01 1.419614147022888e+00 -1.362960633201285e-04
6.150000000000000e-01 1.455711425079295e+00 -1.413499051037257e-04
6.200000000000000e-01 1.492718570163803e+00 -1.480307062416659e-04
6.250000000000000e-01 1.530658712946775e+00 -1.567573061102455e-04
6.300000000000000e-01 1.569555567252506e+00 -1.680534773530510e-04
6.350000000000000e-01 1.609433444881138e+00 -1.824395047348819e-04
6.400000000000000e-01 1.650317270804325e+00 -2.006794582422571e-04
6.450000000000000e-01 1.692232598744148e+00 -2.237398876246496e-04
6.500000000000000e-01 1.735205627145031e+00 -2.526625705030640e-04
6.550000000000000e-01 1.779263215548615e+00 -2.889138248468151e-04
6.600000000000000e-01 1.824432901381847e+00 -3.342652095047828e-04
6.650000000000000e-01 1.870742917168772e+00 -3.908040479961233e-04
6.700000000000000e-01 1.918222208176775e+00 -4.611940336074617e-04
6.750000000000000e-01 1.966900450508319e+00 -5.487275118645290e-04
6.800000000000000e-01 2.016808069649473e+00 -6.572438659874058e-04
6.850000000000001e-01 2.067976259486829e+00 -7.914471223839240e-04
6.900000000000001e-01 2.120437001804702e+00 -9.569466072879250e-04
6.950000000000001e-01 2.174223086274785e+00 -1.160223363833371e-03
7.000000000000001e-01 2.229368130950753e+00 -1.408668441818903e-03
7.050000000000000e-01 2.285906603280654e+00 -1.710561373415896e-03
7.100000000000000e-01 2.343873841650178e+00 -2.074692405697873e-03
7.150000000000000e-01 2.403306077470301e+00 -2.510013801783136e-03
7.200000000000000e-01 2.464240457823092e+00 -3.024834027940858e-03
7.250000000000000e-01 2.526715068679855e+00 -3.625369177175037e-03
7.300000000000000e-01 2.590768958706095e+00 -4.313858376386786e-03
7.350000000000000e-01 2.656442163668210e+00 -5.086628991371565e-03
7.400000000000000e-01 2.723775731457148e+00 -5.931315941702686e-03
7.450000000000000e-01 2.792811747744667e+00 -6.822668058654800e-03
7.500000000000000e-01 2.863593362288260e+00 -7.717235099876197e-03
7.550000000000000e-01 2.936164815901156e+00 -8.548607618686385e-03
7.600000000000000e-01 3.010571468104263e+00 -9.225225820407176e-03
7.650000000000000e-01 3.086859825477351e+00 -9.632373999715565e-03
7.700000000000000e-01 3.165077570727174e+00 -9.638530220219153e-03
7.750000000000000e-01 3.245273592490716e+00 -9.104579229046870e-03
7.800000000000000e-01 3.327498015892184e+00 -7.893438908927712e-03
7.850000000000000e-01 3.411802233872832e+00 -5.877845975869140e-03
7.900000000000000e-01 3.498238939313234e+00 -2.945207689043240e-03
7.950000000000000e-01 3.586862157968046e+00 9.999129996265980e-04
8.000000000000000e-01 3.677727282233856e+00 6.033763964569937e-03
8.050000000000000e-01 3.770891105771243e+00 1.220929781567457e-02
8.100000000000001e-01 3.866411859002656e+00 1.954809032179470e-02
8.150000000000001e-01 3.964349245508326e+00 2.802728928597749e-02
8.200000000000001e-01 4.064764479342956e+00 3.756172410400307e-02
8.250000000000001e-01 4.167720323296481e+00 4.798202612144102e-02
8.300000000000001e-01 4.273281128122877e+00 5.901164350971550e-02
8.350000000000000e-01 4.381512872761445e+00 7.024828788291074e-02
8.400000000000000e-01 4.492483205575838e+00 8.115825204570827e-02
8.450000000000000e-01 4.606261486636447e+00 9.109256111508097e-02
8.500000000000000e-01 4.722918831072739e+00 9.933129821796621e-02
8.550000000000000e-01 4.842528153522501e+00 1.051566798680525e-01
8.600000000000000e-01 4.965164213705875e+00 1.079481285435499e-01
8.650000000000000e-01 5.090903663152626e+00 1.072852538461483e-01
8.700000000000000e-01 5.219825093111814e+00 1.030389488054277e-01
8.750000000000000e-01 5.352009083673925e+00 9.542846713459573e-02
8.800000000000000e-01 5.487538254136007e+00 8.502524890323335e-02
8.850000000000000e-01 5.626497314641444e+00 7.269352699815171e-02
8.900000000000000e-01 5.768973119126561e+00 5.947246635488645e-02
8.950000000000000e-01 5.915054719607133e+00 4.642110353154538e-02
9.000000000000000e-01 6.064833421838831e+00 3.445997822994436e-02
9.050000000000000e-01 6.218402842386253e+00 2.424656932871137e-02
9.100000000000000e-01 6.375858967136348e+00 1.611291259032627e-02
9.150000000000000e-01 6.537300211292723e+00 1.007534304307449e-02
9.200000000000000e-01 6.702827480888332e+00 5.904864005291472e-03
9.250000000000000e-01 6.872544235855034e+00 3.230498675896368e-03
9.300000000000000e-01 7.046556554689444e+00 1.643060042007056e-03
9.350000000000001e-01 7.224973200755413e+00 7.737344299401697e-04
9.400000000000001e-01 7.407905690264673e+00 3.360579810012596e-04
9.450000000000001e-01 7.595468361978146e+00 1.341826491990037e-04
9.500000000000001e-01 7.787778448671316e+00 4.915027699973229e-05
9.550000000000001e-01 7.984956150408610e+00 1.651842097922202e-05
9.600000000000000e-01 8.187124709672272e+00 5.115073817803842e-06
9.650000000000000e-01 8.394410488393007e+00 1.475451842002500e-06
9.700000000000000e-01 8.606943046930221e+00 4.046236488910352e-07
9.750000000000000e-01 8.824855225051540e+00 1.084034811617062e-07
9.800000000000000e-01 9.048283224961922e+00 2.877434650750226e-08
9.850000000000000e-01 9.277366696434507e+00 4.982847253425524e-09
9.900000000000000e-01 9.512248824096272e+00 -4.843979721540501e-09
9.950000000000000e-01 9.753076416923058e+00 -3.081492944194665e-08
1.000000000000000e+00 1.000000000000000e+01 -9.786584655362708e-06
