0.000000000000000e+00 0.000000000000000e+00 -1.021170090192881e-04
5.000000000000000e-03 3.369477419287315e-03 -1.057176706037659e-04
1.000000000000000e-02 6.741060871647481e-03 -1.026554750333225e-04
1.500000000000000e-02 1.011685770649257e-02 -1.035568924589890e-04
2.000000000000000e-02 1.349897790673588e-02 -1.032673188735069e-04
2.500000000000000e-02 1.688953540759990e-02 -1.038495174267642e-04
3.000000000000000e-02 2.029064941789469e-02 -1.031055317173359e-04
3.500000000000000e-02 2.370444574459234e-02 -1.037473846091069e-04
4.000000000000000e-02 2.713305812152553e-02 -1.029274824170366e-04
4.500000000000000e-02 3.057862954304063e-02 -1.038194682272108e-04
5.000000000000000e-02 3.404331360343898e-02 -1.030589190633086e-04
5.500000000000000e-02 3.752927584304335e-02 -1.036648070183032e-04
6.000000000000000e-02 4.103869510173117e-02 -1.031446711411349e-04
6.500000000000000e-02 4.457376488078044e-02 -1.037694536759675e-04
7.000000000000001e-02 4.813669471387935e-02 -1.032559008697287e-04
7.500000000000000e-02 5.172971154815675e-02 -1.039171559988275e-04
8.000000000000000e-02 5.535506113609672e-02 -1.034909460860162e-04
8.500000000000001e-02 5.901500943920686e-02 -1.040463090855976e-04
9.000000000000000e-02 6.271184404431801e-02 -1.035711635581630e-04
9.500000000000000e-02 6.644787559340060e-02 -1.039824937130117e-04
1.000000000000000e-01 7.022543922779090e-02 -1.036476173288800e-04
1.050000000000000e-01 7.404689604773053e-02 -1.041812665576525e-04
1.100000000000000e-01 7.791463458813094e-02 -1.037324066892771e-04
1.150000000000000e-01 8.183107231148547e-02 -1.042167420221208e-04
1.200000000000000e-01 8.579865711886202e-02 -1.038597350032588e-04
1.250000000000000e-01 8.981986887992111e-02 -1.042662759740220e-04
1.300000000000000e-01 9.389722098291493e-02 -1.039395309766848e-04
1.350000000000000e-01 9.803326190563690e-02 -1.042239536899365e-04
1.400000000000000e-01 1.022305768083033e-01 -1.041712671239101e-04
1.450000000000000e-01 1.064917891493625e-01 -1.043222625804777e-04
1.500000000000000e-01 1.108195623252418e-01 -1.043306185971907e-04
1.550000000000000e-01 1.152166013350572e-01 -1.044802935824196e-04
1.600000000000000e-01 1.196856544713255e-01 -1.045382564599432e-04
1.650000000000000e-01 1.242295150377370e-01 -1.047228292143123e-04
1.700000000000000e-01 1.288510230950609e-01 -1.047469559877141e-04
1.750000000000000e-01 1.335530672362758e-01 -1.048280311195446e-04
1.800000000000000e-01 1.383385863920344e-01 -1.049554722097785e-04
1.850000000000000e-01 1.432105716675912e-01 -1.049820088471031e-04
1.900000000000000e-01 1.481720682123397e-01 -1.051836814595961e-04
1.950000000000000e-01 1.532261771231311e-01 -1.051351524342110e-04
2.000000000000000e-01 1.583760573825595e-01 -1.054314389565745e-04
2.050000000000000e-01 1.636249278334301e-01 -1.053905058284109e-04
2.100000000000000e-01 1.689760691906397e-01 -1.056732600995516e-04
2.150000000000000e-01 1.744328260917313e-01 -1.056517090750762e-04
2.200000000000000e-01 1.799986091874004e-01 -1.059589121376940e-04
2.250000000000000e-01 1.856768972732633e-01 -1.060175847816676e-04
2.300000000000000e-01 1.914712394642179e-01 -1.063397019134765e-04
2.350000000000000e-01 1.973852574127551e-01 -1.063436678720910e-04
2.400000000000000e-01 2.034226475726105e-01 -1.065974657075866e-04
2.450000000000000e-01 2.095871835091678e-01 -1.067160461824797e-04
2.500000000000000e-01 2.158827182580599e-01 -1.068953358929223e-04
2.550000000000000e-01 2.223131867334419e-01 -1.070729719152409e-04
2.600000000000000e-01 2.288826081874405e-01 -1.073125755029531e-04
2.650000000000000e-01 2.355950887223172e-01 -1.075239071903736e-04
2.700000000000000e-01 2.424548238569160e-01 -1.076946375939232e-04
2.750000000000000e-01 2.494661011489995e-01 -1.079005697248430e-04
2.800000000000000e-01 2.566333028751116e-01 -1.081075734916528e-04
2.850000000000000e-01 2.639609087696434e-01 -1.084026420114695e-04
2.900000000000000e-01 2.714534988248126e-01 -1.085346863566107e-04
2.950000000000000e-01 2.791157561533084e-01 -1.089420181184122e-04
3.000000000000000e-01 2.869524699153886e-01 -1.090646397063604e-04
3.050000000000000e-01 2.949685383122613e-01 -1.094940800498876e-04
3.100000000000000e-01 3.031689716476197e-01 -1.096031521695715e-04
3.150000000000000e-01 3.115588954592450e-01 -1.100464746105056e-04
3.200000000000000e-01 3.201435537226349e-01 -1.102035597048624e-04
3.250000000000000e-01 3.289283121286580e-01 -1.105764208800750e-04
3.300000000000000e-01 3.379186614372866e-01 -1.108067641409095e-04
3.350000000000000e-01 3.471202209094989e-01 -1.111676778842228e-04
3.400000000000000e-01 3.565387418195016e-01 -1.114144262778177e-04
3.450000000000000e-01 3.661801110494620e-01 -1.117495244637368e-04
3.500000000000000e-01 3.760503547690021e-01 -1.120519826359801e-04
3.550000000000000e-01 3.861556422017504e-01 -1.123001066829215e-04
3.600000000000000e-01 3.965022894813072e-01 -1.127735614525604e-04
3.650000000000000e-01 4.070967635990345e-01 -1.129913754082084e-04
3.700000000000000e-01 4.179456864461349e-01 -1.134142142933084e-04
3.750000000000000e-01 4.290558389525505e-01 -1.136562350760388e-04
3.800000000000000e-01 4.404341653252637e-01 -1.140625980400909e-04
3.850000000000000e-01 4.520877773886537e-01 -1.143003571496290e-04
3.900000000000000e-01 4.640239590296172e-01 -1.146281875881831e-04
3.950000000000000e-01 4.762501707502353e-01 -1.148803657515159e-04
4.000000000000000e-01 4.887740543308307e-01 -1.151426478615844e-04
4.050000000000000e-01 5.016034376063282e-01 -1.154889876461075e-04
4.100000000000000e-01 5.147463393589066e-01 -1.156462722766472e-04
4.150000000000000e-01 5.282109743299990e-01 -1.160177316827697e-04
4.200000000000000e-01 5.420057583547735e-01 -1.161159084323243e-04
4.250000000000000e-01 5.561393136223041e-01 -1.163757735679995e-04
4.300000000000000e-01 5.706204740647189e-01 -1.164230195389753e-04
4.350000000000000e-01 5.854582908786964e-01 -1.166110908869640e-04
4.400000000000000e-01 6.006620381827575e-01 -1.166752119484499e-04
4.450000000000000e-01 6.162412188138907e-01 -1.166636831047234e-04
4.500000000000000e-01 6.322055702671360e-01 -1.167222373614406e-04
4.550000000000000e-01 6.485650707818353e-01 -1.165856340115504e-04
4.600000000000000e-01 6.653299455783577e-01 -1.165709269309118e-04
4.650000000000000e-01 6.825106732491932e-01 -1.163261226462627e-04
4.700000000000000e-01 7.001179923084168e-01 -1.161099871287038e-04
4.750000000000000e-01 7.181629079036070e-01 -1.157983807745563e-04
4.800000000000000e-01 7.366566986944229e-01 -1.153656132108038e-04
4.850000000000000e-01 7.556109239021327e-01 -1.149768703195989e-04
4.900000000000000e-01 7.750374305345038e-01 -1.143741755186878e-04
4.950000000000000e-01 7.949483607905672e-01 -1.138113098889415e-04
5.000000000000000e-01 8.153561596498893e-01 -1.130574891467590e-04
5.050000000000000e-01 8.362735826510871e-01 -1.122491560141344e-04
5.100000000000000e-01 8.577137038644561e-01 -1.113605798777386e-04
5.150000000000000e-01 8.796899240636907e-01 -1.103660254353097e-04
5.200000000000000e-01 9.022159791018011e-01 -1.093066461280568e-04
5.250000000000000e-01 9.253059484964714e-01 -1.081299608608302e-04
5.300000000000000e-01 9.489742642302165e-01 -1.068611584922057e-04
5.350000000000000e-01 9.732357197708378e-01 -1.054851307770338e-04
5.400000000000000e-01 9.981054793178262e-01 -1.041172982523877e-04
5.450000000000000e-01 1.023599087280478e+00 -1.026247518133834e-04
5.500000000000000e-01 1.049732477993657e+00 -1.010124319448456e-04
5.550000000000000e-01 1.076521985677273e+00 -9.946375237862324e-05
5.600000000000001e-01 1.103984354645701e+00 -9.778545035318436e-05
5.650000000000001e-01 1.132136749773522e+00 -9.612813811870690e-05
5.700000000000001e-01 1.160996767224129e+00 -9.445300193280817e-05
5.750000000000001e-01 1.190582445447902e+00 -9.276544094569792e-05
5.800000000000000e-01 1.220912276456826e+00 -9.115589447328012e-05
5.850000000000000e-01 1.252005217382601e+00 -8.954171260522654e-05
5.900000000000000e-01 1.283880702325469e+00 -8.802994966574988e-05
5.950000000000000e-01 1.316558654501151e+00 -8.662297833624571e-05
6.000000000000000e-01 1.350059498693518e+00 -8.527961168831844e-05
6.050000000000000e-01 1.384404174020732e+00 -8.414167166132636e-05
6.100000000000000e-01 1.419614147022888e+00 -8.310871054229008e-05
6.150000000000000e-01 1.455711425079295e+00 -8.226398397454374e-05
6.200000000000000e-01 1.492718570163803e+00 -8.164308946612607e-05
6.250000000000000e-01 1.530658712946775e+00 -8.117817507254452e-05
6.300000000000000e-01 1.569555567252506e+00 -8.096120004619941e-05
6.350000000000000e-01 1.609433444881138e+00 -8.097291070327575e-05
6.400000000000000e-01 1.650317270804325e+00 -8.115462037096748e-05
6.450000000000000e-01 1.692232598744148e+00 -8.160104659864384e-05
6.500000000000000e-01 1.735205627145031e+00 -8.221815114111966e-05
6.550000000000000e-01 1.779263215548615e+00 -8.299219623828151e-05
6.600000000000000e-01 1.824432901381847e+00 -8.394563776286232e-05
6.650000000000000e-01 1.870742917168772e+00 -8.498092406895993e-05
6.700000000000000e-01 1.918222208176775e+00 -8.605586356525528e-05
6.750000000000000e-01 1.966900450508319e+00 -8.715502627225689e-05
6.800000000000000e-01 2.016808069649473e+00 -8.813971411637734e-05
6.850000000000001e-01 2.067976259486829e+00 -8.895868770419632e-05
6.900000000000001e-01 2.120437001804702e+00 -8.949639321317518e-05
6.950000000000001e-01 2.174223086274785e+00 -8.957853620700436e-05
7.000000000000001e-01 2.229368130950753e+00 -8.907284840807377e-05
7.050000000000000e-01 2.285906603280654e+00 -8.773759657242295e-05
7.100000000000000e-01 2.343873841650178e+00 -8.516707632503675e-05
7.150000000000000e-01 2.403306077470301e+00 -8.103867427612745e-05
7.200000000000000e-01 2.464240457823092e+00 -7.478922679800704e-05
7.250000000000000e-01 2.526715068679855e+00 -6.536833897772889e-05
7.300000000000000e-01 2.590768958706095e+00 -5.150814910437134e-05
7.350000000000000e-01 2.656442163668210e+00 -3.167630114448789e-05
7.400000000000000e-01 2.723775731457148e+00 -3.153427394448160e-06
7.450000000000000e-01 2.792811747744667e+00 3.847433218379561e-05
7.500000000000000e-01 2.863593362288260e+00 9.919464401344977e-05
7.550000000000000e-01 2.936164815901156e+00 1.871262827000486e-04
7.600000000000000e-01 3.010571468104263e+00 3.149228661677876e-04
7.650000000000000e-01 3.086859825477351e+00 5.028764520556414e-04
7.700000000000000e-01 3.165077570727174e+00 7.811975443766470e-04
7.750000000000000e-01 3.245273592490716e+00 1.191780952088375e-03
7.800000000000000e-01 3.327498015892184e+00 1.792490703715444e-03
7.850000000000000e-01 3.411802233872832e+00 2.665990848868573e-03
7.900000000000000e-01 3.498238939313234e+00 3.930983156841537e-03
7.950000000000000e-01 3.586862157968046e+00 5.749101361988418e-03
8.000000000000000e-01 3.677727282233856e+00 8.320110812588185e-03
8.050000000000000e-01 3.770891105771243e+00 1.186158743122187e-02
8.100000000000001e-01 3.866411859002656e+00 1.657523586625379e-02
8.150000000000001e-01 3.964349245508326e+00 2.260688343189395e-02
8.200000000000001e-01 4.064764479342956e+00 3.000820308872681e-02
8.250000000000001e-01 4.167720323296481e+00 3.870556519837264e-02
8.300000000000001e-01 4.273281128122877e+00 4.847861447023739e-02
8.350000000000000e-01 4.381512872761445e+00 5.895096151165045e-02
8.400000000000000e-01 4.492483205575838e+00 6.959675333480018e-02
8.450000000000000e-01 4.606261486636447e+00 7.976652065937205e-02
8.500000000000000e-01 4.722918831072739e+00 8.873330957410885e-02
8.550000000000000e-01 4.842528153522501e+00 9.575725956749445e-02
8.600000000000000e-01 4.965164213705875e+00 1.001653918228438e-01
8.650000000000000e-01 5.090903663152626e+00 1.014408924262289e-01
8.700000000000000e-01 5.219825093111814e+00 9.931118755245770e-02
8.750000000000000e-01 5.352009083673925e+00 9.381732489719853e-02
8.800000000000000e-01 5.487538254136007e+00 8.534364359010363e-02
8.850000000000000e-01 5.626497314641444e+00 7.459068342970383e-02
8.900000000000000e-01 5.768973119126561e+00 6.248678339604930e-02
8.950000000000000e-01 5.915054719607133e+00 5.005123791391163e-02
9.000000000000000e-01 6.064833421838831e+00 3.823793644467972e-02
9.050000000000000e-01 6.218402842386253e+00 2.779656400564428e-02
9.100000000000000e-01 6.375858967136348e+00 1.918462478005865e-02
9.150000000000000e-01 6.537300211292723e+00 1.254823798891959e-02
9.200000000000000e-01 6.702827480888332e+00 7.768326429142013e-03
9.250000000000000e-01 6.872544235855034e+00 4.549910117988650e-03
9.300000000000000e-01 7.046556554689444e+00 2.523111579226404e-03
9.350000000000001e-01 7.224973200755413e+00 1.327746685421335e-03
9.400000000000001e-01 7.407905690264673e+00 6.656998273363138e-04
9.450000000000001e-01 7.595468361978146e+00 3.197866460396740e-04
9.500000000000001e-01 7.787778448671316e+00 1.481392868198932e-04
9.550000000000001e-01 7.984956150408610e+00 6.657005220366813e-05
9.600000000000000e-01 8.187124709672272e+00 2.912644176977048e-05
9.650000000000000e-01 8.394410488393007e+00 1.241012012660596e-05
9.700000000000000e-01 8.606943046930221e+00 5.132069569891620e-06
9.750000000000000e-01 8.824855225051540e+00 2.030902452478661e-06
9.800000000000000e-01 9.048283224961922e+00 7.378512661109969e-07
9.850000000000000e-01 9.277366696434507e+00 6.535687478525582e-08
9.900000000000000e-01 9.512248824096272e+00 -3.957981796911640e-07
9.950000000000000e-01 9.753076416923058e+00 -2.146439447880508e-06
1.000000000000000e+00 1.000000000000000e+01 -6.773871695201868e-04
