0.000000000000000e+00 0.000000000000000e+00 3.328950607681719e-01
3.125000000000000e-03 3.369263549427258e-03 3.328912791047974e-01
6.250000000000000e-03 6.739349689698711e-03 3.328902318817159e-01
9.375000000000001e-03 1.011108121249049e-02 3.328735169727270e-01
1.250000000000000e-02 1.348528131119160e-02 3.328489741155853e-01
1.562500000000000e-02 1.686277378188298e-02 3.328155546958212e-01
1.875000000000000e-02 2.024438322446370e-02 3.327741825914441e-01
2.187500000000000e-02 2.363093524397333e-02 3.327249280413535e-01
2.500000000000000e-02 2.702325665215984e-02 3.326678522923678e-01
2.812500000000000e-02 3.042217566934200e-02 3.326029402355890e-01
3.125000000000000e-02 3.382852212661575e-02 3.325301529767421e-01
3.437500000000000e-02 3.724312766845378e-02 3.324494351202613e-01
3.750000000000001e-02 4.066682595574785e-02 3.323607198027178e-01
4.062500000000000e-02 4.410045286934348e-02 3.322639306266317e-01
4.375000000000000e-02 4.754484671411652e-02 3.321589826249306e-01
4.687500000000000e-02 5.100084842364160e-02 3.320457827388769e-01
5.000000000000000e-02 5.446930176550237e-02 3.319242300581602e-01
5.312500000000001e-02 5.795105354729364e-02 3.317942159326246e-01
5.625000000000000e-02 6.144695382336569e-02 3.316556240105933e-01
5.937500000000000e-02 6.495785610236132e-02 3.315083302326642e-01
6.250000000000000e-02 6.848461755559625e-02 3.313522027969433e-01
6.562500000000000e-02 7.202809922633362e-02 3.311871021049417e-01
6.875000000000001e-02 7.558916624000402e-02 3.310128806936202e-01
7.187500000000001e-02 7.916868801542200e-02 3.308293831569918e-01
7.500000000000001e-02 8.276753847705080e-02 3.306364460595137e-01
7.812500000000000e-02 8.638659626836727e-02 3.304338978426267e-01
8.125000000000000e-02 9.002674496637868e-02 3.302215587255005e-01
8.437500000000001e-02 9.368887329734420e-02 3.299992406007063e-01
8.750000000000001e-02 9.737387535375355e-02 3.297667469252744e-01
9.062500000000001e-02 1.010826508126157e-01 3.295238726076614e-01
9.375000000000000e-02 1.048161051551108e-01 3.292704038909121e-01
9.687500000000000e-02 1.085751498876601e-01 3.290061182323236e-01
1.000000000000000e-01 1.123607027644654e-01 3.287307841799622e-01
1.031250000000000e-01 1.161736880115753e-01 3.284441612462111e-01
1.062500000000000e-01 1.200150365525305e-01 3.281459997787072e-01
1.093750000000000e-01 1.238856862356450e-01 3.278360408288896e-01
1.125000000000000e-01 1.277865820629775e-01 3.275140160184549e-01
1.156250000000000e-01 1.317186764210495e-01 3.271796474040596e-01
1.187500000000000e-01 1.356829293133661e-01 3.268326473404782e-01
1.218750000000000e-01 1.396803085947971e-01 3.264727183426845e-01
1.250000000000000e-01 1.437117902078738e-01 3.260995529471109e-01
1.281250000000000e-01 1.477783584210617e-01 3.257128335725106e-01
1.312500000000000e-01 1.518810060690650e-01 3.253122323808224e-01
1.343750000000000e-01 1.560207347952229e-01 3.248974111384584e-01
1.375000000000000e-01 1.601985552960564e-01 3.244680210784856e-01
1.406250000000000e-01 1.644154875680252e-01 3.240237027642346e-01
1.437500000000000e-01 1.686725611565558e-01 3.235640859547988e-01
1.468750000000000e-01 1.729708154074000e-01 3.230887894730373e-01
1.500000000000000e-01 1.773112997203869e-01 3.225974210767303e-01
1.531250000000000e-01 1.816950738056289e-01 3.220895773334249e-01
1.562500000000000e-01 1.861232079422458e-01 3.215648434997793e-01
1.593750000000000e-01 1.905967832396682e-01 3.210227934060815e-01
1.625000000000000e-01 1.951168919015860e-01 3.204629893467565e-01
1.656250000000000e-01 1.996846374926046e-01 3.198849819776960e-01
1.687500000000000e-01 2.043011352076760e-01 3.192883102213023e-01
1.718750000000000e-01 2.089675121443681e-01 3.186725011801968e-01
1.750000000000000e-01 2.136849075780412e-01 3.180370700606160e-01
1.781250000000000e-01 2.184544732399964e-01 3.173815201065546e-01
1.812500000000000e-01 2.232773735986666e-01 3.167053425457902e-01
1.843750000000000e-01 2.281547861439151e-01 3.160080165490147e-01
1.875000000000000e-01 2.330879016745160e-01 3.152890092033075e-01
1.906250000000000e-01 2.380779245888810e-01 3.145477755013499e-01
1.937500000000000e-01 2.431260731791094e-01 3.137837583477722e-01
1.968750000000000e-01 2.482335799284277e-01 3.129963885841249e-01
2.000000000000000e-01 2.534016918120952e-01 3.121850850341110e-01
2.031250000000000e-01 2.586316706018478e-01 3.113492545706920e-01
2.062500000000000e-01 2.639247931739538e-01 3.104882922068661e-01
2.093750000000000e-01 2.692823518209576e-01 3.096015812119312e-01
2.125000000000000e-01 2.747056545671873e-01 3.086884932552060e-01
2.156250000000000e-01 2.801960254881028e-01 3.077483885792493e-01
2.187500000000000e-01 2.857548050335636e-01 3.067806162046413e-01
2.218750000000000e-01 2.913833503550930e-01 3.057845141686466e-01
2.250000000000000e-01 2.970830356372213e-01 3.047594098000273e-01
2.281250000000000e-01 3.028552524329863e-01 3.037046200324853e-01
2.312500000000000e-01 3.087014100036755e-01 3.026194517592195e-01
2.343750000000000e-01 3.146229356628902e-01 3.015032022312683e-01
2.375000000000000e-01 3.206212751250189e-01 3.003551595023974e-01
2.406250000000000e-01 3.266978928582008e-01 2.991746029233258e-01
2.437500000000000e-01 3.328542724418705e-01 2.979608036882832e-01
2.468750000000000e-01 3.390919169289667e-01 2.967130254369449e-01
2.500000000000000e-01 3.454123492128958e-01 2.954305249148302e-01
2.531250000000000e-01 3.518171123993401e-01 2.941125526955095e-01
2.562500000000000e-01 3.583077701830001e-01 2.927583539678506e-01
2.593750000000000e-01 3.648859072293631e-01 2.913671693917617e-01
2.625000000000000e-01 3.715531295615936e-01 2.899382360259282e-01
2.656250000000000e-01 3.783110649526354e-01 2.884707883311005e-01
2.687500000000000e-01 3.851613633226258e-01 2.869640592525485e-01
2.718750000000000e-01 3.921056971417164e-01 2.854172813853472e-01
2.750000000000000e-01 3.991457618383991e-01 2.838296882262499e-01
2.781250000000000e-01 4.062832762134377e-01 2.822005155158219e-01
2.812500000000000e-01 4.135199828595055e-01 2.805290026746429e-01
2.843750000000000e-01 4.208576485866312e-01 2.788143943372568e-01
2.875000000000000e-01 4.282980648535585e-01 2.770559419876031e-01
2.906250000000000e-01 4.358430482051222e-01 2.752529056995864e-01
2.937500000000000e-01 4.434944407157500e-01 2.734045559863025e-01
2.968750000000000e-01 4.512541104391968e-01 2.715101757614893e-01
3.000000000000000e-01 4.591239518646220e-01 2.695690624163704e-01
3.031250000000000e-01 4.671058863791195e-01 2.675805300152439e-01
3.062500000000000e-01 4.752018627368176e-01 2.655439116125511e-01
3.093750000000000e-01 4.834138575346580e-01 2.634585616943256e-01
3.125000000000000e-01 4.917438756949728e-01 2.613238587462468e-01
3.156250000000000e-01 5.001939509549778e-01 2.591392079504953e-01
3.187500000000000e-01 5.087661463633005e-01 2.569040440129924e-01
3.218750000000000e-01 5.174625547836644e-01 2.546178341223005e-01
3.250000000000000e-01 5.262852994058529e-01 2.522800810408497e-01
3.281250000000000e-01 5.352365342640750e-01 2.498903263286844e-01
3.312500000000000e-01 5.443184447628656e-01 2.474481536992088e-01
3.343750000000000e-01 5.535332482106405e-01 2.449531925057176e-01
3.375000000000000e-01 5.628831943610435e-01 2.424051213567513e-01
3.406250000000000e-01 5.723705659622137e-01 2.398036718574244e-01
3.437500000000000e-01 5.819976793141081e-01 2.371486324729091e-01
3.468750000000000e-01 5.917668848340161e-01 2.344398525092628e-01
3.500000000000000e-01 6.016805676304035e-01 2.316772462056459e-01
3.531250000000000e-01 6.117411480852264e-01 2.288607969307751e-01
3.562500000000000e-01 6.219510824448572e-01 2.259905614751135e-01
3.593750000000000e-01 6.323128634197650e-01 2.230666744289443e-01
3.625000000000000e-01 6.428290207931012e-01 2.200893526349148e-01
3.656250000000000e-01 6.535021220383342e-01 2.170588997021001e-01
3.687500000000000e-01 6.643347729460869e-01 2.139757105668500e-01
3.718750000000000e-01 6.753296182603294e-01 2.108402760839496e-01
3.750000000000000e-01 6.864893423240808e-01 2.076531876297058e-01
3.781250000000000e-01 6.978166697347804e-01 2.044151416965672e-01
3.812500000000000e-01 7.093143660094854e-01 2.011269444568102e-01
3.843750000000000e-01 7.209852382600603e-01 1.977895162706860e-01
3.875000000000000e-01 7.328321358785219e-01 1.944038961121514e-01
3.906250000000000e-01 7.448579512327029e-01 1.909712458830104e-01
3.937500000000000e-01 7.570656203724140e-01 1.874928545839377e-01
3.968750000000000e-01 7.694581237462648e-01 1.839701423084406e-01
4.000000000000000e-01 7.820384869293291e-01 1.804046640233779e-01
4.031250000000000e-01 7.948097813618253e-01 1.767981130971795e-01
4.062500000000000e-01 8.077751250989945e-01 1.731523245345147e-01
4.093750000000000e-01 8.209376835723596e-01 1.694692778736813e-01
4.125000000000000e-01 8.343006703625532e-01 1.657510997006575e-01
4.156250000000000e-01 8.478673479838968e-01 1.620000657314474e-01
4.187500000000000e-01 8.616410286809313e-01 1.582186024122203e-01
4.218750000000000e-01 8.756250752370857e-01 1.544092879846758e-01
4.250000000000000e-01 8.898229017956865e-01 1.505748529622807e-01
4.281250000000000e-01 9.042379746935050e-01 1.467181799614351e-01
4.312500000000000e-01 9.188738133070491e-01 1.428423028303475e-01
4.343750000000000e-01 9.337339909118028e-01 1.389504050174667e-01
4.375000000000000e-01 9.488221355546261e-01 1.350458171208560e-01
4.406250000000000e-01 9.641419309395265e-01 1.311320135599301e-01
4.437500000000000e-01 9.796971173270190e-01 1.272126083115897e-01
4.468750000000000e-01 9.954914924472941e-01 1.232913496541657e-01
4.500000000000000e-01 1.011528912427417e+00 1.193721138647675e-01
4.531250000000000e-01 1.027813292732786e+00 1.154588978186960e-01
4.562500000000000e-01 1.044348609123070e+00 1.115558104438578e-01
4.593750000000000e-01 1.061138898622882e+00 1.076670629884671e-01
4.625000000000000e-01 1.078188260507393e+00 1.037969580671197e-01
4.656250000000000e-01 1.095500857303154e+00 9.994987745861465e-02
4.687500000000000e-01 1.113080915804360e+00 9.613026863875902e-02
4.718750000000000e-01 1.130932728104805e+00 9.234263004307686e-02
4.750000000000000e-01 1.149060652645771e+00 8.859149506779770e-02
4.781250000000000e-01 1.167469115280130e+00 8.488141483286463e-02
4.812500000000000e-01 1.186162610352890e+00 8.121693974795283e-02
4.843750000000000e-01 1.205145701798475e+00 7.760259994153534e-02
4.875000000000000e-01 1.224423024254985e+00 7.404288463379589e-02
4.906250000000000e-01 1.243999284195726e+00 7.054222055636150e-02
4.937500000000000e-01 1.263879261078271e+00 6.710494954521627e-02
4.968750000000000e-01 1.284067808511348e+00 6.373530545722499e-02
5.000000000000000e-01 1.304569855439823e+00 6.043739058499720e-02
5.031250000000000e-01 1.325390407348082e+00 5.721515176880797e-02
5.062500000000000e-01 1.346534547482100e+00 5.407235642718360e-02
5.093750000000000e-01 1.368007438090487e+00 5.101256874892794e-02
5.125000000000001e-01 1.389814321684837e+00 4.803912630801356e-02
5.156250000000000e-01 1.411960522319654e+00 4.515511737812854e-02
5.187500000000000e-01 1.434451446892208e+00 4.236335923505014e-02
5.218750000000000e-01 1.457292586462593e+00 3.966637774175241e-02
5.250000000000000e-01 1.480489517594354e+00 3.706638851266281e-02
5.281250000000001e-01 1.504047903715979e+00 3.456527994935848e-02
5.312500000000000e-01 1.527973496503592e+00 3.216459842992517e-02
5.343750000000000e-01 1.552272137285215e+00 2.986553591807789e-02
5.375000000000000e-01 1.576949758466886e+00 2.766892023599193e-02
5.406250000000000e-01 1.602012384981041e+00 2.557520821680293e-02
5.437500000000001e-01 1.627466135757470e+00 2.358448191928745e-02
5.468750000000000e-01 1.653317225217225e+00 2.169644804878752e-02
5.500000000000000e-01 1.679571964789851e+00 1.991044068560818e-02
5.531250000000000e-01 1.706236764454286e+00 1.822542737560509e-02
5.562500000000000e-01 1.733318134303830e+00 1.664001858825742e-02
5.593750000000001e-01 1.760822686135563e+00 1.515248049604560e-02
5.625000000000000e-01 1.788757135064574e+00 1.376075097631455e-02
5.656250000000000e-01 1.817128301163438e+00 1.246245868395627e-02
5.687500000000000e-01 1.845943111127301e+00 1.125494499116751e-02
5.718750000000000e-01 1.875208599965003e+00 1.013528854027690e-02
5.750000000000001e-01 1.904931912716643e+00 9.100332108249403e-03
5.781250000000000e-01 1.935120306198011e+00 8.146711438071358e-03
5.812500000000000e-01 1.965781150772311e+00 7.270885653921162e-03
5.843750000000000e-01 1.996921932149593e+00 6.469168844947870e-03
5.875000000000000e-01 2.028550253214365e+00 5.737762377703019e-03
5.906250000000001e-01 2.060673835881802e+00 5.072787480805200e-03
5.937500000000000e-01 2.093300522983012e+00 4.470317638133687e-03
5.968750000000000e-01 2.126438280179837e+00 3.926410329453641e-03
6.000000000000001e-01 2.160095197909630e+00 3.437137670315797e-03
6.031250000000000e-01 2.194279493360494e+00 2.998615526507131e-03
6.062500000000001e-01 2.228999512477486e+00 2.607030712061869e-03
6.093750000000000e-01 2.264263732000228e+00 2.258665923299855e-03
6.125000000000000e-01 2.300080761532477e+00 1.949922113564184e-03
6.156250000000001e-01 2.336459345644116e+00 1.677338072917143e-03
6.187500000000000e-01 2.373408366006099e+00 1.437607042288178e-03
6.218750000000001e-01 2.410936843558884e+00 1.227590260412878e-03
6.250000000000000e-01 2.449053940714840e+00 1.044327412098691e-03
6.281250000000000e-01 2.487768963595221e+00 8.850440155139411e-04
6.312500000000001e-01 2.527091364302215e+00 7.471558519376804e-04
6.343750000000000e-01 2.567030743226622e+00 6.282706014596220e-04
6.375000000000001e-01 2.607596851391758e+00 5.261869004602446e-04
6.406250000000000e-01 2.648799592834118e+00 4.388910796675919e-04
6.437500000000000e-01 2.690649027021411e+00 3.645518739653519e-04
6.468750000000001e-01 2.733155371308524e+00 3.015134162266987e-04
6.500000000000000e-01 2.776329003432049e+00 2.482868371296459e-04
6.531250000000001e-01 2.820180464043967e+00 2.035407915862432e-04
6.562500000000000e-01 2.864720459285089e+00 1.660912210155571e-04
6.593750000000000e-01 2.909959863398929e+00 1.348906405727622e-04
6.625000000000001e-01 2.955909721386590e+00 1.090172133156988e-04
6.656250000000000e-01 3.002581251703353e+00 8.766384106048583e-05
6.687500000000001e-01 3.049985848997626e+00 7.012746634588450e-05
6.718750000000000e-01 3.098135086892879e+00 5.579874343703553e-05
6.750000000000000e-01 3.147040720813310e+00 4.415220042685809e-05
6.781250000000001e-01 3.196714690853871e+00 3.473698074164684e-05
6.812500000000000e-01 3.247169124695383e+00 2.716822189002399e-05
6.843750000000001e-01 3.298416340565477e+00 2.111910289904400e-05
6.875000000000000e-01 3.350468850246008e+00 1.631356996702772e-05
6.906250000000000e-01 3.403339362127777e+00 1.251973248934120e-05
6.937500000000001e-01 3.457040784313211e+00 9.543908546431329e-06
6.968750000000000e-01 3.511586227767823e+00 7.225289726616071e-06
7.000000000000001e-01 3.566989009521205e+00 5.431189192216321e-06
7.031250000000000e-01 3.623262655918307e+00 4.052833528093972e-06
7.062500000000000e-01 3.680420905921852e+00 3.001657487354009e-06
7.093750000000001e-01 3.738477714466631e+00 2.206060685206900e-06
7.125000000000000e-01 3.797447255866536e+00 1.608586105022337e-06
7.156250000000001e-01 3.857343927275175e+00 1.163481604743174e-06
7.187500000000000e-01 3.918182352200844e+00 8.346071989497992e-07
7.218750000000000e-01 3.979977384076828e+00 5.936525973503654e-07
7.250000000000001e-01 4.042744109887770e+00 4.186312403042899e-07
7.281250000000000e-01 4.106497853853101e+00 2.926188761683697e-07
7.312500000000001e-01 4.171254181168399e+00 2.027065921051126e-07
7.343750000000000e-01 4.237028901805528e+00 1.391401646530132e-07
7.375000000000000e-01 4.303838074372613e+00 9.461965555215405e-08
7.406250000000001e-01 4.371698010034643e+00 6.373534187764471e-08
7.437500000000000e-01 4.440625276495786e+00 4.251831810150946e-08
7.468750000000001e-01 4.510636702044332e+00 2.808640519194697e-08
7.500000000000000e-01 4.581749379661216e+00 1.836830087369482e-08
7.531250000000000e-01 4.653980671193226e+00 1.189115365765223e-08
7.562500000000001e-01 4.727348211591802e+00 7.618890874647212e-09
7.593750000000000e-01 4.801869913218528e+00 4.830634270276330e-09
7.625000000000001e-01 4.877563970218381e+00 3.030362566408069e-09
7.656250000000000e-01 4.954448862961714e+00 1.880607445396231e-09
7.687500000000000e-01 5.032543362556198e+00 1.154388144582452e-09
7.718750000000001e-01 5.111866535429675e+00 7.008013007022088e-10
7.750000000000000e-01 5.192437747985146e+00 4.206964644592889e-10
7.781250000000001e-01 5.274276671329015e+00 2.496996751567721e-10
7.812500000000000e-01 5.357403286073669e+00 1.465174530731627e-10
7.843750000000000e-01 5.441837887215693e+00 8.498323397634670e-11
7.875000000000001e-01 5.527601089090773e+00 4.871954902310368e-11
7.906250000000000e-01 5.614713830406605e+00 2.760301809239140e-11
7.937500000000001e-01 5.703197379355005e+00 1.545447252522742e-11
7.968750000000000e-01 5.793073338804412e+00 8.549901852211405e-12
8.000000000000000e-01 5.884363651574169e+00 4.673547190855187e-12
8.031250000000001e-01 5.977090605791737e+00 2.523970815279086e-12
8.062500000000000e-01 6.071276840334257e+00 1.346642816708361e-12
8.093750000000001e-01 6.166945350355728e+00 7.097964473908144e-13
8.125000000000000e-01 6.264119492901173e+00 3.695866794078460e-13
8.156250000000000e-01 6.362822992609162e+00 1.901046019904952e-13
8.187500000000001e-01 6.463079947504072e+00 9.659632337679124e-14
8.218750000000000e-01 6.564914834879517e+00 4.848676078519701e-14
8.250000000000001e-01 6.668352517274371e+00 2.404299248502395e-14
8.281250000000000e-01 6.773418248542846e+00 1.177795929744029e-14
8.312500000000000e-01 6.880137680020114e+00 5.700151693666449e-15
8.343750000000001e-01 6.988536866784961e+00 2.725596175936431e-15
8.375000000000000e-01 7.098642274021019e+00 1.287728919524424e-15
8.406250000000001e-01 7.210480783478133e+00 6.011868687737961e-16
8.437500000000000e-01 7.324079700035414e+00 2.773677453823532e-16
8.468750000000000e-01 7.439466758367605e+00 1.264760138380545e-16
8.500000000000001e-01 7.556670129716381e+00 5.700530722779930e-17
8.531250000000000e-01 7.675718428768239e+00 2.539985290291577e-17
8.562500000000001e-01 7.796640720640633e+00 1.118959435889044e-17
8.593750000000000e-01 7.919466527978115e+00 4.874471569108162e-18
8.625000000000000e-01 8.044225838160141e+00 2.100089592733806e-18
8.656250000000001e-01 8.170949110622363e+00 8.949859324400521e-19
8.687500000000000e-01 8.299667284293170e+00 3.773440535373633e-19
8.718750000000001e-01 8.430411785147284e+00 1.574273207005914e-19
8.750000000000000e-01 8.563214533878281e+00 6.500184866928568e-20
8.781250000000000e-01 8.698107953691880e+00 2.656801763600030e-20
8.812500000000001e-01 8.835124978221932e+00 1.075147713806050e-20
8.843750000000000e-01 8.974299059571019e+00 4.308667761592565e-21
8.875000000000001e-01 9.115664176477637e+00 1.710316616803274e-21
8.906250000000000e-01 9.259254842611947e+00 6.726104065269445e-22
8.937500000000000e-01 9.405106115002161e+00 2.621205525553280e-22
8.968750000000001e-01 9.553253602593529e+00 1.012482619708569e-22
9.000000000000000e-01 9.703733474942130e+00 3.877244353160158e-23
9.031250000000001e-01 9.856582471045494e+00 1.472343796659053e-23
9.062500000000000e-01 1.001183790831228e+01 5.545595707191947e-24
9.093750000000000e-01 1.016953769167313e+01 2.072256116721226e-24
9.125000000000001e-01 1.032972032283505e+01 7.684204944415109e-25
9.156250000000000e-01 1.049242490968134e+01 2.828259673976818e-25
9.187500000000001e-01 1.065769117581972e+01 1.033497312778022e-25
9.218750000000000e-01 1.082555947028058e+01 3.750371005870307e-26
9.250000000000000e-01 1.099607077736805e+01 1.351820537843201e-26
9.281250000000001e-01 1.116926672666618e+01 4.841152744344917e-27
9.312500000000000e-01 1.134518960320255e+01 1.722932405716324e-27
9.343750000000001e-01 1.152388235777201e+01 6.095113720363291e-28
9.375000000000000e-01 1.170538861742293e+01 2.143845288113247e-28
9.406250000000000e-01 1.188975269610854e+01 7.499053970407362e-29
9.437500000000001e-01 1.207701960550600e+01 2.609297551550297e-29
9.468750000000000e-01 1.226723506600578e+01 9.033306344669151e-30
9.500000000000001e-01 1.246044551787411e+01 3.112267698706270e-30
9.531250000000000e-01 1.265669813259115e+01 1.067368496056479e-30
9.562500000000000e-01 1.285604082436773e+01 3.644670014872105e-31
9.593750000000001e-01 1.305852226184337e+01 1.239385968447051e-31
9.625000000000000e-01 1.326419187996850e+01 4.198135953974619e-32
9.656250000000001e-01 1.347309989207381e+01 1.416784769853746e-32
9.687500000000000e-01 1.368529730212962e+01 4.764786334985310e-33
9.718750000000000e-01 1.390083591719824e+01 1.597234374272141e-33
9.750000000000001e-01 1.411976836008246e+01 5.337916529211705e-34
9.781250000000000e-01 1.434214808217320e+01 1.778868432677007e-34
9.812500000000001e-01 1.456802937649935e+01 5.912541140863693e-35
9.843750000000000e-01 1.479746739098328e+01 1.960444438521802e-35
9.875000000000000e-01 1.503051814190487e+01 6.485479741368788e-36
9.906250000000001e-01 1.526723852757770e+01 2.142580298985639e-36
9.937500000000000e-01 1.550768634224049e+01 7.026823855503632e-37
9.968750000000001e-01 1.575192029016732e+01 2.430382441630851e-37
1.000000000000000e+00 1.600000000000000e+01 4.654067253822602e-38
