0.000000000000000e+00 0.000000000000000e+00 -6.949746622440028e-02
5.000000000000000e-03 3.369477419287315e-03 -6.950109899402770e-02
1.000000000000000e-02 6.741060871647481e-03 -6.949878472453107e-02
1.500000000000000e-02 1.011685770649257e-02 -6.949875127085418e-02
2.000000000000000e-02 1.349897790673588e-02 -6.950050927456658e-02
2.500000000000000e-02 1.688953540759990e-02 -6.950083679734093e-02
3.000000000000000e-02 2.029064941789469e-02 -6.950306222905363e-02
3.500000000000000e-02 2.370444574459234e-02 -6.950420300186505e-02
4.000000000000000e-02 2.713305812152553e-02 -6.950685034185532e-02
4.500000000000000e-02 3.057862954304063e-02 -6.950877249530543e-02
5.000000000000000e-02 3.404331360343898e-02 -6.951172310424521e-02
5.500000000000000e-02 3.752927584304335e-02 -6.951472465130520e-02
6.000000000000000e-02 4.103869510173117e-02 -6.951788599056258e-02
6.500000000000000e-02 4.457376488078044e-02 -6.952173376651551e-02
7.000000000000001e-02 4.813669471387935e-02 -6.952523001858141e-02
7.500000000000000e-02 5.172971154815675e-02 -6.952990333633401e-02
8.000000000000000e-02 5.535506113609672e-02 -6.953394324395948e-02
8.500000000000001e-02 5.901500943920686e-02 -6.953921142563572e-02
9.000000000000000e-02 6.271184404431801e-02 -6.954398358485928e-02
9.500000000000000e-02 6.644787559340060e-02 -6.954978800828812e-02
1.000000000000000e-01 7.022543922779090e-02 -6.955559502437647e-02
1.050000000000000e-01 7.404689604773053e-02 -6.956206856973818e-02
1.100000000000000e-01 7.791463458813094e-02 -6.956858044335623e-02
1.150000000000000e-01 8.183107231148547e-02 -6.957561761023677e-02
1.200000000000000e-01 8.579865711886202e-02 -6.958310024212302e-02
1.250000000000000e-01 8.981986887992111e-02 -6.959071082608710e-02
1.300000000000000e-01 9.389722098291493e-02 -6.959898732384227e-02
1.350000000000000e-01 9.803326190563690e-02 -6.960741760805080e-02
1.400000000000000e-01 1.022305768083033e-01 -6.961650692267102e-02
1.450000000000000e-01 1.064917891493625e-01 -6.962582864615172e-02
1.500000000000000e-01 1.108195623252418e-01 -6.963569499148854e-02
1.550000000000000e-01 1.152166013350572e-01 -6.964594330776730e-02
1.600000000000000e-01 1.196856544713255e-01 -6.965648917415120e-02
1.650000000000000e-01 1.242295150377370e-01 -6.966766254935855e-02
1.700000000000000e-01 1.288510230950609e-01 -6.967895626677668e-02
1.750000000000000e-01 1.335530672362758e-01 -6.969095253543584e-02
1.800000000000000e-01 1.383385863920344e-01 -6.970314505646631e-02
1.850000000000000e-01 1.432105716675912e-01 -6.971599137905844e-02
1.900000000000000e-01 1.481720682123397e-01 -6.972903182519005e-02
1.950000000000000e-01 1.532261771231311e-01 -6.974250460797159e-02
2.000000000000000e-01 1.583760573825595e-01 -6.975637105666893e-02
2.050000000000000e-01 1.636249278334301e-01 -6.977054886639636e-02
2.100000000000000e-01 1.689760691906397e-01 -6.978504506207794e-02
2.150000000000000e-01 1.744328260917313e-01 -6.979978384187467e-02
2.200000000000000e-01 1.799986091874004e-01 -6.981482017862223e-02
2.250000000000000e-01 1.856768972732633e-01 -6.983004252226260e-02
2.300000000000000e-01 1.914712394642179e-01 -6.984541005641838e-02
2.350000000000000e-01 1.973852574127551e-01 -6.986086678081301e-02
2.400000000000000e-01 2.034226475726105e-01 -6.987629443143413e-02
2.450000000000000e-01 2.095871835091678e-01 -6.989168384291541e-02
2.500000000000000e-01 2.158827182580599e-01 -6.990689753573000e-02
2.550000000000000e-01 2.223131867334419e-01 -6.992187595940787e-02
2.600000000000000e-01 2.288826081874405e-01 -6.993641318204606e-02
2.650000000000000e-01 2.355950887223172e-01 -6.995049004156378e-02
2.700000000000000e-01 2.424548238569160e-01 -6.996372628068911e-02
2.750000000000000e-01 2.494661011489995e-01 -6.997621646936045e-02
2.800000000000000e-01 2.566333028751116e-01 -6.998760230326992e-02
2.850000000000000e-01 2.639609087696434e-01 -6.999766075972325e-02
2.900000000000000e-01 2.714534988248126e-01 -7.000628224189938e-02
2.950000000000000e-01 2.791157561533084e-01 -7.001292192230282e-02
3.000000000000000e-01 2.869524699153886e-01 -7.001749895512237e-02
3.050000000000000e-01 2.949685383122613e-01 -7.001962711273431e-02
3.100000000000000e-01 3.031689716476197e-01 -7.001876093239889e-02
3.150000000000000e-01 3.115588954592450e-01 -7.001467003272929e-02
3.200000000000000e-01 3.201435537226349e-01 -7.000673588160079e-02
3.250000000000000e-01 3.289283121286580e-01 -6.999452152089745e-02
3.300000000000000e-01 3.379186614372866e-01 -6.997737099504979e-02
3.350000000000000e-01 3.471202209094989e-01 -6.995465553156861e-02
3.400000000000000e-01 3.565387418195016e-01 -6.992574822240406e-02
3.450000000000000e-01 3.661801110494620e-01 -6.988973747555695e-02
3.500000000000000e-01 3.760503547690021e-01 -6.984588718356168e-02
3.550000000000000e-01 3.861556422017504e-01 -6.979322871007580e-02
3.600000000000000e-01 3.965022894813072e-01 -6.973069716733250e-02
3.650000000000000e-01 4.070967635990345e-01 -6.965729914405194e-02
3.700000000000000e-01 4.179456864461349e-01 -6.957171881792350e-02
3.750000000000000e-01 4.290558389525505e-01 -6.947271505120117e-02
3.800000000000000e-01 4.404341653252637e-01 -6.935890925837560e-02
3.850000000000000e-01 4.520877773886537e-01 -6.922868504328768e-02
3.900000000000000e-01 4.640239590296172e-01 -6.908052245151949e-02
3.950000000000000e-01 4.762501707502353e-01 -6.891261065210814e-02
4.000000000000000e-01 4.887740543308307e-01 -6.872305182367823e-02
4.050000000000000e-01 5.016034376063282e-01 -6.850993935046240e-02
4.100000000000000e-01 5.147463393589066e-01 -6.827107046079378e-02
4.150000000000000e-01 5.282109743299990e-01 -6.800422227997012e-02
4.200000000000000e-01 5.420057583547735e-01 -6.770709939179378e-02
4.250000000000000e-01 5.561393136223041e-01 -6.737712705239456e-02
4.300000000000000e-01 5.706204740647189e-01 -6.701177763216240e-02
4.350000000000000e-01 5.854582908786964e-01 -6.660839426125879e-02
4.400000000000000e-01 6.006620381827575e-01 -6.616412486706436e-02
4.450000000000000e-01 6.162412188138907e-01 -6.567618593910413e-02
4.500000000000000e-01 6.322055702671360e-01 -6.514170149674389e-02
4.550000000000000e-01 6.485650707818353e-01 -6.455766363083443e-02
4.600000000000000e-01 6.653299455783577e-01 -6.392118954717375e-02
4.650000000000000e-01 6.825106732491932e-01 -6.322938325596500e-02
4.700000000000000e-01 7.001179923084168e-01 -6.247929658107894e-02
4.750000000000000e-01 7.181629079036070e-01 -6.166818671627507e-02
4.800000000000000e-01 7.366566986944229e-01 -6.079341806341388e-02
4.850000000000000e-01 7.556109239021327e-01 -5.985241254801305e-02
4.900000000000000e-01 7.750374305345038e-01 -5.884285063333483e-02
4.950000000000000e-01 7.949483607905672e-01 -5.776271145150891e-02
5.000000000000000e-01 8.153561596498893e-01 -5.661012409901479e-02
5.050000000000000e-01 8.362735826510871e-01 -5.538356206192790e-02
5.100000000000000e-01 8.577137038644561e-01 -5.408191399355235e-02
5.150000000000000e-01 8.796899240636907e-01 -5.270441745423395e-02
5.200000000000000e-01 9.022159791018011e-01 -5.125063443241873e-02
5.250000000000000e-01 9.253059484964714e-01 -4.972066650747364e-02
5.300000000000000e-01 9.489742642302165e-01 -4.811508493269597e-02
5.350000000000000e-01 9.732357197708378e-01 -4.643489172977833e-02
5.400000000000000e-01 9.981054793178262e-01 -4.468152808327325e-02
5.450000000000000e-01 1.023599087280478e+00 -4.285703911739125e-02
5.500000000000000e-01 1.049732477993657e+00 -4.096395735564892e-02
5.550000000000000e-01 1.076521985677273e+00 -3.900528219216717e-02
5.600000000000001e-01 1.103984354645701e+00 -3.698444916083707e-02
5.650000000000001e-01 1.132136749773522e+00 -3.490546798692523e-02
5.700000000000001e-01 1.160996767224129e+00 -3.277281851174835e-02
5.750000000000001e-01 1.190582445447902e+00 -3.059143897601680e-02
5.800000000000000e-01 1.220912276456826e+00 -2.836663073970458e-02
5.850000000000000e-01 1.252005217382601e+00 -2.610416882736138e-02
5.900000000000000e-01 1.283880702325469e+00 -2.381024302666190e-02
5.950000000000000e-01 1.316558654501151e+00 -2.149151310201152e-02
6.000000000000000e-01 1.350059498693518e+00 -1.915497897207186e-02
6.050000000000000e-01 1.384404174020732e+00 -1.680803485373122e-02
6.100000000000000e-01 1.419614147022888e+00 -1.445841380303680e-02
6.150000000000000e-01 1.455711425079295e+00 -1.211430543782286e-02
6.200000000000000e-01 1.492718570163803e+00 -9.784282505861367e-03
6.250000000000000e-01 1.530658712946775e+00 -7.477419165341673e-03
6.300000000000000e-01 1.569555567252506e+00 -5.203202469995389e-03
6.350000000000000e-01 1.609433444881138e+00 -2.971632635352722e-03
6.400000000000000e-01 1.650317270804325e+00 -7.931839063869146e-04
6.450000000000000e-01 1.692232598744148e+00 1.321127588368066e-03
6.500000000000000e-01 1.735205627145031e+00 3.359750494534419e-03
6.550000000000000e-01 1.779263215548615e+00 5.310579693322233e-03
6.600000000000000e-01 1.824432901381847e+00 7.160985420075517e-03
6.650000000000000e-01 1.870742917168772e+00 8.897868709472885e-03
6.700000000000000e-01 1.918222208176775e+00 1.050777359709396e-02
6.750000000000000e-01 1.966900450508319e+00 1.197706472856397e-02
6.800000000000000e-01 2.016808069649473e+00 1.329219048325027e-02
6.850000000000001e-01 2.067976259486829e+00 1.444004585808247e-02
6.900000000000001e-01 2.120437001804702e+00 1.540844644739860e-02
6.950000000000001e-01 2.174223086274785e+00 1.618671562527748e-02
7.000000000000001e-01 2.229368130950753e+00 1.676637485053188e-02
7.050000000000000e-01 2.285906603280654e+00 1.714191201809341e-02
7.100000000000000e-01 2.343873841650178e+00 1.731158804098130e-02
7.150000000000000e-01 2.403306077470301e+00 1.727823088224448e-02
7.200000000000000e-01 2.464240457823092e+00 1.704996276838118e-02
7.250000000000000e-01 2.526715068679855e+00 1.664081271122569e-02
7.300000000000000e-01 2.590768958706095e+00 1.607118283380860e-02
7.350000000000000e-01 2.656442163668210e+00 1.536816069520738e-02
7.400000000000000e-01 2.723775731457148e+00 1.456569600475518e-02
7.450000000000000e-01 2.792811747744667e+00 1.370468305738416e-02
7.500000000000000e-01 2.863593362288260e+00 1.283300471325518e-02
7.550000000000000e-01 2.936164815901156e+00 1.200559612289018e-02
7.600000000000000e-01 3.010571468104263e+00 1.128457455135034e-02
7.650000000000000e-01 3.086859825477351e+00 1.073945406104167e-02
7.700000000000000e-01 3.165077570727174e+00 1.044741813196032e-02
7.750000000000000e-01 3.245273592490716e+00 1.049355545059913e-02
7.800000000000000e-01 3.327498015892184e+00 1.097086890023295e-02
7.850000000000000e-01 3.411802233872832e+00 1.197974189959994e-02
7.900000000000000e-01 3.498238939313234e+00 1.362639350541641e-02
7.950000000000000e-01 3.586862157968046e+00 1.601969197317994e-02
8.000000000000000e-01 3.677727282233856e+00 1.926556418566092e-02
8.050000000000000e-01 3.770891105771243e+00 2.345819824235624e-02
8.100000000000001e-01 3.866411859002656e+00 2.866737345924624e-02
8.150000000000001e-01 3.964349245508326e+00 3.492166172875560e-02
8.200000000000001e-01 4.064764479342956e+00 4.218800916512459e-02
8.250000000000001e-01 4.167720323296481e+00 5.034935834963897e-02
8.300000000000001e-01 4.273281128122877e+00 5.918343861837135e-02
8.350000000000000e-01 4.381512872761445e+00 6.834740948877409e-02
8.400000000000000e-01 4.492483205575838e+00 7.737427674790757e-02
8.450000000000000e-01 4.606261486636447e+00 8.568732670796525e-02
8.500000000000000e-01 4.722918831072739e+00 9.263758967190311e-02
8.550000000000000e-01 4.842528153522501e+00 9.756604516895247e-02
8.600000000000000e-01 4.965164213705875e+00 9.988687167130587e-02
8.650000000000000e-01 5.090903663152626e+00 9.918124560164440e-02
8.700000000000000e-01 5.219825093111814e+00 9.528466284167275e-02
8.750000000000000e-01 5.352009083673925e+00 8.834688619763489e-02
8.800000000000000e-01 5.487538254136007e+00 7.884487844324671e-02
8.850000000000000e-01 5.626497314641444e+00 6.753690804580866e-02
8.900000000000000e-01 5.768973119126561e+00 5.535970796393330e-02
8.950000000000000e-01 5.915054719607133e+00 4.328671717198569e-02
9.000000000000000e-01 6.064833421838831e+00 3.217855945227199e-02
9.050000000000000e-01 6.218402842386253e+00 2.266144252159251e-02
9.100000000000000e-01 6.375858967136348e+00 1.506211125713221e-02
9.150000000000000e-01 6.537300211292723e+00 9.410991437310806e-03
9.200000000000000e-01 6.702827480888332e+00 5.504405603756023e-03
9.250000000000000e-01 6.872544235855034e+00 3.000408032166323e-03
9.300000000000000e-01 7.046556554689444e+00 1.517063359531659e-03
9.350000000000001e-01 7.224973200755413e+00 7.079827494852390e-04
9.400000000000001e-01 7.407905690264673e+00 3.033586164629688e-04
9.450000000000001e-01 7.595468361978146e+00 1.186845894149459e-04
9.500000000000001e-01 7.787778448671316e+00 4.214924890983431e-05
9.550000000000001e-01 7.984956150408610e+00 1.350368648053092e-05
9.600000000000000e-01 8.187124709672272e+00 3.877397811746501e-06
9.650000000000000e-01 8.394410488393007e+00 9.909590837943973e-07
9.700000000000000e-01 8.606943046930221e+00 2.237955645393806e-07
9.750000000000000e-01 8.824855225051540e+00 4.432824653772401e-08
9.800000000000000e-01 9.048283224961922e+00 7.647559157829416e-09
9.850000000000000e-01 9.277366696434507e+00 1.149939077295638e-09
9.900000000000000e-01 9.512248824096272e+00 1.601392628594306e-10
9.950000000000000e-01 9.753076416923058e+00 3.216410745169712e-11
1.000000000000000e+00 1.000000000000000e+01 -9.362682844238732e-12
