0.000000000000000e+00 0.000000000000000e+00 -4.061184748660061e-03
5.000000000000000e-03 3.369477419287315e-03 -4.064785428861947e-03
1.000000000000000e-02 6.741060871647481e-03 -4.065864523566316e-03
1.500000000000000e-02 1.011685770649257e-02 -4.067216654075461e-03
2.000000000000000e-02 1.349897790673588e-02 -4.068150230102103e-03
2.500000000000000e-02 1.688953540759990e-02 -4.069564724529738e-03
3.000000000000000e-02 2.029064941789469e-02 -4.071560559892546e-03
3.500000000000000e-02 2.370444574459234e-02 -4.073641062786440e-03
4.000000000000000e-02 2.713305812152553e-02 -4.076322411997100e-03
4.500000000000000e-02 3.057862954304063e-02 -4.078710880880528e-03
5.000000000000000e-02 3.404331360343898e-02 -4.082327293898122e-03
5.500000000000000e-02 3.752927584304335e-02 -4.085801967755205e-03
6.000000000000000e-02 4.103869510173117e-02 -4.089805068829835e-03
6.500000000000000e-02 4.457376488078044e-02 -4.094100114037353e-03
7.000000000000001e-02 4.813669471387935e-02 -4.098610695739418e-03
7.500000000000000e-02 5.172971154815675e-02 -4.103770524413602e-03
8.000000000000000e-02 5.535506113609672e-02 -4.109117157763941e-03
8.500000000000001e-02 5.901500943920686e-02 -4.115093864029857e-03
9.000000000000000e-02 6.271184404431801e-02 -4.121301695169142e-03
9.500000000000000e-02 6.644787559340060e-02 -4.128193084845087e-03
1.000000000000000e-01 7.022543922779090e-02 -4.135529188288901e-03
1.050000000000000e-01 7.404689604773053e-02 -4.143541130652577e-03
1.100000000000000e-01 7.791463458813094e-02 -4.151679394643800e-03
1.150000000000000e-01 8.183107231148547e-02 -4.160874008305617e-03
1.200000000000000e-01 8.579865711886202e-02 -4.170073973604348e-03
1.250000000000000e-01 8.981986887992111e-02 -4.180384485911112e-03
1.300000000000000e-01 9.389722098291493e-02 -4.190874720062316e-03
1.350000000000000e-01 9.803326190563690e-02 -4.202390049764037e-03
1.400000000000000e-01 1.022305768083033e-01 -4.214282878278743e-03
1.450000000000000e-01 1.064917891493625e-01 -4.227005469553585e-03
1.500000000000000e-01 1.108195623252418e-01 -4.240357065226043e-03
1.550000000000000e-01 1.152166013350572e-01 -4.254654986568973e-03
1.600000000000000e-01 1.196856544713255e-01 -4.269599384413355e-03
1.650000000000000e-01 1.242295150377370e-01 -4.285496022232506e-03
1.700000000000000e-01 1.288510230950609e-01 -4.302318403624260e-03
1.750000000000000e-01 1.335530672362758e-01 -4.319983760084295e-03
1.800000000000000e-01 1.383385863920344e-01 -4.338816465414093e-03
1.850000000000000e-01 1.432105716675912e-01 -4.358468294648774e-03
1.900000000000000e-01 1.481720682123397e-01 -4.379425065544965e-03
1.950000000000000e-01 1.532261771231311e-01 -4.401366697496738e-03
2.000000000000000e-01 1.583760573825595e-01 -4.424552420380295e-03
2.050000000000000e-01 1.636249278334301e-01 -4.448973802482797e-03
2.100000000000000e-01 1.689760691906397e-01 -4.474768520031823e-03
2.150000000000000e-01 1.744328260917313e-01 -4.501970254412127e-03
2.200000000000000e-01 1.799986091874004e-01 -4.530541587129898e-03
2.250000000000000e-01 1.856768972732633e-01 -4.560883326130328e-03
2.300000000000000e-01 1.914712394642179e-01 -4.592616447900185e-03
2.350000000000000e-01 1.973852574127551e-01 -4.626371605841556e-03
2.400000000000000e-01 2.034226475726105e-01 -4.661626398569648e-03
2.450000000000000e-01 2.095871835091678e-01 -4.699039151302393e-03
2.500000000000000e-01 2.158827182580599e-01 -4.738284502442611e-03
2.550000000000000e-01 2.223131867334419e-01 -4.779815154875013e-03
2.600000000000000e-01 2.288826081874405e-01 -4.823473365874241e-03
2.650000000000000e-01 2.355950887223172e-01 -4.869572104565419e-03
2.700000000000000e-01 2.424548238569160e-01 -4.918199520339104e-03
2.750000000000000e-01 2.494661011489995e-01 -4.969301978304895e-03
2.800000000000000e-01 2.566333028751116e-01 -5.023410463894327e-03
2.850000000000000e-01 2.639609087696434e-01 -5.080299150996608e-03
2.900000000000000e-01 2.714534988248126e-01 -5.140428128836267e-03
2.950000000000000e-01 2.791157561533084e-01 -5.203731574957556e-03
3.000000000000000e-01 2.869524699153886e-01 -5.270478065148212e-03
3.050000000000000e-01 2.949685383122613e-01 -5.341000252523198e-03
3.100000000000000e-01 3.031689716476197e-01 -5.415204227406639e-03
3.150000000000000e-01 3.115588954592450e-01 -5.493732031557745e-03
3.200000000000000e-01 3.201435537226349e-01 -5.576361039393755e-03
3.250000000000000e-01 3.289283121286580e-01 -5.663737830067880e-03
3.300000000000000e-01 3.379186614372866e-01 -5.755826735710368e-03
3.350000000000000e-01 3.471202209094989e-01 -5.853041382877259e-03
3.400000000000000e-01 3.565387418195016e-01 -5.955711534186212e-03
3.450000000000000e-01 3.661801110494620e-01 -6.064008711814218e-03
3.500000000000000e-01 3.760503547690021e-01 -6.178469978339844e-03
3.550000000000000e-01 3.861556422017504e-01 -6.299261675085079e-03
3.600000000000000e-01 3.965022894813072e-01 -6.426807043987295e-03
3.650000000000000e-01 4.070967635990345e-01 -6.561566377180142e-03
3.700000000000000e-01 4.179456864461349e-01 -6.703840463408321e-03
3.750000000000000e-01 4.290558389525505e-01 -6.854221499385431e-03
3.800000000000000e-01 4.404341653252637e-01 -7.013060756529617e-03
3.850000000000000e-01 4.520877773886537e-01 -7.180917919957251e-03
3.900000000000000e-01 4.640239590296172e-01 -7.358178546777555e-03
3.950000000000000e-01 4.762501707502353e-01 -7.545627026123306e-03
4.000000000000000e-01 4.887740543308307e-01 -7.743680070547828e-03
4.050000000000000e-01 5.016034376063282e-01 -7.952937351625644e-03
4.100000000000000e-01 5.147463393589066e-01 -8.174167396594633e-03
4.150000000000000e-01 5.282109743299990e-01 -8.407928542671889e-03
4.200000000000000e-01 5.420057583547735e-01 -8.654975786922019e-03
4.250000000000000e-01 5.561393136223041e-01 -8.916079514467667e-03
4.300000000000000e-01 5.706204740647189e-01 -9.191911622022908e-03
4.350000000000000e-01 5.854582908786964e-01 -9.483424569305947e-03
4.400000000000000e-01 6.006620381827575e-01 -9.791287168357738e-03
4.450000000000000e-01 6.162412188138907e-01 -1.011647284661747e-02
4.500000000000000e-01 6.322055702671360e-01 -1.045982462756537e-02
4.550000000000000e-01 6.485650707818353e-01 -1.082219553948262e-02
4.600000000000000e-01 6.653299455783577e-01 -1.120456988800249e-02
4.650000000000000e-01 6.825106732491932e-01 -1.160780615349179e-02
4.700000000000000e-01 7.001179923084168e-01 -1.203278587994492e-02
4.750000000000000e-01 7.181629079036070e-01 -1.248049216336558e-02
4.800000000000000e-01 7.366566986944229e-01 -1.295164046279943e-02
4.850000000000000e-01 7.556109239021327e-01 -1.344713448951648e-02
4.900000000000000e-01 7.750374305345038e-01 -1.396767108350156e-02
4.950000000000000e-01 7.949483607905672e-01 -1.451382857217170e-02
5.000000000000000e-01 8.153561596498893e-01 -1.508616950922514e-02
5.050000000000000e-01 8.362735826510871e-01 -1.568500282055705e-02
5.100000000000000e-01 8.577137038644561e-01 -1.631039041231075e-02
5.150000000000000e-01 8.796899240636907e-01 -1.696230646466005e-02
5.200000000000000e-01 9.022159791018011e-01 -1.764022449006473e-02
5.250000000000000e-01 9.253059484964714e-01 -1.834333356518574e-02
5.300000000000000e-01 9.489742642302165e-01 -1.907043476519618e-02
5.350000000000000e-01 9.732357197708378e-01 -1.981969773505539e-02
5.400000000000000e-01 9.981054793178262e-01 -2.058872028163959e-02
5.450000000000000e-01 1.023599087280478e+00 -2.137450485064200e-02
5.500000000000000e-01 1.049732477993657e+00 -2.217311418091483e-02
5.550000000000000e-01 1.076521985677273e+00 -2.297978049418622e-02
5.600000000000001e-01 1.103984354645701e+00 -2.378882311931394e-02
5.650000000000001e-01 1.132136749773522e+00 -2.459338302499247e-02
5.700000000000001e-01 1.160996767224129e+00 -2.538544632598732e-02
5.750000000000001e-01 1.190582445447902e+00 -2.615589759743507e-02
5.800000000000000e-01 1.220912276456826e+00 -2.689432234874007e-02
5.850000000000000e-01 1.252005217382601e+00 -2.758904705652624e-02
5.900000000000000e-01 1.283880702325469e+00 -2.822737544787612e-02
5.950000000000000e-01 1.316558654501151e+00 -2.879563627350978e-02
6.000000000000000e-01 1.350059498693518e+00 -2.927933640177928e-02
6.050000000000000e-01 1.384404174020732e+00 -2.966359476013162e-02
6.100000000000000e-01 1.419614147022888e+00 -2.993358197316368e-02
6.150000000000000e-01 1.455711425079295e+00 -3.007485695912337e-02
6.200000000000000e-01 1.492718570163803e+00 -3.007387899456182e-02
6.250000000000000e-01 1.530658712946775e+00 -2.991864723550941e-02
6.300000000000000e-01 1.569555567252506e+00 -2.959918146613284e-02
6.350000000000000e-01 1.609433444881138e+00 -2.910787616636673e-02
6.400000000000000e-01 1.650317270804325e+00 -2.843983865800161e-02
6.450000000000000e-01 1.692232598744148e+00 -2.759322209287813e-02
6.500000000000000e-01 1.735205627145031e+00 -2.656930112902974e-02
6.550000000000000e-01 1.779263215548615e+00 -2.537239376224866e-02
6.600000000000000e-01 1.824432901381847e+00 -2.400964797804082e-02
6.650000000000000e-01 1.870742917168772e+00 -2.249086808378890e-02
6.700000000000000e-01 1.918222208176775e+00 -2.082820262717848e-02
6.750000000000000e-01 1.966900450508319e+00 -1.903582098735496e-02
6.800000000000000e-01 2.016808069649473e+00 -1.712946473389849e-02
6.850000000000001e-01 2.067976259486829e+00 -1.512611968793028e-02
6.900000000000001e-01 2.120437001804702e+00 -1.304368265984019e-02
6.950000000000001e-01 2.174223086274785e+00 -1.090077736762329e-02
7.000000000000001e-01 2.229368130950753e+00 -8.716503744415908e-03
7.050000000000000e-01 2.285906603280654e+00 -6.510342221672030e-03
7.100000000000000e-01 2.343873841650178e+00 -4.301957686063396e-03
7.150000000000000e-01 2.403306077470301e+00 -2.111140849931351e-03
7.200000000000000e-01 2.464240457823092e+00 4.235395587748650e-05
7.250000000000000e-01 2.526715068679855e+00 2.138953593301678e-03
7.300000000000000e-01 2.590768958706095e+00 4.159570870318184e-03
7.350000000000000e-01 2.656442163668210e+00 6.086079903482865e-03
7.400000000000000e-01 2.723775731457148e+00 7.902110662659390e-03
7.450000000000000e-01 2.792811747744667e+00 9.594268269972700e-03
7.500000000000000e-01 2.863593362288260e+00 1.115391461652977e-02
7.550000000000000e-01 2.936164815901156e+00 1.257959048173541e-02
7.600000000000000e-01 3.010571468104263e+00 1.388006186094141e-02
7.650000000000000e-01 3.086859825477351e+00 1.507781849644877e-02
7.700000000000000e-01 3.165077570727174e+00 1.621267878436578e-02
7.750000000000000e-01 3.245273592490716e+00 1.734499925601033e-02
7.800000000000000e-01 3.327498015892184e+00 1.855788342344377e-02
7.850000000000000e-01 3.411802233872832e+00 1.995774021829116e-02
7.900000000000000e-01 3.498238939313234e+00 2.167253782766096e-02
7.950000000000000e-01 3.586862157968046e+00 2.384710885676285e-02
8.000000000000000e-01 3.677727282233856e+00 2.663488462779928e-02
8.050000000000000e-01 3.770891105771243e+00 3.018551175744092e-02
8.100000000000001e-01 3.866411859002656e+00 3.462801954549382e-02
8.150000000000001e-01 3.964349245508326e+00 4.004966951480823e-02
8.200000000000001e-01 4.064764479342956e+00 4.647141569609495e-02
8.250000000000001e-01 4.167720323296481e+00 5.382205581061651e-02
8.300000000000001e-01 4.273281128122877e+00 6.191456772145176e-02
8.350000000000000e-01 4.381512872761445e+00 7.042956286934651e-02
8.400000000000000e-01 4.492483205575838e+00 7.891184288633331e-02
8.450000000000000e-01 4.606261486636447e+00 8.678616597732153e-02
8.500000000000000e-01 4.722918831072739e+00 9.339691400912085e-02
8.550000000000000e-01 4.842528153522501e+00 9.807294277373038e-02
8.600000000000000e-01 4.965164213705875e+00 1.002134745274242e-01
8.650000000000000e-01 5.090903663152626e+00 9.938417209102769e-02
8.700000000000000e-01 5.219825093111814e+00 9.540614092283381e-02
8.750000000000000e-01 5.352009083673925e+00 8.841689156580729e-02
8.800000000000000e-01 5.487538254136007e+00 7.888368345997814e-02
8.850000000000000e-01 5.626497314641444e+00 6.755758247504498e-02
8.900000000000000e-01 5.768973119126561e+00 5.537028717019439e-02
8.950000000000000e-01 5.915054719607133e+00 4.329191295844434e-02
9.000000000000000e-01 6.064833421838831e+00 3.218100712691142e-02
9.050000000000000e-01 6.218402842386253e+00 2.266254789016593e-02
9.100000000000000e-01 6.375858967136348e+00 1.506258953454612e-02
9.150000000000000e-01 6.537300211292723e+00 9.411189618708161e-03
9.200000000000000e-01 6.702827480888332e+00 5.504484212404482e-03
9.250000000000000e-01 6.872544235855034e+00 3.000437869560882e-03
9.300000000000000e-01 7.046556554689444e+00 1.517074195768562e-03
9.350000000000001e-01 7.224973200755413e+00 7.079865179822618e-04
9.400000000000001e-01 7.407905690264673e+00 3.033598766923403e-04
9.450000000000001e-01 7.595468361978146e+00 1.186850003795380e-04
9.500000000000001e-01 7.787778448671316e+00 4.214938725464883e-05
9.550000000000001e-01 7.984956150408610e+00 1.350373734508081e-05
9.600000000000000e-01 8.187124709672272e+00 3.877419027332825e-06
9.650000000000000e-01 8.394410488393007e+00 9.909670776821718e-07
9.700000000000000e-01 8.606943046930221e+00 2.237922474913287e-07
9.750000000000000e-01 8.824855225051540e+00 4.432533902865676e-08
9.800000000000000e-01 9.048283224961922e+00 7.650887375307422e-09
9.850000000000000e-01 9.277366696434507e+00 1.152048388061238e-09
9.900000000000000e-01 9.512248824096272e+00 1.590509842067025e-10
9.950000000000000e-01 9.753076416923058e+00 3.373518689486730e-11
1.000000000000000e+00 1.000000000000000e+01 -1.132656268836320e-10
