0.000000000000000e+00 0.000000000000000e+00 -2.408923794694622e-02
5.000000000000000e-03 3.369477419287315e-03 -2.409284114826477e-02
1.000000000000000e-02 6.741060871647481e-03 -2.409127597485927e-02
1.500000000000000e-02 1.011685770649257e-02 -2.409301195928840e-02
2.000000000000000e-02 1.349897790673588e-02 -2.409669761402181e-02
2.500000000000000e-02 1.688953540759990e-02 -2.410036101927559e-02
3.000000000000000e-02 2.029064941789469e-02 -2.410579998496244e-02
3.500000000000000e-02 2.370444574459234e-02 -2.411129417018453e-02
4.000000000000000e-02 2.713305812152553e-02 -2.411882760318500e-02
4.500000000000000e-02 3.057862954304063e-02 -2.412651646437323e-02
5.000000000000000e-02 3.404331360343898e-02 -2.413560538727174e-02
5.500000000000000e-02 3.752927584304335e-02 -2.414533719580427e-02
6.000000000000000e-02 4.103869510173117e-02 -2.415648375875576e-02
6.500000000000000e-02 4.457376488078044e-02 -2.416848291785011e-02
7.000000000000001e-02 4.813669471387935e-02 -2.418153362012294e-02
7.500000000000000e-02 5.172971154815675e-02 -2.419607580640148e-02
8.000000000000000e-02 5.535506113609672e-02 -2.421126352232762e-02
8.500000000000001e-02 5.901500943920686e-02 -2.422827481088566e-02
9.000000000000000e-02 6.271184404431801e-02 -2.424600700232026e-02
9.500000000000000e-02 6.644787559340060e-02 -2.426574240658237e-02
1.000000000000000e-01 7.022543922779090e-02 -2.428601216980316e-02
1.050000000000000e-01 7.404689604773053e-02 -2.430836237942157e-02
1.100000000000000e-01 7.791463458813094e-02 -2.433151577404992e-02
1.150000000000000e-01 8.183107231148547e-02 -2.435671712388088e-02
1.200000000000000e-01 8.579865711886202e-02 -2.438311558511237e-02
1.250000000000000e-01 8.981986887992111e-02 -2.441139761127527e-02
1.300000000000000e-01 9.389722098291493e-02 -2.444114465082263e-02
1.350000000000000e-01 9.803326190563690e-02 -2.447282969153287e-02
1.400000000000000e-01 1.022305768083033e-01 -2.450625375033711e-02
1.450000000000000e-01 1.064917891493625e-01 -2.454158003269184e-02
1.500000000000000e-01 1.108195623252418e-01 -2.457915015946666e-02
1.550000000000000e-01 1.152166013350572e-01 -2.461850034697374e-02
1.600000000000000e-01 1.196856544713255e-01 -2.466029423753353e-02
1.650000000000000e-01 1.242295150377370e-01 -2.470415841305986e-02
1.700000000000000e-01 1.288510230950609e-01 -2.475058446340677e-02
1.750000000000000e-01 1.335530672362758e-01 -2.479934909974375e-02
1.800000000000000e-01 1.383385863920344e-01 -2.485078600389315e-02
1.850000000000000e-01 1.432105716675912e-01 -2.490500323961069e-02
1.900000000000000e-01 1.481720682123397e-01 -2.496187634333647e-02
1.950000000000000e-01 1.532261771231311e-01 -2.502205137075461e-02
2.000000000000000e-01 1.583760573825595e-01 -2.508494936905921e-02
2.050000000000000e-01 1.636249278334301e-01 -2.515146518531745e-02
2.100000000000000e-01 1.689760691906397e-01 -2.522108106201914e-02
2.150000000000000e-01 1.744328260917313e-01 -2.529452952514047e-02
2.200000000000000e-01 1.799986091874004e-01 -2.537148277604738e-02
2.250000000000000e-01 1.856768972732633e-01 -2.545251824829606e-02
2.300000000000000e-01 1.914712394642179e-01 -2.553751803800341e-02
2.350000000000000e-01 1.973852574127551e-01 -2.562669121425226e-02
2.400000000000000e-01 2.034226475726105e-01 -2.572049295742997e-02
2.450000000000000e-01 2.095871835091678e-01 -2.581878836297209e-02
2.500000000000000e-01 2.158827182580599e-01 -2.592212090763200e-02
2.550000000000000e-01 2.223131867334419e-01 -2.603036182810560e-02
2.600000000000000e-01 2.288826081874405e-01 -2.614395509049269e-02
2.650000000000000e-01 2.355950887223172e-01 -2.626311410030655e-02
2.700000000000000e-01 2.424548238569160e-01 -2.638788103464907e-02
2.750000000000000e-01 2.494661011489995e-01 -2.651888044595158e-02
2.800000000000000e-01 2.566333028751116e-01 -2.665592458117563e-02
2.850000000000000e-01 2.639609087696434e-01 -2.679971014641796e-02
2.900000000000000e-01 2.714534988248126e-01 -2.695015681095702e-02
2.950000000000000e-01 2.791157561533084e-01 -2.710773625507661e-02
3.000000000000000e-01 2.869524699153886e-01 -2.727266601528639e-02
3.050000000000000e-01 2.949685383122613e-01 -2.744520762973483e-02
3.100000000000000e-01 3.031689716476197e-01 -2.762576811859877e-02
3.150000000000000e-01 3.115588954592450e-01 -2.781454033669122e-02
3.200000000000000e-01 3.201435537226349e-01 -2.801186228266229e-02
3.250000000000000e-01 3.289283121286580e-01 -2.821805200434603e-02
3.300000000000000e-01 3.379186614372866e-01 -2.843336798625208e-02
3.350000000000000e-01 3.471202209094989e-01 -2.865819688804704e-02
3.400000000000000e-01 3.565387418195016e-01 -2.889280834156672e-02
3.450000000000000e-01 3.661801110494620e-01 -2.913753017050568e-02
3.500000000000000e-01 3.760503547690021e-01 -2.939247077443885e-02
3.550000000000000e-01 3.861556422017504e-01 -2.965821956486812e-02
3.600000000000000e-01 3.965022894813072e-01 -2.993484108815257e-02
3.650000000000000e-01 4.070967635990345e-01 -3.022259625088726e-02
3.700000000000000e-01 4.179456864461349e-01 -3.052180970204403e-02
3.750000000000000e-01 4.290558389525505e-01 -3.083258226506472e-02
3.800000000000000e-01 4.404341653252637e-01 -3.115515442485494e-02
3.850000000000000e-01 4.520877773886537e-01 -3.148963857296508e-02
3.900000000000000e-01 4.640239590296172e-01 -3.183606614978141e-02
3.950000000000000e-01 4.762501707502353e-01 -3.219459130318198e-02
4.000000000000000e-01 4.887740543308307e-01 -3.256502165389161e-02
4.050000000000000e-01 5.016034376063282e-01 -3.294738333899119e-02
4.100000000000000e-01 5.147463393589066e-01 -3.334142541317973e-02
4.150000000000000e-01 5.282109743299990e-01 -3.374682808203205e-02
4.200000000000000e-01 5.420057583547735e-01 -3.416327226028858e-02
4.250000000000000e-01 5.561393136223041e-01 -3.459014957275124e-02
4.300000000000000e-01 5.706204740647189e-01 -3.502680051233801e-02
4.350000000000000e-01 5.854582908786964e-01 -3.547245447143229e-02
4.400000000000000e-01 6.006620381827575e-01 -3.592597462297227e-02
4.450000000000000e-01 6.162412188138907e-01 -3.638624102785784e-02
4.500000000000000e-01 6.322055702671360e-01 -3.685177385369671e-02
4.550000000000000e-01 6.485650707818353e-01 -3.732082286347963e-02
4.600000000000000e-01 6.653299455783577e-01 -3.779150029488867e-02
4.650000000000000e-01 6.825106732491932e-01 -3.826148180095698e-02
4.700000000000000e-01 7.001179923084168e-01 -3.872813686010688e-02
4.750000000000000e-01 7.181629079036070e-01 -3.918860167894349e-02
4.800000000000000e-01 7.366566986944229e-01 -3.963947738698786e-02
4.850000000000000e-01 7.556109239021327e-01 -4.007704056195822e-02
4.900000000000000e-01 7.750374305345038e-01 -4.049722742292643e-02
4.950000000000000e-01 7.949483607905672e-01 -4.089540200692608e-02
5.000000000000000e-01 8.153561596498893e-01 -4.126657041848537e-02
5.050000000000000e-01 8.362735826510871e-01 -4.160536873707370e-02
5.100000000000000e-01 8.577137038644561e-01 -4.190589044773960e-02
5.150000000000000e-01 8.796899240636907e-01 -4.216187985132863e-02
5.200000000000000e-01 9.022159791018011e-01 -4.236681281551809e-02
5.250000000000000e-01 9.253059484964714e-01 -4.251374479270733e-02
5.300000000000000e-01 9.489742642302165e-01 -4.259551911696792e-02
5.350000000000000e-01 9.732357197708378e-01 -4.260493866090671e-02
5.400000000000000e-01 9.981054793178262e-01 -4.253470721402210e-02
5.450000000000000e-01 1.023599087280478e+00 -4.237757342091097e-02
5.500000000000000e-01 1.049732477993657e+00 -4.212661665477871e-02
5.550000000000000e-01 1.076521985677273e+00 -4.177530122912034e-02
5.600000000000001e-01 1.103984354645701e+00 -4.131753579399373e-02
5.650000000000001e-01 1.132136749773522e+00 -4.074796648775834e-02
5.700000000000001e-01 1.160996767224129e+00 -4.006214162212902e-02
5.750000000000001e-01 1.190582445447902e+00 -3.925654527278313e-02
5.800000000000000e-01 1.220912276456826e+00 -3.832868653519347e-02
5.850000000000000e-01 1.252005217382601e+00 -3.727733524405588e-02
5.900000000000000e-01 1.283880702325469e+00 -3.610254434895140e-02
5.950000000000000e-01 1.316558654501151e+00 -3.480562658507095e-02
6.000000000000000e-01 1.350059498693518e+00 -3.338912777649832e-02
6.050000000000000e-01 1.384404174020732e+00 -3.185693423446126e-02
6.100000000000000e-01 1.419614147022888e+00 -3.021419065261873e-02
6.150000000000000e-01 1.455711425079295e+00 -2.846721358446141e-02
6.200000000000000e-01 1.492718570163803e+00 -2.662332909881091e-02
6.250000000000000e-01 1.530658712946775e+00 -2.469087233149257e-02
6.300000000000000e-01 1.569555567252506e+00 -2.267908230142269e-02
6.350000000000000e-01 1.609433444881138e+00 -2.059806217125238e-02
6.400000000000000e-01 1.650317270804325e+00 -1.845858995899782e-02
6.450000000000000e-01 1.692232598744148e+00 -1.627207404396484e-02
6.500000000000000e-01 1.735205627145031e+00 -1.405045146042273e-02
6.550000000000000e-01 1.779263215548615e+00 -1.180623635725831e-02
6.600000000000000e-01 1.824432901381847e+00 -9.552439891192336e-03
6.650000000000000e-01 1.870742917168772e+00 -7.302648445913061e-03
6.700000000000000e-01 1.918222208176775e+00 -5.070946309911783e-03
6.750000000000000e-01 1.966900450508319e+00 -2.872002825798377e-03
6.800000000000000e-01 2.016808069649473e+00 -7.210483542330691e-04
6.850000000000001e-01 2.067976259486829e+00 1.366059952323080e-03
6.900000000000001e-01 2.120437001804702e+00 3.372851008479197e-03
6.950000000000001e-01 2.174223086274785e+00 5.282261011694960e-03
7.000000000000001e-01 2.229368130950753e+00 7.076749460335093e-03
7.050000000000000e-01 2.285906603280654e+00 8.738518968863592e-03
7.100000000000000e-01 2.343873841650178e+00 1.024989932842369e-02
7.150000000000000e-01 2.403306077470301e+00 1.159393865290996e-02
7.200000000000000e-01 2.464240457823092e+00 1.275524989759548e-02
7.250000000000000e-01 2.526715068679855e+00 1.372114075742522e-02
7.300000000000000e-01 2.590768958706095e+00 1.448302652296870e-02
7.350000000000000e-01 2.656442163668210e+00 1.503808423828738e-02
7.400000000000000e-01 2.723775731457148e+00 1.539106400551014e-02
7.450000000000000e-01 2.792811747744667e+00 1.555614026365530e-02
7.500000000000000e-01 2.863593362288260e+00 1.555867288875359e-02
7.550000000000000e-01 2.936164815901156e+00 1.543675804858668e-02
7.600000000000000e-01 3.010571468104263e+00 1.524247485653341e-02
7.650000000000000e-01 3.086859825477351e+00 1.504275982815857e-02
7.700000000000000e-01 3.165077570727174e+00 1.491984702624523e-02
7.750000000000000e-01 3.245273592490716e+00 1.497118116025279e-02
7.800000000000000e-01 3.327498015892184e+00 1.530863692558612e-02
7.850000000000000e-01 3.411802233872832e+00 1.605676590978846e-02
7.900000000000000e-01 3.498238939313234e+00 1.734965943160657e-02
7.950000000000000e-01 3.586862157968046e+00 1.932588850363139e-02
8.000000000000000e-01 3.677727282233856e+00 2.212089723733102e-02
8.050000000000000e-01 3.770891105771243e+00 2.585623245693659e-02
8.100000000000001e-01 3.866411859002656e+00 3.062515488838697e-02
8.150000000000001e-01 3.964349245508326e+00 3.647457454589643e-02
8.200000000000001e-01 4.064764479342956e+00 4.338396159972917e-02
8.250000000000001e-01 4.167720323296481e+00 5.124294444127401e-02
8.300000000000001e-01 4.273281128122877e+00 5.983066965007835e-02
8.350000000000000e-01 4.381512872761445e+00 6.880146494960697e-02
8.400000000000000e-01 4.492483205575838e+00 7.768252393734934e-02
8.450000000000000e-01 4.606261486636447e+00 8.588964582263615e-02
8.500000000000000e-01 4.722918831072739e+00 9.276586004873690e-02
8.550000000000000e-01 4.842528153522501e+00 9.764452760514246e-02
8.600000000000000e-01 4.965164213705875e+00 9.993317203568711e-02
8.650000000000000e-01 5.090903663152626e+00 9.920755909463227e-02
8.700000000000000e-01 5.219825093111814e+00 9.529905682148153e-02
8.750000000000000e-01 5.352009083673925e+00 8.835445853302118e-02
8.800000000000000e-01 5.487538254136007e+00 7.884870649495450e-02
8.850000000000000e-01 5.626497314641444e+00 6.753876624844152e-02
8.900000000000000e-01 5.768973119126561e+00 5.536057345238821e-02
8.950000000000000e-01 5.915054719607133e+00 4.328710370486349e-02
9.000000000000000e-01 6.064833421838831e+00 3.217872487372014e-02
9.050000000000000e-01 6.218402842386253e+00 2.266151032017112e-02
9.100000000000000e-01 6.375858967136348e+00 1.506213785434819e-02
9.150000000000000e-01 6.537300211292723e+00 9.411001419496787e-03
9.200000000000000e-01 6.702827480888332e+00 5.504409186392583e-03
9.250000000000000e-01 6.872544235855034e+00 3.000409261635857e-03
9.300000000000000e-01 7.046556554689444e+00 1.517063763245568e-03
9.350000000000001e-01 7.224973200755413e+00 7.079828775006459e-04
9.400000000000001e-01 7.407905690264673e+00 3.033586572657614e-04
9.450000000000001e-01 7.595468361978146e+00 1.186846052245452e-04
9.500000000000001e-01 7.787778448671316e+00 4.214925934862136e-05
9.550000000000001e-01 7.984956150408610e+00 1.350369579999267e-05
9.600000000000000e-01 8.187124709672272e+00 3.877407564018960e-06
9.650000000000000e-01 8.394410488393007e+00 9.909653818871044e-07
9.700000000000000e-01 8.606943046930221e+00 2.237960026183914e-07
9.750000000000000e-01 8.824855225051540e+00 4.432686093026439e-08
9.800000000000000e-01 9.048283224961922e+00 7.644929985232729e-09
9.850000000000000e-01 9.277366696434507e+00 1.149683235872813e-09
9.900000000000000e-01 9.512248824096272e+00 1.662249936690904e-10
9.950000000000000e-01 9.753076416923058e+00 3.368824436733292e-11
1.000000000000000e+00 1.000000000000000e+01 -4.330116178440665e-12
