0.000000000000000e+00 0.000000000000000e+00 -1.525426311283460e-04
5.000000000000000e-03 3.369477419287315e-03 -1.561432927144513e-04
1.000000000000000e-02 6.741060871647481e-03 -1.534248017421880e-04
1.500000000000000e-02 1.011685770649257e-02 -1.559477058123370e-04
2.000000000000000e-02 1.349897790673588e-02 -1.531657130791227e-04
2.500000000000000e-02 1.688953540759990e-02 -1.559941954597280e-04
3.000000000000000e-02 2.029064941789469e-02 -1.535858332524025e-04
3.500000000000000e-02 2.370444574459234e-02 -1.557992683020384e-04
4.000000000000000e-02 2.713305812152553e-02 -1.539096419738877e-04
4.500000000000000e-02 3.057862954304063e-02 -1.555360277959168e-04
5.000000000000000e-02 3.404331360343898e-02 -1.541620918785350e-04
5.500000000000000e-02 3.752927584304335e-02 -1.554010570530101e-04
6.000000000000000e-02 4.103869510173117e-02 -1.541368567425560e-04
6.500000000000000e-02 4.457376488078044e-02 -1.551814201785397e-04
7.000000000000001e-02 4.813669471387935e-02 -1.544239176692688e-04
7.500000000000000e-02 5.172971154815675e-02 -1.553879725867336e-04
8.000000000000000e-02 5.535506113609672e-02 -1.545618255017208e-04
8.500000000000001e-02 5.901500943920686e-02 -1.554738257402855e-04
9.000000000000000e-02 6.271184404431801e-02 -1.546357977972847e-04
9.500000000000000e-02 6.644787559340060e-02 -1.554277843011363e-04
1.000000000000000e-01 7.022543922779090e-02 -1.547940050772575e-04
1.050000000000000e-01 7.404689604773053e-02 -1.553911656783524e-04
1.100000000000000e-01 7.791463458813094e-02 -1.550076353853250e-04
1.150000000000000e-01 8.183107231148547e-02 -1.554004960855442e-04
1.200000000000000e-01 8.579865711886202e-02 -1.552057697696285e-04
1.250000000000000e-01 8.981986887992111e-02 -1.553887834579393e-04
1.300000000000000e-01 9.389722098291493e-02 -1.553643102771012e-04
1.350000000000000e-01 9.803326190563690e-02 -1.555090018274159e-04
1.400000000000000e-01 1.022305768083033e-01 -1.555952442925262e-04
1.450000000000000e-01 1.064917891493625e-01 -1.555156538500076e-04
1.500000000000000e-01 1.108195623252418e-01 -1.558075807817282e-04
1.550000000000000e-01 1.152166013350572e-01 -1.555847401338719e-04
1.600000000000000e-01 1.196856544713255e-01 -1.559799992290563e-04
1.650000000000000e-01 1.242295150377370e-01 -1.558177829269408e-04
1.700000000000000e-01 1.288510230950609e-01 -1.561700180348334e-04
1.750000000000000e-01 1.335530672362758e-01 -1.560079187443901e-04
1.800000000000000e-01 1.383385863920344e-01 -1.563529810825831e-04
1.850000000000000e-01 1.432105716675912e-01 -1.562235426408701e-04
1.900000000000000e-01 1.481720682123397e-01 -1.565625030818685e-04
1.950000000000000e-01 1.532261771231311e-01 -1.563845113545147e-04
2.000000000000000e-01 1.583760573825595e-01 -1.568114236411643e-04
2.050000000000000e-01 1.636249278334301e-01 -1.566623100770848e-04
2.100000000000000e-01 1.689760691906397e-01 -1.570214497414927e-04
2.150000000000000e-01 1.744328260917313e-01 -1.570097095677889e-04
2.200000000000000e-01 1.799986091874004e-01 -1.572609822298258e-04
2.250000000000000e-01 1.856768972732633e-01 -1.574328720476120e-04
2.300000000000000e-01 1.914712394642179e-01 -1.574612915609748e-04
2.350000000000000e-01 1.973852574127551e-01 -1.577930709700179e-04
2.400000000000000e-01 2.034226475726105e-01 -1.577674280387519e-04
2.450000000000000e-01 2.095871835091678e-01 -1.581236819488923e-04
2.500000000000000e-01 2.158827182580599e-01 -1.581344853881533e-04
2.550000000000000e-01 2.223131867334419e-01 -1.585252422965399e-04
2.600000000000000e-01 2.288826081874405e-01 -1.585157728189187e-04
2.650000000000000e-01 2.355950887223172e-01 -1.589046932214545e-04
2.700000000000000e-01 2.424548238569160e-01 -1.588852311424445e-04
2.750000000000000e-01 2.494661011489995e-01 -1.593216172673353e-04
2.800000000000000e-01 2.566333028751116e-01 -1.593938366794117e-04
2.850000000000000e-01 2.639609087696434e-01 -1.597661813453574e-04
2.900000000000000e-01 2.714534988248126e-01 -1.599617812313806e-04
2.950000000000000e-01 2.791157561533084e-01 -1.602448163915786e-04
3.000000000000000e-01 2.869524699153886e-01 -1.605217844437947e-04
3.050000000000000e-01 2.949685383122613e-01 -1.607498849850889e-04
3.100000000000000e-01 3.031689716476197e-01 -1.611074231672667e-04
3.150000000000000e-01 3.115588954592450e-01 -1.612837453614751e-04
3.200000000000000e-01 3.201435537226349e-01 -1.616786994887510e-04
3.250000000000000e-01 3.289283121286580e-01 -1.618648744610943e-04
3.300000000000000e-01 3.379186614372866e-01 -1.622989665421665e-04
3.350000000000000e-01 3.471202209094989e-01 -1.625249423626091e-04
3.400000000000000e-01 3.565387418195016e-01 -1.629415537456392e-04
3.450000000000000e-01 3.661801110494620e-01 -1.632877432545683e-04
3.500000000000000e-01 3.760503547690021e-01 -1.635965849935461e-04
3.550000000000000e-01 3.861556422017504e-01 -1.639991583616887e-04
3.600000000000000e-01 3.965022894813072e-01 -1.642616957525166e-04
3.650000000000000e-01 4.070967635990345e-01 -1.646794728552726e-04
3.700000000000000e-01 4.179456864461349e-01 -1.649474872397610e-04
3.750000000000000e-01 4.290558389525505e-01 -1.654411653239702e-04
3.800000000000000e-01 4.404341653252637e-01 -1.657506515608752e-04
3.850000000000000e-01 4.520877773886537e-01 -1.661456491915187e-04
3.900000000000000e-01 4.640239590296172e-01 -1.665104288730747e-04
3.950000000000000e-01 4.762501707502353e-01 -1.668921313824259e-04
4.000000000000000e-01 4.887740543308307e-01 -1.672735020608641e-04
4.050000000000000e-01 5.016034376063282e-01 -1.676069876967269e-04
4.100000000000000e-01 5.147463393589066e-01 -1.679891099697123e-04
4.150000000000000e-01 5.282109743299990e-01 -1.683399177950276e-04
4.200000000000000e-01 5.420057583547735e-01 -1.687156899871002e-04
4.250000000000000e-01 5.561393136223041e-01 -1.690688831275086e-04
4.300000000000000e-01 5.706204740647189e-01 -1.694098918726655e-04
4.350000000000000e-01 5.854582908786964e-01 -1.697328443264570e-04
4.400000000000000e-01 6.006620381827575e-01 -1.700609464672053e-04
4.450000000000000e-01 6.162412188138907e-01 -1.703841831130562e-04
4.500000000000000e-01 6.322055702671360e-01 -1.707071464691819e-04
4.550000000000000e-01 6.485650707818353e-01 -1.710685364487915e-04
4.600000000000000e-01 6.653299455783577e-01 -1.713176723743615e-04
4.650000000000000e-01 6.825106732491932e-01 -1.716903478861870e-04
4.700000000000000e-01 7.001179923084168e-01 -1.719692755768273e-04
4.750000000000000e-01 7.181629079036070e-01 -1.723283082999286e-04
4.800000000000000e-01 7.366566986944229e-01 -1.727610709948690e-04
4.850000000000000e-01 7.556109239021327e-01 -1.731010525900623e-04
4.900000000000000e-01 7.750374305345038e-01 -1.735943654243515e-04
4.950000000000000e-01 7.949483607905672e-01 -1.741485041114175e-04
5.000000000000000e-01 8.153561596498893e-01 -1.747685127517316e-04
5.050000000000000e-01 8.362735826510871e-01 -1.755510445777484e-04
5.100000000000000e-01 8.577137038644561e-01 -1.764463532880183e-04
5.150000000000000e-01 8.796899240636907e-01 -1.776192340518988e-04
5.200000000000000e-01 9.022159791018011e-01 -1.789779117078167e-04
5.250000000000000e-01 9.253059484964714e-01 -1.806929589536992e-04
5.300000000000000e-01 9.489742642302165e-01 -1.828176513249416e-04
5.350000000000000e-01 9.732357197708378e-01 -1.853848423773883e-04
5.400000000000000e-01 9.981054793178262e-01 -1.886020797025547e-04
5.450000000000000e-01 1.023599087280478e+00 -1.925189802622510e-04
5.500000000000000e-01 1.049732477993657e+00 -1.973102078759146e-04
5.550000000000000e-01 1.076521985677273e+00 -2.032243674871864e-04
5.600000000000001e-01 1.103984354645701e+00 -2.103669277084158e-04
5.650000000000001e-01 1.132136749773522e+00 -2.191225320733333e-04
5.700000000000001e-01 1.160996767224129e+00 -2.297450110289368e-04
5.750000000000001e-01 1.190582445447902e+00 -2.425947325329245e-04
5.800000000000000e-01 1.220912276456826e+00 -2.581956492853249e-04
5.850000000000000e-01 1.252005217382601e+00 -2.770116811541124e-04
5.900000000000000e-01 1.283880702325469e+00 -2.996897193028112e-04
5.950000000000000e-01 1.316558654501151e+00 -3.270557311516469e-04
6.000000000000000e-01 1.350059498693518e+00 -3.599048916991218e-04
6.050000000000000e-01 1.384404174020732e+00 -3.993836468647443e-04
6.100000000000000e-01 1.419614147022888e+00 -4.467645662491923e-04
6.150000000000000e-01 1.455711425079295e+00 -5.034919391436259e-04
6.200000000000000e-01 1.492718570163803e+00 -5.714025479659099e-04
6.250000000000000e-01 1.530658712946775e+00 -6.526109736217748e-04
6.300000000000000e-01 1.569555567252506e+00 -7.495082679631965e-04
6.350000000000000e-01 1.609433444881138e+00 -8.650723647959077e-04
6.400000000000000e-01 1.650317270804325e+00 -1.002660038496726e-03
6.450000000000000e-01 1.692232598744148e+00 -1.166127555074403e-03
6.500000000000000e-01 1.735205627145031e+00 -1.360008212742267e-03
6.550000000000000e-01 1.779263215548615e+00 -1.589429878522530e-03
6.600000000000000e-01 1.824432901381847e+00 -1.860042671972192e-03
6.650000000000000e-01 1.870742917168772e+00 -2.178236675904140e-03
6.700000000000000e-01 1.918222208176775e+00 -2.550899363419199e-03
6.750000000000000e-01 1.966900450508319e+00 -2.985197896042438e-03
6.800000000000000e-01 2.016808069649473e+00 -3.488423696720953e-03
6.850000000000001e-01 2.067976259486829e+00 -4.067640504662648e-03
6.900000000000001e-01 2.120437001804702e+00 -4.728883785236678e-03
6.950000000000001e-01 2.174223086274785e+00 -5.476414054247952e-03
7.000000000000001e-01 2.229368130950753e+00 -6.311692130977602e-03
7.050000000000000e-01 2.285906603280654e+00 -7.232034591975668e-03
7.100000000000000e-01 2.343873841650178e+00 -8.228983099887515e-03
7.150000000000000e-01 2.403306077470301e+00 -9.286557003385404e-03
7.200000000000000e-01 2.464240457823092e+00 -1.037912191646802e-02
7.250000000000000e-01 2.526715068679855e+00 -1.146933846282796e-02
7.300000000000000e-01 2.590768958706095e+00 -1.250713216442090e-02
7.350000000000000e-01 2.656442163668210e+00 -1.343057865609296e-02
7.400000000000000e-01 2.723775731457148e+00 -1.416890835705039e-02
7.450000000000000e-01 2.792811747744667e+00 -1.464720389720000e-02
7.500000000000000e-01 2.863593362288260e+00 -1.479185643996610e-02
7.550000000000000e-01 2.936164815901156e+00 -1.453546576797459e-02
7.600000000000000e-01 3.010571468104263e+00 -1.381992346742070e-02
7.650000000000000e-01 3.086859825477351e+00 -1.259697062808125e-02
7.700000000000000e-01 3.165077570727174e+00 -1.082622881544953e-02
7.750000000000000e-01 3.245273592490716e+00 -8.471456191005373e-03
7.800000000000000e-01 3.327498015892184e+00 -5.496098968898437e-03
7.850000000000000e-01 3.411802233872832e+00 -1.859470658768478e-03
7.900000000000000e-01 3.498238939313234e+00 2.485343257679002e-03
7.950000000000000e-01 3.586862157968046e+00 7.590762118241632e-03
8.000000000000000e-01 3.677727282233856e+00 1.351041180743675e-02
8.050000000000000e-01 3.770891105771243e+00 2.029019258199744e-02
8.100000000000001e-01 3.866411859002656e+00 2.795413575885550e-02
8.150000000000001e-01 3.964349245508326e+00 3.648510472644494e-02
8.200000000000001e-01 4.064764479342956e+00 4.580209548793371e-02
8.250000000000001e-01 4.167720323296481e+00 5.573741673098574e-02
8.300000000000001e-01 4.273281128122877e+00 6.601822135889443e-02
8.350000000000000e-01 4.381512872761445e+00 7.625716258239416e-02
8.400000000000000e-01 4.492483205575838e+00 8.595674841643380e-02
8.450000000000000e-01 4.606261486636447e+00 9.453137550926363e-02
8.500000000000000e-01 4.722918831072739e+00 1.013498163446798e-01
8.550000000000000e-01 4.842528153522501e+00 1.057984039607953e-01
8.600000000000000e-01 4.965164213705875e+00 1.073607997209423e-01
8.650000000000000e-01 5.090903663152626e+00 1.057043915556362e-01
8.700000000000000e-01 5.219825093111814e+00 1.007575768271552e-01
8.750000000000000e-01 5.352009083673925e+00 9.275881726601731e-02
8.800000000000000e-01 5.487538254136007e+00 8.225981745356248e-02
8.850000000000000e-01 5.626497314641444e+00 7.007279722492106e-02
8.900000000000000e-01 5.768973119126561e+00 5.716484520643674e-02
8.950000000000000e-01 5.915054719607133e+00 4.451748983542179e-02
9.000000000000000e-01 6.064833421838831e+00 3.298175031375405e-02
9.050000000000000e-01 6.218402842386253e+00 2.316281104872977e-02
9.100000000000000e-01 6.375858967136348e+00 1.536130878749760e-02
9.150000000000000e-01 6.537300211292723e+00 9.581610414412235e-03
9.200000000000000e-01 6.702827480888332e+00 5.597346934694089e-03
9.250000000000000e-01 6.872544235855034e+00 3.048756325178271e-03
9.300000000000000e-01 7.046556554689444e+00 1.541076754835098e-03
9.350000000000001e-01 7.224973200755413e+00 7.193685364903027e-04
9.400000000000001e-01 7.407905690264673e+00 3.085117374985189e-04
9.450000000000001e-01 7.595468361978146e+00 1.209107565234442e-04
9.500000000000001e-01 7.787778448671316e+00 4.306721558114407e-05
9.550000000000001e-01 7.984956150408610e+00 1.386500810837176e-05
9.600000000000000e-01 8.187124709672272e+00 4.013165441011435e-06
9.650000000000000e-01 8.394410488393007e+00 1.039665585673700e-06
9.700000000000000e-01 8.606943046930221e+00 2.404789283626114e-07
9.750000000000000e-01 8.824855225051540e+00 4.980938318940887e-08
9.800000000000000e-01 9.048283224961922e+00 9.412897864005418e-09
9.850000000000000e-01 9.277366696434507e+00 1.898820729708757e-09
9.900000000000000e-01 9.512248824096272e+00 8.243036551639580e-10
9.950000000000000e-01 9.753076416923058e+00 2.349776445126570e-09
1.000000000000000e+00 1.000000000000000e+01 7.051508575109289e-07
