0.000000000000000e+00 0.000000000000000e+00 1.036059344826371e-01
5.000000000000000e-03 3.369477419287315e-03 1.036033587094713e-01
1.000000000000000e-02 6.741060871647481e-03 1.035996202689334e-01
1.500000000000000e-02 1.011685770649257e-02 1.035957145156519e-01
2.000000000000000e-02 1.349897790673588e-02 1.035911638550274e-01
2.500000000000000e-02 1.688953540759990e-02 1.035832106576012e-01
3.000000000000000e-02 2.029064941789469e-02 1.035743697276110e-01
3.500000000000000e-02 2.370444574459234e-02 1.035631252176226e-01
4.000000000000000e-02 2.713305812152553e-02 1.035505116743551e-01
4.500000000000000e-02 3.057862954304063e-02 1.035356824423391e-01
5.000000000000000e-02 3.404331360343898e-02 1.035192453789040e-01
5.500000000000000e-02 3.752927584304335e-02 1.035006211635014e-01
6.000000000000000e-02 4.103869510173117e-02 1.034803575830228e-01
6.500000000000000e-02 4.457376488078044e-02 1.034576775781073e-01
7.000000000000001e-02 4.813669471387935e-02 1.034333219801734e-01
7.500000000000000e-02 5.172971154815675e-02 1.034065996850336e-01
8.000000000000000e-02 5.535506113609672e-02 1.033777931161548e-01
8.500000000000001e-02 5.901500943920686e-02 1.033466182679341e-01
9.000000000000000e-02 6.271184404431801e-02 1.033133282492659e-01
9.500000000000000e-02 6.644787559340060e-02 1.032773444952705e-01
1.000000000000000e-01 7.022543922779090e-02 1.032391474488680e-01
1.050000000000000e-01 7.404689604773053e-02 1.031981812970043e-01
1.100000000000000e-01 7.791463458813094e-02 1.031546204984418e-01
1.150000000000000e-01 8.183107231148547e-02 1.031081996354462e-01
1.200000000000000e-01 8.579865711886202e-02 1.030590258551702e-01
1.250000000000000e-01 8.981986887992111e-02 1.030066369512165e-01
1.300000000000000e-01 9.389722098291493e-02 1.029513376172442e-01
1.350000000000000e-01 9.803326190563690e-02 1.028926256987608e-01
1.400000000000000e-01 1.022305768083033e-01 1.028305857991907e-01
1.450000000000000e-01 1.064917891493625e-01 1.027649455850531e-01
1.500000000000000e-01 1.108195623252418e-01 1.026957237460772e-01
1.550000000000000e-01 1.152166013350572e-01 1.026224784549528e-01
1.600000000000000e-01 1.196856544713255e-01 1.025453872293276e-01
1.650000000000000e-01 1.242295150377370e-01 1.024639852132769e-01
1.700000000000000e-01 1.288510230950609e-01 1.023782447124931e-01
1.750000000000000e-01 1.335530672362758e-01 1.022878683847274e-01
1.800000000000000e-01 1.383385863920344e-01 1.021928257191934e-01
1.850000000000000e-01 1.432105716675912e-01 1.020926322191883e-01
1.900000000000000e-01 1.481720682123397e-01 1.019873423042176e-01
1.950000000000000e-01 1.532261771231311e-01 1.018765340333721e-01
2.000000000000000e-01 1.583760573825595e-01 1.017600578466816e-01
2.050000000000000e-01 1.636249278334301e-01 1.016375404695646e-01
2.100000000000000e-01 1.689760691906397e-01 1.015089340240896e-01
2.150000000000000e-01 1.744328260917313e-01 1.013737058935210e-01
2.200000000000000e-01 1.799986091874004e-01 1.012317311887635e-01
2.250000000000000e-01 1.856768972732633e-01 1.010826209928723e-01
2.300000000000000e-01 1.914712394642179e-01 1.009261742987348e-01
2.350000000000000e-01 1.973852574127551e-01 1.007618604465833e-01
2.400000000000000e-01 2.034226475726105e-01 1.005895473241376e-01
2.450000000000000e-01 2.095871835091678e-01 1.004087517061622e-01
2.500000000000000e-01 2.158827182580599e-01 1.002191784949391e-01
2.550000000000000e-01 2.223131867334419e-01 1.000203079684887e-01
2.600000000000000e-01 2.288826081874405e-01 9.981194329489247e-02
2.650000000000000e-01 2.355950887223172e-01 9.959352026945863e-02
2.700000000000000e-01 2.424548238569160e-01 9.936468079485201e-02
2.750000000000000e-01 2.494661011489995e-01 9.912487800515825e-02
2.800000000000000e-01 2.566333028751116e-01 9.887383732324066e-02
2.850000000000000e-01 2.639609087696434e-01 9.861094284907196e-02
2.900000000000000e-01 2.714534988248126e-01 9.833577221642906e-02
2.950000000000000e-01 2.791157561533084e-01 9.804771899235547e-02
3.000000000000000e-01 2.869524699153886e-01 9.774643401082725e-02
3.050000000000000e-01 2.949685383122613e-01 9.743127658043678e-02
3.100000000000000e-01 3.031689716476197e-01 9.710176924208734e-02
3.150000000000000e-01 3.115588954592450e-01 9.675722162313104e-02
3.200000000000000e-01 3.201435537226349e-01 9.639718864770051e-02
3.250000000000000e-01 3.289283121286580e-01 9.602102346168011e-02
3.300000000000000e-01 3.379186614372866e-01 9.562824228172617e-02
3.350000000000000e-01 3.471202209094989e-01 9.521809250359008e-02
3.400000000000000e-01 3.565387418195016e-01 9.479001147338185e-02
3.450000000000000e-01 3.661801110494620e-01 9.434328971373447e-02
3.500000000000000e-01 3.760503547690021e-01 9.387740711801720e-02
3.550000000000000e-01 3.861556422017504e-01 9.339165320139582e-02
3.600000000000000e-01 3.965022894813072e-01 9.288549285838942e-02
3.650000000000000e-01 4.070967635990345e-01 9.235815004370429e-02
3.700000000000000e-01 4.179456864461349e-01 9.180902789249566e-02
3.750000000000000e-01 4.290558389525505e-01 9.123736517944224e-02
3.800000000000000e-01 4.404341653252637e-01 9.064252687545477e-02
3.850000000000000e-01 4.520877773886537e-01 9.002380728611103e-02
3.900000000000000e-01 4.640239590296172e-01 8.938055707691268e-02
3.950000000000000e-01 4.762501707502353e-01 8.871210682032658e-02
4.000000000000000e-01 4.887740543308307e-01 8.801780665857717e-02
4.050000000000000e-01 5.016034376063282e-01 8.729700676521929e-02
4.100000000000000e-01 5.147463393589066e-01 8.654906781477455e-02
4.150000000000000e-01 5.282109743299990e-01 8.577335864257377e-02
4.200000000000000e-01 5.420057583547735e-01 8.496925952133176e-02
4.250000000000000e-01 5.561393136223041e-01 8.413616319033580e-02
4.300000000000000e-01 5.706204740647189e-01 8.327347656831341e-02
4.350000000000000e-01 5.854582908786964e-01 8.238062205393795e-02
4.400000000000000e-01 6.006620381827575e-01 8.145703879365193e-02
4.450000000000000e-01 6.162412188138907e-01 8.050218381376746e-02
4.500000000000000e-01 6.322055702671360e-01 7.951553307936207e-02
4.550000000000000e-01 6.485650707818353e-01 7.849658250634335e-02
4.600000000000000e-01 6.653299455783577e-01 7.744484898117059e-02
4.650000000000000e-01 6.825106732491932e-01 7.635987145672977e-02
4.700000000000000e-01 7.001179923084168e-01 7.524121221410900e-02
4.750000000000000e-01 7.181629079036070e-01 7.408845840211485e-02
4.800000000000000e-01 7.366566986944229e-01 7.290122398997693e-02
4.850000000000000e-01 7.556109239021327e-01 7.167915229252733e-02
4.900000000000000e-01 7.750374305345038e-01 7.042191925010934e-02
4.950000000000000e-01 7.949483607905672e-01 6.912923766615882e-02
5.000000000000000e-01 8.153561596498893e-01 6.780086262215516e-02
5.050000000000000e-01 8.362735826510871e-01 6.643659830068491e-02
5.100000000000000e-01 8.577137038644561e-01 6.503630645072392e-02
5.150000000000000e-01 8.796899240636907e-01 6.359991672296300e-02
5.200000000000000e-01 9.022159791018011e-01 6.212743908517755e-02
5.250000000000000e-01 9.253059484964714e-01 6.061897849654774e-02
5.300000000000000e-01 9.489742642302165e-01 5.907475197414713e-02
5.350000000000000e-01 9.732357197708378e-01 5.749510812361153e-02
5.400000000000000e-01 9.981054793178262e-01 5.588054912905782e-02
5.450000000000000e-01 1.023599087280478e+00 5.423175510509069e-02
5.500000000000000e-01 1.049732477993657e+00 5.254961060746859e-02
5.550000000000000e-01 1.076521985677273e+00 5.083523298079032e-02
5.600000000000001e-01 1.103984354645701e+00 4.909000209419073e-02
5.650000000000001e-01 1.132136749773522e+00 4.731559088300003e-02
5.700000000000001e-01 1.160996767224129e+00 4.551399597950286e-02
5.750000000000001e-01 1.190582445447902e+00 4.368756758350634e-02
5.800000000000000e-01 1.220912276456826e+00 4.183903759752907e-02
5.850000000000000e-01 1.252005217382601e+00 3.997154493601329e-02
5.900000000000000e-01 1.283880702325469e+00 3.808865681669217e-02
5.950000000000000e-01 1.316558654501151e+00 3.619438475847529e-02
6.000000000000000e-01 1.350059498693518e+00 3.429319394729790e-02
6.050000000000000e-01 1.384404174020732e+00 3.239000459306463e-02
6.100000000000000e-01 1.419614147022888e+00 3.049018389198473e-02
6.150000000000000e-01 1.455711425079295e+00 2.859952723608087e-02
6.200000000000000e-01 1.492718570163803e+00 2.672422738515439e-02
6.250000000000000e-01 1.530658712946775e+00 2.487083044928572e-02
6.300000000000000e-01 1.569555567252506e+00 2.304617773921384e-02
6.350000000000000e-01 1.609433444881138e+00 2.125733284831012e-02
6.400000000000000e-01 1.650317270804325e+00 1.951149375595699e-02
6.450000000000000e-01 1.692232598744148e+00 1.781589030989216e-02
6.500000000000000e-01 1.735205627145031e+00 1.617766817169007e-02
6.550000000000000e-01 1.779263215548615e+00 1.460376120255314e-02
6.600000000000000e-01 1.824432901381847e+00 1.310075531837256e-02
6.650000000000000e-01 1.870742917168772e+00 1.167474802609394e-02
6.700000000000000e-01 1.918222208176775e+00 1.033120911753917e-02
6.750000000000000e-01 1.966900450508319e+00 9.074849269564972e-03
6.800000000000000e-01 2.016808069649473e+00 7.909504491488356e-03
6.850000000000001e-01 2.067976259486829e+00 6.838045376567601e-03
6.900000000000001e-01 2.120437001804702e+00 5.862320867985592e-03
6.950000000000001e-01 2.174223086274785e+00 4.983146683762077e-03
7.000000000000001e-01 2.229368130950753e+00 4.200348649577014e-03
7.050000000000000e-01 2.285906603280654e+00 3.512871016580650e-03
7.100000000000000e-01 2.343873841650178e+00 2.918959514064258e-03
7.150000000000000e-01 2.403306077470301e+00 2.416428584375380e-03
7.200000000000000e-01 2.464240457823092e+00 2.003022179262813e-03
7.250000000000000e-01 2.526715068679855e+00 1.676877848656500e-03
7.300000000000000e-01 2.590768958706095e+00 1.437104705762623e-03
7.350000000000000e-01 2.656442163668210e+00 1.284487072287057e-03
7.400000000000000e-01 2.723775731457148e+00 1.222326705595451e-03
7.450000000000000e-01 2.792811747744667e+00 1.257436475839042e-03
7.500000000000000e-01 2.863593362288260e+00 1.401295484798595e-03
7.550000000000000e-01 2.936164815901156e+00 1.671367319882627e-03
7.600000000000000e-01 3.010571468104263e+00 2.092565862984900e-03
7.650000000000000e-01 3.086859825477351e+00 2.698822342902202e-03
7.700000000000000e-01 3.165077570727174e+00 3.534658053138468e-03
7.750000000000000e-01 3.245273592490716e+00 4.656594487286142e-03
7.800000000000000e-01 3.327498015892184e+00 6.134133434858165e-03
7.850000000000000e-01 3.411802233872832e+00 8.049914882431713e-03
7.900000000000000e-01 3.498238939313234e+00 1.049851913823914e-02
7.950000000000000e-01 3.586862157968046e+00 1.358324233090697e-02
8.000000000000000e-01 3.677727282233856e+00 1.741007893611797e-02
8.050000000000000e-01 3.770891105771243e+00 2.207814876785336e-02
8.100000000000001e-01 3.866411859002656e+00 2.766598537092623e-02
8.150000000000001e-01 3.964349245508326e+00 3.421354440822421e-02
8.200000000000001e-01 4.064764479342956e+00 4.170056980144363e-02
8.250000000000001e-01 4.167720323296481e+00 5.002310020167274e-02
8.300000000000001e-01 4.273281128122877e+00 5.897134009860587e-02
8.350000000000000e-01 4.381512872761445e+00 6.821363943221075e-02
8.400000000000000e-01 4.492483205575838e+00 7.729251763359658e-02
8.450000000000000e-01 4.606261486636447e+00 8.563895581896709e-02
8.500000000000000e-01 4.722918831072739e+00 9.260991878939294e-02
8.550000000000000e-01 4.842528153522501e+00 9.755075608840874e-02
8.600000000000000e-01 4.965164213705875e+00 9.987872092184263e-02
8.650000000000000e-01 5.090903663152626e+00 9.917705745407877e-02
8.700000000000000e-01 5.219825093111814e+00 9.528259070200570e-02
8.750000000000000e-01 5.352009083673925e+00 8.834589998919037e-02
8.800000000000000e-01 5.487538254136007e+00 7.884442734793894e-02
8.850000000000000e-01 5.626497314641444e+00 6.753670992336505e-02
8.900000000000000e-01 5.768973119126561e+00 5.535962448046432e-02
8.950000000000000e-01 5.915054719607133e+00 4.328668344906410e-02
9.000000000000000e-01 6.064833421838831e+00 3.217854640301475e-02
9.050000000000000e-01 6.218402842386253e+00 2.266143768786163e-02
9.100000000000000e-01 6.375858967136348e+00 1.506210954420871e-02
9.150000000000000e-01 6.537300211292723e+00 9.410990856943349e-03
9.200000000000000e-01 6.702827480888332e+00 5.504405415840220e-03
9.250000000000000e-01 6.872544235855034e+00 3.000407973996162e-03
9.300000000000000e-01 7.046556554689444e+00 1.517063342260791e-03
9.350000000000001e-01 7.224973200755413e+00 7.079827442655659e-04
9.400000000000001e-01 7.407905690264673e+00 3.033586144653914e-04
9.450000000000001e-01 7.595468361978146e+00 1.186845872508223e-04
9.500000000000001e-01 7.787778448671316e+00 4.214924559114349e-05
9.550000000000001e-01 7.984956150408610e+00 1.350368005717197e-05
9.600000000000000e-01 8.187124709672272e+00 3.877387298316524e-06
9.650000000000000e-01 8.394410488393007e+00 9.909441634348152e-07
9.700000000000000e-01 8.606943046930221e+00 2.237753599386011e-07
9.750000000000000e-01 8.824855225051540e+00 4.430814286316912e-08
9.800000000000000e-01 9.048283224961922e+00 7.630518246446257e-09
9.850000000000000e-01 9.277366696434507e+00 1.136217638424497e-09
9.900000000000000e-01 9.512248824096272e+00 1.513756269688465e-10
9.950000000000000e-01 9.753076416923058e+00 3.106931161472854e-11
1.000000000000000e+00 1.000000000000000e+01 -1.189656409875718e-11
