0.000000000000000e+00 0.000000000000000e+00 -1.460265942330747e-04
5.000000000000000e-03 3.369477419287315e-03 -1.496272558190183e-04
1.000000000000000e-02 6.741060871647481e-03 -1.518770058412842e-04
1.500000000000000e-02 1.011685770649257e-02 -1.509891168322914e-04
2.000000000000000e-02 1.349897790673588e-02 -1.513408776852506e-04
2.500000000000000e-02 1.688953540759990e-02 -1.498075602960143e-04
3.000000000000000e-02 2.029064941789469e-02 -1.514952011407838e-04
3.500000000000000e-02 2.370444574459234e-02 -1.502950910634578e-04
4.000000000000000e-02 2.713305812152553e-02 -1.512907841095439e-04
4.500000000000000e-02 3.057862954304063e-02 -1.502409287818368e-04
5.000000000000000e-02 3.404331360343898e-02 -1.511311195460541e-04
5.500000000000000e-02 3.752927584304335e-02 -1.501847284259202e-04
6.000000000000000e-02 4.103869510173117e-02 -1.510039008410664e-04
6.500000000000000e-02 4.457376488078044e-02 -1.501977355409542e-04
7.000000000000001e-02 4.813669471387935e-02 -1.509162500316859e-04
7.500000000000000e-02 5.172971154815675e-02 -1.503105387335993e-04
8.000000000000000e-02 5.535506113609672e-02 -1.510479149600210e-04
8.500000000000001e-02 5.901500943920686e-02 -1.504657803358472e-04
9.000000000000000e-02 6.271184404431801e-02 -1.510914991805308e-04
9.500000000000000e-02 6.644787559340060e-02 -1.505341212071263e-04
1.000000000000000e-01 7.022543922779090e-02 -1.511184597568554e-04
1.050000000000000e-01 7.404689604773053e-02 -1.506186081240716e-04
1.100000000000000e-01 7.791463458813094e-02 -1.510710683628513e-04
1.150000000000000e-01 8.183107231148547e-02 -1.508529671455879e-04
1.200000000000000e-01 8.579865711886202e-02 -1.511286045642375e-04
1.250000000000000e-01 8.981986887992111e-02 -1.510896820857864e-04
1.300000000000000e-01 9.389722098291493e-02 -1.512539243105572e-04
1.350000000000000e-01 9.803326190563690e-02 -1.514093539214894e-04
1.400000000000000e-01 1.022305768083033e-01 -1.513602125471061e-04
1.450000000000000e-01 1.064917891493625e-01 -1.516308712599208e-04
1.500000000000000e-01 1.108195623252418e-01 -1.513901137187468e-04
1.550000000000000e-01 1.152166013350572e-01 -1.517702112849416e-04
1.600000000000000e-01 1.196856544713255e-01 -1.515043037829867e-04
1.650000000000000e-01 1.242295150377370e-01 -1.519250470881525e-04
1.700000000000000e-01 1.288510230950609e-01 -1.516996816874434e-04
1.750000000000000e-01 1.335530672362758e-01 -1.521465079765517e-04
1.800000000000000e-01 1.383385863920344e-01 -1.518640337311796e-04
1.850000000000000e-01 1.432105716675912e-01 -1.522651009459108e-04
1.900000000000000e-01 1.481720682123397e-01 -1.520798310096367e-04
1.950000000000000e-01 1.532261771231311e-01 -1.524157791276525e-04
2.000000000000000e-01 1.583760573825595e-01 -1.522783703960691e-04
2.050000000000000e-01 1.636249278334301e-01 -1.526691570132521e-04
2.100000000000000e-01 1.689760691906397e-01 -1.525218715799750e-04
2.150000000000000e-01 1.744328260917313e-01 -1.528742196220059e-04
2.200000000000000e-01 1.799986091874004e-01 -1.529234339899871e-04
2.250000000000000e-01 1.856768972732633e-01 -1.531637299701909e-04
2.300000000000000e-01 1.914712394642179e-01 -1.533131805644731e-04
2.350000000000000e-01 1.973852574127551e-01 -1.534821361126734e-04
2.400000000000000e-01 2.034226475726105e-01 -1.536869988977204e-04
2.450000000000000e-01 2.095871835091678e-01 -1.537989875720434e-04
2.500000000000000e-01 2.158827182580599e-01 -1.540474789561902e-04
2.550000000000000e-01 2.223131867334419e-01 -1.540906847512786e-04
2.600000000000000e-01 2.288826081874405e-01 -1.544235409281890e-04
2.650000000000000e-01 2.355950887223172e-01 -1.544622295020080e-04
2.700000000000000e-01 2.424548238569160e-01 -1.548205377243708e-04
2.750000000000000e-01 2.494661011489995e-01 -1.549114709809996e-04
2.800000000000000e-01 2.566333028751116e-01 -1.552218360635686e-04
2.850000000000000e-01 2.639609087696434e-01 -1.553815133342966e-04
2.900000000000000e-01 2.714534988248126e-01 -1.557047581098322e-04
2.950000000000000e-01 2.791157561533084e-01 -1.559301695763886e-04
3.000000000000000e-01 2.869524699153886e-01 -1.562233192140504e-04
3.050000000000000e-01 2.949685383122613e-01 -1.565240255281625e-04
3.100000000000000e-01 3.031689716476197e-01 -1.567012950233519e-04
3.150000000000000e-01 3.115588954592450e-01 -1.570884894061560e-04
3.200000000000000e-01 3.201435537226349e-01 -1.572472089458822e-04
3.250000000000000e-01 3.289283121286580e-01 -1.576162703766595e-04
3.300000000000000e-01 3.379186614372866e-01 -1.578237041543244e-04
3.350000000000000e-01 3.471202209094989e-01 -1.582222599280613e-04
3.400000000000000e-01 3.565387418195016e-01 -1.584646101004066e-04
3.450000000000000e-01 3.661801110494620e-01 -1.588760492832564e-04
3.500000000000000e-01 3.760503547690021e-01 -1.591696168809441e-04
3.550000000000000e-01 3.861556422017504e-01 -1.594999319796755e-04
3.600000000000000e-01 3.965022894813072e-01 -1.598488132487865e-04
3.650000000000000e-01 4.070967635990345e-01 -1.601443634752776e-04
3.700000000000000e-01 4.179456864461349e-01 -1.604907881070103e-04
3.750000000000000e-01 4.290558389525505e-01 -1.608334479695965e-04
3.800000000000000e-01 4.404341653252637e-01 -1.611872609348061e-04
3.850000000000000e-01 4.520877773886537e-01 -1.614792892513458e-04
3.900000000000000e-01 4.640239590296172e-01 -1.618200887254743e-04
3.950000000000000e-01 4.762501707502353e-01 -1.621649759865902e-04
4.000000000000000e-01 4.887740543308307e-01 -1.624927898674702e-04
4.050000000000000e-01 5.016034376063282e-01 -1.627970110400136e-04
4.100000000000000e-01 5.147463393589066e-01 -1.630838211889871e-04
4.150000000000000e-01 5.282109743299990e-01 -1.633646955735708e-04
4.200000000000000e-01 5.420057583547735e-01 -1.636365444818435e-04
4.250000000000000e-01 5.561393136223041e-01 -1.639138654831430e-04
4.300000000000000e-01 5.706204740647189e-01 -1.641396875632663e-04
4.350000000000000e-01 5.854582908786964e-01 -1.644137760261669e-04
4.400000000000000e-01 6.006620381827575e-01 -1.645465462431170e-04
4.450000000000000e-01 6.162412188138907e-01 -1.647723067742112e-04
4.500000000000000e-01 6.322055702671360e-01 -1.648781443478799e-04
4.550000000000000e-01 6.485650707818353e-01 -1.650150119887701e-04
4.600000000000000e-01 6.653299455783577e-01 -1.651713630574766e-04
4.650000000000000e-01 6.825106732491932e-01 -1.651938582400922e-04
4.700000000000000e-01 7.001179923084168e-01 -1.653050927904514e-04
4.750000000000000e-01 7.181629079036070e-01 -1.653009051872477e-04
4.800000000000000e-01 7.366566986944229e-01 -1.653167350341411e-04
4.850000000000000e-01 7.556109239021327e-01 -1.654002112797057e-04
4.900000000000000e-01 7.750374305345038e-01 -1.653434512723689e-04
4.950000000000000e-01 7.949483607905672e-01 -1.653860995922244e-04
5.000000000000000e-01 8.153561596498893e-01 -1.654204834674960e-04
5.050000000000000e-01 8.362735826510871e-01 -1.655236378271151e-04
5.100000000000000e-01 8.577137038644561e-01 -1.656521992003946e-04
5.150000000000000e-01 8.796899240636907e-01 -1.658638682867977e-04
5.200000000000000e-01 9.022159791018011e-01 -1.662507078153328e-04
5.250000000000000e-01 9.253059484964714e-01 -1.667371985770443e-04
5.300000000000000e-01 9.489742642302165e-01 -1.674690832701473e-04
5.350000000000000e-01 9.732357197708378e-01 -1.684844647919641e-04
5.400000000000000e-01 9.981054793178262e-01 -1.697957655289071e-04
5.450000000000000e-01 1.023599087280478e+00 -1.716125333957257e-04
5.500000000000000e-01 1.049732477993657e+00 -1.739075611085407e-04
5.550000000000000e-01 1.076521985677273e+00 -1.769021756209881e-04
5.600000000000001e-01 1.103984354645701e+00 -1.807343806114291e-04
5.650000000000001e-01 1.132136749773522e+00 -1.855316298480955e-04
5.700000000000001e-01 1.160996767224129e+00 -1.916035760278974e-04
5.750000000000001e-01 1.190582445447902e+00 -1.991576849460520e-04
5.800000000000000e-01 1.220912276456826e+00 -2.084961278181572e-04
5.850000000000000e-01 1.252005217382601e+00 -2.200882942443672e-04
5.900000000000000e-01 1.283880702325469e+00 -2.342783238529066e-04
5.950000000000000e-01 1.316558654501151e+00 -2.516857410701633e-04
6.000000000000000e-01 1.350059498693518e+00 -2.729731975270655e-04
6.050000000000000e-01 1.384404174020732e+00 -2.988600745473706e-04
6.100000000000000e-01 1.419614147022888e+00 -3.303505707713345e-04
6.150000000000000e-01 1.455711425079295e+00 -3.685729476431440e-04
6.200000000000000e-01 1.492718570163803e+00 -4.147989477409923e-04
6.250000000000000e-01 1.530658712946775e+00 -4.707313656859851e-04
6.300000000000000e-01 1.569555567252506e+00 -5.382440335105162e-04
6.350000000000000e-01 1.609433444881138e+00 -6.195789186295811e-04
6.400000000000000e-01 1.650317270804325e+00 -7.174928740959710e-04
6.450000000000000e-01 1.692232598744148e+00 -8.351468939767048e-04
6.500000000000000e-01 1.735205627145031e+00 -9.761976013162748e-04
6.550000000000000e-01 1.779263215548615e+00 -1.145054140820911e-03
6.600000000000000e-01 1.824432901381847e+00 -1.346676551185962e-03
6.650000000000000e-01 1.870742917168772e+00 -1.586692325238430e-03
6.700000000000000e-01 1.918222208176775e+00 -1.871514250745830e-03
6.750000000000000e-01 1.966900450508319e+00 -2.208193279696438e-03
6.800000000000000e-01 2.016808069649473e+00 -2.604175313807029e-03
6.850000000000001e-01 2.067976259486829e+00 -3.067281580488106e-03
6.900000000000001e-01 2.120437001804702e+00 -3.605248031265824e-03
6.950000000000001e-01 2.174223086274785e+00 -4.225054983160443e-03
7.000000000000001e-01 2.229368130950753e+00 -4.932105033043161e-03
7.050000000000000e-01 2.285906603280654e+00 -5.729193241212553e-03
7.100000000000000e-01 2.343873841650178e+00 -6.614986696655690e-03
7.150000000000000e-01 2.403306077470301e+00 -7.582378987979596e-03
7.200000000000000e-01 2.464240457823092e+00 -8.616492688291811e-03
7.250000000000000e-01 2.526715068679855e+00 -9.692202644587365e-03
7.300000000000000e-01 2.590768958706095e+00 -1.077153044310345e-02
7.350000000000000e-01 2.656442163668210e+00 -1.180209938805192e-02
7.400000000000000e-01 2.723775731457148e+00 -1.271762941387149e-02
7.450000000000000e-01 2.792811747744667e+00 -1.344084923909693e-02
7.500000000000000e-01 2.863593362288260e+00 -1.388846426380940e-02
7.550000000000000e-01 2.936164815901156e+00 -1.397712338059142e-02
7.600000000000000e-01 3.010571468104263e+00 -1.362887983793913e-02
7.650000000000000e-01 3.086859825477351e+00 -1.277470449337398e-02
7.700000000000000e-01 3.165077570727174e+00 -1.135524672649289e-02
7.750000000000000e-01 3.245273592490716e+00 -9.318982470488971e-03
7.800000000000000e-01 3.327498015892184e+00 -6.618585091332541e-03
7.850000000000000e-01 3.411802233872832e+00 -3.206950327239647e-03
7.900000000000000e-01 3.498238939313234e+00 9.656517336015459e-04
7.950000000000000e-01 3.586862157968046e+00 5.951860046546091e-03
8.000000000000000e-01 3.677727282233856e+00 1.180397666501217e-02
8.050000000000000e-01 3.770891105771243e+00 1.856612153806693e-02
8.100000000000001e-01 3.866411859002656e+00 2.626110050280398e-02
8.150000000000001e-01 3.964349245508326e+00 3.487161616843653e-02
8.200000000000001e-01 4.064764479342956e+00 4.431709308353242e-02
8.250000000000001e-01 4.167720323296481e+00 5.442923889193230e-02
8.300000000000001e-01 4.273281128122877e+00 6.493136099444299e-02
8.350000000000000e-01 4.381512872761445e+00 7.542721559883636e-02
8.400000000000000e-01 4.492483205575838e+00 8.540489903922566e-02
8.450000000000000e-01 4.606261486636447e+00 9.426010553085833e-02
8.500000000000000e-01 4.722918831072739e+00 1.013411846458897e-01
8.550000000000000e-01 4.842528153522501e+00 1.060154826045141e-01
8.600000000000000e-01 4.965164213705875e+00 1.077520489411321e-01
8.650000000000000e-01 5.090903663152626e+00 1.062101416382921e-01
8.700000000000000e-01 5.219825093111814e+00 1.013174200267942e-01
8.750000000000000e-01 5.352009083673925e+00 9.331858620157560e-02
8.800000000000000e-01 5.487538254136007e+00 8.277694476356875e-02
8.850000000000000e-01 5.626497314641444e+00 7.051922673048427e-02
8.900000000000000e-01 5.768973119126561e+00 5.752724386924882e-02
8.950000000000000e-01 5.915054719607133e+00 4.479513920953095e-02
9.000000000000000e-01 6.064833421838831e+00 3.318297418092758e-02
9.050000000000000e-01 6.218402842386253e+00 2.330097376553930e-02
9.100000000000000e-01 6.375858967136348e+00 1.545127676894631e-02
9.150000000000000e-01 6.537300211292723e+00 9.637214775175769e-03
9.200000000000000e-01 6.702827480888332e+00 5.629984546762413e-03
9.250000000000000e-01 6.872544235855034e+00 3.066959012610579e-03
9.300000000000000e-01 7.046556554689444e+00 1.550727252725318e-03
9.350000000000001e-01 7.224973200755413e+00 7.242340788741553e-04
9.400000000000001e-01 7.407905690264673e+00 3.108453975080991e-04
9.450000000000001e-01 7.595468361978146e+00 1.219759223184253e-04
9.500000000000001e-01 7.787778448671316e+00 4.353003686543201e-05
9.550000000000001e-01 7.984956150408610e+00 1.405650482208742e-05
9.600000000000000e-01 8.187124709672272e+00 4.088637512055854e-06
9.650000000000000e-01 8.394410488393007e+00 1.068000990600189e-06
9.700000000000000e-01 8.606943046930221e+00 2.506073698094218e-07
9.750000000000000e-01 8.824855225051540e+00 5.320123957404734e-08
9.800000000000000e-01 9.048283224961922e+00 1.039099199315771e-08
9.850000000000000e-01 9.277366696434507e+00 1.622427314771306e-09
9.900000000000000e-01 9.512248824096272e+00 -4.480611517693721e-10
9.950000000000000e-01 9.753076416923058e+00 -3.643630575962341e-09
1.000000000000000e+00 1.000000000000000e+01 -1.164356715305650e-06
