0.000000000000000e+00 0.000000000000000e+00 -9.649604718929138e-05
5.000000000000000e-03 3.369477419287315e-03 -1.000967087735559e-04
1.000000000000000e-02 6.741060871647481e-03 -9.705995447258904e-05
1.500000000000000e-02 1.011685770649257e-02 -9.756403759712609e-05
2.000000000000000e-02 1.349897790673588e-02 -9.729109971009779e-05
2.500000000000000e-02 1.688953540759990e-02 -9.793183060057090e-05
3.000000000000000e-02 2.029064941789469e-02 -9.731671683906565e-05
3.500000000000000e-02 2.370444574459234e-02 -9.816182939115472e-05
4.000000000000000e-02 2.713305812152553e-02 -9.715068551008395e-05
4.500000000000000e-02 3.057862954304063e-02 -9.813404241673666e-05
5.000000000000000e-02 3.404331360343898e-02 -9.741856898625551e-05
5.500000000000000e-02 3.752927584304335e-02 -9.823906081913138e-05
6.000000000000000e-02 4.103869510173117e-02 -9.736149969125058e-05
6.500000000000000e-02 4.457376488078044e-02 -9.831098174375907e-05
7.000000000000001e-02 4.813669471387935e-02 -9.737272307555160e-05
7.500000000000000e-02 5.172971154815675e-02 -9.814791401452153e-05
8.000000000000000e-02 5.535506113609672e-02 -9.734227867410944e-05
8.500000000000001e-02 5.901500943920686e-02 -9.802232918000375e-05
9.000000000000000e-02 6.271184404431801e-02 -9.735878650337500e-05
9.500000000000000e-02 6.644787559340060e-02 -9.791666536229535e-05
1.000000000000000e-01 7.022543922779090e-02 -9.747052593875473e-05
1.050000000000000e-01 7.404689604773053e-02 -9.797125617004793e-05
1.100000000000000e-01 7.791463458813094e-02 -9.755840623382543e-05
1.150000000000000e-01 8.183107231148547e-02 -9.805106895932001e-05
1.200000000000000e-01 8.579865711886202e-02 -9.772552662037473e-05
1.250000000000000e-01 8.981986887992111e-02 -9.806091154389484e-05
1.300000000000000e-01 9.389722098291493e-02 -9.787701310337463e-05
1.350000000000000e-01 9.803326190563690e-02 -9.816513009672475e-05
1.400000000000000e-01 1.022305768083033e-01 -9.803759443231802e-05
1.450000000000000e-01 1.064917891493625e-01 -9.830393736525278e-05
1.500000000000000e-01 1.108195623252418e-01 -9.819410123183365e-05
1.550000000000000e-01 1.152166013350572e-01 -9.850182201917011e-05
1.600000000000000e-01 1.196856544713255e-01 -9.849537046064197e-05
1.650000000000000e-01 1.242295150377370e-01 -9.865618118306479e-05
1.700000000000000e-01 1.288510230950609e-01 -9.876439449584951e-05
1.750000000000000e-01 1.335530672362758e-01 -9.889554053950597e-05
1.800000000000000e-01 1.383385863920344e-01 -9.900692522861508e-05
1.850000000000000e-01 1.432105716675912e-01 -9.909834542607538e-05
1.900000000000000e-01 1.481720682123397e-01 -9.919931547204609e-05
1.950000000000000e-01 1.532261771231311e-01 -9.928604939525167e-05
2.000000000000000e-01 1.583760573825595e-01 -9.950446631172212e-05
2.050000000000000e-01 1.636249278334301e-01 -9.952062746794473e-05
2.100000000000000e-01 1.689760691906397e-01 -9.973450211083291e-05
2.150000000000000e-01 1.744328260917313e-01 -9.974235341281997e-05
2.200000000000000e-01 1.799986091874004e-01 -9.998479511209403e-05
2.250000000000000e-01 1.856768972732633e-01 -9.997913400041554e-05
2.300000000000000e-01 1.914712394642179e-01 -1.002308280122114e-04
2.350000000000000e-01 1.973852574127551e-01 -1.002049654903316e-04
2.400000000000000e-01 2.034226475726105e-01 -1.005611543483492e-04
2.450000000000000e-01 2.095871835091678e-01 -1.006385927454675e-04
2.500000000000000e-01 2.158827182580599e-01 -1.008793323976528e-04
2.550000000000000e-01 2.223131867334419e-01 -1.010757548854216e-04
2.600000000000000e-01 2.288826081874405e-01 -1.012559689114670e-04
2.650000000000000e-01 2.355950887223172e-01 -1.014452875338161e-04
2.700000000000000e-01 2.424548238569160e-01 -1.017064785341411e-04
2.750000000000000e-01 2.494661011489995e-01 -1.018977287050578e-04
2.800000000000000e-01 2.566333028751116e-01 -1.021416647598047e-04
2.850000000000000e-01 2.639609087696434e-01 -1.024085714392217e-04
2.900000000000000e-01 2.714534988248126e-01 -1.026559558371245e-04
2.950000000000000e-01 2.791157561533084e-01 -1.029548276511403e-04
3.000000000000000e-01 2.869524699153886e-01 -1.031240339324844e-04
3.050000000000000e-01 2.949685383122613e-01 -1.034477135187755e-04
3.100000000000000e-01 3.031689716476197e-01 -1.035802839767985e-04
3.150000000000000e-01 3.115588954592450e-01 -1.039677405450621e-04
3.200000000000000e-01 3.201435537226349e-01 -1.041704651050946e-04
3.250000000000000e-01 3.289283121286580e-01 -1.044894756524999e-04
3.300000000000000e-01 3.379186614372866e-01 -1.047699919872772e-04
3.350000000000000e-01 3.471202209094989e-01 -1.051091111400393e-04
3.400000000000000e-01 3.565387418195016e-01 -1.053877981499408e-04
3.450000000000000e-01 3.661801110494620e-01 -1.057697293664035e-04
3.500000000000000e-01 3.760503547690021e-01 -1.060485002734055e-04
3.550000000000000e-01 3.861556422017504e-01 -1.064250265796191e-04
3.600000000000000e-01 3.965022894813072e-01 -1.067338152185510e-04
3.650000000000000e-01 4.070967635990345e-01 -1.070257114308628e-04
3.700000000000000e-01 4.179456864461349e-01 -1.073542372177200e-04
3.750000000000000e-01 4.290558389525505e-01 -1.076659635014307e-04
3.800000000000000e-01 4.404341653252637e-01 -1.079530195229416e-04
3.850000000000000e-01 4.520877773886537e-01 -1.082852953161765e-04
3.900000000000000e-01 4.640239590296172e-01 -1.085745891969773e-04
3.950000000000000e-01 4.762501707502353e-01 -1.088882106366126e-04
4.000000000000000e-01 4.887740543308307e-01 -1.091818869132027e-04
4.050000000000000e-01 5.016034376063282e-01 -1.094248408154206e-04
4.100000000000000e-01 5.147463393589066e-01 -1.096913311113808e-04
4.150000000000000e-01 5.282109743299990e-01 -1.099119349565132e-04
4.200000000000000e-01 5.420057583547735e-01 -1.101260967624177e-04
4.250000000000000e-01 5.561393136223041e-01 -1.102860272932589e-04
4.300000000000000e-01 5.706204740647189e-01 -1.104710329957101e-04
4.350000000000000e-01 5.854582908786964e-01 -1.105545193452286e-04
4.400000000000000e-01 6.006620381827575e-01 -1.106176597538510e-04
4.450000000000000e-01 6.162412188138907e-01 -1.106689155323704e-04
4.500000000000000e-01 6.322055702671360e-01 -1.106525370831129e-04
4.550000000000000e-01 6.485650707818353e-01 -1.106520255956259e-04
4.600000000000000e-01 6.653299455783577e-01 -1.104597652820428e-04
4.650000000000000e-01 6.825106732491932e-01 -1.103473470430152e-04
4.700000000000000e-01 7.001179923084168e-01 -1.100296110153733e-04
4.750000000000000e-01 7.181629079036070e-01 -1.097561332686015e-04
4.800000000000000e-01 7.366566986944229e-01 -1.093660740042977e-04
4.850000000000000e-01 7.556109239021327e-01 -1.088822575746835e-04
4.900000000000000e-01 7.750374305345038e-01 -1.084101394129513e-04
4.950000000000000e-01 7.949483607905672e-01 -1.077084114660404e-04
5.000000000000000e-01 8.153561596498893e-01 -1.070484632088640e-04
5.050000000000000e-01 8.362735826510871e-01 -1.062002981358487e-04
5.100000000000000e-01 8.577137038644561e-01 -1.052963876851316e-04
5.150000000000000e-01 8.796899240636907e-01 -1.043679979798422e-04
5.200000000000000e-01 9.022159791018011e-01 -1.032198175936666e-04
5.250000000000000e-01 9.253059484964714e-01 -1.021123502361587e-04
5.300000000000000e-01 9.489742642302165e-01 -1.007952017667849e-04
5.350000000000000e-01 9.732357197708378e-01 -9.945129417269785e-05
5.400000000000000e-01 9.981054793178262e-01 -9.806998621568461e-05
5.450000000000000e-01 1.023599087280478e+00 -9.656469729036467e-05
5.500000000000000e-01 1.049732477993657e+00 -9.499689171725709e-05
5.550000000000000e-01 1.076521985677273e+00 -9.337056288088693e-05
5.600000000000001e-01 1.103984354645701e+00 -9.176870310192875e-05
5.650000000000001e-01 1.132136749773522e+00 -9.007846067354934e-05
5.700000000000001e-01 1.160996767224129e+00 -8.838259986524005e-05
5.750000000000001e-01 1.190582445447902e+00 -8.675363146540136e-05
5.800000000000000e-01 1.220912276456826e+00 -8.507259022773693e-05
5.850000000000000e-01 1.252005217382601e+00 -8.351201876225352e-05
5.900000000000000e-01 1.283880702325469e+00 -8.198080618229713e-05
5.950000000000000e-01 1.316558654501151e+00 -8.054005757657865e-05
6.000000000000000e-01 1.350059498693518e+00 -7.925171127113817e-05
6.050000000000000e-01 1.384404174020732e+00 -7.804199793228258e-05
6.100000000000000e-01 1.419614147022888e+00 -7.702430056716206e-05
6.150000000000000e-01 1.455711425079295e+00 -7.617665400975814e-05
6.200000000000000e-01 1.492718570163803e+00 -7.546884831661479e-05
6.250000000000000e-01 1.530658712946775e+00 -7.501550591120689e-05
6.300000000000000e-01 1.569555567252506e+00 -7.470895158361834e-05
6.350000000000000e-01 1.609433444881138e+00 -7.460340193371276e-05
6.400000000000000e-01 1.650317270804325e+00 -7.470770408561704e-05
6.450000000000000e-01 1.692232598744148e+00 -7.492853836005620e-05
6.500000000000000e-01 1.735205627145031e+00 -7.529376484346407e-05
6.550000000000000e-01 1.779263215548615e+00 -7.574913724804837e-05
6.600000000000000e-01 1.824432901381847e+00 -7.616995504639713e-05
6.650000000000000e-01 1.870742917168772e+00 -7.654266581691679e-05
6.700000000000000e-01 1.918222208176775e+00 -7.669736886504527e-05
6.750000000000000e-01 1.966900450508319e+00 -7.648000580663821e-05
6.800000000000000e-01 2.016808069649473e+00 -7.571943399260543e-05
6.850000000000001e-01 2.067976259486829e+00 -7.410706208881442e-05
6.900000000000001e-01 2.120437001804702e+00 -7.131212338794648e-05
6.950000000000001e-01 2.174223086274785e+00 -6.690912246057989e-05
7.000000000000001e-01 2.229368130950753e+00 -6.020027712674074e-05
7.050000000000000e-01 2.285906603280654e+00 -5.045096508571223e-05
7.100000000000000e-01 2.343873841650178e+00 -3.663574529119381e-05
7.150000000000000e-01 2.403306077470301e+00 -1.718323453186530e-05
7.200000000000000e-01 2.464240457823092e+00 9.798013868294840e-06
7.250000000000000e-01 2.526715068679855e+00 4.664631748475403e-05
7.300000000000000e-01 2.590768958706095e+00 9.689148059236865e-05
7.350000000000000e-01 2.656442163668210e+00 1.652658625010883e-04
7.400000000000000e-01 2.723775731457148e+00 2.574977815085117e-04
7.450000000000000e-01 2.792811747744667e+00 3.811049447055109e-04
7.500000000000000e-01 2.863593362288260e+00 5.467351300454078e-04
7.550000000000000e-01 2.936164815901156e+00 7.684289228506990e-04
7.600000000000000e-01 3.010571468104263e+00 1.063436447185585e-03
7.650000000000000e-01 3.086859825477351e+00 1.453507448402777e-03
7.700000000000000e-01 3.165077570727174e+00 1.968150211559710e-03
7.750000000000000e-01 3.245273592490716e+00 2.647416711505751e-03
7.800000000000000e-01 3.327498015892184e+00 3.542552392603218e-03
7.850000000000000e-01 3.411802233872832e+00 4.716427067551762e-03
7.900000000000000e-01 3.498238939313234e+00 6.248069901534115e-03
7.950000000000000e-01 3.586862157968046e+00 8.242225179478738e-03
8.000000000000000e-01 3.677727282233856e+00 1.083874553192988e-02
8.050000000000000e-01 3.770891105771243e+00 1.421234170788762e-02
8.100000000000001e-01 3.866411859002656e+00 1.855493403804508e-02
8.150000000000001e-01 3.964349245508326e+00 2.403970870061994e-02
8.200000000000001e-01 4.064764479342956e+00 3.077419337711989e-02
8.250000000000001e-01 4.167720323296481e+00 3.875377933356012e-02
8.300000000000001e-01 4.273281128122877e+00 4.782547196066472e-02
8.350000000000000e-01 4.381512872761445e+00 5.766784278143039e-02
8.400000000000000e-01 4.492483205575838e+00 6.779146514555021e-02
8.450000000000000e-01 4.606261486636447e+00 7.756388328252389e-02
8.500000000000000e-01 4.722918831072739e+00 8.626089266544390e-02
8.550000000000000e-01 4.842528153522501e+00 9.314046722745127e-02
8.600000000000000e-01 4.965164213705875e+00 9.753072174673488e-02
8.650000000000000e-01 5.090903663152626e+00 9.892075002472357e-02
8.700000000000000e-01 5.219825093111814e+00 9.704253373226789e-02
8.750000000000000e-01 5.352009083673925e+00 9.193040002943705e-02
8.800000000000000e-01 5.487538254136007e+00 8.394306085086715e-02
8.850000000000000e-01 5.626497314641444e+00 7.373550205243748e-02
8.900000000000000e-01 5.768973119126561e+00 6.217706159270726e-02
8.950000000000000e-01 5.915054719607133e+00 5.022636643552248e-02
9.000000000000000e-01 6.064833421838831e+00 3.878809398878180e-02
9.050000000000000e-01 6.218402842386253e+00 2.858436390532938e-02
9.100000000000000e-01 6.375858967136348e+00 2.007086475194965e-02
9.150000000000000e-01 6.537300211292723e+00 1.341473209734358e-02
9.200000000000000e-01 6.702827480888332e+00 8.532381857563874e-03
9.250000000000000e-01 6.872544235855034e+00 5.168318425849296e-03
9.300000000000000e-01 7.046556554689444e+00 2.987050367483830e-03
9.350000000000001e-01 7.224973200755413e+00 1.652316520902298e-03
9.400000000000001e-01 7.407905690264673e+00 8.783134813470218e-04
9.450000000000001e-01 7.595468361978146e+00 4.505830899880336e-04
9.500000000000001e-01 7.787778448671316e+00 2.238768911931734e-04
9.550000000000001e-01 7.984956150408610e+00 1.079267130096747e-04
9.600000000000000e-01 8.187124709672272e+00 5.045600275767848e-05
9.650000000000000e-01 8.394410488393007e+00 2.282221879036570e-05
9.700000000000000e-01 8.606943046930221e+00 9.957614951322406e-06
9.750000000000000e-01 8.824855225051540e+00 4.226945582272034e-06
9.800000000000000e-01 9.048283224961922e+00 1.809706555916464e-06
9.850000000000000e-01 9.277366696434507e+00 1.249378861635988e-06
9.900000000000000e-01 9.512248824096272e+00 1.576123960944279e-06
9.950000000000000e-01 9.753076416923058e+00 5.974671447845705e-06
1.000000000000000e+00 1.000000000000000e+01 1.828123361718111e-03
