0.000000000000000e+00 0.000000000000000e+00 -4.291452151995311e-02
5.000000000000000e-03 3.369477419287315e-03 -4.291813303717822e-02
1.000000000000000e-02 6.741060871647481e-03 -4.292158224018237e-02
1.500000000000000e-02 1.011685770649257e-02 -4.292331832191280e-02
2.000000000000000e-02 1.349897790673588e-02 -4.292608758708372e-02
2.500000000000000e-02 1.688953540759990e-02 -4.293014327791097e-02
3.000000000000000e-02 2.029064941789469e-02 -4.293556094036100e-02
3.500000000000000e-02 2.370444574459234e-02 -4.294153100125039e-02
4.000000000000000e-02 2.713305812152553e-02 -4.294836720101808e-02
4.500000000000000e-02 3.057862954304063e-02 -4.295618736468004e-02
5.000000000000000e-02 3.404331360343898e-02 -4.296499906950580e-02
5.500000000000000e-02 3.752927584304335e-02 -4.297485922516144e-02
6.000000000000000e-02 4.103869510173117e-02 -4.298578258322325e-02
6.500000000000000e-02 4.457376488078044e-02 -4.299791308643872e-02
7.000000000000001e-02 4.813669471387935e-02 -4.301072673183740e-02
7.500000000000000e-02 5.172971154815675e-02 -4.302519843891857e-02
8.000000000000000e-02 5.535506113609672e-02 -4.304032837017476e-02
8.500000000000001e-02 5.901500943920686e-02 -4.305716603304557e-02
9.000000000000000e-02 6.271184404431801e-02 -4.307487822082878e-02
9.500000000000000e-02 6.644787559340060e-02 -4.309422293169700e-02
1.000000000000000e-01 7.022543922779090e-02 -4.311440672312505e-02
1.050000000000000e-01 7.404689604773053e-02 -4.313644087541631e-02
1.100000000000000e-01 7.791463458813094e-02 -4.315936629793383e-02
1.150000000000000e-01 8.183107231148547e-02 -4.318412211240057e-02
1.200000000000000e-01 8.579865711886202e-02 -4.321025095879612e-02
1.250000000000000e-01 8.981986887992111e-02 -4.323796078424971e-02
1.300000000000000e-01 9.389722098291493e-02 -4.326737426746818e-02
1.350000000000000e-01 9.803326190563690e-02 -4.329847842073091e-02
1.400000000000000e-01 1.022305768083033e-01 -4.333142740950995e-02
1.450000000000000e-01 1.064917891493625e-01 -4.336610701332272e-02
1.500000000000000e-01 1.108195623252418e-01 -4.340284337562555e-02
1.550000000000000e-01 1.152166013350572e-01 -4.344139168192974e-02
1.600000000000000e-01 1.196856544713255e-01 -4.348212292077337e-02
1.650000000000000e-01 1.242295150377370e-01 -4.352499687522027e-02
1.700000000000000e-01 1.288510230950609e-01 -4.357003943044899e-02
1.750000000000000e-01 1.335530672362758e-01 -4.361763273780446e-02
1.800000000000000e-01 1.383385863920344e-01 -4.366742324795093e-02
1.850000000000000e-01 1.432105716675912e-01 -4.372002666241901e-02
1.900000000000000e-01 1.481720682123397e-01 -4.377499168970061e-02
1.950000000000000e-01 1.532261771231311e-01 -4.383299950125339e-02
2.000000000000000e-01 1.583760573825595e-01 -4.389358062715574e-02
2.050000000000000e-01 1.636249278334301e-01 -4.395735115802735e-02
2.100000000000000e-01 1.689760691906397e-01 -4.402412076072464e-02
2.150000000000000e-01 1.744328260917313e-01 -4.409415222434068e-02
2.200000000000000e-01 1.799986091874004e-01 -4.416756387047654e-02
2.250000000000000e-01 1.856768972732633e-01 -4.424431580202908e-02
2.300000000000000e-01 1.914712394642179e-01 -4.432490977428807e-02
2.350000000000000e-01 1.973852574127551e-01 -4.440906800501767e-02
2.400000000000000e-01 2.034226475726105e-01 -4.449719179601602e-02
2.450000000000000e-01 2.095871835091678e-01 -4.458931676247462e-02
2.500000000000000e-01 2.158827182580599e-01 -4.468550612125420e-02
2.550000000000000e-01 2.223131867334419e-01 -4.478619639831036e-02
2.600000000000000e-01 2.288826081874405e-01 -4.489110858145196e-02
2.650000000000000e-01 2.355950887223172e-01 -4.500084700700720e-02
2.700000000000000e-01 2.424548238569160e-01 -4.511512572670948e-02
2.750000000000000e-01 2.494661011489995e-01 -4.523437194117052e-02
2.800000000000000e-01 2.566333028751116e-01 -4.535859964397488e-02
2.850000000000000e-01 2.639609087696434e-01 -4.548791097846666e-02
2.900000000000000e-01 2.714534988248126e-01 -4.562261187820139e-02
2.950000000000000e-01 2.791157561533084e-01 -4.576259711699719e-02
3.000000000000000e-01 2.869524699153886e-01 -4.590810040947232e-02
3.050000000000000e-01 2.949685383122613e-01 -4.605920886895543e-02
3.100000000000000e-01 3.031689716476197e-01 -4.621592572751314e-02
3.150000000000000e-01 3.115588954592450e-01 -4.637847692155475e-02
3.200000000000000e-01 3.201435537226349e-01 -4.654680144980607e-02
3.250000000000000e-01 3.289283121286580e-01 -4.672096786431651e-02
3.300000000000000e-01 3.379186614372866e-01 -4.690086309294104e-02
3.350000000000000e-01 3.471202209094989e-01 -4.708669188582312e-02
3.400000000000000e-01 3.565387418195016e-01 -4.727821478901536e-02
3.450000000000000e-01 3.661801110494620e-01 -4.747534950227399e-02
3.500000000000000e-01 3.760503547690021e-01 -4.767806894889846e-02
3.550000000000000e-01 3.861556422017504e-01 -4.788604683083109e-02
3.600000000000000e-01 3.965022894813072e-01 -4.809912264226703e-02
3.650000000000000e-01 4.070967635990345e-01 -4.831698090649996e-02
3.700000000000000e-01 4.179456864461349e-01 -4.853917519221851e-02
3.750000000000000e-01 4.290558389525505e-01 -4.876537764951375e-02
3.800000000000000e-01 4.404341653252637e-01 -4.899490018868845e-02
3.850000000000000e-01 4.520877773886537e-01 -4.922720836782194e-02
3.900000000000000e-01 4.640239590296172e-01 -4.946153571452452e-02
3.950000000000000e-01 4.762501707502353e-01 -4.969695674721913e-02
4.000000000000000e-01 4.887740543308307e-01 -4.993258301211184e-02
4.050000000000000e-01 5.016034376063282e-01 -5.016720193083225e-02
4.100000000000000e-01 5.147463393589066e-01 -5.039953374451558e-02
4.150000000000000e-01 5.282109743299990e-01 -5.062820029046069e-02
4.200000000000000e-01 5.420057583547735e-01 -5.085146079588483e-02
4.250000000000000e-01 5.561393136223041e-01 -5.106757134417298e-02
4.300000000000000e-01 5.706204740647189e-01 -5.127450701175997e-02
4.350000000000000e-01 5.854582908786964e-01 -5.146994642405736e-02
4.400000000000000e-01 6.006620381827575e-01 -5.165151182913295e-02
4.450000000000000e-01 6.162412188138907e-01 -5.181645149672566e-02
4.500000000000000e-01 6.322055702671360e-01 -5.196176842403677e-02
4.550000000000000e-01 6.485650707818353e-01 -5.208434167495089e-02
4.600000000000000e-01 6.653299455783577e-01 -5.218065773483969e-02
4.650000000000000e-01 6.825106732491932e-01 -5.224698021886347e-02
4.700000000000000e-01 7.001179923084168e-01 -5.227943887589283e-02
4.750000000000000e-01 7.181629079036070e-01 -5.227378143763447e-02
4.800000000000000e-01 7.366566986944229e-01 -5.222559386551926e-02
4.850000000000000e-01 7.556109239021327e-01 -5.213035885447698e-02
4.900000000000000e-01 7.750374305345038e-01 -5.198328501899288e-02
4.950000000000000e-01 7.949483607905672e-01 -5.177948583724647e-02
5.000000000000000e-01 8.153561596498893e-01 -5.151411376667446e-02
5.050000000000000e-01 8.362735826510871e-01 -5.118220940338758e-02
5.100000000000000e-01 8.577137038644561e-01 -5.077885401951319e-02
5.150000000000000e-01 8.796899240636907e-01 -5.029937161968711e-02
5.200000000000000e-01 9.022159791018011e-01 -4.973923511459082e-02
5.250000000000000e-01 9.253059484964714e-01 -4.909414313758596e-02
5.300000000000000e-01 9.489742642302165e-01 -4.836024662329710e-02
5.350000000000000e-01 9.732357197708378e-01 -4.753418450287459e-02
5.400000000000000e-01 9.981054793178262e-01 -4.661302542085521e-02
5.450000000000000e-01 1.023599087280478e+00 -4.559448087773688e-02
5.500000000000000e-01 1.049732477993657e+00 -4.447700170181722e-02
5.550000000000000e-01 1.076521985677273e+00 -4.325975573572679e-02
5.600000000000001e-01 1.103984354645701e+00 -4.194260344180567e-02
5.650000000000001e-01 1.132136749773522e+00 -4.052628468705172e-02
5.700000000000001e-01 1.160996767224129e+00 -3.901240520777859e-02
5.750000000000001e-01 1.190582445447902e+00 -3.740339509829635e-02
5.800000000000000e-01 1.220912276456826e+00 -3.570243511760571e-02
5.850000000000000e-01 1.252005217382601e+00 -3.391357394780100e-02
5.900000000000000e-01 1.283880702325469e+00 -3.204167004819534e-02
5.950000000000000e-01 1.316558654501151e+00 -3.009235302620597e-02
6.000000000000000e-01 1.350059498693518e+00 -2.807187943689415e-02
6.050000000000000e-01 1.384404174020732e+00 -2.598717893704505e-02
6.100000000000000e-01 1.419614147022888e+00 -2.384579670754030e-02
6.150000000000000e-01 1.455711425079295e+00 -2.165592539581472e-02
6.200000000000000e-01 1.492718570163803e+00 -1.942625637461425e-02
6.250000000000000e-01 1.530658712946775e+00 -1.716598316328450e-02
6.300000000000000e-01 1.569555567252506e+00 -1.488472322955719e-02
6.350000000000000e-01 1.609433444881138e+00 -1.259260119287288e-02
6.400000000000000e-01 1.650317270804325e+00 -1.030018532968905e-02
6.450000000000000e-01 1.692232598744148e+00 -8.018590047509986e-03
6.500000000000000e-01 1.735205627145031e+00 -5.759394427654291e-03
6.550000000000000e-01 1.779263215548615e+00 -3.534739832250165e-03
6.600000000000000e-01 1.824432901381847e+00 -1.357294330857919e-03
6.650000000000000e-01 1.870742917168772e+00 7.596713409779302e-04
6.700000000000000e-01 1.918222208176775e+00 2.802286656515782e-03
6.750000000000000e-01 1.966900450508319e+00 4.756061003942120e-03
6.800000000000000e-01 2.016808069649473e+00 6.605926356464643e-03
6.850000000000001e-01 2.067976259486829e+00 8.336326039372384e-03
6.900000000000001e-01 2.120437001804702e+00 9.931393429609154e-03
6.950000000000001e-01 2.174223086274785e+00 1.137524016903318e-02
7.000000000000001e-01 2.229368130950753e+00 1.265238712212391e-02
7.050000000000000e-01 2.285906603280654e+00 1.374836199414795e-02
7.100000000000000e-01 2.343873841650178e+00 1.465047899519048e-02
7.150000000000000e-01 2.403306077470301e+00 1.534879691133292e-02
7.200000000000000e-01 2.464240457823092e+00 1.583722817642440e-02
7.250000000000000e-01 2.526715068679855e+00 1.611474606402218e-02
7.300000000000000e-01 2.590768958706095e+00 1.618661712938723e-02
7.350000000000000e-01 2.656442163668210e+00 1.606557811053037e-02
7.400000000000000e-01 2.723775731457148e+00 1.577288471217934e-02
7.450000000000000e-01 2.792811747744667e+00 1.533918301253502e-02
7.500000000000000e-01 2.863593362288260e+00 1.480518599730210e-02
7.550000000000000e-01 2.936164815901156e+00 1.422216719247082e-02
7.600000000000000e-01 3.010571468104263e+00 1.365229879233374e-02
7.650000000000000e-01 3.086859825477351e+00 1.316885356740275e-02
7.700000000000000e-01 3.165077570727174e+00 1.285625293987278e-02
7.750000000000000e-01 3.245273592490716e+00 1.280987701723772e-02
7.800000000000000e-01 3.327498015892184e+00 1.313545821410418e-02
7.850000000000000e-01 3.411802233872832e+00 1.394776250035654e-02
7.900000000000000e-01 3.498238939313234e+00 1.536812852293448e-02
7.950000000000000e-01 3.586862157968046e+00 1.752029965769136e-02
8.000000000000000e-01 3.677727282233856e+00 2.052387711451794e-02
8.050000000000000e-01 3.770891105771243e+00 2.448469539725880e-02
8.100000000000001e-01 3.866411859002656e+00 2.948155141185584e-02
8.150000000000001e-01 3.964349245508326e+00 3.554909920152429e-02
8.200000000000001e-01 4.064764479342956e+00 4.265744182699895e-02
8.250000000000001e-01 4.167720323296481e+00 5.069005250140741e-02
8.300000000000001e-01 4.273281128122877e+00 5.942308061917845e-02
8.350000000000000e-01 4.381512872761445e+00 6.851062951570913e-02
8.400000000000000e-01 4.492483205575838e+00 7.748182244813753e-02
8.450000000000000e-01 4.606261486636447e+00 8.575581462463490e-02
8.500000000000000e-01 4.722918831072739e+00 9.267970373909734e-02
8.550000000000000e-01 4.842528153522501e+00 9.759102708749406e-02
8.600000000000000e-01 4.965164213705875e+00 9.990115428748042e-02
8.650000000000000e-01 5.090903663152626e+00 9.918910842962914e-02
8.700000000000000e-01 5.219825093111814e+00 9.528882726215170e-02
8.750000000000000e-01 5.352009083673925e+00 8.834900633112468e-02
8.800000000000000e-01 5.487538254136007e+00 7.884591512850816e-02
8.850000000000000e-01 5.626497314641444e+00 6.753739452451522e-02
8.900000000000000e-01 5.768973119126561e+00 5.535992688587368e-02
8.950000000000000e-01 5.915054719607133e+00 4.328681158176800e-02
9.000000000000000e-01 6.064833421838831e+00 3.217859844287099e-02
9.050000000000000e-01 6.218402842386253e+00 2.266145793330637e-02
9.100000000000000e-01 6.375858967136348e+00 1.506211708411050e-02
9.150000000000000e-01 6.537300211292723e+00 9.410993543587404e-03
9.200000000000000e-01 6.702827480888332e+00 5.504406331325239e-03
9.250000000000000e-01 6.872544235855034e+00 3.000408272346910e-03
9.300000000000000e-01 7.046556554689444e+00 1.517063435408585e-03
9.350000000000001e-01 7.224973200755413e+00 7.079827728673990e-04
9.400000000000001e-01 7.407905690264673e+00 3.033586240862027e-04
9.450000000000001e-01 7.595468361978146e+00 1.186845932374409e-04
9.500000000000001e-01 7.787778448671316e+00 4.214925259276209e-05
9.550000000000001e-01 7.984956150408610e+00 1.350369073754322e-05
9.600000000000000e-01 8.187124709672272e+00 3.877403074143800e-06
9.650000000000000e-01 8.394410488393007e+00 9.909630390091520e-07
9.700000000000000e-01 8.606943046930221e+00 2.237970894167520e-07
9.750000000000000e-01 8.824855225051540e+00 4.432804222338922e-08
9.800000000000000e-01 9.048283224961922e+00 7.645084767732004e-09
9.850000000000000e-01 9.277366696434507e+00 1.149402045105175e-09
9.900000000000000e-01 9.512248824096272e+00 1.647724498154976e-10
9.950000000000000e-01 9.753076416923058e+00 3.287801124330443e-11
1.000000000000000e+00 1.000000000000000e+01 -8.595778066583070e-12
