0.000000000000000e+00 0.000000000000000e+00 -1.069049956937317e-01
5.000000000000000e-03 3.369477419287315e-03 -1.069086581415602e-01
1.000000000000000e-02 6.741060871647481e-03 -1.069078900219388e-01
1.500000000000000e-02 1.011685770649257e-02 -1.068970643040626e-01
2.000000000000000e-02 1.349897790673588e-02 -1.068831888330183e-01
2.500000000000000e-02 1.688953540759990e-02 -1.068626328551852e-01
3.000000000000000e-02 2.029064941789469e-02 -1.068392761545929e-01
3.500000000000000e-02 2.370444574459234e-02 -1.068101102757204e-01
4.000000000000000e-02 2.713305812152553e-02 -1.067763972089397e-01
4.500000000000000e-02 3.057862954304063e-02 -1.067377560961382e-01
5.000000000000000e-02 3.404331360343898e-02 -1.066937778826989e-01
5.500000000000000e-02 3.752927584304335e-02 -1.066453424908764e-01
6.000000000000000e-02 4.103869510173117e-02 -1.065909062373373e-01
6.500000000000000e-02 4.457376488078044e-02 -1.065319222648690e-01
7.000000000000001e-02 4.813669471387935e-02 -1.064671124470777e-01
7.500000000000000e-02 5.172971154815675e-02 -1.063969039231109e-01
8.000000000000000e-02 5.535506113609672e-02 -1.063209729903650e-01
8.500000000000001e-02 5.901500943920686e-02 -1.062388079593870e-01
9.000000000000000e-02 6.271184404431801e-02 -1.061510569322912e-01
9.500000000000000e-02 6.644787559340060e-02 -1.060565412833554e-01
1.000000000000000e-01 7.022543922779090e-02 -1.059558170942893e-01
1.050000000000000e-01 7.404689604773053e-02 -1.058481100649473e-01
1.100000000000000e-01 7.791463458813094e-02 -1.057335590938727e-01
1.150000000000000e-01 8.183107231148547e-02 -1.056118338871311e-01
1.200000000000000e-01 8.579865711886202e-02 -1.054823219541845e-01
1.250000000000000e-01 8.981986887992111e-02 -1.053452966147202e-01
1.300000000000000e-01 9.389722098291493e-02 -1.051998451479280e-01
1.350000000000000e-01 9.803326190563690e-02 -1.050461766609302e-01
1.400000000000000e-01 1.022305768083033e-01 -1.048837037787412e-01
1.450000000000000e-01 1.064917891493625e-01 -1.047119989018654e-01
1.500000000000000e-01 1.108195623252418e-01 -1.045309584551418e-01
1.550000000000000e-01 1.152166013350572e-01 -1.043397972611129e-01
1.600000000000000e-01 1.196856544713255e-01 -1.041384551166418e-01
1.650000000000000e-01 1.242295150377370e-01 -1.039263052780083e-01
1.700000000000000e-01 1.288510230950609e-01 -1.037029772517036e-01
1.750000000000000e-01 1.335530672362758e-01 -1.034680328767797e-01
1.800000000000000e-01 1.383385863920344e-01 -1.032208292732393e-01
1.850000000000000e-01 1.432105716675912e-01 -1.029610272366861e-01
1.900000000000000e-01 1.481720682123397e-01 -1.026879774890279e-01
1.950000000000000e-01 1.532261771231311e-01 -1.024012081523948e-01
2.000000000000000e-01 1.583760573825595e-01 -1.021000899090689e-01
2.050000000000000e-01 1.636249278334301e-01 -1.017840420974263e-01
2.100000000000000e-01 1.689760691906397e-01 -1.014523713387573e-01
2.150000000000000e-01 1.744328260917313e-01 -1.011045104848883e-01
2.200000000000000e-01 1.799986091874004e-01 -1.007399280553519e-01
2.250000000000000e-01 1.856768972732633e-01 -1.003576330147186e-01
2.300000000000000e-01 1.914712394642179e-01 -9.995707442002688e-02
2.350000000000000e-01 1.973852574127551e-01 -9.953760596066288e-02
2.400000000000000e-01 2.034226475726105e-01 -9.909826305532174e-02
2.450000000000000e-01 2.095871835091678e-01 -9.863845871634207e-02
2.500000000000000e-01 2.158827182580599e-01 -9.815726123842694e-02
2.550000000000000e-01 2.223131867334419e-01 -9.765389888527355e-02
2.600000000000000e-01 2.288826081874405e-01 -9.712756022419729e-02
2.650000000000000e-01 2.355950887223172e-01 -9.657728416363398e-02
2.700000000000000e-01 2.424548238569160e-01 -9.600230122294659e-02
2.750000000000000e-01 2.494661011489995e-01 -9.540165187765823e-02
2.800000000000000e-01 2.566333028751116e-01 -9.477438044022841e-02
2.850000000000000e-01 2.639609087696434e-01 -9.411968157475387e-02
2.900000000000000e-01 2.714534988248126e-01 -9.343645804541895e-02
2.950000000000000e-01 2.791157561533084e-01 -9.272386299838074e-02
3.000000000000000e-01 2.869524699153886e-01 -9.198091705914874e-02
3.050000000000000e-01 2.949685383122613e-01 -9.120658502998077e-02
3.100000000000000e-01 3.031689716476197e-01 -9.039997874861588e-02
3.150000000000000e-01 3.115588954592450e-01 -8.956009245373797e-02
3.200000000000000e-01 3.201435537226349e-01 -8.868589201398429e-02
3.250000000000000e-01 3.289283121286580e-01 -8.777654104946751e-02
3.300000000000000e-01 3.379186614372866e-01 -8.683096376800979e-02
3.350000000000000e-01 3.471202209094989e-01 -8.584826551736395e-02
3.400000000000000e-01 3.565387418195016e-01 -8.482756469411128e-02
3.450000000000000e-01 3.661801110494620e-01 -8.376789867330758e-02
3.500000000000000e-01 3.760503547690021e-01 -8.266840538036194e-02
3.550000000000000e-01 3.861556422017504e-01 -8.152833021563689e-02
3.600000000000000e-01 3.965022894813072e-01 -8.034675613895875e-02
3.650000000000000e-01 4.070967635990345e-01 -7.912301243757115e-02
3.700000000000000e-01 4.179456864461349e-01 -7.785641275525217e-02
3.750000000000000e-01 4.290558389525505e-01 -7.654626809604934e-02
3.800000000000000e-01 4.404341653252637e-01 -7.519200894570124e-02
3.850000000000000e-01 4.520877773886537e-01 -7.379321680500521e-02
3.900000000000000e-01 4.640239590296172e-01 -7.234936405603054e-02
3.950000000000000e-01 4.762501707502353e-01 -7.086016647481096e-02
4.000000000000000e-01 4.887740543308307e-01 -6.932541712811288e-02
4.050000000000000e-01 5.016034376063282e-01 -6.774495681142896e-02
4.100000000000000e-01 5.147463393589066e-01 -6.611870524501059e-02
4.150000000000000e-01 5.282109743299990e-01 -6.444685867736497e-02
4.200000000000000e-01 5.420057583547735e-01 -6.272958815818842e-02
4.250000000000000e-01 5.561393136223041e-01 -6.096722476621267e-02
4.300000000000000e-01 5.706204740647189e-01 -5.916027188332001e-02
4.350000000000000e-01 5.854582908786964e-01 -5.730944213892329e-02
4.400000000000000e-01 6.006620381827575e-01 -5.541544943529966e-02
4.450000000000000e-01 6.162412188138907e-01 -5.347927175948409e-02
4.500000000000000e-01 6.322055702671360e-01 -5.150206301466467e-02
4.550000000000000e-01 6.485650707818353e-01 -4.948517229818900e-02
4.600000000000000e-01 6.653299455783577e-01 -4.743000410446675e-02
4.650000000000000e-01 6.825106732491932e-01 -4.533826599987988e-02
4.700000000000000e-01 7.001179923084168e-01 -4.321184653659291e-02
4.750000000000000e-01 7.181629079036070e-01 -4.105285875594408e-02
4.800000000000000e-01 7.366566986944229e-01 -3.886349868689906e-02
4.850000000000000e-01 7.556109239021327e-01 -3.664626167736477e-02
4.900000000000000e-01 7.750374305345038e-01 -3.440383988917543e-02
4.950000000000000e-01 7.949483607905672e-01 -3.213920687048569e-02
5.000000000000000e-01 8.153561596498893e-01 -2.985544166388967e-02
5.050000000000000e-01 8.362735826510871e-01 -2.755588540779784e-02
5.100000000000000e-01 8.577137038644561e-01 -2.524406204941051e-02
5.150000000000000e-01 8.796899240636907e-01 -2.292383797342983e-02
5.200000000000000e-01 9.022159791018011e-01 -2.059924692360183e-02
5.250000000000000e-01 9.253059484964714e-01 -1.827458951223277e-02
5.300000000000000e-01 9.489742642302165e-01 -1.595431629862646e-02
5.350000000000000e-01 9.732357197708378e-01 -1.364318046508827e-02
5.400000000000000e-01 9.981054793178262e-01 -1.134612285044478e-02
5.450000000000000e-01 1.023599087280478e+00 -9.068438958721630e-03
5.500000000000000e-01 1.049732477993657e+00 -6.815617402865887e-03
5.550000000000000e-01 1.076521985677273e+00 -4.593476879713932e-03
5.600000000000001e-01 1.103984354645701e+00 -2.408048129832105e-03
5.650000000000001e-01 1.132136749773522e+00 -2.656605727532888e-04
5.700000000000001e-01 1.160996767224129e+00 1.827107728594745e-03
5.750000000000001e-01 1.190582445447902e+00 3.863392831160614e-03
5.800000000000000e-01 1.220912276456826e+00 5.836062710431179e-03
5.850000000000000e-01 1.252005217382601e+00 7.737713044505513e-03
5.900000000000000e-01 1.283880702325469e+00 9.560683876676834e-03
5.950000000000000e-01 1.316558654501151e+00 1.129707900160962e-02
6.000000000000000e-01 1.350059498693518e+00 1.293879953087815e-02
6.050000000000000e-01 1.384404174020732e+00 1.447759064743454e-02
6.100000000000000e-01 1.419614147022888e+00 1.590510631736148e-02
6.150000000000000e-01 1.455711425079295e+00 1.721299479029746e-02
6.200000000000000e-01 1.492718570163803e+00 1.839300839867020e-02
6.250000000000000e-01 1.530658712946775e+00 1.943714043681241e-02
6.300000000000000e-01 1.569555567252506e+00 2.033779108331544e-02
6.350000000000000e-01 1.609433444881138e+00 2.108796286861623e-02
6.400000000000000e-01 1.650317270804325e+00 2.168148420494795e-02
6.450000000000000e-01 1.692232598744148e+00 2.211325698121796e-02
6.500000000000000e-01 1.735205627145031e+00 2.237952133639945e-02
6.550000000000000e-01 1.779263215548615e+00 2.247812771371284e-02
6.600000000000000e-01 1.824432901381847e+00 2.240880352472713e-02
6.650000000000000e-01 1.870742917168772e+00 2.217339964006105e-02
6.700000000000000e-01 1.918222208176775e+00 2.177610088850149e-02
6.750000000000000e-01 1.966900450508319e+00 2.122358511427360e-02
6.800000000000000e-01 2.016808069649473e+00 2.052511726630777e-02
6.850000000000001e-01 2.067976259486829e+00 1.969256840725659e-02
6.900000000000001e-01 2.120437001804702e+00 1.874035415330116e-02
6.950000000000001e-01 2.174223086274785e+00 1.768529246124418e-02
7.000000000000001e-01 2.229368130950753e+00 1.654638640912116e-02
7.050000000000000e-01 2.285906603280654e+00 1.534454331555267e-02
7.100000000000000e-01 2.343873841650178e+00 1.410224706690620e-02
7.150000000000000e-01 2.403306077470301e+00 1.284320597529152e-02
7.200000000000000e-01 2.464240457823092e+00 1.159200416957305e-02
7.250000000000000e-01 2.526715068679855e+00 1.037379074478516e-02
7.300000000000000e-01 2.590768958706095e+00 9.214047753961266e-03
7.350000000000000e-01 2.656442163668210e+00 8.138485196996744e-03
7.400000000000000e-01 2.723775731457148e+00 7.173117250923848e-03
7.450000000000000e-01 2.792811747744667e+00 6.344576982420462e-03
7.500000000000000e-01 2.863593362288260e+00 5.680723659998473e-03
7.550000000000000e-01 2.936164815901156e+00 5.211583772644582e-03
7.600000000000000e-01 3.010571468104263e+00 4.970639765885673e-03
7.650000000000000e-01 3.086859825477351e+00 4.996435101762244e-03
7.700000000000000e-01 3.165077570727174e+00 5.334396783679030e-03
7.750000000000000e-01 3.245273592490716e+00 6.038684370530396e-03
7.800000000000000e-01 3.327498015892184e+00 7.173757429362408e-03
7.850000000000000e-01 3.411802233872832e+00 8.815215193659786e-03
7.900000000000000e-01 3.498238939313234e+00 1.104931382994726e-02
7.950000000000000e-01 3.586862157968046e+00 1.397043011593698e-02
8.000000000000000e-01 3.677727282233856e+00 1.767565284559481e-02
8.050000000000000e-01 3.770891105771243e+00 2.225570089587261e-02
8.100000000000001e-01 3.866411859002656e+00 2.778156362558621e-02
8.150000000000001e-01 3.964349245508326e+00 3.428671873232728e-02
8.200000000000001e-01 4.064764479342956e+00 4.174557753745673e-02
8.250000000000001e-01 4.167720323296481e+00 5.004996400910221e-02
8.300000000000001e-01 4.273281128122877e+00 5.898688186297762e-02
8.350000000000000e-01 4.381512872761445e+00 6.822234469794417e-02
8.400000000000000e-01 4.492483205575838e+00 7.729723291362141e-02
8.450000000000000e-01 4.606261486636447e+00 8.564142283371794e-02
8.500000000000000e-01 4.722918831072739e+00 9.261116408452161e-02
8.550000000000000e-01 4.842528153522501e+00 9.755136186326072e-02
8.600000000000000e-01 4.965164213705875e+00 9.987900458151051e-02
8.650000000000000e-01 5.090903663152626e+00 9.917718517129097e-02
8.700000000000000e-01 5.219825093111814e+00 9.528264593469007e-02
8.750000000000000e-01 5.352009083673925e+00 8.834592290739413e-02
8.800000000000000e-01 5.487538254136007e+00 7.884443646303001e-02
8.850000000000000e-01 5.626497314641444e+00 6.753671339483323e-02
8.900000000000000e-01 5.768973119126561e+00 5.535962574529398e-02
8.950000000000000e-01 5.915054719607133e+00 4.328668388955122e-02
9.000000000000000e-01 6.064833421838831e+00 3.217854654952050e-02
9.050000000000000e-01 6.218402842386253e+00 2.266143773436217e-02
9.100000000000000e-01 6.375858967136348e+00 1.506210955828307e-02
9.150000000000000e-01 6.537300211292723e+00 9.410990861002931e-03
9.200000000000000e-01 6.702827480888332e+00 5.504405416955458e-03
9.250000000000000e-01 6.872544235855034e+00 3.000407974288343e-03
9.300000000000000e-01 7.046556554689444e+00 1.517063342334444e-03
9.350000000000001e-01 7.224973200755413e+00 7.079827442902633e-04
9.400000000000001e-01 7.407905690264673e+00 3.033586144839616e-04
9.450000000000001e-01 7.595468361978146e+00 1.186845873300406e-04
9.500000000000001e-01 7.787778448671316e+00 4.214924574702472e-05
9.550000000000001e-01 7.984956150408610e+00 1.350368067852565e-05
9.600000000000000e-01 8.187124709672272e+00 3.877388527887148e-06
9.650000000000000e-01 8.394410488393007e+00 9.909475898339311e-07
9.700000000000000e-01 8.606943046930221e+00 2.237818047110811e-07
9.750000000000000e-01 8.824855225051540e+00 4.431940027229544e-08
9.800000000000000e-01 9.048283224961922e+00 7.648090825715658e-09
9.850000000000000e-01 9.277366696434507e+00 1.151644070935825e-09
9.900000000000000e-01 9.512248824096272e+00 1.593900362417643e-10
9.950000000000000e-01 9.753076416923058e+00 3.151614243604727e-11
1.000000000000000e+00 1.000000000000000e+01 -1.169348259968695e-11
