0.000000000000000e+00 0.000000000000000e+00 -7.818889958816561e-05
5.000000000000000e-03 3.369477419287315e-03 -8.178956117177199e-05
1.000000000000000e-02 6.741060871647481e-03 -8.326648888053631e-05
1.500000000000000e-02 1.011685770649257e-02 -8.284478491186358e-05
2.000000000000000e-02 1.349897790673588e-02 -8.360859161136618e-05
2.500000000000000e-02 1.688953540759990e-02 -8.253137823205208e-05
3.000000000000000e-02 2.029064941789469e-02 -8.374601940530358e-05
3.500000000000000e-02 2.370444574459234e-02 -8.244036524449967e-05
4.000000000000000e-02 2.713305812152553e-02 -8.403889881970098e-05
4.500000000000000e-02 3.057862954304063e-02 -8.265320060208236e-05
5.000000000000000e-02 3.404331360343898e-02 -8.421174725592912e-05
5.500000000000000e-02 3.752927584304335e-02 -8.295273993824632e-05
6.000000000000000e-02 4.103869510173117e-02 -8.409191832693998e-05
6.500000000000000e-02 4.457376488078044e-02 -8.302540020074335e-05
7.000000000000001e-02 4.813669471387935e-02 -8.415456797516823e-05
7.500000000000000e-02 5.172971154815675e-02 -8.315746427197440e-05
8.000000000000000e-02 5.535506113609672e-02 -8.416561295658521e-05
8.500000000000001e-02 5.901500943920686e-02 -8.318425651707860e-05
9.000000000000000e-02 6.271184404431801e-02 -8.415805318225178e-05
9.500000000000000e-02 6.644787559340060e-02 -8.345556709434053e-05
1.000000000000000e-01 7.022543922779090e-02 -8.422537770965073e-05
1.050000000000000e-01 7.404689604773053e-02 -8.375339630800364e-05
1.100000000000000e-01 7.791463458813094e-02 -8.433114036643288e-05
1.150000000000000e-01 8.183107231148547e-02 -8.383114442500402e-05
1.200000000000000e-01 8.579865711886202e-02 -8.449752436603216e-05
1.250000000000000e-01 8.981986887992111e-02 -8.391922939952881e-05
1.300000000000000e-01 9.389722098291493e-02 -8.454969997467698e-05
1.350000000000000e-01 9.803326190563690e-02 -8.400821371233876e-05
1.400000000000000e-01 1.022305768083033e-01 -8.461367802050298e-05
1.450000000000000e-01 1.064917891493625e-01 -8.414989043345318e-05
1.500000000000000e-01 1.108195623252418e-01 -8.469838061617223e-05
1.550000000000000e-01 1.152166013350572e-01 -8.439977483997098e-05
1.600000000000000e-01 1.196856544713255e-01 -8.479701109281926e-05
1.650000000000000e-01 1.242295150377370e-01 -8.463505312955253e-05
1.700000000000000e-01 1.288510230950609e-01 -8.489821764038915e-05
1.750000000000000e-01 1.335530672362758e-01 -8.495049916762984e-05
1.800000000000000e-01 1.383385863920344e-01 -8.496676877376940e-05
1.850000000000000e-01 1.432105716675912e-01 -8.521177329987601e-05
1.900000000000000e-01 1.481720682123397e-01 -8.515609768169488e-05
1.950000000000000e-01 1.532261771231311e-01 -8.554753061613931e-05
2.000000000000000e-01 1.583760573825595e-01 -8.530660248875265e-05
2.050000000000000e-01 1.636249278334301e-01 -8.574741201474283e-05
2.100000000000000e-01 1.689760691906397e-01 -8.551388382386253e-05
2.150000000000000e-01 1.744328260917313e-01 -8.595753004762567e-05
2.200000000000000e-01 1.799986091874004e-01 -8.580574603858846e-05
2.250000000000000e-01 1.856768972732633e-01 -8.626853602594726e-05
2.300000000000000e-01 1.914712394642179e-01 -8.614550034283267e-05
2.350000000000000e-01 1.973852574127551e-01 -8.660841392037886e-05
2.400000000000000e-01 2.034226475726105e-01 -8.651652266847500e-05
2.450000000000000e-01 2.095871835091678e-01 -8.693765253650835e-05
2.500000000000000e-01 2.158827182580599e-01 -8.682547061252562e-05
2.550000000000000e-01 2.223131867334419e-01 -8.731609087118580e-05
2.600000000000000e-01 2.288826081874405e-01 -8.723519512054232e-05
2.650000000000000e-01 2.355950887223172e-01 -8.767944465292100e-05
2.700000000000000e-01 2.424548238569160e-01 -8.765770232526009e-05
2.750000000000000e-01 2.494661011489995e-01 -8.808530716210323e-05
2.800000000000000e-01 2.566333028751116e-01 -8.813997747485809e-05
2.850000000000000e-01 2.639609087696434e-01 -8.845593000332414e-05
2.900000000000000e-01 2.714534988248126e-01 -8.871817380269917e-05
2.950000000000000e-01 2.791157561533084e-01 -8.894295113436960e-05
3.000000000000000e-01 2.869524699153886e-01 -8.922998612789837e-05
3.050000000000000e-01 2.949685383122613e-01 -8.938987950686460e-05
3.100000000000000e-01 3.031689716476197e-01 -8.978331211250474e-05
3.150000000000000e-01 3.115588954592450e-01 -8.994271756884329e-05
3.200000000000000e-01 3.201435537226349e-01 -9.033753405938650e-05
3.250000000000000e-01 3.289283121286580e-01 -9.054527020072565e-05
3.300000000000000e-01 3.379186614372866e-01 -9.095121628299199e-05
3.350000000000000e-01 3.471202209094989e-01 -9.108233331898700e-05
3.400000000000000e-01 3.565387418195016e-01 -9.154562109285977e-05
3.450000000000000e-01 3.661801110494620e-01 -9.171169349570672e-05
3.500000000000000e-01 3.760503547690021e-01 -9.217115561921105e-05
3.550000000000000e-01 3.861556422017504e-01 -9.240071517934486e-05
3.600000000000000e-01 3.965022894813072e-01 -9.275909609363001e-05
3.650000000000000e-01 4.070967635990345e-01 -9.310962125962478e-05
3.700000000000000e-01 4.179456864461349e-01 -9.336410516555667e-05
3.750000000000000e-01 4.290558389525505e-01 -9.374800104324497e-05
3.800000000000000e-01 4.404341653252637e-01 -9.400281884387347e-05
3.850000000000000e-01 4.520877773886537e-01 -9.439209586607269e-05
3.900000000000000e-01 4.640239590296172e-01 -9.455786171390948e-05
3.950000000000000e-01 4.762501707502353e-01 -9.492807707197007e-05
4.000000000000000e-01 4.887740543308307e-01 -9.512495868169992e-05
4.050000000000000e-01 5.016034376063282e-01 -9.548813278093709e-05
4.100000000000000e-01 5.147463393589066e-01 -9.565991407512253e-05
4.150000000000000e-01 5.282109743299990e-01 -9.595256628557557e-05
4.200000000000000e-01 5.420057583547735e-01 -9.615512738331607e-05
4.250000000000000e-01 5.561393136223041e-01 -9.631667732675797e-05
4.300000000000000e-01 5.706204740647189e-01 -9.646449322239479e-05
4.350000000000000e-01 5.854582908786964e-01 -9.654353310037085e-05
4.400000000000000e-01 6.006620381827575e-01 -9.662441117714642e-05
4.450000000000000e-01 6.162412188138907e-01 -9.661819684585644e-05
4.500000000000000e-01 6.322055702671360e-01 -9.665928467231174e-05
4.550000000000000e-01 6.485650707818353e-01 -9.658620334623129e-05
4.600000000000000e-01 6.653299455783577e-01 -9.646210217038683e-05
4.650000000000000e-01 6.825106732491932e-01 -9.626781923493733e-05
4.700000000000000e-01 7.001179923084168e-01 -9.602307009230910e-05
4.750000000000000e-01 7.181629079036070e-01 -9.570617937961990e-05
4.800000000000000e-01 7.366566986944229e-01 -9.530011882618363e-05
4.850000000000000e-01 7.556109239021327e-01 -9.482665490639702e-05
4.900000000000000e-01 7.750374305345038e-01 -9.428247134566931e-05
4.950000000000000e-01 7.949483607905672e-01 -9.367026271657091e-05
5.000000000000000e-01 8.153561596498893e-01 -9.292683099434241e-05
5.050000000000000e-01 8.362735826510871e-01 -9.215300286567396e-05
5.100000000000000e-01 8.577137038644561e-01 -9.118133787134823e-05
5.150000000000000e-01 8.796899240636907e-01 -9.022691350809159e-05
5.200000000000000e-01 9.022159791018011e-01 -8.910495684285008e-05
5.250000000000000e-01 9.253059484964714e-01 -8.793403403237349e-05
5.300000000000000e-01 9.489742642302165e-01 -8.670733956203434e-05
5.350000000000000e-01 9.732357197708378e-01 -8.528659103111448e-05
5.400000000000000e-01 9.981054793178262e-01 -8.390598654050240e-05
5.450000000000000e-01 1.023599087280478e+00 -8.236004377363174e-05
5.500000000000000e-01 1.049732477993657e+00 -8.080108455255930e-05
5.550000000000000e-01 1.076521985677273e+00 -7.924627878240584e-05
5.600000000000001e-01 1.103984354645701e+00 -7.750773135377508e-05
5.650000000000001e-01 1.132136749773522e+00 -7.585867977663913e-05
5.700000000000001e-01 1.160996767224129e+00 -7.417111542328271e-05
5.750000000000001e-01 1.190582445447902e+00 -7.250143322340203e-05
5.800000000000000e-01 1.220912276456826e+00 -7.084068097325221e-05
5.850000000000000e-01 1.252005217382601e+00 -6.922248957604295e-05
5.900000000000000e-01 1.283880702325469e+00 -6.772610979635259e-05
5.950000000000000e-01 1.316558654501151e+00 -6.625909393021440e-05
6.000000000000000e-01 1.350059498693518e+00 -6.493802825749234e-05
6.050000000000000e-01 1.384404174020732e+00 -6.376108666232058e-05
6.100000000000000e-01 1.419614147022888e+00 -6.268959461835481e-05
6.150000000000000e-01 1.455711425079295e+00 -6.184708298832413e-05
6.200000000000000e-01 1.492718570163803e+00 -6.113416299615732e-05
6.250000000000000e-01 1.530658712946775e+00 -6.063161968706613e-05
6.300000000000000e-01 1.569555567252506e+00 -6.033012187306524e-05
6.350000000000000e-01 1.609433444881138e+00 -6.018008309259372e-05
6.400000000000000e-01 1.650317270804325e+00 -6.023077303121556e-05
6.450000000000000e-01 1.692232598744148e+00 -6.040558096442747e-05
6.500000000000000e-01 1.735205627145031e+00 -6.066663806781617e-05
6.550000000000000e-01 1.779263215548615e+00 -6.099297229799336e-05
6.600000000000000e-01 1.824432901381847e+00 -6.122541247329623e-05
6.650000000000000e-01 1.870742917168772e+00 -6.132298393909656e-05
6.700000000000000e-01 1.918222208176775e+00 -6.108431503119899e-05
6.750000000000000e-01 1.966900450508319e+00 -6.028339738851141e-05
6.800000000000000e-01 2.016808069649473e+00 -5.871633388297102e-05
6.850000000000001e-01 2.067976259486829e+00 -5.592748860344635e-05
6.900000000000001e-01 2.120437001804702e+00 -5.141699601977917e-05
6.950000000000001e-01 2.174223086274785e+00 -4.463112281713807e-05
7.000000000000001e-01 2.229368130950753e+00 -3.450794140061302e-05
7.050000000000000e-01 2.285906603280654e+00 -1.984249311420929e-05
7.100000000000000e-01 2.343873841650178e+00 8.560918946700701e-07
7.150000000000000e-01 2.403306077470301e+00 3.000193217074027e-05
7.200000000000000e-01 2.464240457823092e+00 7.072387530231329e-05
7.250000000000000e-01 2.526715068679855e+00 1.268157258019770e-04
7.300000000000000e-01 2.590768958706095e+00 2.038461891543735e-04
7.350000000000000e-01 2.656442163668210e+00 3.094862694687862e-04
7.400000000000000e-01 2.723775731457148e+00 4.532593582883044e-04
7.450000000000000e-01 2.792811747744667e+00 6.476296929999497e-04
7.500000000000000e-01 2.863593362288260e+00 9.097799837174764e-04
7.550000000000000e-01 2.936164815901156e+00 1.261832457705688e-03
7.600000000000000e-01 3.010571468104263e+00 1.730822669340793e-03
7.650000000000000e-01 3.086859825477351e+00 2.350736574428856e-03
7.700000000000000e-01 3.165077570727174e+00 3.165183590799263e-03
7.750000000000000e-01 3.245273592490716e+00 4.227114652668108e-03
7.800000000000000e-01 3.327498015892184e+00 5.596600603442367e-03
7.850000000000000e-01 3.411802233872832e+00 7.340741135556113e-03
7.900000000000000e-01 3.498238939313234e+00 9.535625266489043e-03
7.950000000000000e-01 3.586862157968046e+00 1.226431077688752e-02
8.000000000000000e-01 3.677727282233856e+00 1.560720718550309e-02
8.050000000000000e-01 3.770891105771243e+00 1.962936627587136e-02
8.100000000000001e-01 3.866411859002656e+00 2.437387077722943e-02
8.150000000000001e-01 3.964349245508326e+00 2.986469987510997e-02
8.200000000000001e-01 4.064764479342956e+00 3.611091757680315e-02
8.250000000000001e-01 4.167720323296481e+00 4.309727959958393e-02
8.300000000000001e-01 4.273281128122877e+00 5.075343000171467e-02
8.350000000000000e-01 4.381512872761445e+00 5.890964124806326e-02
8.400000000000000e-01 4.492483205575838e+00 6.725827108535673e-02
8.450000000000000e-01 4.606261486636447e+00 7.533941378969669e-02
8.500000000000000e-01 4.722918831072739e+00 8.256189063506744e-02
8.550000000000000e-01 4.842528153522501e+00 8.826341036009530e-02
8.600000000000000e-01 4.965164213705875e+00 9.180557349072054e-02
8.650000000000000e-01 5.090903663152626e+00 9.268751784184034e-02
8.700000000000000e-01 5.219825093111814e+00 9.065085931765465e-02
8.750000000000000e-01 5.352009083673925e+00 8.574629149252003e-02
8.800000000000000e-01 5.487538254136007e+00 7.834220358331995e-02
8.850000000000000e-01 5.626497314641444e+00 6.907195084918695e-02
8.900000000000000e-01 5.768973119126561e+00 5.873215876712951e-02
8.950000000000000e-01 5.915054719607133e+00 4.815526366092648e-02
9.000000000000000e-01 6.064833421838831e+00 3.808478808419410e-02
9.050000000000000e-01 6.218402842386253e+00 2.908038716959911e-02
9.100000000000000e-01 6.375858967136348e+00 2.147090979510151e-02
9.150000000000000e-01 6.537300211292723e+00 1.535937419239780e-02
9.200000000000000e-01 6.702827480888332e+00 1.066898650224201e-02
9.250000000000000e-01 6.872544235855034e+00 7.209850823613418e-03
9.300000000000000e-01 7.046556554689444e+00 4.744927654190570e-03
9.350000000000001e-01 7.224973200755413e+00 3.040075692860509e-03
9.400000000000001e-01 7.407905690264673e+00 1.892615237151944e-03
9.450000000000001e-01 7.595468361978146e+00 1.141164937945567e-03
9.500000000000001e-01 7.787778448671316e+00 6.637107327263168e-04
9.550000000000001e-01 7.984956150408610e+00 3.707820747048856e-04
9.600000000000000e-01 8.187124709672272e+00 1.982044990149580e-04
9.650000000000000e-01 8.394410488393007e+00 1.010018805896258e-04
9.700000000000000e-01 8.606943046930221e+00 4.887918763729188e-05
9.750000000000000e-01 8.824855225051540e+00 2.176842341976301e-05
9.800000000000000e-01 9.048283224961922e+00 8.034008951077631e-06
9.850000000000000e-01 9.277366696434507e+00 -3.916614895094210e-06
9.900000000000000e-01 9.512248824096272e+00 -1.610056807344947e-05
9.950000000000000e-01 9.753076416923058e+00 -7.726318999144523e-05
1.000000000000000e+00 1.000000000000000e+01 -2.435424860018236e-02
