0.000000000000000e+00 0.000000000000000e+00 -8.365511425111330e-02
5.000000000000000e-03 3.369477419287315e-03 -8.365876041183419e-02
1.000000000000000e-02 6.741060871647481e-03 -8.365676959306474e-02
1.500000000000000e-02 1.011685770649257e-02 -8.365627413281032e-02
2.000000000000000e-02 1.349897790673588e-02 -8.365477585120537e-02
2.500000000000000e-02 1.688953540759990e-02 -8.365318271584425e-02
3.000000000000000e-02 2.029064941789469e-02 -8.365120341795361e-02
3.500000000000000e-02 2.370444574459234e-02 -8.364872111711076e-02
4.000000000000000e-02 2.713305812152553e-02 -8.364538715144346e-02
4.500000000000000e-02 3.057862954304063e-02 -8.364227177727641e-02
5.000000000000000e-02 3.404331360343898e-02 -8.363829770720949e-02
5.500000000000000e-02 3.752927584304335e-02 -8.363415028332317e-02
6.000000000000000e-02 4.103869510173117e-02 -8.362938493161531e-02
6.500000000000000e-02 4.457376488078044e-02 -8.362410747264232e-02
7.000000000000001e-02 4.813669471387935e-02 -8.361829442454882e-02
7.500000000000000e-02 5.172971154815675e-02 -8.361210764863611e-02
8.000000000000000e-02 5.535506113609672e-02 -8.360526188542025e-02
8.500000000000001e-02 5.901500943920686e-02 -8.359798942840661e-02
9.000000000000000e-02 6.271184404431801e-02 -8.358992373428681e-02
9.500000000000000e-02 6.644787559340060e-02 -8.358145178813958e-02
1.000000000000000e-01 7.022543922779090e-02 -8.357220594323939e-02
1.050000000000000e-01 7.404689604773053e-02 -8.356238075492300e-02
1.100000000000000e-01 7.791463458813094e-02 -8.355176402774130e-02
1.150000000000000e-01 8.183107231148547e-02 -8.354052751923487e-02
1.200000000000000e-01 8.579865711886202e-02 -8.352837135076085e-02
1.250000000000000e-01 8.981986887992111e-02 -8.351551679021686e-02
1.300000000000000e-01 9.389722098291493e-02 -8.350165683797181e-02
1.350000000000000e-01 9.803326190563690e-02 -8.348705648108157e-02
1.400000000000000e-01 1.022305768083033e-01 -8.347128126024178e-02
1.450000000000000e-01 1.064917891493625e-01 -8.345459986813590e-02
1.500000000000000e-01 1.108195623252418e-01 -8.343683782730375e-02
1.550000000000000e-01 1.152166013350572e-01 -8.341784980505622e-02
1.600000000000000e-01 1.196856544713255e-01 -8.339776935845709e-02
1.650000000000000e-01 1.242295150377370e-01 -8.337632842564494e-02
1.700000000000000e-01 1.288510230950609e-01 -8.335351631909628e-02
1.750000000000000e-01 1.335530672362758e-01 -8.332913865650342e-02
1.800000000000000e-01 1.383385863920344e-01 -8.330326189928615e-02
1.850000000000000e-01 1.432105716675912e-01 -8.327578194656066e-02
1.900000000000000e-01 1.481720682123397e-01 -8.324642150543296e-02
1.950000000000000e-01 1.532261771231311e-01 -8.321530095875891e-02
2.000000000000000e-01 1.583760573825595e-01 -8.318196731817977e-02
2.050000000000000e-01 1.636249278334301e-01 -8.314666566832818e-02
2.100000000000000e-01 1.689760691906397e-01 -8.310885738538124e-02
2.150000000000000e-01 1.744328260917313e-01 -8.306869299303672e-02
2.200000000000000e-01 1.799986091874004e-01 -8.302588715499647e-02
2.250000000000000e-01 1.856768972732633e-01 -8.298016230392859e-02
2.300000000000000e-01 1.914712394642179e-01 -8.293158834316969e-02
2.350000000000000e-01 1.973852574127551e-01 -8.287956477879807e-02
2.400000000000000e-01 2.034226475726105e-01 -8.282417174365771e-02
2.450000000000000e-01 2.095871835091678e-01 -8.276500639343284e-02
2.500000000000000e-01 2.158827182580599e-01 -8.270177082408832e-02
2.550000000000000e-01 2.223131867334419e-01 -8.263439024554156e-02
2.600000000000000e-01 2.288826081874405e-01 -8.256221555481424e-02
2.650000000000000e-01 2.355950887223172e-01 -8.248520867761505e-02
2.700000000000000e-01 2.424548238569160e-01 -8.240279098436039e-02
2.750000000000000e-01 2.494661011489995e-01 -8.231463962691936e-02
2.800000000000000e-01 2.566333028751116e-01 -8.222044414807686e-02
2.850000000000000e-01 2.639609087696434e-01 -8.211953476680545e-02
2.900000000000000e-01 2.714534988248126e-01 -8.201150782341646e-02
2.950000000000000e-01 2.791157561533084e-01 -8.189583207004396e-02
3.000000000000000e-01 2.869524699153886e-01 -8.177200567513707e-02
3.050000000000000e-01 2.949685383122613e-01 -8.163928469015054e-02
3.100000000000000e-01 3.031689716476197e-01 -8.149700739360149e-02
3.150000000000000e-01 3.115588954592450e-01 -8.134460101482550e-02
3.200000000000000e-01 3.201435537226349e-01 -8.118112276967820e-02
3.250000000000000e-01 3.289283121286580e-01 -8.100586600689998e-02
3.300000000000000e-01 3.379186614372866e-01 -8.081792660433619e-02
3.350000000000000e-01 3.471202209094989e-01 -8.061629682235333e-02
3.400000000000000e-01 3.565387418195016e-01 -8.040009346398173e-02
3.450000000000000e-01 3.661801110494620e-01 -8.016811202976622e-02
3.500000000000000e-01 3.760503547690021e-01 -7.991928501484773e-02
3.550000000000000e-01 3.861556422017504e-01 -7.965240230289707e-02
3.600000000000000e-01 3.965022894813072e-01 -7.936608477019391e-02
3.650000000000000e-01 4.070967635990345e-01 -7.905907289689725e-02
3.700000000000000e-01 4.179456864461349e-01 -7.872984630281067e-02
3.750000000000000e-01 4.290558389525505e-01 -7.837686322544951e-02
3.800000000000000e-01 4.404341653252637e-01 -7.799860444912729e-02
3.850000000000000e-01 4.520877773886537e-01 -7.759326747869201e-02
3.900000000000000e-01 4.640239590296172e-01 -7.715915140174602e-02
3.950000000000000e-01 4.762501707502353e-01 -7.669443197130046e-02
4.000000000000000e-01 4.887740543308307e-01 -7.619710885082236e-02
4.050000000000000e-01 5.016034376063282e-01 -7.566528411572222e-02
4.100000000000000e-01 5.147463393589066e-01 -7.509689904287262e-02
4.150000000000000e-01 5.282109743299990e-01 -7.448979425048470e-02
4.200000000000000e-01 5.420057583547735e-01 -7.384192341743794e-02
4.250000000000000e-01 5.561393136223041e-01 -7.315107374047709e-02
4.300000000000000e-01 5.706204740647189e-01 -7.241501434644393e-02
4.350000000000000e-01 5.854582908786964e-01 -7.163164062797056e-02
4.400000000000000e-01 6.006620381827575e-01 -7.079872790618079e-02
4.450000000000000e-01 6.162412188138907e-01 -6.991409999291674e-02
4.500000000000000e-01 6.322055702671360e-01 -6.897574060096734e-02
4.550000000000000e-01 6.485650707818353e-01 -6.798160580963121e-02
4.600000000000000e-01 6.653299455783577e-01 -6.692972772756195e-02
4.650000000000000e-01 6.825106732491932e-01 -6.581839638810533e-02
4.700000000000000e-01 7.001179923084168e-01 -6.464595165546509e-02
4.750000000000000e-01 7.181629079036070e-01 -6.341087996586778e-02
4.800000000000000e-01 7.366566986944229e-01 -6.211195908034393e-02
4.850000000000000e-01 7.556109239021327e-01 -6.074819233296744e-02
4.900000000000000e-01 7.750374305345038e-01 -5.931872161702379e-02
4.950000000000000e-01 7.949483607905672e-01 -5.782306761948427e-02
5.000000000000000e-01 8.153561596498893e-01 -5.626106889072045e-02
5.050000000000000e-01 8.362735826510871e-01 -5.463282285326410e-02
5.100000000000000e-01 8.577137038644561e-01 -5.293872249564560e-02
5.150000000000000e-01 8.796899240636907e-01 -5.117963467512773e-02
5.200000000000000e-01 9.022159791018011e-01 -4.935674626340818e-02
5.250000000000000e-01 9.253059484964714e-01 -4.747157451503582e-02
5.300000000000000e-01 9.489742642302165e-01 -4.552600397779863e-02
5.350000000000000e-01 9.732357197708378e-01 -4.352241302315023e-02
5.400000000000000e-01 9.981054793178262e-01 -4.146351175596259e-02
5.450000000000000e-01 1.023599087280478e+00 -3.935236681186544e-02
5.500000000000000e-01 1.049732477993657e+00 -3.719239578649493e-02
5.550000000000000e-01 1.076521985677273e+00 -3.498749525479838e-02
5.600000000000001e-01 1.103984354645701e+00 -3.274190381190812e-02
5.650000000000001e-01 1.132136749773522e+00 -3.046021449507144e-02
5.700000000000001e-01 1.160996767224129e+00 -2.814730807023078e-02
5.750000000000001e-01 1.190582445447902e+00 -2.580848660626272e-02
5.800000000000000e-01 1.220912276456826e+00 -2.344939479532183e-02
5.850000000000000e-01 1.252005217382601e+00 -2.107607741616997e-02
5.900000000000000e-01 1.283880702325469e+00 -1.869485863478045e-02
5.950000000000000e-01 1.316558654501151e+00 -1.631242100452222e-02
6.000000000000000e-01 1.350059498693518e+00 -1.393575343775160e-02
6.050000000000000e-01 1.384404174020732e+00 -1.157228177617364e-02
6.100000000000000e-01 1.419614147022888e+00 -9.229782127921596e-03
6.150000000000000e-01 1.455711425079295e+00 -6.916503392263338e-03
6.200000000000000e-01 1.492718570163803e+00 -4.641076151883734e-03
6.250000000000000e-01 1.530658712946775e+00 -2.412611119382259e-03
6.300000000000000e-01 1.569555567252506e+00 -2.406612674020285e-04
6.350000000000000e-01 1.609433444881138e+00 1.864717196129272e-03
6.400000000000000e-01 1.650317270804325e+00 3.892972948468797e-03
6.450000000000000e-01 1.692232598744148e+00 5.833045802690198e-03
6.500000000000000e-01 1.735205627145031e+00 7.673394187114181e-03
6.550000000000000e-01 1.779263215548615e+00 9.402044412713854e-03
6.600000000000000e-01 1.824432901381847e+00 1.100668629266313e-02
6.650000000000000e-01 1.870742917168772e+00 1.247482124699836e-02
6.700000000000000e-01 1.918222208176775e+00 1.379397836333392e-02
6.750000000000000e-01 1.966900450508319e+00 1.495200930180337e-02
6.800000000000000e-01 2.016808069649473e+00 1.593747103820526e-02
6.850000000000001e-01 2.067976259486829e+00 1.674009884902268e-02
6.900000000000001e-01 2.120437001804702e+00 1.735136315336240e-02
6.950000000000001e-01 2.174223086274785e+00 1.776509261449354e-02
7.000000000000001e-01 2.229368130950753e+00 1.797813417090103e-02
7.050000000000000e-01 2.285906603280654e+00 1.799101072612883e-02
7.100000000000000e-01 2.343873841650178e+00 1.780853183564071e-02
7.150000000000000e-01 2.403306077470301e+00 1.744031415352172e-02
7.200000000000000e-01 2.464240457823092e+00 1.690117765001570e-02
7.250000000000000e-01 2.526715068679855e+00 1.621139990321323e-02
7.300000000000000e-01 2.590768958706095e+00 1.539683158030425e-02
7.350000000000000e-01 2.656442163668210e+00 1.448889791143745e-02
7.400000000000000e-01 2.723775731457148e+00 1.352452973127921e-02
7.450000000000000e-01 2.792811747744667e+00 1.254608047815250e-02
7.500000000000000e-01 2.863593362288260e+00 1.160129049993484e-02
7.550000000000000e-01 2.936164815901156e+00 1.074335602009346e-02
7.600000000000000e-01 3.010571468104263e+00 1.003114586118168e-02
7.650000000000000e-01 3.086859825477351e+00 9.529581752891494e-03
7.700000000000000e-01 3.165077570727174e+00 9.310152754888296e-03
7.750000000000000e-01 3.245273592490716e+00 9.451464088009716e-03
7.800000000000000e-01 3.327498015892184e+00 1.003961874759104e-02
7.850000000000000e-01 3.411802233872832e+00 1.116809400333108e-02
7.900000000000000e-01 3.498238939313234e+00 1.293661100972379e-02
7.950000000000000e-01 3.586862157968046e+00 1.544832621403736e-02
8.000000000000000e-01 3.677727282233856e+00 1.880454014392476e-02
8.050000000000000e-01 3.770891105771243e+00 2.309608691924270e-02
8.100000000000001e-01 3.866411859002656e+00 2.839072035198241e-02
8.150000000000001e-01 3.964349245508326e+00 3.471624202042225e-02
8.200000000000001e-01 4.064764479342956e+00 4.203990108692464e-02
8.250000000000001e-01 4.167720323296481e+00 5.024576159819082e-02
8.300000000000001e-01 4.273281128122877e+00 5.911320699814875e-02
8.350000000000000e-01 4.381512872761445e+00 6.830130766825100e-02
8.400000000000000e-01 4.492483205575838e+00 7.734500312450317e-02
8.450000000000000e-01 4.606261486636447e+00 8.566936367644078e-02
8.500000000000000e-01 4.722918831072739e+00 9.262694824902987e-02
8.550000000000000e-01 4.842528153522501e+00 9.755996505004043e-02
8.600000000000000e-01 4.965164213705875e+00 9.988352434580218e-02
8.650000000000000e-01 5.090903663152626e+00 9.917947162957412e-02
8.700000000000000e-01 5.219825093111814e+00 9.528375865411226e-02
8.750000000000000e-01 5.352009083673925e+00 8.834644335879457e-02
8.800000000000000e-01 5.487538254136007e+00 7.884467021713311e-02
8.850000000000000e-01 5.626497314641444e+00 6.753681412326203e-02
8.900000000000000e-01 5.768973119126561e+00 5.535966735608944e-02
8.950000000000000e-01 5.915054719607133e+00 4.328670035554234e-02
9.000000000000000e-01 6.064833421838831e+00 3.217855278664966e-02
9.050000000000000e-01 6.218402842386253e+00 2.266143999434356e-02
9.100000000000000e-01 6.375858967136348e+00 1.506211034113253e-02
9.150000000000000e-01 6.537300211292723e+00 9.410991120099989e-03
9.200000000000000e-01 6.702827480888332e+00 5.504405498849170e-03
9.250000000000000e-01 6.872544235855034e+00 3.000407999023469e-03
9.300000000000000e-01 7.046556554689444e+00 1.517063349503522e-03
9.350000000000001e-01 7.224973200755413e+00 7.079827464573831e-04
9.400000000000001e-01 7.407905690264673e+00 3.033586153897240e-04
9.450000000000001e-01 7.595468361978146e+00 1.186845885730272e-04
9.500000000000001e-01 7.787778448671316e+00 4.214924778558444e-05
9.550000000000001e-01 7.984956150408610e+00 1.350368481148069e-05
9.600000000000000e-01 8.187124709672272e+00 3.877395410794552e-06
9.650000000000000e-01 8.394410488393007e+00 9.909568356266781e-07
9.700000000000000e-01 8.606943046930221e+00 2.237937818717976e-07
9.750000000000000e-01 8.824855225051540e+00 4.432770541067865e-08
9.800000000000000e-01 9.048283224961922e+00 7.649037934191201e-09
9.850000000000000e-01 9.277366696434507e+00 1.150440520377799e-09
9.900000000000000e-01 9.512248824096272e+00 1.577983253271367e-10
9.950000000000000e-01 9.753076416923058e+00 3.193847036821712e-11
1.000000000000000e+00 1.000000000000000e+01 -9.447467997094516e-12
