0.000000000000000e+00 0.000000000000000e+00 -6.924474719273233e-02
5.000000000000000e-03 3.369477419287315e-03 -6.924833106074084e-02
1.000000000000000e-02 6.741060871647481e-03 -6.924548096085013e-02
1.500000000000000e-02 1.011685770649257e-02 -6.923954903879906e-02
2.000000000000000e-02 1.349897790673588e-02 -6.922708515598737e-02
2.500000000000000e-02 1.688953540759990e-02 -6.921287487953372e-02
3.000000000000000e-02 2.029064941789469e-02 -6.919443373737308e-02
3.500000000000000e-02 2.370444574459234e-02 -6.917269320495770e-02
4.000000000000000e-02 2.713305812152553e-02 -6.914717343793622e-02
4.500000000000000e-02 3.057862954304063e-02 -6.911755327594121e-02
5.000000000000000e-02 3.404331360343898e-02 -6.908464277649254e-02
5.500000000000000e-02 3.752927584304335e-02 -6.904751023611688e-02
6.000000000000000e-02 4.103869510173117e-02 -6.900683168706302e-02
6.500000000000000e-02 4.457376488078044e-02 -6.896194833067376e-02
7.000000000000001e-02 4.813669471387935e-02 -6.891270883696235e-02
7.500000000000000e-02 5.172971154815675e-02 -6.885957904873541e-02
8.000000000000000e-02 5.535506113609672e-02 -6.880178277035842e-02
8.500000000000001e-02 5.901500943920686e-02 -6.873979979578335e-02
9.000000000000000e-02 6.271184404431801e-02 -6.867298879114353e-02
9.500000000000000e-02 6.644787559340060e-02 -6.860143341083214e-02
1.000000000000000e-01 7.022543922779090e-02 -6.852490079339695e-02
1.050000000000000e-01 7.404689604773053e-02 -6.844317158560513e-02
1.100000000000000e-01 7.791463458813094e-02 -6.835621444027576e-02
1.150000000000000e-01 8.183107231148547e-02 -6.826366665239302e-02
1.200000000000000e-01 8.579865711886202e-02 -6.816537043175883e-02
1.250000000000000e-01 8.981986887992111e-02 -6.806112772144719e-02
1.300000000000000e-01 9.389722098291493e-02 -6.795059811187094e-02
1.350000000000000e-01 9.803326190563690e-02 -6.783369410259141e-02
1.400000000000000e-01 1.022305768083033e-01 -6.771005576441028e-02
1.450000000000000e-01 1.064917891493625e-01 -6.757943887498144e-02
1.500000000000000e-01 1.108195623252418e-01 -6.744138530770524e-02
1.550000000000000e-01 1.152166013350572e-01 -6.729585472684886e-02
1.600000000000000e-01 1.196856544713255e-01 -6.714228640491315e-02
1.650000000000000e-01 1.242295150377370e-01 -6.698050465080474e-02
1.700000000000000e-01 1.288510230950609e-01 -6.681012117374517e-02
1.750000000000000e-01 1.335530672362758e-01 -6.663060466788670e-02
1.800000000000000e-01 1.383385863920344e-01 -6.644182009795302e-02
1.850000000000000e-01 1.432105716675912e-01 -6.624323836051089e-02
1.900000000000000e-01 1.481720682123397e-01 -6.603425693851543e-02
1.950000000000000e-01 1.532261771231311e-01 -6.581477769730973e-02
2.000000000000000e-01 1.583760573825595e-01 -6.558406629202443e-02
2.050000000000000e-01 1.636249278334301e-01 -6.534177393721792e-02
2.100000000000000e-01 1.689760691906397e-01 -6.508733999946718e-02
2.150000000000000e-01 1.744328260917313e-01 -6.482024023985594e-02
2.200000000000000e-01 1.799986091874004e-01 -6.454000180244149e-02
2.250000000000000e-01 1.856768972732633e-01 -6.424598514326593e-02
2.300000000000000e-01 1.914712394642179e-01 -6.393760998398219e-02
2.350000000000000e-01 1.973852574127551e-01 -6.361437823726239e-02
2.400000000000000e-01 2.034226475726105e-01 -6.327547786575402e-02
2.450000000000000e-01 2.095871835091678e-01 -6.292045944250965e-02
2.500000000000000e-01 2.158827182580599e-01 -6.254853059073283e-02
2.550000000000000e-01 2.223131867334419e-01 -6.215902886941895e-02
2.600000000000000e-01 2.288826081874405e-01 -6.175130150270018e-02
2.650000000000000e-01 2.355950887223172e-01 -6.132456495738927e-02
2.700000000000000e-01 2.424548238569160e-01 -6.087805808178204e-02
2.750000000000000e-01 2.494661011489995e-01 -6.041112938129625e-02
2.800000000000000e-01 2.566333028751116e-01 -5.992282765989101e-02
2.850000000000000e-01 2.639609087696434e-01 -5.941249951187648e-02
2.900000000000000e-01 2.714534988248126e-01 -5.887927731536256e-02
2.950000000000000e-01 2.791157561533084e-01 -5.832230462259018e-02
3.000000000000000e-01 2.869524699153886e-01 -5.774078497041906e-02
3.050000000000000e-01 2.949685383122613e-01 -5.713389188982578e-02
3.100000000000000e-01 3.031689716476197e-01 -5.650065188877194e-02
3.150000000000000e-01 3.115588954592450e-01 -5.584035112493656e-02
3.200000000000000e-01 3.201435537226349e-01 -5.515202953120264e-02
3.250000000000000e-01 3.289283121286580e-01 -5.443482547031268e-02
3.300000000000000e-01 3.379186614372866e-01 -5.368791322254237e-02
3.350000000000000e-01 3.471202209094989e-01 -5.291045139772940e-02
3.400000000000000e-01 3.565387418195016e-01 -5.210149346638870e-02
3.450000000000000e-01 3.661801110494620e-01 -5.126034419367950e-02
3.500000000000000e-01 3.760503547690021e-01 -5.038613024796695e-02
3.550000000000000e-01 3.861556422017504e-01 -4.947805892008435e-02
3.600000000000000e-01 3.965022894813072e-01 -4.853539708029227e-02
3.650000000000000e-01 4.070967635990345e-01 -4.755749599417926e-02
3.700000000000000e-01 4.179456864461349e-01 -4.654356964944674e-02
3.750000000000000e-01 4.290558389525505e-01 -4.549308433749382e-02
3.800000000000000e-01 4.404341653252637e-01 -4.440548850248761e-02
3.850000000000000e-01 4.520877773886537e-01 -4.328028221151206e-02
3.900000000000000e-01 4.640239590296172e-01 -4.211697974684105e-02
3.950000000000000e-01 4.762501707502353e-01 -4.091535891833154e-02
4.000000000000000e-01 4.887740543308307e-01 -3.967513250939189e-02
4.050000000000000e-01 5.016034376063282e-01 -3.839614656925890e-02
4.100000000000000e-01 5.147463393589066e-01 -3.707833948120277e-02
4.150000000000000e-01 5.282109743299990e-01 -3.572189826224804e-02
4.200000000000000e-01 5.420057583547735e-01 -3.432697533973741e-02
4.250000000000000e-01 5.561393136223041e-01 -3.289392435519830e-02
4.300000000000000e-01 5.706204740647189e-01 -3.142322556318464e-02
4.350000000000000e-01 5.854582908786964e-01 -2.991563569027675e-02
4.400000000000000e-01 6.006620381827575e-01 -2.837193446519182e-02
4.450000000000000e-01 6.162412188138907e-01 -2.679313225641214e-02
4.500000000000000e-01 6.322055702671360e-01 -2.518038386506809e-02
4.550000000000000e-01 6.485650707818353e-01 -2.353518011110835e-02
4.600000000000000e-01 6.653299455783577e-01 -2.185911158825372e-02
4.650000000000000e-01 6.825106732491932e-01 -2.015401685858561e-02
4.700000000000000e-01 7.001179923084168e-01 -1.842187015387918e-02
4.750000000000000e-01 7.181629079036070e-01 -1.666501351687533e-02
4.800000000000000e-01 7.366566986944229e-01 -1.488597338726535e-02
4.850000000000000e-01 7.556109239021327e-01 -1.308760350320412e-02
4.900000000000000e-01 7.750374305345038e-01 -1.127290943403618e-02
4.950000000000000e-01 7.949483607905672e-01 -9.445213578272030e-03
5.000000000000000e-01 8.153561596498893e-01 -7.608028363060252e-03
5.050000000000000e-01 8.362735826510871e-01 -5.765259208297431e-03
5.100000000000000e-01 8.577137038644561e-01 -3.921017042204332e-03
5.150000000000000e-01 8.796899240636907e-01 -2.079801351086988e-03
5.200000000000000e-01 9.022159791018011e-01 -2.463267962492794e-04
5.250000000000000e-01 9.253059484964714e-01 1.574351146489259e-03
5.300000000000000e-01 9.489742642302165e-01 3.376927971873107e-03
5.350000000000000e-01 9.732357197708378e-01 5.155790294991900e-03
5.400000000000000e-01 9.981054793178262e-01 6.905051086022062e-03
5.450000000000000e-01 1.023599087280478e+00 8.618534950794392e-03
5.500000000000000e-01 1.049732477993657e+00 1.028979572464788e-02
5.550000000000000e-01 1.076521985677273e+00 1.191212503050924e-02
5.600000000000001e-01 1.103984354645701e+00 1.347857244676280e-02
5.650000000000001e-01 1.132136749773522e+00 1.498196920918186e-02
5.700000000000001e-01 1.160996767224129e+00 1.641496036091727e-02
5.750000000000001e-01 1.190582445447902e+00 1.777004526351412e-02
5.800000000000000e-01 1.220912276456826e+00 1.903962856410987e-02
5.850000000000000e-01 1.252005217382601e+00 2.021608304988471e-02
5.900000000000000e-01 1.283880702325469e+00 2.129182605357393e-02
5.950000000000000e-01 1.316558654501151e+00 2.225941084004402e-02
6.000000000000000e-01 1.350059498693518e+00 2.311163411727254e-02
6.050000000000000e-01 1.384404174020732e+00 2.384166029773816e-02
6.100000000000000e-01 1.419614147022888e+00 2.444316240484697e-02
6.150000000000000e-01 1.455711425079295e+00 2.491047855090016e-02
6.200000000000000e-01 1.492718570163803e+00 2.523878172686745e-02
6.250000000000000e-01 1.530658712946775e+00 2.542425928720800e-02
6.300000000000000e-01 1.569555567252506e+00 2.546429707116479e-02
6.350000000000000e-01 1.609433444881138e+00 2.535766169728698e-02
6.400000000000000e-01 1.650317270804325e+00 2.510467334979166e-02
6.450000000000000e-01 1.692232598744148e+00 2.470736050344915e-02
6.500000000000000e-01 1.735205627145031e+00 2.416958765432767e-02
6.550000000000000e-01 1.779263215548615e+00 2.349714734397323e-02
6.600000000000000e-01 1.824432901381847e+00 2.269780862968203e-02
6.650000000000000e-01 1.870742917168772e+00 2.178131563515356e-02
6.700000000000000e-01 1.918222208176775e+00 2.075933181627718e-02
6.750000000000000e-01 1.966900450508319e+00 1.964532795124214e-02
6.800000000000000e-01 2.016808069649473e+00 1.845441445812993e-02
6.850000000000001e-01 2.067976259486829e+00 1.720312133780514e-02
6.900000000000001e-01 2.120437001804702e+00 1.590913179313004e-02
6.950000000000001e-01 2.174223086274785e+00 1.459097844593815e-02
7.000000000000001e-01 2.229368130950753e+00 1.326771421581243e-02
7.050000000000000e-01 2.285906603280654e+00 1.195857355145371e-02
7.100000000000000e-01 2.343873841650178e+00 1.068264401162939e-02
7.150000000000000e-01 2.403306077470301e+00 9.458573259535925e-03
7.200000000000000e-01 2.464240457823092e+00 8.304342226007044e-03
7.250000000000000e-01 2.526715068679855e+00 7.237141076049312e-03
7.300000000000000e-01 2.590768958706095e+00 6.273389897462309e-03
7.350000000000000e-01 2.656442163668210e+00 5.428949601023495e-03
7.400000000000000e-01 2.723775731457148e+00 4.719568975052638e-03
7.450000000000000e-01 2.792811747744667e+00 4.161609547477271e-03
7.500000000000000e-01 2.863593362288260e+00 3.773079058144893e-03
7.550000000000000e-01 2.936164815901156e+00 3.574984882407681e-03
7.600000000000000e-01 3.010571468104263e+00 3.592988280187873e-03
7.650000000000000e-01 3.086859825477351e+00 3.859296028770710e-03
7.700000000000000e-01 3.165077570727174e+00 4.414664595935772e-03
7.750000000000000e-01 3.245273592490716e+00 5.310310367513167e-03
7.800000000000000e-01 3.327498015892184e+00 6.609415685436978e-03
7.850000000000000e-01 3.411802233872832e+00 8.387796209548493e-03
7.900000000000000e-01 3.498238939313234e+00 1.073315894502262e-02
7.950000000000000e-01 3.586862157968046e+00 1.374225212588697e-02
8.000000000000000e-01 3.677727282233856e+00 1.751512413206352e-02
8.050000000000000e-01 3.770891105771243e+00 2.214572448450127e-02
8.100000000000001e-01 3.866411859002656e+00 2.770827042518336e-02
8.150000000000001e-01 3.964349245508326e+00 3.423925270536341e-02
8.200000000000001e-01 4.064764479342956e+00 4.171573850555950e-02
8.250000000000001e-01 4.167720323296481e+00 5.003177586335298e-02
8.300000000000001e-01 4.273281128122877e+00 5.897614427780998e-02
8.350000000000000e-01 4.381512872761445e+00 6.821621205938969e-02
8.400000000000000e-01 4.492483205575838e+00 7.729384824488543e-02
8.450000000000000e-01 4.606261486636447e+00 8.563961974084346e-02
8.500000000000000e-01 4.722918831072739e+00 9.261023798005859e-02
8.550000000000000e-01 4.842528153522501e+00 9.755090377135971e-02
8.600000000000000e-01 4.965164213705875e+00 9.987878660332508e-02
8.650000000000000e-01 5.090903663152626e+00 9.917708550077022e-02
8.700000000000000e-01 5.219825093111814e+00 9.528260218752922e-02
8.750000000000000e-01 5.352009083673925e+00 8.834590449494789e-02
8.800000000000000e-01 5.487538254136007e+00 7.884442903941336e-02
8.850000000000000e-01 5.626497314641444e+00 6.753671053037251e-02
8.900000000000000e-01 5.768973119126561e+00 5.535962468849322e-02
8.950000000000000e-01 5.915054719607133e+00 4.328668351708554e-02
9.000000000000000e-01 6.064833421838831e+00 3.217854642421668e-02
9.050000000000000e-01 6.218402842386253e+00 2.266143769415602e-02
9.100000000000000e-01 6.375858967136348e+00 1.506210954598717e-02
9.150000000000000e-01 6.537300211292723e+00 9.410990857421255e-03
9.200000000000000e-01 6.702827480888332e+00 5.504405415962279e-03
9.250000000000000e-01 6.872544235855034e+00 3.000407974025824e-03
9.300000000000000e-01 7.046556554689444e+00 1.517063342267708e-03
9.350000000000001e-01 7.224973200755413e+00 7.079827442679903e-04
9.400000000000001e-01 7.407905690264673e+00 3.033586144675613e-04
9.450000000000001e-01 7.595468361978146e+00 1.186845872649000e-04
9.500000000000001e-01 7.787778448671316e+00 4.214924561982297e-05
9.550000000000001e-01 7.984956150408610e+00 1.350368021879501e-05
9.600000000000000e-01 8.187124709672272e+00 3.877387633230661e-06
9.650000000000000e-01 8.394410488393007e+00 9.909454766405705e-07
9.700000000000000e-01 8.606943046930221e+00 2.237780324154310e-07
9.750000000000000e-01 8.824855225051540e+00 4.431459006122461e-08
9.800000000000000e-01 9.048283224961922e+00 7.642303323935661e-09
9.850000000000000e-01 9.277366696434507e+00 1.149470173691589e-09
9.900000000000000e-01 9.512248824096272e+00 1.640910229597567e-10
9.950000000000000e-01 9.753076416923058e+00 3.157305264737334e-11
1.000000000000000e+00 1.000000000000000e+01 -1.193458005368973e-11
