0.000000000000000e+00 0.000000000000000e+00 -1.946862875655087e-02
5.000000000000000e-03 3.369477419287315e-03 -1.947223087040273e-02
1.000000000000000e-02 6.741060871647481e-03 -1.946838864094412e-02
1.500000000000000e-02 1.011685770649257e-02 -1.947139657841074e-02
2.000000000000000e-02 1.349897790673588e-02 -1.947400345003690e-02
2.500000000000000e-02 1.688953540759990e-02 -1.947824024347539e-02
3.000000000000000e-02 2.029064941789469e-02 -1.948279567312598e-02
3.500000000000000e-02 2.370444574459234e-02 -1.948838957590904e-02
4.000000000000000e-02 2.713305812152553e-02 -1.949455816383580e-02
4.500000000000000e-02 3.057862954304063e-02 -1.950214169807188e-02
5.000000000000000e-02 3.404331360343898e-02 -1.951029992569159e-02
5.500000000000000e-02 3.752927584304335e-02 -1.951983938262486e-02
6.000000000000000e-02 4.103869510173117e-02 -1.952961153224601e-02
6.500000000000000e-02 4.457376488078044e-02 -1.954107824066071e-02
7.000000000000001e-02 4.813669471387935e-02 -1.955308566427863e-02
7.500000000000000e-02 5.172971154815675e-02 -1.956640045073855e-02
8.000000000000000e-02 5.535506113609672e-02 -1.958081986998187e-02
8.500000000000001e-02 5.901500943920686e-02 -1.959636094648371e-02
9.000000000000000e-02 6.271184404431801e-02 -1.961312936140969e-02
9.500000000000000e-02 6.644787559340060e-02 -1.963105747406348e-02
1.000000000000000e-01 7.022543922779090e-02 -1.965016945352843e-02
1.050000000000000e-01 7.404689604773053e-02 -1.967081440027705e-02
1.100000000000000e-01 7.791463458813094e-02 -1.969254611223374e-02
1.150000000000000e-01 8.183107231148547e-02 -1.971580314534241e-02
1.200000000000000e-01 8.579865711886202e-02 -1.974051628896222e-02
1.250000000000000e-01 8.981986887992111e-02 -1.976672963279153e-02
1.300000000000000e-01 9.389722098291493e-02 -1.979439769068347e-02
1.350000000000000e-01 9.803326190563690e-02 -1.982389589622868e-02
1.400000000000000e-01 1.022305768083033e-01 -1.985492875462982e-02
1.450000000000000e-01 1.064917891493625e-01 -1.988799185089202e-02
1.500000000000000e-01 1.108195623252418e-01 -1.992276911352544e-02
1.550000000000000e-01 1.152166013350572e-01 -1.995965875129599e-02
1.600000000000000e-01 1.196856544713255e-01 -1.999838511037633e-02
1.650000000000000e-01 1.242295150377370e-01 -2.003947842786727e-02
1.700000000000000e-01 1.288510230950609e-01 -2.008258483706835e-02
1.750000000000000e-01 1.335530672362758e-01 -2.012822369395440e-02
1.800000000000000e-01 1.383385863920344e-01 -2.017610026730671e-02
1.850000000000000e-01 1.432105716675912e-01 -2.022668503544356e-02
1.900000000000000e-01 1.481720682123397e-01 -2.027989422918487e-02
1.950000000000000e-01 1.532261771231311e-01 -2.033591228746313e-02
2.000000000000000e-01 1.583760573825595e-01 -2.039495047447566e-02
2.050000000000000e-01 1.636249278334301e-01 -2.045700983508204e-02
2.100000000000000e-01 1.689760691906397e-01 -2.052233623338148e-02
2.150000000000000e-01 1.744328260917313e-01 -2.059093956262941e-02
2.200000000000000e-01 1.799986091874004e-01 -2.066315196889307e-02
2.250000000000000e-01 1.856768972732633e-01 -2.073899367869339e-02
2.300000000000000e-01 1.914712394642179e-01 -2.081869615434107e-02
2.350000000000000e-01 1.973852574127551e-01 -2.090260430935555e-02
2.400000000000000e-01 2.034226475726105e-01 -2.099054062946895e-02
2.450000000000000e-01 2.095871835091678e-01 -2.108309671214181e-02
2.500000000000000e-01 2.158827182580599e-01 -2.118010375256118e-02
2.550000000000000e-01 2.223131867334419e-01 -2.128221114469306e-02
2.600000000000000e-01 2.288826081874405e-01 -2.138917189429462e-02
2.650000000000000e-01 2.355950887223172e-01 -2.150157644950224e-02
2.700000000000000e-01 2.424548238569160e-01 -2.161948138075417e-02
2.750000000000000e-01 2.494661011489995e-01 -2.174317177717065e-02
2.800000000000000e-01 2.566333028751116e-01 -2.187306257414144e-02
2.850000000000000e-01 2.639609087696434e-01 -2.200913850796563e-02
2.900000000000000e-01 2.714534988248126e-01 -2.215197791138715e-02
2.950000000000000e-01 2.791157561533084e-01 -2.230163921981961e-02
3.000000000000000e-01 2.869524699153886e-01 -2.245847676973431e-02
3.050000000000000e-01 2.949685383122613e-01 -2.262295954172992e-02
3.100000000000000e-01 3.031689716476197e-01 -2.279510897010775e-02
3.150000000000000e-01 3.115588954592450e-01 -2.297562912219578e-02
3.200000000000000e-01 3.201435537226349e-01 -2.316448634683275e-02
3.250000000000000e-01 3.289283121286580e-01 -2.336226671648464e-02
3.300000000000000e-01 3.379186614372866e-01 -2.356921702299552e-02
3.350000000000000e-01 3.471202209094989e-01 -2.378569130165483e-02
3.400000000000000e-01 3.565387418195016e-01 -2.401214676714237e-02
3.450000000000000e-01 3.661801110494620e-01 -2.424883744940637e-02
3.500000000000000e-01 3.760503547690021e-01 -2.449612871354035e-02
3.550000000000000e-01 3.861556422017504e-01 -2.475444224353183e-02
3.600000000000000e-01 3.965022894813072e-01 -2.502416653972247e-02
3.650000000000000e-01 4.070967635990345e-01 -2.530560677644208e-02
3.700000000000000e-01 4.179456864461349e-01 -2.559901805417707e-02
3.750000000000000e-01 4.290558389525505e-01 -2.590496438288346e-02
3.800000000000000e-01 4.404341653252637e-01 -2.622354220229511e-02
3.850000000000000e-01 4.520877773886537e-01 -2.655517533880144e-02
3.900000000000000e-01 4.640239590296172e-01 -2.690010227389223e-02
3.950000000000000e-01 4.762501707502353e-01 -2.725851479399801e-02
4.000000000000000e-01 4.887740543308307e-01 -2.763068947407604e-02
4.050000000000000e-01 5.016034376063282e-01 -2.801669475468392e-02
4.100000000000000e-01 5.147463393589066e-01 -2.841663067219646e-02
4.150000000000000e-01 5.282109743299990e-01 -2.883057664201313e-02
4.200000000000000e-01 5.420057583547735e-01 -2.925833249298816e-02
4.250000000000000e-01 5.561393136223041e-01 -2.969987602525430e-02
4.300000000000000e-01 5.706204740647189e-01 -3.015483827519437e-02
4.350000000000000e-01 5.854582908786964e-01 -3.062282347406097e-02
4.400000000000000e-01 6.006620381827575e-01 -3.110334542644399e-02
4.450000000000000e-01 6.162412188138907e-01 -3.159560400390767e-02
4.500000000000000e-01 6.322055702671360e-01 -3.209872650512313e-02
4.550000000000000e-01 6.485650707818353e-01 -3.261163778682078e-02
4.600000000000000e-01 6.653299455783577e-01 -3.313287208193008e-02
4.650000000000000e-01 6.825106732491932e-01 -3.366089913550827e-02
4.700000000000000e-01 7.001179923084168e-01 -3.419376446452798e-02
4.750000000000000e-01 7.181629079036070e-01 -3.472916304670555e-02
4.800000000000000e-01 7.366566986944229e-01 -3.526456409423970e-02
4.850000000000000e-01 7.556109239021327e-01 -3.579692715208529e-02
4.900000000000000e-01 7.750374305345038e-01 -3.632278587273079e-02
4.950000000000000e-01 7.949483607905672e-01 -3.683835287333673e-02
5.000000000000000e-01 8.153561596498893e-01 -3.733923273223329e-02
5.050000000000000e-01 8.362735826510871e-01 -3.782055376018522e-02
5.100000000000000e-01 8.577137038644561e-01 -3.827704871530463e-02
5.150000000000000e-01 8.796899240636907e-01 -3.870281913951636e-02
5.200000000000000e-01 9.022159791018011e-01 -3.909147418900782e-02
5.250000000000000e-01 9.253059484964714e-01 -3.943625241646612e-02
5.300000000000000e-01 9.489742642302165e-01 -3.972987428871236e-02
5.350000000000000e-01 9.732357197708378e-01 -3.996464569180121e-02
5.400000000000000e-01 9.981054793178262e-01 -4.013269967899876e-02
5.450000000000000e-01 1.023599087280478e+00 -4.022593898094625e-02
5.500000000000000e-01 1.049732477993657e+00 -4.023613560417127e-02
5.550000000000000e-01 1.076521985677273e+00 -4.015523776991530e-02
5.600000000000001e-01 1.103984354645701e+00 -3.997548611650208e-02
5.650000000000001e-01 1.132136749773522e+00 -3.968947095059763e-02
5.700000000000001e-01 1.160996767224129e+00 -3.929041269711334e-02
5.750000000000001e-01 1.190582445447902e+00 -3.877243728817784e-02
5.800000000000000e-01 1.220912276456826e+00 -3.813062214334532e-02
5.850000000000000e-01 1.252005217382601e+00 -3.736113307758741e-02
5.900000000000000e-01 1.283880702325469e+00 -3.646144258932692e-02
5.950000000000000e-01 1.316558654501151e+00 -3.543048849662962e-02
6.000000000000000e-01 1.350059498693518e+00 -3.426861098564697e-02
6.050000000000000e-01 1.384404174020732e+00 -3.297759281912119e-02
6.100000000000000e-01 1.419614147022888e+00 -3.156069615694657e-02
6.150000000000000e-01 1.455711425079295e+00 -3.002269982808707e-02
6.200000000000000e-01 1.492718570163803e+00 -2.836972075363513e-02
6.250000000000000e-01 1.530658712946775e+00 -2.660911632528635e-02
6.300000000000000e-01 1.569555567252506e+00 -2.474936198485144e-02
6.350000000000000e-01 1.609433444881138e+00 -2.280003927784337e-02
6.400000000000000e-01 1.650317270804325e+00 -2.077166193713554e-02
6.450000000000000e-01 1.692232598744148e+00 -1.867558208224790e-02
6.500000000000000e-01 1.735205627145031e+00 -1.652380765487486e-02
6.550000000000000e-01 1.779263215548615e+00 -1.432897824794843e-02
6.600000000000000e-01 1.824432901381847e+00 -1.210427302075174e-02
6.650000000000000e-01 1.870742917168772e+00 -9.863462234544266e-03
6.700000000000000e-01 1.918222208176775e+00 -7.620814590713002e-03
6.750000000000000e-01 1.966900450508319e+00 -5.391171635479561e-03
6.800000000000000e-01 2.016808069649473e+00 -3.189888868343429e-03
6.850000000000001e-01 2.067976259486829e+00 -1.032914899532595e-03
6.900000000000001e-01 2.120437001804702e+00 1.063221188216250e-03
6.950000000000001e-01 2.174223086274785e+00 3.081380221424200e-03
7.000000000000001e-01 2.229368130950753e+00 5.003869690573676e-03
7.050000000000000e-01 2.285906603280654e+00 6.812563412321350e-03
7.100000000000000e-01 2.343873841650178e+00 8.489161135134586e-03
7.150000000000000e-01 2.403306077470301e+00 1.001562563840677e-02
7.200000000000000e-01 2.464240457823092e+00 1.137486315406158e-02
7.250000000000000e-01 2.526715068679855e+00 1.255169718894664e-02
7.300000000000000e-01 2.590768958706095e+00 1.353417044464863e-02
7.350000000000000e-01 2.656442163668210e+00 1.431517098079373e-02
7.400000000000000e-01 2.723775731457148e+00 1.489433014119442e-02
7.450000000000000e-01 2.792811747744667e+00 1.528008846213222e-02
7.500000000000000e-01 2.863593362288260e+00 1.549178709305586e-02
7.550000000000000e-01 2.936164815901156e+00 1.556162675881107e-02
7.600000000000000e-01 3.010571468104263e+00 1.553634564253065e-02
7.650000000000000e-01 3.086859825477351e+00 1.547849091327376e-02
7.700000000000000e-01 3.165077570727174e+00 1.546717559482484e-02
7.750000000000000e-01 3.245273592490716e+00 1.559820078080011e-02
7.800000000000000e-01 3.327498015892184e+00 1.598336786537705e-02
7.850000000000000e-01 3.411802233872832e+00 1.674870564636253e-02
7.900000000000000e-01 3.498238939313234e+00 1.803120842988548e-02
7.950000000000000e-01 3.586862157968046e+00 1.997355391073466e-02
8.000000000000000e-01 3.677727282233856e+00 2.271618594140048e-02
8.050000000000000e-01 3.770891105771243e+00 2.638616070468867e-02
8.100000000000001e-01 3.866411859002656e+00 3.108233021344083e-02
8.150000000000001e-01 3.964349245508326e+00 3.685684853349108e-02
8.200000000000001e-01 4.064764479342956e+00 4.369370363931108e-02
8.250000000000001e-01 4.167720323296481e+00 5.148603612681580e-02
8.300000000000001e-01 4.273281128122877e+00 6.001535433045665e-02
8.350000000000000e-01 4.381512872761445e+00 6.893719784368645e-02
8.400000000000000e-01 4.492483205575838e+00 7.777895267606431e-02
8.450000000000000e-01 4.606261486636447e+00 8.595581413492756e-02
8.500000000000000e-01 4.722918831072739e+00 9.280967878999097e-02
8.550000000000000e-01 4.842528153522501e+00 9.767250936329604e-02
8.600000000000000e-01 4.965164213705875e+00 9.995038810618861e-02
8.650000000000000e-01 5.090903663152626e+00 9.921775625692802e-02
8.700000000000000e-01 5.219825093111814e+00 9.530486660929129e-02
8.750000000000000e-01 5.352009083673925e+00 8.835764006396404e-02
8.800000000000000e-01 5.487538254136007e+00 7.885037981352343e-02
8.850000000000000e-01 5.626497314641444e+00 6.753961089251041e-02
8.900000000000000e-01 5.768973119126561e+00 5.536098235839734e-02
8.950000000000000e-01 5.915054719607133e+00 4.328729343974424e-02
9.000000000000000e-01 6.064833421838831e+00 3.217880920375078e-02
9.050000000000000e-01 6.218402842386253e+00 2.266154620286987e-02
9.100000000000000e-01 6.375858967136348e+00 1.506215246371308e-02
9.150000000000000e-01 6.537300211292723e+00 9.411007108267186e-03
9.200000000000000e-01 6.702827480888332e+00 5.504411304107992e-03
9.250000000000000e-01 6.872544235855034e+00 3.000410015137261e-03
9.300000000000000e-01 7.046556554689444e+00 1.517064019561342e-03
9.350000000000001e-01 7.224973200755413e+00 7.079829611634804e-04
9.400000000000001e-01 7.407905690264673e+00 3.033586839102787e-04
9.450000000000001e-01 7.595468361978146e+00 1.186846140462939e-04
9.500000000000001e-01 7.787778448671316e+00 4.214926308632216e-05
9.550000000000001e-01 7.984956150408610e+00 1.350369779118738e-05
9.600000000000000e-01 8.187124709672272e+00 3.877408771916948e-06
9.650000000000000e-01 8.394410488393007e+00 9.909657921193782e-07
9.700000000000000e-01 8.606943046930221e+00 2.237952928861415e-07
9.750000000000000e-01 8.824855225051540e+00 4.432642478043412e-08
9.800000000000000e-01 9.048283224961922e+00 7.645429934900955e-09
9.850000000000000e-01 9.277366696434507e+00 1.149928910231212e-09
9.900000000000000e-01 9.512248824096272e+00 1.658438517822206e-10
9.950000000000000e-01 9.753076416923058e+00 3.391781089737698e-11
1.000000000000000e+00 1.000000000000000e+01 -1.179444891105363e-12
