0.000000000000000e+00 0.000000000000000e+00 -9.223679987648158e-05
5.000000000000000e-03 3.369477419287315e-03 -9.583746146063565e-05
1.000000000000000e-02 6.741060871647481e-03 -9.938933206728291e-05
1.500000000000000e-02 1.011685770649257e-02 -9.859389784646500e-05
2.000000000000000e-02 1.349897790673588e-02 -9.915920898586821e-05
2.500000000000000e-02 1.688953540759990e-02 -9.844284836576371e-05
3.000000000000000e-02 2.029064941789469e-02 -9.957907082023526e-05
3.500000000000000e-02 2.370444574459234e-02 -9.885797124638962e-05
4.000000000000000e-02 2.713305812152553e-02 -9.946016994358594e-05
4.500000000000000e-02 3.057862954304063e-02 -9.898637123439857e-05
5.000000000000000e-02 3.404331360343898e-02 -9.973039952393074e-05
5.500000000000000e-02 3.752927584304335e-02 -9.901155023320548e-05
6.000000000000000e-02 4.103869510173117e-02 -1.000434646925575e-04
6.500000000000000e-02 4.457376488078044e-02 -9.911714884023176e-05
7.000000000000001e-02 4.813669471387935e-02 -1.001556688459716e-04
7.500000000000000e-02 5.172971154815675e-02 -9.925608227743289e-05
8.000000000000000e-02 5.535506113609672e-02 -1.002571655068027e-04
8.500000000000001e-02 5.901500943920686e-02 -9.928874539800007e-05
9.000000000000000e-02 6.271184404431801e-02 -1.004849368580733e-04
9.500000000000000e-02 6.644787559340060e-02 -9.947893481997517e-05
1.000000000000000e-01 7.022543922779090e-02 -1.006324089253475e-04
1.050000000000000e-01 7.404689604773053e-02 -9.986904304880682e-05
1.100000000000000e-01 7.791463458813094e-02 -1.005650502181663e-04
1.150000000000000e-01 8.183107231148547e-02 -1.000452539772609e-04
1.200000000000000e-01 8.579865711886202e-02 -1.005154007504545e-04
1.250000000000000e-01 8.981986887992111e-02 -1.002659396780428e-04
1.300000000000000e-01 9.389722098291493e-02 -1.005720734703798e-04
1.350000000000000e-01 9.803326190563690e-02 -1.004663341543360e-04
1.400000000000000e-01 1.022305768083033e-01 -1.006526876682395e-04
1.450000000000000e-01 1.064917891493625e-01 -1.006322876140525e-04
1.500000000000000e-01 1.108195623252418e-01 -1.007430323583627e-04
1.550000000000000e-01 1.152166013350572e-01 -1.007769565557809e-04
1.600000000000000e-01 1.196856544713255e-01 -1.008010422130038e-04
1.650000000000000e-01 1.242295150377370e-01 -1.008440235294905e-04
1.700000000000000e-01 1.288510230950609e-01 -1.008691199266020e-04
1.750000000000000e-01 1.335530672362758e-01 -1.010612989370028e-04
1.800000000000000e-01 1.383385863920344e-01 -1.010784210727684e-04
1.850000000000000e-01 1.432105716675912e-01 -1.012710103111788e-04
1.900000000000000e-01 1.481720682123397e-01 -1.012650427493315e-04
1.950000000000000e-01 1.532261771231311e-01 -1.015272091499095e-04
2.000000000000000e-01 1.583760573825595e-01 -1.014325143939958e-04
2.050000000000000e-01 1.636249278334301e-01 -1.019068301434052e-04
2.100000000000000e-01 1.689760691906397e-01 -1.016398947128933e-04
2.150000000000000e-01 1.744328260917313e-01 -1.022065792202167e-04
2.200000000000000e-01 1.799986091874004e-01 -1.019372483447200e-04
2.250000000000000e-01 1.856768972732633e-01 -1.024813158453847e-04
2.300000000000000e-01 1.914712394642179e-01 -1.023047901543278e-04
2.350000000000000e-01 1.973852574127551e-01 -1.028171309588049e-04
2.400000000000000e-01 2.034226475726105e-01 -1.027084415696308e-04
2.450000000000000e-01 2.095871835091678e-01 -1.031135565509994e-04
2.500000000000000e-01 2.158827182580599e-01 -1.031128673626479e-04
2.550000000000000e-01 2.223131867334419e-01 -1.034665286994317e-04
2.600000000000000e-01 2.288826081874405e-01 -1.035081962233412e-04
2.650000000000000e-01 2.355950887223172e-01 -1.037802320244697e-04
2.700000000000000e-01 2.424548238569160e-01 -1.039099133145784e-04
2.750000000000000e-01 2.494661011489995e-01 -1.041175981610164e-04
2.800000000000000e-01 2.566333028751116e-01 -1.043356915168088e-04
2.850000000000000e-01 2.639609087696434e-01 -1.045471676677671e-04
2.900000000000000e-01 2.714534988248126e-01 -1.048713833007942e-04
2.950000000000000e-01 2.791157561533084e-01 -1.050186282729767e-04
3.000000000000000e-01 2.869524699153886e-01 -1.054435250505462e-04
3.050000000000000e-01 2.949685383122613e-01 -1.054945855969047e-04
3.100000000000000e-01 3.031689716476197e-01 -1.059947306123627e-04
3.150000000000000e-01 3.115588954592450e-01 -1.061212580907348e-04
3.200000000000000e-01 3.201435537226349e-01 -1.065963693355034e-04
3.250000000000000e-01 3.289283121286580e-01 -1.067277460741441e-04
3.300000000000000e-01 3.379186614372866e-01 -1.071361889537574e-04
3.350000000000000e-01 3.471202209094989e-01 -1.073528582736250e-04
3.400000000000000e-01 3.565387418195016e-01 -1.076972458925636e-04
3.450000000000000e-01 3.661801110494620e-01 -1.079817630336841e-04
3.500000000000000e-01 3.760503547690021e-01 -1.082737489934106e-04
3.550000000000000e-01 3.861556422017504e-01 -1.086605732519627e-04
3.600000000000000e-01 3.965022894813072e-01 -1.088636143895323e-04
3.650000000000000e-01 4.070967635990345e-01 -1.093162057325108e-04
3.700000000000000e-01 4.179456864461349e-01 -1.095220025210486e-04
3.750000000000000e-01 4.290558389525505e-01 -1.100322777707648e-04
3.800000000000000e-01 4.404341653252637e-01 -1.101650894340988e-04
3.850000000000000e-01 4.520877773886537e-01 -1.106092254717930e-04
3.900000000000000e-01 4.640239590296172e-01 -1.108169567261747e-04
3.950000000000000e-01 4.762501707502353e-01 -1.111545917255128e-04
4.000000000000000e-01 4.887740543308307e-01 -1.113977027269262e-04
4.050000000000000e-01 5.016034376063282e-01 -1.116737589893232e-04
4.100000000000000e-01 5.147463393589066e-01 -1.119602061126772e-04
4.150000000000000e-01 5.282109743299990e-01 -1.121132446539161e-04
4.200000000000000e-01 5.420057583547735e-01 -1.124349889694901e-04
4.250000000000000e-01 5.561393136223041e-01 -1.124879538728415e-04
4.300000000000000e-01 5.706204740647189e-01 -1.127324416500930e-04
4.350000000000000e-01 5.854582908786964e-01 -1.128130795314833e-04
4.400000000000000e-01 6.006620381827575e-01 -1.129288447467092e-04
4.450000000000000e-01 6.162412188138907e-01 -1.129504841140259e-04
4.500000000000000e-01 6.322055702671360e-01 -1.128766243184772e-04
4.550000000000000e-01 6.485650707818353e-01 -1.128850513679067e-04
4.600000000000000e-01 6.653299455783577e-01 -1.126949698469532e-04
4.650000000000000e-01 6.825106732491932e-01 -1.126011923106211e-04
4.700000000000000e-01 7.001179923084168e-01 -1.123072140730075e-04
4.750000000000000e-01 7.181629079036070e-01 -1.120345103832712e-04
4.800000000000000e-01 7.366566986944229e-01 -1.116330803687809e-04
4.850000000000000e-01 7.556109239021327e-01 -1.111540283160488e-04
4.900000000000000e-01 7.750374305345038e-01 -1.106275964802302e-04
4.950000000000000e-01 7.949483607905672e-01 -1.099859251054505e-04
5.000000000000000e-01 8.153561596498893e-01 -1.092968220614490e-04
5.050000000000000e-01 8.362735826510871e-01 -1.084893193835817e-04
5.100000000000000e-01 8.577137038644561e-01 -1.075886295903660e-04
5.150000000000000e-01 8.796899240636907e-01 -1.065755102284567e-04
5.200000000000000e-01 9.022159791018011e-01 -1.055136079030238e-04
5.250000000000000e-01 9.253059484964714e-01 -1.043371895929804e-04
5.300000000000000e-01 9.489742642302165e-01 -1.030854292163155e-04
5.350000000000000e-01 9.732357197708378e-01 -1.017754511031467e-04
5.400000000000000e-01 9.981054793178262e-01 -1.002666572862935e-04
5.450000000000000e-01 1.023599087280478e+00 -9.883788085422371e-05
5.500000000000000e-01 1.049732477993657e+00 -9.728390555196773e-05
5.550000000000000e-01 1.076521985677273e+00 -9.564287582460104e-05
5.600000000000001e-01 1.103984354645701e+00 -9.402745441452688e-05
5.650000000000001e-01 1.132136749773522e+00 -9.233542395473444e-05
5.700000000000001e-01 1.160996767224129e+00 -9.067751897361400e-05
5.750000000000001e-01 1.190582445447902e+00 -8.900057527768235e-05
5.800000000000000e-01 1.220912276456826e+00 -8.734767029357064e-05
5.850000000000000e-01 1.252005217382601e+00 -8.579129934311565e-05
5.900000000000000e-01 1.283880702325469e+00 -8.423230681288169e-05
5.950000000000000e-01 1.316558654501151e+00 -8.283097080384323e-05
6.000000000000000e-01 1.350059498693518e+00 -8.151226801229156e-05
6.050000000000000e-01 1.384404174020732e+00 -8.031364040720478e-05
6.100000000000000e-01 1.419614147022888e+00 -7.931600434907076e-05
6.150000000000000e-01 1.455711425079295e+00 -7.843905760647627e-05
6.200000000000000e-01 1.492718570163803e+00 -7.776876462246737e-05
6.250000000000000e-01 1.530658712946775e+00 -7.731638587253843e-05
6.300000000000000e-01 1.569555567252506e+00 -7.700825015834930e-05
6.350000000000000e-01 1.609433444881138e+00 -7.695446367408221e-05
6.400000000000000e-01 1.650317270804325e+00 -7.706668205994007e-05
6.450000000000000e-01 1.692232598744148e+00 -7.733183101426918e-05
6.500000000000000e-01 1.735205627145031e+00 -7.777910645821701e-05
6.550000000000000e-01 1.779263215548615e+00 -7.829994048688548e-05
6.600000000000000e-01 1.824432901381847e+00 -7.885432679841313e-05
6.650000000000000e-01 1.870742917168772e+00 -7.940944498062008e-05
6.700000000000000e-01 1.918222208176775e+00 -7.979242874173164e-05
6.750000000000000e-01 1.966900450508319e+00 -7.992608908754202e-05
6.800000000000000e-01 2.016808069649473e+00 -7.963379288850996e-05
6.850000000000001e-01 2.067976259486829e+00 -7.867151777324045e-05
6.900000000000001e-01 2.120437001804702e+00 -7.680085183023161e-05
6.950000000000001e-01 2.174223086274785e+00 -7.363125291048949e-05
7.000000000000001e-01 2.229368130950753e+00 -6.864555392380952e-05
7.050000000000000e-01 2.285906603280654e+00 -6.130927166822931e-05
7.100000000000000e-01 2.343873841650178e+00 -5.071394560569172e-05
7.150000000000000e-01 2.403306077470301e+00 -3.565697919867997e-05
7.200000000000000e-01 2.464240457823092e+00 -1.478626585310480e-05
7.250000000000000e-01 2.526715068679855e+00 1.385681684251206e-05
7.300000000000000e-01 2.590768958706095e+00 5.321962017934579e-05
7.350000000000000e-01 2.656442163668210e+00 1.068886035808475e-04
7.400000000000000e-01 2.723775731457148e+00 1.793561020657292e-04
7.450000000000000e-01 2.792811747744667e+00 2.771336406485597e-04
7.500000000000000e-01 2.863593362288260e+00 4.094645788684963e-04
7.550000000000000e-01 2.936164815901156e+00 5.880980067868110e-04
7.600000000000000e-01 3.010571468104263e+00 8.278842691688765e-04
7.650000000000000e-01 3.086859825477351e+00 1.149294925191280e-03
7.700000000000000e-01 3.165077570727174e+00 1.581744686363386e-03
7.750000000000000e-01 3.245273592490716e+00 2.165428603761952e-03
7.800000000000000e-01 3.327498015892184e+00 2.952208849899204e-03
7.850000000000000e-01 3.411802233872832e+00 4.008923851106243e-03
7.900000000000000e-01 3.498238939313234e+00 5.425826346448840e-03
7.950000000000000e-01 3.586862157968046e+00 7.327469090190148e-03
8.000000000000000e-01 3.677727282233856e+00 9.878437062478892e-03
8.050000000000000e-01 3.770891105771243e+00 1.327536103630210e-02
8.100000000000001e-01 3.866411859002656e+00 1.772121042111914e-02
8.150000000000001e-01 3.964349245508326e+00 2.338516547832103e-02
8.200000000000001e-01 4.064764479342956e+00 3.035714291665139e-02
8.250000000000001e-01 4.167720323296481e+00 3.860678977168824e-02
8.300000000000001e-01 4.273281128122877e+00 4.795357803116934e-02
8.350000000000000e-01 4.381512872761445e+00 5.805185374074261e-02
8.400000000000000e-01 4.492483205575838e+00 6.839460553770227e-02
8.450000000000000e-01 4.606261486636447e+00 7.833977844450565e-02
8.500000000000000e-01 4.722918831072739e+00 8.716041376965862e-02
8.550000000000000e-01 4.842528153522501e+00 9.411515885497611e-02
8.600000000000000e-01 4.965164213705875e+00 9.853237821418386e-02
8.650000000000000e-01 5.090903663152626e+00 9.989921850522972e-02
8.700000000000000e-01 5.219825093111814e+00 9.794501958472218e-02
8.750000000000000e-01 5.352009083673925e+00 9.270453538298604e-02
8.800000000000000e-01 5.487538254136007e+00 8.454361621363260e-02
8.850000000000000e-01 5.626497314641444e+00 7.413251793046138e-02
8.900000000000000e-01 5.768973119126561e+00 6.236234645459443e-02
8.950000000000000e-01 5.915054719607133e+00 5.021583753429838e-02
9.000000000000000e-01 6.064833421838831e+00 3.861886858694460e-02
9.050000000000000e-01 6.218402842386253e+00 2.830726296126503e-02
9.100000000000000e-01 6.375858967136348e+00 1.974046747090179e-02
9.150000000000000e-01 6.537300211292723e+00 1.307979389719813e-02
9.200000000000000e-01 6.702827480888332e+00 8.229062246801217e-03
9.250000000000000e-01 6.872544235855034e+00 4.917469659808385e-03
9.300000000000000e-01 7.046556554689444e+00 2.795361392477856e-03
9.350000000000001e-01 7.224973200755413e+00 1.516008456845126e-03
9.400000000000001e-01 7.407905690264673e+00 7.876967897604392e-04
9.450000000000001e-01 7.595468361978146e+00 3.940765716660449e-04
9.500000000000001e-01 7.787778448671316e+00 1.907420576649851e-04
9.550000000000001e-01 7.984956150408610e+00 8.961766971514646e-05
9.600000000000000e-01 8.187124709672272e+00 4.090585394886131e-05
9.650000000000000e-01 8.394410488393007e+00 1.810305069189518e-05
9.700000000000000e-01 8.606943046930221e+00 7.734551817464424e-06
9.750000000000000e-01 8.824855225051540e+00 3.141162351437728e-06
9.800000000000000e-01 9.048283224961922e+00 1.158212313473038e-06
9.850000000000000e-01 9.277366696434507e+00 5.524551045221151e-08
9.900000000000000e-01 9.512248824096272e+00 -7.510212704305459e-07
9.950000000000000e-01 9.753076416923058e+00 -3.972355429519448e-06
1.000000000000000e+00 1.000000000000000e+01 -1.251796695814314e-03
