0.000000000000000e+00 0.000000000000000e+00 1.506524298000126e-01
5.000000000000000e-03 3.369477419287315e-03 1.506500681590621e-01
1.000000000000000e-02 6.741060871647481e-03 1.506465552236816e-01
1.500000000000000e-02 1.011685770649257e-02 1.506394034146437e-01
2.000000000000000e-02 1.349897790673588e-02 1.506308289008887e-01
2.500000000000000e-02 1.688953540759990e-02 1.506176720907993e-01
3.000000000000000e-02 2.029064941789469e-02 1.506021908504202e-01
3.500000000000000e-02 2.370444574459234e-02 1.505829280042549e-01
4.000000000000000e-02 2.713305812152553e-02 1.505610456169603e-01
4.500000000000000e-02 3.057862954304063e-02 1.505355106310476e-01
5.000000000000000e-02 3.404331360343898e-02 1.505071983724257e-01
5.500000000000000e-02 3.752927584304335e-02 1.504750589648150e-01
6.000000000000000e-02 4.103869510173117e-02 1.504399320077804e-01
6.500000000000000e-02 4.457376488078044e-02 1.504010466731616e-01
7.000000000000001e-02 4.813669471387935e-02 1.503588408198774e-01
7.500000000000000e-02 5.172971154815675e-02 1.503126347926091e-01
8.000000000000000e-02 5.535506113609672e-02 1.502630158578099e-01
8.500000000000001e-02 5.901500943920686e-02 1.502092217549097e-01
9.000000000000000e-02 6.271184404431801e-02 1.501515604302673e-01
9.500000000000000e-02 6.644787559340060e-02 1.500895393975438e-01
1.000000000000000e-01 7.022543922779090e-02 1.500234799766068e-01
1.050000000000000e-01 7.404689604773053e-02 1.499526730404907e-01
1.100000000000000e-01 7.791463458813094e-02 1.498773950538741e-01
1.150000000000000e-01 8.183107231148547e-02 1.497971591287638e-01
1.200000000000000e-01 8.579865711886202e-02 1.497120771544447e-01
1.250000000000000e-01 8.981986887992111e-02 1.496215459044866e-01
1.300000000000000e-01 9.389722098291493e-02 1.495257786234909e-01
1.350000000000000e-01 9.803326190563690e-02 1.494242157082161e-01
1.400000000000000e-01 1.022305768083033e-01 1.493168479114024e-01
1.450000000000000e-01 1.064917891493625e-01 1.492031503786695e-01
1.500000000000000e-01 1.108195623252418e-01 1.490832218185645e-01
1.550000000000000e-01 1.152166013350572e-01 1.489564378954433e-01
1.600000000000000e-01 1.196856544713255e-01 1.488227160321220e-01
1.650000000000000e-01 1.242295150377370e-01 1.486815456081642e-01
1.700000000000000e-01 1.288510230950609e-01 1.485328961789375e-01
1.750000000000000e-01 1.335530672362758e-01 1.483761006362238e-01
1.800000000000000e-01 1.383385863920344e-01 1.482110018150229e-01
1.850000000000000e-01 1.432105716675912e-01 1.480370552206838e-01
1.900000000000000e-01 1.481720682123397e-01 1.478541129007641e-01
1.950000000000000e-01 1.532261771231311e-01 1.476614665228151e-01
2.000000000000000e-01 1.583760573825595e-01 1.474588608002797e-01
2.050000000000000e-01 1.636249278334301e-01 1.472456912951324e-01
2.100000000000000e-01 1.689760691906397e-01 1.470217079537946e-01
2.150000000000000e-01 1.744328260917313e-01 1.467861515984620e-01
2.200000000000000e-01 1.799986091874004e-01 1.465386434950104e-01
2.250000000000000e-01 1.856768972732633e-01 1.462784940372116e-01
2.300000000000000e-01 1.914712394642179e-01 1.460053543951961e-01
2.350000000000000e-01 1.973852574127551e-01 1.457184177412871e-01
2.400000000000000e-01 2.034226475726105e-01 1.454171780994366e-01
2.450000000000000e-01 2.095871835091678e-01 1.451008163705785e-01
2.500000000000000e-01 2.158827182580599e-01 1.447688444941531e-01
2.550000000000000e-01 2.223131867334419e-01 1.444204245597361e-01
2.600000000000000e-01 2.288826081874405e-01 1.440549740933343e-01
2.650000000000000e-01 2.355950887223172e-01 1.436715262987357e-01
2.700000000000000e-01 2.424548238569160e-01 1.432693895427602e-01
2.750000000000000e-01 2.494661011489995e-01 1.428476239477279e-01
2.800000000000000e-01 2.566333028751116e-01 1.424055364480555e-01
2.850000000000000e-01 2.639609087696434e-01 1.419421207726485e-01
2.900000000000000e-01 2.714534988248126e-01 1.414566186720911e-01
2.950000000000000e-01 2.791157561533084e-01 1.409479071484815e-01
3.000000000000000e-01 2.869524699153886e-01 1.404151032041007e-01
3.050000000000000e-01 2.949685383122613e-01 1.398570638895010e-01
3.100000000000000e-01 3.031689716476197e-01 1.392727911382533e-01
3.150000000000000e-01 3.115588954592450e-01 1.386611534315403e-01
3.200000000000000e-01 3.201435537226349e-01 1.380210609143926e-01
3.250000000000000e-01 3.289283121286580e-01 1.373513598079283e-01
3.300000000000000e-01 3.379186614372866e-01 1.366508862672698e-01
3.350000000000000e-01 3.471202209094989e-01 1.359184393306387e-01
3.400000000000000e-01 3.565387418195016e-01 1.351527945732642e-01
3.450000000000000e-01 3.661801110494620e-01 1.343527006969907e-01
3.500000000000000e-01 3.760503547690021e-01 1.335168840066979e-01
3.550000000000000e-01 3.861556422017504e-01 1.326440503626519e-01
3.600000000000000e-01 3.965022894813072e-01 1.317328885710690e-01
3.650000000000000e-01 4.070967635990345e-01 1.307820738162821e-01
3.700000000000000e-01 4.179456864461349e-01 1.297902716662590e-01
3.750000000000000e-01 4.290558389525505e-01 1.287561425417001e-01
3.800000000000000e-01 4.404341653252637e-01 1.276783467390665e-01
3.850000000000000e-01 4.520877773886537e-01 1.265555500344414e-01
3.900000000000000e-01 4.640239590296172e-01 1.253864299096739e-01
3.950000000000000e-01 4.762501707502353e-01 1.241696824351647e-01
4.000000000000000e-01 4.887740543308307e-01 1.229040298419713e-01
4.050000000000000e-01 5.016034376063282e-01 1.215882288121751e-01
4.100000000000000e-01 5.147463393589066e-01 1.202210795121982e-01
4.150000000000000e-01 5.282109743299990e-01 1.188014353884062e-01
4.200000000000000e-01 5.420057583547735e-01 1.173282137377986e-01
4.250000000000000e-01 5.561393136223041e-01 1.158004070587695e-01
4.300000000000000e-01 5.706204740647189e-01 1.142170951776619e-01
4.350000000000000e-01 5.854582908786964e-01 1.125774581361171e-01
4.400000000000000e-01 6.006620381827575e-01 1.108807898119184e-01
4.450000000000000e-01 6.162412188138907e-01 1.091265122321973e-01
4.500000000000000e-01 6.322055702671360e-01 1.073141905224461e-01
4.550000000000000e-01 6.485650707818353e-01 1.054435484179415e-01
4.600000000000000e-01 6.653299455783577e-01 1.035144842459558e-01
4.650000000000000e-01 6.825106732491932e-01 1.015270872678146e-01
4.700000000000000e-01 7.001179923084168e-01 9.948165424963390e-02
4.750000000000000e-01 7.181629079036070e-01 9.737870610985330e-02
4.800000000000000e-01 7.366566986944229e-01 9.521900447085238e-02
4.850000000000000e-01 7.556109239021327e-01 9.300356792148831e-02
4.900000000000000e-01 7.750374305345038e-01 9.073368777789266e-02
4.950000000000000e-01 7.949483607905672e-01 8.841094311187926e-02
5.000000000000000e-01 8.153561596498893e-01 8.603721480046732e-02
5.050000000000000e-01 8.362735826510871e-01 8.361469833691620e-02
5.100000000000000e-01 8.577137038644561e-01 8.114591513385849e-02
5.150000000000000e-01 8.796899240636907e-01 7.863372204308372e-02
5.200000000000000e-01 9.022159791018011e-01 7.608131881461920e-02
5.250000000000000e-01 9.253059484964714e-01 7.349225322017418e-02
5.300000000000000e-01 9.489742642302165e-01 7.087042357273830e-02
5.350000000000000e-01 9.732357197708378e-01 6.822007838491682e-02
5.400000000000000e-01 9.981054793178262e-01 6.554581292294273e-02
5.450000000000000e-01 1.023599087280478e+00 6.285256243050692e-02
5.500000000000000e-01 1.049732477993657e+00 6.014559181559657e-02
5.550000000000000e-01 1.076521985677273e+00 5.743048161332830e-02
5.600000000000001e-01 1.103984354645701e+00 5.471311005704161e-02
5.650000000000001e-01 1.132136749773522e+00 5.199963110752576e-02
5.700000000000001e-01 1.160996767224129e+00 4.929644830516772e-02
5.750000000000001e-01 1.190582445447902e+00 4.661018432147192e-02
5.800000000000000e-01 1.220912276456826e+00 4.394764609486945e-02
5.850000000000000e-01 1.252005217382601e+00 4.131578544201993e-02
5.900000000000000e-01 1.283880702325469e+00 3.872165504216573e-02
5.950000000000000e-01 1.316558654501151e+00 3.617235970227257e-02
6.000000000000000e-01 1.350059498693518e+00 3.367500283021267e-02
6.050000000000000e-01 1.384404174020732e+00 3.123662807946787e-02
6.100000000000000e-01 1.419614147022888e+00 2.886415619088413e-02
6.150000000000000e-01 1.455711425079295e+00 2.656431715540077e-02
6.200000000000000e-01 1.492718570163803e+00 2.434357796755328e-02
6.250000000000000e-01 1.530658712946775e+00 2.220806644350613e-02
6.300000000000000e-01 1.569555567252506e+00 2.016349184786318e-02
6.350000000000000e-01 1.609433444881138e+00 1.821506341487173e-02
6.400000000000000e-01 1.650317270804325e+00 1.636740825999983e-02
6.450000000000000e-01 1.692232598744148e+00 1.462449064718799e-02
6.500000000000000e-01 1.735205627145031e+00 1.298953508578974e-02
6.550000000000000e-01 1.779263215548615e+00 1.146495625002636e-02
6.600000000000000e-01 1.824432901381847e+00 1.005229920500629e-02
6.650000000000000e-01 1.870742917168772e+00 8.752193844316837e-03
6.700000000000000e-01 1.918222208176775e+00 7.564327752683385e-03
6.750000000000000e-01 1.966900450508319e+00 6.487441868880090e-03
6.800000000000000e-01 2.016808069649473e+00 5.519353321222329e-03
6.850000000000001e-01 2.067976259486829e+00 4.657009648326138e-03
6.900000000000001e-01 2.120437001804702e+00 3.896578342449059e-03
6.950000000000001e-01 2.174223086274785e+00 3.233575341090602e-03
7.000000000000001e-01 2.229368130950753e+00 2.663035863162866e-03
7.050000000000000e-01 2.285906603280654e+00 2.179730991185061e-03
7.100000000000000e-01 2.343873841650178e+00 1.778433813414666e-03
7.150000000000000e-01 2.403306077470301e+00 1.454239930224220e-03
7.200000000000000e-01 2.464240457823092e+00 1.202948831200585e-03
7.250000000000000e-01 2.526715068679855e+00 1.021515111074544e-03
7.300000000000000e-01 2.590768958706095e+00 9.085816075961660e-04
7.350000000000000e-01 2.656442163668210e+00 8.651099632105737e-04
7.400000000000000e-01 2.723775731457148e+00 8.951271268290386e-04
7.450000000000000e-01 2.792811747744667e+00 1.006607716355122e-03
7.500000000000000e-01 2.863593362288260e+00 1.212510097918990e-03
7.550000000000000e-01 2.936164815901156e+00 1.531975843508401e-03
7.600000000000000e-01 3.010571468104263e+00 1.991684349976542e-03
7.650000000000000e-01 3.086859825477351e+00 2.627322437769869e-03
7.700000000000000e-01 3.165077570727174e+00 3.485077772359511e-03
7.750000000000000e-01 3.245273592490716e+00 4.622990306387482e-03
7.800000000000000e-01 3.327498015892184e+00 6.111894723127523e-03
7.850000000000000e-01 3.411802233872832e+00 8.035560350116315e-03
7.900000000000000e-01 3.498238939313234e+00 1.048949215325214e-02
7.950000000000000e-01 3.586862157968046e+00 1.357771822610827e-02
8.000000000000000e-01 3.677727282233856e+00 1.740679330948032e-02
8.050000000000000e-01 3.770891105771243e+00 2.207625178297460e-02
8.100000000000001e-01 3.866411859002656e+00 2.766492359660881e-02
8.150000000000001e-01 3.964349245508326e+00 3.421296905008217e-02
8.200000000000001e-01 4.064764479342956e+00 4.170026837631350e-02
8.250000000000001e-01 4.167720323296481e+00 5.002294774844290e-02
8.300000000000001e-01 4.273281128122877e+00 5.897126576671852e-02
8.350000000000000e-01 4.381512872761445e+00 6.821360454659668e-02
8.400000000000000e-01 4.492483205575838e+00 7.729250189778311e-02
8.450000000000000e-01 4.606261486636447e+00 8.563894900763414e-02
8.500000000000000e-01 4.722918831072739e+00 9.260991596454296e-02
8.550000000000000e-01 4.842528153522501e+00 9.755075496769786e-02
8.600000000000000e-01 4.965164213705875e+00 9.987872049718528e-02
8.650000000000000e-01 5.090903663152626e+00 9.917705730063725e-02
8.700000000000000e-01 5.219825093111814e+00 9.528259064921922e-02
8.750000000000000e-01 5.352009083673925e+00 8.834589997192797e-02
8.800000000000000e-01 5.487538254136007e+00 7.884442734258079e-02
8.850000000000000e-01 5.626497314641444e+00 6.753670992178885e-02
8.900000000000000e-01 5.768973119126561e+00 5.535962448002549e-02
8.950000000000000e-01 5.915054719607133e+00 4.328668344894861e-02
9.000000000000000e-01 6.064833421838831e+00 3.217854640298611e-02
9.050000000000000e-01 6.218402842386253e+00 2.266143768785491e-02
9.100000000000000e-01 6.375858967136348e+00 1.506210954420723e-02
9.150000000000000e-01 6.537300211292723e+00 9.410990856943045e-03
9.200000000000000e-01 6.702827480888332e+00 5.504405415840168e-03
9.250000000000000e-01 6.872544235855034e+00 3.000407973996157e-03
9.300000000000000e-01 7.046556554689444e+00 1.517063342260791e-03
9.350000000000001e-01 7.224973200755413e+00 7.079827442655659e-04
9.400000000000001e-01 7.407905690264673e+00 3.033586144653914e-04
9.450000000000001e-01 7.595468361978146e+00 1.186845872508184e-04
9.500000000000001e-01 7.787778448671316e+00 4.214924559113504e-05
9.550000000000001e-01 7.984956150408610e+00 1.350368005695918e-05
9.600000000000000e-01 8.187124709672272e+00 3.877387297839197e-06
9.650000000000000e-01 8.394410488393007e+00 9.909441551269587e-07
9.700000000000000e-01 8.606943046930221e+00 2.237753406380311e-07
9.750000000000000e-01 8.824855225051540e+00 4.430793926024043e-08
9.800000000000000e-01 9.048283224961922e+00 7.630036358238440e-09
9.850000000000000e-01 9.277366696434507e+00 1.133871282541839e-09
9.900000000000000e-01 9.512248824096272e+00 1.460866643013685e-10
9.950000000000000e-01 9.753076416923058e+00 2.689989424685144e-11
1.000000000000000e+00 1.000000000000000e+01 -1.590720296260807e-11
