0.000000000000000e+00 0.000000000000000e+00 -6.756018134664714e-03
5.000000000000000e-03 3.369477419287315e-03 -6.759618876160741e-03
1.000000000000000e-02 6.741060871647481e-03 -6.760207058108570e-03
1.500000000000000e-02 1.011685770649257e-02 -6.761247914763884e-03
2.000000000000000e-02 1.349897790673588e-02 -6.762502838342379e-03
2.500000000000000e-02 1.688953540759990e-02 -6.764425460049751e-03
3.000000000000000e-02 2.029064941789469e-02 -6.767276389644770e-03
3.500000000000000e-02 2.370444574459234e-02 -6.770410580936591e-03
4.000000000000000e-02 2.713305812152553e-02 -6.773916091922058e-03
4.500000000000000e-02 3.057862954304063e-02 -6.777991069922501e-03
5.000000000000000e-02 3.404331360343898e-02 -6.782687294701123e-03
5.500000000000000e-02 3.752927584304335e-02 -6.787722160045708e-03
6.000000000000000e-02 4.103869510173117e-02 -6.793393423843799e-03
6.500000000000000e-02 4.457376488078044e-02 -6.799656043434080e-03
7.000000000000001e-02 4.813669471387935e-02 -6.806090907407262e-03
7.500000000000000e-02 5.172971154815675e-02 -6.813519068889475e-03
8.000000000000000e-02 5.535506113609672e-02 -6.821325112223822e-03
8.500000000000001e-02 5.901500943920686e-02 -6.829848386781730e-03
9.000000000000000e-02 6.271184404431801e-02 -6.838946796796539e-03
9.500000000000000e-02 6.644787559340060e-02 -6.848946554552044e-03
1.000000000000000e-01 7.022543922779090e-02 -6.859362841749187e-03
1.050000000000000e-01 7.404689604773053e-02 -6.870851862004367e-03
1.100000000000000e-01 7.791463458813094e-02 -6.882701933583046e-03
1.150000000000000e-01 8.183107231148547e-02 -6.895718770036238e-03
1.200000000000000e-01 8.579865711886202e-02 -6.909177837690562e-03
1.250000000000000e-01 8.981986887992111e-02 -6.923815401390319e-03
1.300000000000000e-01 9.389722098291493e-02 -6.939007408558456e-03
1.350000000000000e-01 9.803326190563690e-02 -6.955379465154203e-03
1.400000000000000e-01 1.022305768083033e-01 -6.972494090824783e-03
1.450000000000000e-01 1.064917891493625e-01 -6.990784897777827e-03
1.500000000000000e-01 1.108195623252418e-01 -7.010034537519121e-03
1.550000000000000e-01 1.152166013350572e-01 -7.030476266864943e-03
1.600000000000000e-01 1.196856544713255e-01 -7.051998235614127e-03
1.650000000000000e-01 1.242295150377370e-01 -7.074748325979250e-03
1.700000000000000e-01 1.288510230950609e-01 -7.098885350420077e-03
1.750000000000000e-01 1.335530672362758e-01 -7.124210318809604e-03
1.800000000000000e-01 1.383385863920344e-01 -7.151137520216411e-03
1.850000000000000e-01 1.432105716675912e-01 -7.179378589984668e-03
1.900000000000000e-01 1.481720682123397e-01 -7.209138646037505e-03
1.950000000000000e-01 1.532261771231311e-01 -7.240544486961430e-03
2.000000000000000e-01 1.583760573825595e-01 -7.273693257581081e-03
2.050000000000000e-01 1.636249278334301e-01 -7.308589667427583e-03
2.100000000000000e-01 1.689760691906397e-01 -7.345298377634777e-03
2.150000000000000e-01 1.744328260917313e-01 -7.384173800436203e-03
2.200000000000000e-01 1.799986091874004e-01 -7.424900605682884e-03
2.250000000000000e-01 1.856768972732633e-01 -7.468086478642079e-03
2.300000000000000e-01 1.914712394642179e-01 -7.513275300726737e-03
2.350000000000000e-01 1.973852574127551e-01 -7.561097705718204e-03
2.400000000000000e-01 2.034226475726105e-01 -7.611268074241879e-03
2.450000000000000e-01 2.095871835091678e-01 -7.664277632633830e-03
2.500000000000000e-01 2.158827182580599e-01 -7.719958379575955e-03
2.550000000000000e-01 2.223131867334419e-01 -7.778690247957141e-03
2.600000000000000e-01 2.288826081874405e-01 -7.840549597013984e-03
2.650000000000000e-01 2.355950887223172e-01 -7.905553171038467e-03
2.700000000000000e-01 2.424548238569160e-01 -7.974188495133133e-03
2.750000000000000e-01 2.494661011489995e-01 -8.046303555860026e-03
2.800000000000000e-01 2.566333028751116e-01 -8.122388279901747e-03
2.850000000000000e-01 2.639609087696434e-01 -8.202393113781983e-03
2.900000000000000e-01 2.714534988248126e-01 -8.286617851657707e-03
2.950000000000000e-01 2.791157561533084e-01 -8.375412985130429e-03
3.000000000000000e-01 2.869524699153886e-01 -8.468736976917642e-03
3.050000000000000e-01 2.949685383122613e-01 -8.567247898627844e-03
3.100000000000000e-01 3.031689716476197e-01 -8.670747550508767e-03
3.150000000000000e-01 3.115588954592450e-01 -8.779931140376344e-03
3.200000000000000e-01 3.201435537226349e-01 -8.894766679837931e-03
3.250000000000000e-01 3.289283121286580e-01 -9.015726134811398e-03
3.300000000000000e-01 3.379186614372866e-01 -9.143154328758556e-03
3.350000000000000e-01 3.471202209094989e-01 -9.277246756328648e-03
3.400000000000000e-01 3.565387418195016e-01 -9.418585257875062e-03
3.450000000000000e-01 3.661801110494620e-01 -9.567336317846576e-03
3.500000000000000e-01 3.760503547690021e-01 -9.723961830004816e-03
3.550000000000000e-01 3.861556422017504e-01 -9.888952504335436e-03
3.600000000000000e-01 3.965022894813072e-01 -1.006260193890064e-02
3.650000000000000e-01 4.070967635990345e-01 -1.024555093292190e-02
3.700000000000000e-01 4.179456864461349e-01 -1.043812822404065e-02
3.750000000000000e-01 4.290558389525505e-01 -1.064091246753752e-02
3.800000000000000e-01 4.404341653252637e-01 -1.085430813144405e-02
3.850000000000000e-01 4.520877773886537e-01 -1.107906465351452e-02
3.900000000000000e-01 4.640239590296172e-01 -1.131559328725449e-02
3.950000000000000e-01 4.762501707502353e-01 -1.156447641044143e-02
4.000000000000000e-01 4.887740543308307e-01 -1.182644761277231e-02
4.050000000000000e-01 5.016034376063282e-01 -1.210201691391844e-02
4.100000000000000e-01 5.147463393589066e-01 -1.239187443264151e-02
4.150000000000000e-01 5.282109743299990e-01 -1.269673184844198e-02
4.200000000000000e-01 5.420057583547735e-01 -1.301715478662697e-02
4.250000000000000e-01 5.561393136223041e-01 -1.335399235903484e-02
4.300000000000000e-01 5.706204740647189e-01 -1.370778358524902e-02
4.350000000000000e-01 5.854582908786964e-01 -1.407933580553863e-02
4.400000000000000e-01 6.006620381827575e-01 -1.446932110794394e-02
4.450000000000000e-01 6.162412188138907e-01 -1.487837076156833e-02
4.500000000000000e-01 6.322055702671360e-01 -1.530722393380310e-02
4.550000000000000e-01 6.485650707818353e-01 -1.575646478594169e-02
4.600000000000000e-01 6.653299455783577e-01 -1.622664208560482e-02
4.650000000000000e-01 6.825106732491932e-01 -1.671838308922881e-02
4.700000000000000e-01 7.001179923084168e-01 -1.723199340427290e-02
4.750000000000000e-01 7.181629079036070e-01 -1.776790734159592e-02
4.800000000000000e-01 7.366566986944229e-01 -1.832632235805708e-02
4.850000000000000e-01 7.556109239021327e-01 -1.890723960106548e-02
4.900000000000000e-01 7.750374305345038e-01 -1.951059542860912e-02
4.950000000000000e-01 7.949483607905672e-01 -2.013602074549745e-02
5.000000000000000e-01 8.153561596498893e-01 -2.078282484886984e-02
5.050000000000000e-01 8.362735826510871e-01 -2.145017611649145e-02
5.100000000000000e-01 8.577137038644561e-01 -2.213669696355128e-02
5.150000000000000e-01 8.796899240636907e-01 -2.284064920872631e-02
5.200000000000000e-01 9.022159791018011e-01 -2.355988247597440e-02
5.250000000000000e-01 9.253059484964714e-01 -2.429157635469196e-02
5.300000000000000e-01 9.489742642302165e-01 -2.503231105058196e-02
5.350000000000000e-01 9.732357197708378e-01 -2.577807825364238e-02
5.400000000000000e-01 9.981054793178262e-01 -2.652396581521450e-02
5.450000000000000e-01 1.023599087280478e+00 -2.726426680455521e-02
5.500000000000000e-01 1.049732477993657e+00 -2.799247461604621e-02
5.550000000000000e-01 1.076521985677273e+00 -2.870104581540608e-02
5.600000000000001e-01 1.103984354645701e+00 -2.938146724517616e-02
5.650000000000001e-01 1.132136749773522e+00 -3.002437601447661e-02
5.700000000000001e-01 1.160996767224129e+00 -3.061943626824176e-02
5.750000000000001e-01 1.190582445447902e+00 -3.115541149733267e-02
5.800000000000000e-01 1.220912276456826e+00 -3.162046556103097e-02
5.850000000000000e-01 1.252005217382601e+00 -3.200226363937466e-02
5.900000000000000e-01 1.283880702325469e+00 -3.228812928467088e-02
5.950000000000000e-01 1.316558654501151e+00 -3.246546104707985e-02
6.000000000000000e-01 1.350059498693518e+00 -3.252213862374641e-02
6.050000000000000e-01 1.384404174020732e+00 -3.244678390889193e-02
6.100000000000000e-01 1.419614147022888e+00 -3.222913665091700e-02
6.150000000000000e-01 1.455711425079295e+00 -3.186055607479842e-02
6.200000000000000e-01 1.492718570163803e+00 -3.133434985667747e-02
6.250000000000000e-01 1.530658712946775e+00 -3.064597448173754e-02
6.300000000000000e-01 1.569555567252506e+00 -2.979321401226345e-02
6.350000000000000e-01 1.609433444881138e+00 -2.877640255428737e-02
6.400000000000000e-01 1.650317270804325e+00 -2.759842697353797e-02
6.450000000000000e-01 1.692232598744148e+00 -2.626462093070997e-02
6.500000000000000e-01 1.735205627145031e+00 -2.478254771936382e-02
6.550000000000000e-01 1.779263215548615e+00 -2.316186923477706e-02
6.600000000000000e-01 1.824432901381847e+00 -2.141410520047803e-02
6.650000000000000e-01 1.870742917168772e+00 -1.955240860895359e-02
6.700000000000000e-01 1.918222208176775e+00 -1.759121217789396e-02
6.750000000000000e-01 1.966900450508319e+00 -1.554600014210919e-02
6.800000000000000e-01 2.016808069649473e+00 -1.343306285838020e-02
6.850000000000001e-01 2.067976259486829e+00 -1.126939962655394e-02
6.900000000000001e-01 2.120437001804702e+00 -9.072541318548321e-03
6.950000000000001e-01 2.174223086274785e+00 -6.860526367683413e-03
7.000000000000001e-01 2.229368130950753e+00 -4.651764140692842e-03
7.050000000000000e-01 2.285906603280654e+00 -2.465046886856011e-03
7.100000000000000e-01 2.343873841650178e+00 -3.194634681004312e-04
7.150000000000000e-01 2.403306077470301e+00 1.765637001886746e-03
7.200000000000000e-01 2.464240457823092e+00 3.770803601789902e-03
7.250000000000000e-01 2.526715068679855e+00 5.676745676078702e-03
7.300000000000000e-01 2.590768958706095e+00 7.464824686574435e-03
7.350000000000000e-01 2.656442163668210e+00 9.117849657851744e-03
7.400000000000000e-01 2.723775731457148e+00 1.062129670624183e-02
7.450000000000000e-01 2.792811747744667e+00 1.196504197973107e-02
7.500000000000000e-01 2.863593362288260e+00 1.314565498547842e-02
7.550000000000000e-01 2.936164815901156e+00 1.416920551522795e-02
7.600000000000000e-01 3.010571468104263e+00 1.505442064664194e-02
7.650000000000000e-01 3.086859825477351e+00 1.583590861374256e-02
7.700000000000000e-01 3.165077570727174e+00 1.656707432153681e-02
7.750000000000000e-01 3.245273592490716e+00 1.732230083064861e-02
7.800000000000000e-01 3.327498015892184e+00 1.819795466548802e-02
7.850000000000000e-01 3.411802233872832e+00 1.931176401268385e-02
7.900000000000000e-01 3.498238939313234e+00 2.080009072564498e-02
7.950000000000000e-01 3.586862157968046e+00 2.281256381341517e-02
8.000000000000000e-01 3.677727282233856e+00 2.550349494396928e-02
8.050000000000000e-01 3.770891105771243e+00 2.901952446683912e-02
8.100000000000001e-01 3.866411859002656e+00 3.348314249934973e-02
8.150000000000001e-01 3.964349245508326e+00 3.897218705915739e-02
8.200000000000001e-01 4.064764479342956e+00 4.549620620067529e-02
8.250000000000001e-01 4.167720323296481e+00 5.297169201940189e-02
8.300000000000001e-01 4.273281128122877e+00 6.119956600486504e-02
8.350000000000000e-01 4.381512872761445e+00 6.984969849522833e-02
8.400000000000000e-01 4.492483205575838e+00 7.845829582123082e-02
8.450000000000000e-01 4.606261486636447e+00 8.644414612063242e-02
8.500000000000000e-01 4.722918831072739e+00 9.314836924231111e-02
8.550000000000000e-01 4.842528153522501e+00 9.789898916949714e-02
8.600000000000000e-01 4.965164213705875e+00 1.000962913021757e-01
8.650000000000000e-01 5.090903663152626e+00 9.930824157270121e-02
8.700000000000000e-01 5.219825093111814e+00 9.535884779972841e-02
8.750000000000000e-01 5.352009083673925e+00 8.838859561922779e-02
8.800000000000000e-01 5.487538254136007e+00 7.886743113358970e-02
8.850000000000000e-01 5.626497314641444e+00 6.754862671534541e-02
8.900000000000000e-01 5.768973119126561e+00 5.536555535136300e-02
8.950000000000000e-01 5.915054719607133e+00 4.328951715921047e-02
9.000000000000000e-01 6.064833421838831e+00 3.217984529494840e-02
9.050000000000000e-01 6.218402842386253e+00 2.266200850641327e-02
9.100000000000000e-01 6.375858967136348e+00 1.506234991471274e-02
9.150000000000000e-01 6.537300211292723e+00 9.411087795797487e-03
9.200000000000000e-01 6.702827480888332e+00 5.504442839782581e-03
9.250000000000000e-01 6.872544235855034e+00 3.000421800065315e-03
9.300000000000000e-01 7.046556554689444e+00 1.517068230308494e-03
9.350000000000001e-01 7.224973200755413e+00 7.079844010493050e-04
9.400000000000001e-01 7.407905690264673e+00 3.033591575234792e-04
9.450000000000001e-01 7.595468361978146e+00 1.186847659642237e-04
9.500000000000001e-01 7.787778448671316e+00 4.214931333860556e-05
9.550000000000001e-01 7.984956150408610e+00 1.350371505761660e-05
9.600000000000000e-01 8.187124709672272e+00 3.877413783105599e-06
9.650000000000000e-01 8.394410488393007e+00 9.909662943374599e-07
9.700000000000000e-01 8.606943046930221e+00 2.237923671804148e-07
9.750000000000000e-01 8.824855225051540e+00 4.432522208058290e-08
9.800000000000000e-01 9.048283224961922e+00 7.649356342628823e-09
9.850000000000000e-01 9.277366696434507e+00 1.151461787083466e-09
9.900000000000000e-01 9.512248824096272e+00 1.611321069597533e-10
9.950000000000000e-01 9.753076416923058e+00 3.440149623247465e-11
1.000000000000000e+00 1.000000000000000e+01 4.182884474506672e-11
