0.000000000000000e+00 0.000000000000000e+00 -1.478499811794894e-04
5.000000000000000e-03 3.369477419287315e-03 -1.514506427654717e-04
1.000000000000000e-02 6.741060871647481e-03 -1.495379103078411e-04
1.500000000000000e-02 1.011685770649257e-02 -1.492262980952148e-04
2.000000000000000e-02 1.349897790673588e-02 -1.505280298005739e-04
2.500000000000000e-02 1.688953540759990e-02 -1.495805833499345e-04
3.000000000000000e-02 2.029064941789469e-02 -1.506468973160771e-04
3.500000000000000e-02 2.370444574459234e-02 -1.490722963775113e-04
4.000000000000000e-02 2.713305812152553e-02 -1.507302644820541e-04
4.500000000000000e-02 3.057862954304063e-02 -1.493045677632957e-04
5.000000000000000e-02 3.404331360343898e-02 -1.506230133931563e-04
5.500000000000000e-02 3.752927584304335e-02 -1.496050991454195e-04
6.000000000000000e-02 4.103869510173117e-02 -1.505094708366905e-04
6.500000000000000e-02 4.457376488078044e-02 -1.498180964110359e-04
7.000000000000001e-02 4.813669471387935e-02 -1.505097781187414e-04
7.500000000000000e-02 5.172971154815675e-02 -1.498948956986058e-04
8.000000000000000e-02 5.535506113609672e-02 -1.505516398670378e-04
8.500000000000001e-02 5.901500943920686e-02 -1.499131826533287e-04
9.000000000000000e-02 6.271184404431801e-02 -1.506704673056368e-04
9.500000000000000e-02 6.644787559340060e-02 -1.500194259726660e-04
1.000000000000000e-01 7.022543922779090e-02 -1.506145330689744e-04
1.050000000000000e-01 7.404689604773053e-02 -1.501548499139573e-04
1.100000000000000e-01 7.791463458813094e-02 -1.507068066801145e-04
1.150000000000000e-01 8.183107231148547e-02 -1.502789458366016e-04
1.200000000000000e-01 8.579865711886202e-02 -1.507304888161483e-04
1.250000000000000e-01 8.981986887992111e-02 -1.506212408380395e-04
1.300000000000000e-01 9.389722098291493e-02 -1.507121366252776e-04
1.350000000000000e-01 9.803326190563690e-02 -1.508871797342149e-04
1.400000000000000e-01 1.022305768083033e-01 -1.507826297677576e-04
1.450000000000000e-01 1.064917891493625e-01 -1.511295441135346e-04
1.500000000000000e-01 1.108195623252418e-01 -1.508302284701066e-04
1.550000000000000e-01 1.152166013350572e-01 -1.512607571779845e-04
1.600000000000000e-01 1.196856544713255e-01 -1.509423865053908e-04
1.650000000000000e-01 1.242295150377370e-01 -1.514467159302489e-04
1.700000000000000e-01 1.288510230950609e-01 -1.511418465670105e-04
1.750000000000000e-01 1.335530672362758e-01 -1.515366185655736e-04
1.800000000000000e-01 1.383385863920344e-01 -1.513711695003143e-04
1.850000000000000e-01 1.432105716675912e-01 -1.517883924815086e-04
1.900000000000000e-01 1.481720682123397e-01 -1.515617454386022e-04
1.950000000000000e-01 1.532261771231311e-01 -1.519986582431358e-04
2.000000000000000e-01 1.583760573825595e-01 -1.517521225679632e-04
2.050000000000000e-01 1.636249278334301e-01 -1.521702083072478e-04
2.100000000000000e-01 1.689760691906397e-01 -1.520643769837414e-04
2.150000000000000e-01 1.744328260917313e-01 -1.524078792242744e-04
2.200000000000000e-01 1.799986091874004e-01 -1.523779026550744e-04
2.250000000000000e-01 1.856768972732633e-01 -1.526608222718506e-04
2.300000000000000e-01 1.914712394642179e-01 -1.528090567249817e-04
2.350000000000000e-01 1.973852574127551e-01 -1.529421604441188e-04
2.400000000000000e-01 2.034226475726105e-01 -1.531724046311370e-04
2.450000000000000e-01 2.095871835091678e-01 -1.532111017811252e-04
2.500000000000000e-01 2.158827182580599e-01 -1.535163862265041e-04
2.550000000000000e-01 2.223131867334419e-01 -1.536080430477449e-04
2.600000000000000e-01 2.288826081874405e-01 -1.539270982564579e-04
2.650000000000000e-01 2.355950887223172e-01 -1.539428925287141e-04
2.700000000000000e-01 2.424548238569160e-01 -1.543120152603169e-04
2.750000000000000e-01 2.494661011489995e-01 -1.543622602661536e-04
2.800000000000000e-01 2.566333028751116e-01 -1.547581235270875e-04
2.850000000000000e-01 2.639609087696434e-01 -1.548514708770532e-04
2.900000000000000e-01 2.714534988248126e-01 -1.552048522245066e-04
2.950000000000000e-01 2.791157561533084e-01 -1.554370781902168e-04
3.000000000000000e-01 2.869524699153886e-01 -1.556666423485532e-04
3.050000000000000e-01 2.949685383122613e-01 -1.559984771865826e-04
3.100000000000000e-01 3.031689716476197e-01 -1.561960823235914e-04
3.150000000000000e-01 3.115588954592450e-01 -1.565923987453750e-04
3.200000000000000e-01 3.201435537226349e-01 -1.567060355135918e-04
3.250000000000000e-01 3.289283121286580e-01 -1.571025933632867e-04
3.300000000000000e-01 3.379186614372866e-01 -1.572872833940688e-04
3.350000000000000e-01 3.471202209094989e-01 -1.577192320303356e-04
3.400000000000000e-01 3.565387418195016e-01 -1.579259549423506e-04
3.450000000000000e-01 3.661801110494620e-01 -1.583544600382120e-04
3.500000000000000e-01 3.760503547690021e-01 -1.586540386446292e-04
3.550000000000000e-01 3.861556422017504e-01 -1.589727176081297e-04
3.600000000000000e-01 3.965022894813072e-01 -1.593265494653574e-04
3.650000000000000e-01 4.070967635990345e-01 -1.596013414158382e-04
3.700000000000000e-01 4.179456864461349e-01 -1.599652048433751e-04
3.750000000000000e-01 4.290558389525505e-01 -1.602535731507783e-04
3.800000000000000e-01 4.404341653252637e-01 -1.606592256513348e-04
3.850000000000000e-01 4.520877773886537e-01 -1.609494318213573e-04
3.900000000000000e-01 4.640239590296172e-01 -1.612890341155405e-04
3.950000000000000e-01 4.762501707502353e-01 -1.616183283122423e-04
4.000000000000000e-01 4.887740543308307e-01 -1.619220027818947e-04
4.050000000000000e-01 5.016034376063282e-01 -1.622522404376541e-04
4.100000000000000e-01 5.147463393589066e-01 -1.624986441027175e-04
4.150000000000000e-01 5.282109743299990e-01 -1.628022364652726e-04
4.200000000000000e-01 5.420057583547735e-01 -1.630539474223536e-04
4.250000000000000e-01 5.561393136223041e-01 -1.633338285952148e-04
4.300000000000000e-01 5.706204740647189e-01 -1.635558734688177e-04
4.350000000000000e-01 5.854582908786964e-01 -1.637965748653984e-04
4.400000000000000e-01 6.006620381827575e-01 -1.639378482716307e-04
4.450000000000000e-01 6.162412188138907e-01 -1.641303338832656e-04
4.500000000000000e-01 6.322055702671360e-01 -1.642422493769628e-04
4.550000000000000e-01 6.485650707818353e-01 -1.643659892494110e-04
4.600000000000000e-01 6.653299455783577e-01 -1.644909642053287e-04
4.650000000000000e-01 6.825106732491932e-01 -1.644980132858409e-04
4.700000000000000e-01 7.001179923084168e-01 -1.645747224730906e-04
4.750000000000000e-01 7.181629079036070e-01 -1.645491003846485e-04
4.800000000000000e-01 7.366566986944229e-01 -1.645445357757333e-04
4.850000000000000e-01 7.556109239021327e-01 -1.645923847909608e-04
4.900000000000000e-01 7.750374305345038e-01 -1.644736652556744e-04
4.950000000000000e-01 7.949483607905672e-01 -1.644816359162752e-04
5.000000000000000e-01 8.153561596498893e-01 -1.644732960025206e-04
5.050000000000000e-01 8.362735826510871e-01 -1.644954958259886e-04
5.100000000000000e-01 8.577137038644561e-01 -1.645632810987098e-04
5.150000000000000e-01 8.796899240636907e-01 -1.646905476338562e-04
5.200000000000000e-01 9.022159791018011e-01 -1.649795626192545e-04
5.250000000000000e-01 9.253059484964714e-01 -1.653604926081219e-04
5.300000000000000e-01 9.489742642302165e-01 -1.659565237225274e-04
5.350000000000000e-01 9.732357197708378e-01 -1.668307386657783e-04
5.400000000000000e-01 9.981054793178262e-01 -1.679650399404467e-04
5.450000000000000e-01 1.023599087280478e+00 -1.695782197296484e-04
5.500000000000000e-01 1.049732477993657e+00 -1.716450244023608e-04
5.550000000000000e-01 1.076521985677273e+00 -1.743577501250718e-04
5.600000000000001e-01 1.103984354645701e+00 -1.778744907857239e-04
5.650000000000001e-01 1.132136749773522e+00 -1.822977564698419e-04
5.700000000000001e-01 1.160996767224129e+00 -1.879253600403142e-04
5.750000000000001e-01 1.190582445447902e+00 -1.949722470449026e-04
5.800000000000000e-01 1.220912276456826e+00 -2.037030947012621e-04
5.850000000000000e-01 1.252005217382601e+00 -2.145855426379717e-04
5.900000000000000e-01 1.283880702325469e+00 -2.279491820650808e-04
5.950000000000000e-01 1.316558654501151e+00 -2.443724425903224e-04
6.000000000000000e-01 1.350059498693518e+00 -2.645120203387845e-04
6.050000000000000e-01 1.384404174020732e+00 -2.890501957441785e-04
6.100000000000000e-01 1.419614147022888e+00 -3.189446367354146e-04
6.150000000000000e-01 1.455711425079295e+00 -3.553015633436619e-04
6.200000000000000e-01 1.492718570163803e+00 -3.993335595951893e-04
6.250000000000000e-01 1.530658712946775e+00 -4.526829832698206e-04
6.300000000000000e-01 1.569555567252506e+00 -5.171778427514930e-04
6.350000000000000e-01 1.609433444881138e+00 -5.949768580905902e-04
6.400000000000000e-01 1.650317270804325e+00 -6.887538693347929e-04
6.450000000000000e-01 1.692232598744148e+00 -8.015976452258605e-04
6.500000000000000e-01 1.735205627145031e+00 -9.370598067592075e-04
6.550000000000000e-01 1.779263215548615e+00 -1.099444680119779e-03
6.600000000000000e-01 1.824432901381847e+00 -1.293625873796354e-03
6.650000000000000e-01 1.870742917168772e+00 -1.525127037376442e-03
6.700000000000000e-01 1.918222208176775e+00 -1.800265360896749e-03
6.750000000000000e-01 1.966900450508319e+00 -2.126041343800048e-03
6.800000000000000e-01 2.016808069649473e+00 -2.509878661689745e-03
6.850000000000001e-01 2.067976259486829e+00 -2.959618344537109e-03
6.900000000000001e-01 2.120437001804702e+00 -3.483111754445736e-03
6.950000000000001e-01 2.174223086274785e+00 -4.087572759833672e-03
7.000000000000001e-01 2.229368130950753e+00 -4.778770461628246e-03
7.050000000000000e-01 2.285906603280654e+00 -5.560040911902648e-03
7.100000000000000e-01 2.343873841650178e+00 -6.430793234958501e-03
7.150000000000000e-01 2.403306077470301e+00 -7.384874489805445e-03
7.200000000000000e-01 2.464240457823092e+00 -8.408603533666457e-03
7.250000000000000e-01 2.526715068679855e+00 -9.478308656703576e-03
7.300000000000000e-01 2.590768958706095e+00 -1.055761295352052e-02
7.350000000000000e-01 2.656442163668210e+00 -1.159563029424793e-02
7.400000000000000e-01 2.723775731457148e+00 -1.252712085163287e-02
7.450000000000000e-01 2.792811747744667e+00 -1.327509598985255e-02
7.500000000000000e-01 2.863593362288260e+00 -1.375560754437580e-02
7.550000000000000e-01 2.936164815901156e+00 -1.388373255264764e-02
7.600000000000000e-01 3.010571468104263e+00 -1.357925562858280e-02
7.650000000000000e-01 3.086859825477351e+00 -1.277053856603233e-02
7.700000000000000e-01 3.165077570727174e+00 -1.139566639267213e-02
7.750000000000000e-01 3.245273592490716e+00 -9.400907598617222e-03
7.800000000000000e-01 3.327498015892184e+00 -6.737266479313484e-03
7.850000000000000e-01 3.411802233872832e+00 -3.356548991931526e-03
7.900000000000000e-01 3.498238939313234e+00 7.915484631141319e-04
7.950000000000000e-01 3.586862157968046e+00 5.759840150608817e-03
8.000000000000000e-01 3.677727282233856e+00 1.160053695746410e-02
8.050000000000000e-01 3.770891105771243e+00 1.835754152469958e-02
8.100000000000001e-01 3.866411859002656e+00 2.605346006807392e-02
8.150000000000001e-01 3.964349245508326e+00 3.467091958563018e-02
8.200000000000001e-01 4.064764479342956e+00 4.412939465407987e-02
8.250000000000001e-01 4.167720323296481e+00 5.426061700403439e-02
8.300000000000001e-01 4.273281128122877e+00 6.478762405409767e-02
8.350000000000000e-01 4.381512872761445e+00 7.531333762697875e-02
8.400000000000000e-01 4.492483205575838e+00 8.532431839328709e-02
8.450000000000000e-01 4.606261486636447e+00 9.421409763187465e-02
8.500000000000000e-01 4.722918831072739e+00 1.013285064343233e-01
8.550000000000000e-01 4.842528153522501e+00 1.060324027835189e-01
8.600000000000000e-01 4.965164213705875e+00 1.077927723561387e-01
8.650000000000000e-01 5.090903663152626e+00 1.062675464740789e-01
8.700000000000000e-01 5.219825093111814e+00 1.013839676293829e-01
8.750000000000000e-01 5.352009083673925e+00 9.338723583727924e-02
8.800000000000000e-01 5.487538254136007e+00 8.284190983535052e-02
8.850000000000000e-01 5.626497314641444e+00 7.057644716404485e-02
8.900000000000000e-01 5.768973119126561e+00 5.757451771384359e-02
8.950000000000000e-01 5.915054719607133e+00 4.483193834136191e-02
9.000000000000000e-01 6.064833421838831e+00 3.321003860942817e-02
9.050000000000000e-01 6.218402842386253e+00 2.331981391221288e-02
9.100000000000000e-01 6.375858967136348e+00 1.546370563133922e-02
9.150000000000000e-01 6.537300211292723e+00 9.644992159065785e-03
9.200000000000000e-01 6.702827480888332e+00 5.634604056052111e-03
9.250000000000000e-01 6.872544235855034e+00 3.069564973692020e-03
9.300000000000000e-01 7.046556554689444e+00 1.552124147136502e-03
9.350000000000001e-01 7.224973200755413e+00 7.249459034975812e-04
9.400000000000001e-01 7.407905690264673e+00 3.111903588543680e-04
9.450000000000001e-01 7.595468361978146e+00 1.221349668555935e-04
9.500000000000001e-01 7.787778448671316e+00 4.359982370171547e-05
9.550000000000001e-01 7.984956150408610e+00 1.408565779260384e-05
9.600000000000000e-01 8.187124709672272e+00 4.100235597704413e-06
9.650000000000000e-01 8.394410488393007e+00 1.072396485664998e-06
9.700000000000000e-01 8.606943046930221e+00 2.521944581309755e-07
9.750000000000000e-01 8.824855225051540e+00 5.374513564116603e-08
9.800000000000000e-01 9.048283224961922e+00 1.056459177972689e-08
9.850000000000000e-01 9.277366696434507e+00 1.653972308168677e-09
9.900000000000000e-01 9.512248824096272e+00 -4.855474113697019e-10
9.950000000000000e-01 9.753076416923058e+00 -3.876224696428477e-09
1.000000000000000e+00 1.000000000000000e+01 -1.238099491772862e-06
