0.000000000000000e+00 0.000000000000000e+00 -1.365019357132244e-04
5.000000000000000e-03 3.369477419287315e-03 -1.401025972987331e-04
1.000000000000000e-02 6.741060871647481e-03 -1.369448171343080e-04
1.500000000000000e-02 1.011685770649257e-02 -1.376408896048763e-04
2.000000000000000e-02 1.349897790673588e-02 -1.376823022003931e-04
2.500000000000000e-02 1.688953540759990e-02 -1.381148746742732e-04
3.000000000000000e-02 2.029064941789469e-02 -1.378499096255558e-04
3.500000000000000e-02 2.370444574459234e-02 -1.375343975816081e-04
4.000000000000000e-02 2.713305812152553e-02 -1.381692075646270e-04
4.500000000000000e-02 3.057862954304063e-02 -1.374417885136634e-04
5.000000000000000e-02 3.404331360343898e-02 -1.380142618219801e-04
5.500000000000000e-02 3.752927584304335e-02 -1.375528417798905e-04
6.000000000000000e-02 4.103869510173117e-02 -1.381757535816322e-04
6.500000000000000e-02 4.457376488078044e-02 -1.378569526702190e-04
7.000000000000001e-02 4.813669471387935e-02 -1.382845098107744e-04
7.500000000000000e-02 5.172971154815675e-02 -1.379974878826712e-04
8.000000000000000e-02 5.535506113609672e-02 -1.384704021259757e-04
8.500000000000001e-02 5.901500943920686e-02 -1.381261200422741e-04
9.000000000000000e-02 6.271184404431801e-02 -1.385903484778459e-04
9.500000000000000e-02 6.644787559340060e-02 -1.383641425920914e-04
1.000000000000000e-01 7.022543922779090e-02 -1.385972819265832e-04
1.050000000000000e-01 7.404689604773053e-02 -1.385226654097919e-04
1.100000000000000e-01 7.791463458813094e-02 -1.385538060752687e-04
1.150000000000000e-01 8.183107231148547e-02 -1.386300768452081e-04
1.200000000000000e-01 8.579865711886202e-02 -1.386024028799677e-04
1.250000000000000e-01 8.981986887992111e-02 -1.386629570024627e-04
1.300000000000000e-01 9.389722098291493e-02 -1.386874374132194e-04
1.350000000000000e-01 9.803326190563690e-02 -1.388417315331114e-04
1.400000000000000e-01 1.022305768083033e-01 -1.388303295989766e-04
1.450000000000000e-01 1.064917891493625e-01 -1.389195541535763e-04
1.500000000000000e-01 1.108195623252418e-01 -1.389691027283887e-04
1.550000000000000e-01 1.152166013350572e-01 -1.390416619757545e-04
1.600000000000000e-01 1.196856544713255e-01 -1.390720658236186e-04
1.650000000000000e-01 1.242295150377370e-01 -1.392258124137984e-04
1.700000000000000e-01 1.288510230950609e-01 -1.391712644201910e-04
1.750000000000000e-01 1.335530672362758e-01 -1.395060699478909e-04
1.800000000000000e-01 1.383385863920344e-01 -1.393726552551293e-04
1.850000000000000e-01 1.432105716675912e-01 -1.397230876704991e-04
1.900000000000000e-01 1.481720682123397e-01 -1.396451103461423e-04
1.950000000000000e-01 1.532261771231311e-01 -1.400144392687543e-04
2.000000000000000e-01 1.583760573825595e-01 -1.398926532533574e-04
2.050000000000000e-01 1.636249278334301e-01 -1.402271823854068e-04
2.100000000000000e-01 1.689760691906397e-01 -1.401604480098261e-04
2.150000000000000e-01 1.744328260917313e-01 -1.404310248499680e-04
2.200000000000000e-01 1.799986091874004e-01 -1.404849894401112e-04
2.250000000000000e-01 1.856768972732633e-01 -1.406907828265850e-04
2.300000000000000e-01 1.914712394642179e-01 -1.407553413579983e-04
2.350000000000000e-01 1.973852574127551e-01 -1.409548080432568e-04
2.400000000000000e-01 2.034226475726105e-01 -1.410999662391630e-04
2.450000000000000e-01 2.095871835091678e-01 -1.412827574173195e-04
2.500000000000000e-01 2.158827182580599e-01 -1.414284449644978e-04
2.550000000000000e-01 2.223131867334419e-01 -1.415724734288456e-04
2.600000000000000e-01 2.288826081874405e-01 -1.418426212747155e-04
2.650000000000000e-01 2.355950887223172e-01 -1.419490536002092e-04
2.700000000000000e-01 2.424548238569160e-01 -1.423317358112962e-04
2.750000000000000e-01 2.494661011489995e-01 -1.423944635659475e-04
2.800000000000000e-01 2.566333028751116e-01 -1.427791951919218e-04
2.850000000000000e-01 2.639609087696434e-01 -1.429463653971273e-04
2.900000000000000e-01 2.714534988248126e-01 -1.432103340716722e-04
2.950000000000000e-01 2.791157561533084e-01 -1.434135728773529e-04
3.000000000000000e-01 2.869524699153886e-01 -1.436905577271258e-04
3.050000000000000e-01 2.949685383122613e-01 -1.439119365425970e-04
3.100000000000000e-01 3.031689716476197e-01 -1.441947185300730e-04
3.150000000000000e-01 3.115588954592450e-01 -1.444771681500619e-04
3.200000000000000e-01 3.201435537226349e-01 -1.446641254036354e-04
3.250000000000000e-01 3.289283121286580e-01 -1.450788679811981e-04
3.300000000000000e-01 3.379186614372866e-01 -1.452772918249032e-04
3.350000000000000e-01 3.471202209094989e-01 -1.457372287731710e-04
3.400000000000000e-01 3.565387418195016e-01 -1.459032179379329e-04
3.450000000000000e-01 3.661801110494620e-01 -1.463303875597165e-04
3.500000000000000e-01 3.760503547690021e-01 -1.465439751389344e-04
3.550000000000000e-01 3.861556422017504e-01 -1.469038754977914e-04
3.600000000000000e-01 3.965022894813072e-01 -1.471586167028590e-04
3.650000000000000e-01 4.070967635990345e-01 -1.474934736492188e-04
3.700000000000000e-01 4.179456864461349e-01 -1.478420055439387e-04
3.750000000000000e-01 4.290558389525505e-01 -1.480893991360551e-04
3.800000000000000e-01 4.404341653252637e-01 -1.485201129770130e-04
3.850000000000000e-01 4.520877773886537e-01 -1.487165645688554e-04
3.900000000000000e-01 4.640239590296172e-01 -1.490978547975117e-04
3.950000000000000e-01 4.762501707502353e-01 -1.493202011426472e-04
4.000000000000000e-01 4.887740543308307e-01 -1.496453481176900e-04
4.050000000000000e-01 5.016034376063282e-01 -1.499073464803496e-04
4.100000000000000e-01 5.147463393589066e-01 -1.500839380311953e-04
4.150000000000000e-01 5.282109743299990e-01 -1.503885056343251e-04
4.200000000000000e-01 5.420057583547735e-01 -1.505016355555226e-04
4.250000000000000e-01 5.561393136223041e-01 -1.507922284567172e-04
4.300000000000000e-01 5.706204740647189e-01 -1.508566357940008e-04
4.350000000000000e-01 5.854582908786964e-01 -1.510191202815949e-04
4.400000000000000e-01 6.006620381827575e-01 -1.510752125098959e-04
4.450000000000000e-01 6.162412188138907e-01 -1.510783531140140e-04
4.500000000000000e-01 6.322055702671360e-01 -1.511299597828229e-04
4.550000000000000e-01 6.485650707818353e-01 -1.510254266900722e-04
4.600000000000000e-01 6.653299455783577e-01 -1.509764082695390e-04
4.650000000000000e-01 6.825106732491932e-01 -1.507961751673811e-04
4.700000000000000e-01 7.001179923084168e-01 -1.505517560632690e-04
4.750000000000000e-01 7.181629079036070e-01 -1.502846592240943e-04
4.800000000000000e-01 7.366566986944229e-01 -1.499187679189492e-04
4.850000000000000e-01 7.556109239021327e-01 -1.495339274097101e-04
4.900000000000000e-01 7.750374305345038e-01 -1.490398907182555e-04
4.950000000000000e-01 7.949483607905672e-01 -1.484977079852837e-04
5.000000000000000e-01 8.153561596498893e-01 -1.478207596844836e-04
5.050000000000000e-01 8.362735826510871e-01 -1.471833195460976e-04
5.100000000000000e-01 8.577137038644561e-01 -1.464208100271025e-04
5.150000000000000e-01 8.796899240636907e-01 -1.455571544704004e-04
5.200000000000000e-01 9.022159791018011e-01 -1.447318253587762e-04
5.250000000000000e-01 9.253059484964714e-01 -1.437948243477728e-04
5.300000000000000e-01 9.489742642302165e-01 -1.428509143679077e-04
5.350000000000000e-01 9.732357197708378e-01 -1.419054301689319e-04
5.400000000000000e-01 9.981054793178262e-01 -1.409260750479930e-04
5.450000000000000e-01 1.023599087280478e+00 -1.400482487770146e-04
5.500000000000000e-01 1.049732477993657e+00 -1.391669096405317e-04
5.550000000000000e-01 1.076521985677273e+00 -1.384380955646508e-04
5.600000000000001e-01 1.103984354645701e+00 -1.378628627225441e-04
5.650000000000001e-01 1.132136749773522e+00 -1.374668657592715e-04
5.700000000000001e-01 1.160996767224129e+00 -1.374079548898109e-04
5.750000000000001e-01 1.190582445447902e+00 -1.376869496539230e-04
5.800000000000000e-01 1.220912276456826e+00 -1.384366943674035e-04
5.850000000000000e-01 1.252005217382601e+00 -1.398321376989199e-04
5.900000000000000e-01 1.283880702325469e+00 -1.419163256138347e-04
5.950000000000000e-01 1.316558654501151e+00 -1.449807644460542e-04
6.000000000000000e-01 1.350059498693518e+00 -1.491956527741912e-04
6.050000000000000e-01 1.384404174020732e+00 -1.548024500115104e-04
6.100000000000000e-01 1.419614147022888e+00 -1.622050951353360e-04
6.150000000000000e-01 1.455711425079295e+00 -1.717454466558207e-04
6.200000000000000e-01 1.492718570163803e+00 -1.839017915320189e-04
6.250000000000000e-01 1.530658712946775e+00 -1.993570210429845e-04
6.300000000000000e-01 1.569555567252506e+00 -2.187532975859140e-04
6.350000000000000e-01 1.609433444881138e+00 -2.430374262391711e-04
6.400000000000000e-01 1.650317270804325e+00 -2.733603150912538e-04
6.450000000000000e-01 1.692232598744148e+00 -3.110201644832420e-04
6.500000000000000e-01 1.735205627145031e+00 -3.577123654118902e-04
6.550000000000000e-01 1.779263215548615e+00 -4.155425491978114e-04
6.600000000000000e-01 1.824432901381847e+00 -4.869146728166828e-04
6.650000000000000e-01 1.870742917168772e+00 -5.748844466310627e-04
6.700000000000000e-01 1.918222208176775e+00 -6.831374108766235e-04
6.750000000000000e-01 1.966900450508319e+00 -8.159701266512930e-04
6.800000000000000e-01 2.016808069649473e+00 -9.785039323065335e-04
6.850000000000001e-01 2.067976259486829e+00 -1.176821479886075e-03
6.900000000000001e-01 2.120437001804702e+00 -1.417788770140841e-03
6.950000000000001e-01 2.174223086274785e+00 -1.709135279458403e-03
7.000000000000001e-01 2.229368130950753e+00 -2.059342720242066e-03
7.050000000000000e-01 2.285906603280654e+00 -2.477298165209745e-03
7.100000000000000e-01 2.343873841650178e+00 -2.971745174491850e-03
7.150000000000000e-01 2.403306077470301e+00 -3.550523108950172e-03
7.200000000000000e-01 2.464240457823092e+00 -4.219112960749178e-03
7.250000000000000e-01 2.526715068679855e+00 -4.978918731152103e-03
7.300000000000000e-01 2.590768958706095e+00 -5.825317807321631e-03
7.350000000000000e-01 2.656442163668210e+00 -6.745059402827528e-03
7.400000000000000e-01 2.723775731457148e+00 -7.712395704266926e-03
7.450000000000000e-01 2.792811747744667e+00 -8.684625541476755e-03
7.500000000000000e-01 2.863593362288260e+00 -9.598492974645616e-03
7.550000000000000e-01 2.936164815901156e+00 -1.036916421944120e-02
7.600000000000000e-01 3.010571468104263e+00 -1.089282713172414e-02
7.650000000000000e-01 3.086859825477351e+00 -1.105278952786828e-02
7.700000000000000e-01 3.165077570727174e+00 -1.072760667141466e-02
7.750000000000000e-01 3.245273592490716e+00 -9.799007372022127e-03
7.800000000000000e-01 3.327498015892184e+00 -8.157672255073032e-03
7.850000000000000e-01 3.411802233872832e+00 -5.706008507720786e-03
7.900000000000000e-01 3.498238939313234e+00 -2.358398844256643e-03
7.950000000000000e-01 3.586862157968046e+00 1.959325731115931e-03
8.000000000000000e-01 3.677727282233856e+00 7.308944644510095e-03
8.050000000000000e-01 3.770891105771243e+00 1.373535083041723e-02
8.100000000000001e-01 3.866411859002656e+00 2.125730518534366e-02
8.150000000000001e-01 3.964349245508326e+00 2.985274236655863e-02
8.200000000000001e-01 4.064764479342956e+00 3.943881222389530e-02
8.250000000000001e-01 4.167720323296481e+00 4.984787379617307e-02
8.300000000000001e-01 4.273281128122877e+00 6.080328506646871e-02
8.350000000000000e-01 4.381512872761445e+00 7.190155078467148e-02
8.400000000000000e-01 4.492483205575838e+00 8.260932818605690e-02
8.450000000000000e-01 4.606261486636447e+00 9.228308724183877e-02
8.500000000000000e-01 4.722918831072739e+00 1.002159559443036e-01
8.550000000000000e-01 4.842528153522501e+00 1.057109859299253e-01
8.600000000000000e-01 4.965164213705875e+00 1.081738426632936e-01
8.650000000000000e-01 5.090903663152626e+00 1.072116076926466e-01
8.700000000000000e-01 5.219825093111814e+00 1.027191497986256e-01
8.750000000000000e-01 5.352009083673925e+00 9.493214928254889e-02
8.800000000000000e-01 5.487538254136007e+00 8.442845660294838e-02
8.850000000000000e-01 5.626497314641444e+00 7.206831730895859e-02
8.900000000000000e-01 5.768973119126561e+00 5.887822722576758e-02
8.950000000000000e-01 5.915054719607133e+00 4.589917815237700e-02
9.000000000000000e-01 6.064833421838831e+00 3.403226402945016e-02
9.050000000000000e-01 6.218402842386253e+00 2.391770551888918e-02
9.100000000000000e-01 6.375858967136348e+00 1.587484308047300e-02
9.150000000000000e-01 6.537300211292723e+00 9.912704586966295e-03
9.200000000000000e-01 6.702827480888332e+00 5.799839425871498e-03
9.250000000000000e-01 6.872544235855034e+00 3.166311446916118e-03
9.300000000000000e-01 7.046556554689444e+00 1.605895529535791e-03
9.350000000000001e-01 7.224973200755413e+00 7.533315683474374e-04
9.400000000000001e-01 7.407905690264673e+00 3.254300487542422e-04
9.450000000000001e-01 7.595468361978146e+00 1.289263587672380e-04
9.500000000000001e-01 7.787778448671316e+00 4.668062643014433e-05
9.550000000000001e-01 7.984956150408610e+00 1.541548467861455e-05
9.600000000000000e-01 8.187124709672272e+00 4.646648572074541e-06
9.650000000000000e-01 8.394410488393007e+00 1.286183603431437e-06
9.700000000000000e-01 8.606943046930221e+00 3.318547023403677e-07
9.750000000000000e-01 8.824855225051540e+00 8.189888482535227e-08
9.800000000000000e-01 9.048283224961922e+00 1.981795658115058e-08
9.850000000000000e-01 9.277366696434507e+00 3.354813890147407e-09
9.900000000000000e-01 9.512248824096272e+00 -2.599167376027566e-09
9.950000000000000e-01 9.753076416923058e+00 -1.700948283338571e-08
1.000000000000000e+00 1.000000000000000e+01 -5.405364305898299e-06
