0.000000000000000e+00 0.000000000000000e+00 -1.081428260457842e-04
5.000000000000000e-03 3.369477419287315e-03 -1.117434876305366e-04
1.000000000000000e-02 6.741060871647481e-03 -1.124273243537912e-04
1.500000000000000e-02 1.011685770649257e-02 -1.130418837402157e-04
2.000000000000000e-02 1.349897790673588e-02 -1.127623097371395e-04
2.500000000000000e-02 1.688953540759990e-02 -1.135283067218693e-04
3.000000000000000e-02 2.029064941789469e-02 -1.126375024755991e-04
3.500000000000000e-02 2.370444574459234e-02 -1.132081354650612e-04
4.000000000000000e-02 2.713305812152553e-02 -1.125176100443560e-04
4.500000000000000e-02 3.057862954304063e-02 -1.131399604904115e-04
5.000000000000000e-02 3.404331360343898e-02 -1.126098684122827e-04
5.500000000000000e-02 3.752927584304335e-02 -1.131975278371230e-04
6.000000000000000e-02 4.103869510173117e-02 -1.126470304990248e-04
6.500000000000000e-02 4.457376488078044e-02 -1.133940394668764e-04
7.000000000000001e-02 4.813669471387935e-02 -1.128515676216689e-04
7.500000000000000e-02 5.172971154815675e-02 -1.135342360223196e-04
8.000000000000000e-02 5.535506113609672e-02 -1.129996874117507e-04
8.500000000000001e-02 5.901500943920686e-02 -1.135395446348366e-04
9.000000000000000e-02 6.271184404431801e-02 -1.131774542968790e-04
9.500000000000000e-02 6.644787559340060e-02 -1.136330936642653e-04
1.000000000000000e-01 7.022543922779090e-02 -1.132336421779138e-04
1.050000000000000e-01 7.404689604773053e-02 -1.137186670530356e-04
1.100000000000000e-01 7.791463458813094e-02 -1.132444717686421e-04
1.150000000000000e-01 8.183107231148547e-02 -1.137689174504237e-04
1.200000000000000e-01 8.579865711886202e-02 -1.134751972831965e-04
1.250000000000000e-01 8.981986887992111e-02 -1.137473753523605e-04
1.300000000000000e-01 9.389722098291493e-02 -1.135656063979919e-04
1.350000000000000e-01 9.803326190563690e-02 -1.137355406321956e-04
1.400000000000000e-01 1.022305768083033e-01 -1.137249314310930e-04
1.450000000000000e-01 1.064917891493625e-01 -1.138817988437276e-04
1.500000000000000e-01 1.108195623252418e-01 -1.139547228072035e-04
1.550000000000000e-01 1.152166013350572e-01 -1.140982089597764e-04
1.600000000000000e-01 1.196856544713255e-01 -1.141059036435854e-04
1.650000000000000e-01 1.242295150377370e-01 -1.142478270691394e-04
1.700000000000000e-01 1.288510230950609e-01 -1.142862414514684e-04
1.750000000000000e-01 1.335530672362758e-01 -1.143186607733271e-04
1.800000000000000e-01 1.383385863920344e-01 -1.145281359236761e-04
1.850000000000000e-01 1.432105716675912e-01 -1.145040882388645e-04
1.900000000000000e-01 1.481720682123397e-01 -1.147339408189001e-04
1.950000000000000e-01 1.532261771231311e-01 -1.146853929608187e-04
2.000000000000000e-01 1.583760573825595e-01 -1.149731905604335e-04
2.050000000000000e-01 1.636249278334301e-01 -1.149333063370222e-04
2.100000000000000e-01 1.689760691906397e-01 -1.152401607749964e-04
2.150000000000000e-01 1.744328260917313e-01 -1.152699694918538e-04
2.200000000000000e-01 1.799986091874004e-01 -1.155982784428893e-04
2.250000000000000e-01 1.856768972732633e-01 -1.155938298707913e-04
2.300000000000000e-01 1.914712394642179e-01 -1.158476080730805e-04
2.350000000000000e-01 1.973852574127551e-01 -1.159428655312974e-04
2.400000000000000e-01 2.034226475726105e-01 -1.160991125496542e-04
2.450000000000000e-01 2.095871835091678e-01 -1.162703467704245e-04
2.500000000000000e-01 2.158827182580599e-01 -1.164841496773400e-04
2.550000000000000e-01 2.223131867334419e-01 -1.166846931016091e-04
2.600000000000000e-01 2.288826081874405e-01 -1.168433185549289e-04
2.650000000000000e-01 2.355950887223172e-01 -1.170222341348385e-04
2.700000000000000e-01 2.424548238569160e-01 -1.172275504927676e-04
2.750000000000000e-01 2.494661011489995e-01 -1.174918804625234e-04
2.800000000000000e-01 2.566333028751116e-01 -1.176158427520326e-04
2.850000000000000e-01 2.639609087696434e-01 -1.180081703634503e-04
2.900000000000000e-01 2.714534988248126e-01 -1.181112337690025e-04
2.950000000000000e-01 2.791157561533084e-01 -1.185274894184242e-04
3.000000000000000e-01 2.869524699153886e-01 -1.186239246594472e-04
3.050000000000000e-01 2.949685383122613e-01 -1.190639752278030e-04
3.100000000000000e-01 3.031689716476197e-01 -1.192040555522976e-04
3.150000000000000e-01 3.115588954592450e-01 -1.195630773925474e-04
3.200000000000000e-01 3.201435537226349e-01 -1.197769964026532e-04
3.250000000000000e-01 3.289283121286580e-01 -1.201249645084409e-04
3.300000000000000e-01 3.379186614372866e-01 -1.203590343132981e-04
3.350000000000000e-01 3.471202209094989e-01 -1.206882198878118e-04
3.400000000000000e-01 3.565387418195016e-01 -1.209757724521184e-04
3.450000000000000e-01 3.661801110494620e-01 -1.212242547568114e-04
3.500000000000000e-01 3.760503547690021e-01 -1.216862508966984e-04
3.550000000000000e-01 3.861556422017504e-01 -1.219055026119428e-04
3.600000000000000e-01 3.965022894813072e-01 -1.223328044654988e-04
3.650000000000000e-01 4.070967635990345e-01 -1.225721653362220e-04
3.700000000000000e-01 4.179456864461349e-01 -1.229871711931017e-04
3.750000000000000e-01 4.290558389525505e-01 -1.232360207562013e-04
3.800000000000000e-01 4.404341653252637e-01 -1.235742997262965e-04
3.850000000000000e-01 4.520877773886537e-01 -1.238437661204629e-04
3.900000000000000e-01 4.640239590296172e-01 -1.241299215681782e-04
3.950000000000000e-01 4.762501707502353e-01 -1.244984672748966e-04
4.000000000000000e-01 4.887740543308307e-01 -1.246873562418300e-04
4.050000000000000e-01 5.016034376063282e-01 -1.250977247274592e-04
4.100000000000000e-01 5.147463393589066e-01 -1.252354901315259e-04
4.150000000000000e-01 5.282109743299990e-01 -1.255446749290755e-04
4.200000000000000e-01 5.420057583547735e-01 -1.256528548674665e-04
4.250000000000000e-01 5.561393136223041e-01 -1.259089471604968e-04
4.300000000000000e-01 5.706204740647189e-01 -1.260392769475648e-04
4.350000000000000e-01 5.854582908786964e-01 -1.261057486607880e-04
4.400000000000000e-01 6.006620381827575e-01 -1.262520560492766e-04
4.450000000000000e-01 6.162412188138907e-01 -1.262129681054055e-04
4.500000000000000e-01 6.322055702671360e-01 -1.263042066731463e-04
4.550000000000000e-01 6.485650707818353e-01 -1.261742631633904e-04
4.600000000000000e-01 6.653299455783577e-01 -1.260824602898910e-04
4.650000000000000e-01 6.825106732491932e-01 -1.259036331995181e-04
4.700000000000000e-01 7.001179923084168e-01 -1.256098852614457e-04
4.750000000000000e-01 7.181629079036070e-01 -1.253702397499318e-04
4.800000000000000e-01 7.366566986944229e-01 -1.249243114711905e-04
4.850000000000000e-01 7.556109239021327e-01 -1.245269270081838e-04
4.900000000000000e-01 7.750374305345038e-01 -1.239447959718312e-04
4.950000000000000e-01 7.949483607905672e-01 -1.233123622465526e-04
5.000000000000000e-01 8.153561596498893e-01 -1.226021157457838e-04
5.050000000000000e-01 8.362735826510871e-01 -1.217888082700036e-04
5.100000000000000e-01 8.577137038644561e-01 -1.209119911541332e-04
5.150000000000000e-01 8.796899240636907e-01 -1.199170187022983e-04
5.200000000000000e-01 9.022159791018011e-01 -1.188242136230253e-04
5.250000000000000e-01 9.253059484964714e-01 -1.176166786280399e-04
5.300000000000000e-01 9.489742642302165e-01 -1.164080731747474e-04
5.350000000000000e-01 9.732357197708378e-01 -1.150649651789034e-04
5.400000000000000e-01 9.981054793178262e-01 -1.135829660065407e-04
5.450000000000000e-01 1.023599087280478e+00 -1.121456236209490e-04
5.500000000000000e-01 1.049732477993657e+00 -1.105578499166439e-04
5.550000000000000e-01 1.076521985677273e+00 -1.089642610283733e-04
5.600000000000001e-01 1.103984354645701e+00 -1.073243232743935e-04
5.650000000000001e-01 1.132136749773522e+00 -1.056410479841639e-04
5.700000000000001e-01 1.160996767224129e+00 -1.040013971473717e-04
5.750000000000001e-01 1.190582445447902e+00 -1.023241175854821e-04
5.800000000000000e-01 1.220912276456826e+00 -1.007128840085049e-04
5.850000000000000e-01 1.252005217382601e+00 -9.917306074619030e-05
5.900000000000000e-01 1.283880702325469e+00 -9.766647765692130e-05
5.950000000000000e-01 1.316558654501151e+00 -9.633819956131761e-05
6.000000000000000e-01 1.350059498693518e+00 -9.509620493212861e-05
6.050000000000000e-01 1.384404174020732e+00 -9.403597979756253e-05
6.100000000000000e-01 1.419614147022888e+00 -9.320429414998068e-05
6.150000000000000e-01 1.455711425079295e+00 -9.255558756854349e-05
6.200000000000000e-01 1.492718570163803e+00 -9.220825613364322e-05
6.250000000000000e-01 1.530658712946775e+00 -9.217226550317275e-05
6.300000000000000e-01 1.569555567252506e+00 -9.243388947480639e-05
6.350000000000000e-01 1.609433444881138e+00 -9.314631576895985e-05
6.400000000000000e-01 1.650317270804325e+00 -9.427672784224745e-05
6.450000000000000e-01 1.692232598744148e+00 -9.590580704556950e-05
6.500000000000000e-01 1.735205627145031e+00 -9.817800851808170e-05
6.550000000000000e-01 1.779263215548615e+00 -1.011314889410503e-04
6.600000000000000e-01 1.824432901381847e+00 -1.049185223549285e-04
6.650000000000000e-01 1.870742917168772e+00 -1.097906584576085e-04
6.700000000000000e-01 1.918222208176775e+00 -1.159148850367063e-04
6.750000000000000e-01 1.966900450508319e+00 -1.236548357029897e-04
6.800000000000000e-01 2.016808069649473e+00 -1.334784262040798e-04
6.850000000000001e-01 2.067976259486829e+00 -1.459215335823602e-04
6.900000000000001e-01 2.120437001804702e+00 -1.617465807522432e-04
6.950000000000001e-01 2.174223086274785e+00 -1.819597432305960e-04
7.000000000000001e-01 2.229368130950753e+00 -2.077659555446362e-04
7.050000000000000e-01 2.285906603280654e+00 -2.407994522045577e-04
7.100000000000000e-01 2.343873841650178e+00 -2.830298608075046e-04
7.150000000000000e-01 2.403306077470301e+00 -3.367755832528330e-04
7.200000000000000e-01 2.464240457823092e+00 -4.049380320667436e-04
7.250000000000000e-01 2.526715068679855e+00 -4.909380309852152e-04
7.300000000000000e-01 2.590768958706095e+00 -5.981831227029001e-04
7.350000000000000e-01 2.656442163668210e+00 -7.299923281956142e-04
7.400000000000000e-01 2.723775731457148e+00 -8.895177252720506e-04
7.450000000000000e-01 2.792811747744667e+00 -1.078624821574597e-03
7.500000000000000e-01 2.863593362288260e+00 -1.295494964832724e-03
7.550000000000000e-01 2.936164815901156e+00 -1.532126577111052e-03
7.600000000000000e-01 3.010571468104263e+00 -1.771956180488169e-03
7.650000000000000e-01 3.086859825477351e+00 -1.986436060256871e-03
7.700000000000000e-01 3.165077570727174e+00 -2.128577717912100e-03
7.750000000000000e-01 3.245273592490716e+00 -2.123458137667069e-03
7.800000000000000e-01 3.327498015892184e+00 -1.858664367860720e-03
7.850000000000000e-01 3.411802233872832e+00 -1.179892574729049e-03
7.900000000000000e-01 3.498238939313234e+00 1.040640271082240e-04
7.950000000000000e-01 3.586862157968046e+00 2.205891527522849e-03
8.000000000000000e-01 3.677727282233856e+00 5.336501956599659e-03
8.050000000000000e-01 3.770891105771243e+00 9.678697574690046e-03
8.100000000000001e-01 3.866411859002656e+00 1.536213099748671e-02
8.150000000000001e-01 3.964349245508326e+00 2.244148443420628e-02
8.200000000000001e-01 4.064764479342956e+00 3.087744133501003e-02
8.250000000000001e-01 4.167720323296481e+00 4.051978375781352e-02
8.300000000000001e-01 4.273281128122877e+00 5.109385674417079e-02
8.350000000000000e-01 4.381512872761445e+00 6.219336427637714e-02
8.400000000000000e-01 4.492483205575838e+00 7.328321050114987e-02
8.450000000000000e-01 4.606261486636447e+00 8.371611667039956e-02
8.500000000000000e-01 4.722918831072739e+00 9.276773962026928e-02
8.550000000000000e-01 4.842528153522501e+00 9.969486803020625e-02
8.600000000000000e-01 4.965164213705875e+00 1.038179351946962e-01
8.650000000000000e-01 5.090903663152626e+00 1.046209152017017e-01
8.700000000000000e-01 5.219825093111814e+00 1.018515833915962e-01
8.750000000000000e-01 5.352009083673925e+00 9.559765875591078e-02
8.800000000000000e-01 5.487538254136007e+00 8.631396159943291e-02
8.850000000000000e-01 5.626497314641444e+00 7.478405963358951e-02
8.900000000000000e-01 5.768973119126561e+00 6.201558178164866e-02
8.950000000000000e-01 5.915054719607133e+00 4.908720163610202e-02
9.000000000000000e-01 6.064833421838831e+00 3.698107257244568e-02
9.050000000000000e-01 6.218402842386253e+00 2.644095372386759e-02
9.100000000000000e-01 6.375858967136348e+00 1.788974611327765e-02
9.150000000000000e-01 6.537300211292723e+00 1.142201351281569e-02
9.200000000000000e-01 6.702827480888332e+00 6.863910049945916e-03
9.250000000000000e-01 6.872544235855034e+00 3.873957898164245e-03
9.300000000000000e-01 7.046556554689444e+00 2.050563027772809e-03
9.350000000000001e-01 7.224973200755413e+00 1.017685118414191e-03
9.400000000000001e-01 7.407905690264673e+00 4.742702721928735e-04
9.450000000000001e-01 7.595468361978146e+00 2.083642351167423e-04
9.500000000000001e-01 7.787778448671316e+00 8.690107308750698e-05
9.550000000000001e-01 7.984956150408610e+00 3.474788264953219e-05
9.600000000000000e-01 8.187124709672272e+00 1.347395655408717e-05
9.650000000000000e-01 8.394410488393007e+00 5.117936975412610e-06
9.700000000000000e-01 8.606943046930221e+00 1.914653926280328e-06
9.750000000000000e-01 8.824855225051540e+00 7.091009360259587e-07
9.800000000000000e-01 9.048283224961922e+00 2.649566166348347e-07
9.850000000000000e-01 9.277366696434507e+00 1.404824252401554e-07
9.900000000000000e-01 9.512248824096272e+00 1.446952603826571e-07
9.950000000000000e-01 9.753076416923058e+00 5.150369396669460e-07
1.000000000000000e+00 1.000000000000000e+01 1.567541942618550e-04
