0.000000000000000e+00 0.000000000000000e+00 -6.879004795376654e-02
5.000000000000000e-03 3.369477419287315e-03 -6.879368005954450e-02
1.000000000000000e-02 6.741060871647481e-03 -6.879258786052557e-02
1.500000000000000e-02 1.011685770649257e-02 -6.879258167138014e-02
2.000000000000000e-02 1.349897790673588e-02 -6.879487667734370e-02
2.500000000000000e-02 1.688953540759990e-02 -6.879535257524162e-02
3.000000000000000e-02 2.029064941789469e-02 -6.879754478199972e-02
3.500000000000000e-02 2.370444574459234e-02 -6.879900049596711e-02
4.000000000000000e-02 2.713305812152553e-02 -6.880191975190644e-02
4.500000000000000e-02 3.057862954304063e-02 -6.880393120007100e-02
5.000000000000000e-02 3.404331360343898e-02 -6.880727937176280e-02
5.500000000000000e-02 3.752927584304335e-02 -6.881047874222412e-02
6.000000000000000e-02 4.103869510173117e-02 -6.881386753204166e-02
6.500000000000000e-02 4.457376488078044e-02 -6.881815227079639e-02
7.000000000000001e-02 4.813669471387935e-02 -6.882194683032464e-02
7.500000000000000e-02 5.172971154815675e-02 -6.882707719041675e-02
8.000000000000000e-02 5.535506113609672e-02 -6.883163805554526e-02
8.500000000000001e-02 5.901500943920686e-02 -6.883738682743278e-02
9.000000000000000e-02 6.271184404431801e-02 -6.884266453815482e-02
9.500000000000000e-02 6.644787559340060e-02 -6.884910918678872e-02
1.000000000000000e-01 7.022543922779090e-02 -6.885545093067834e-02
1.050000000000000e-01 7.404689604773053e-02 -6.886253533053700e-02
1.100000000000000e-01 7.791463458813094e-02 -6.886975795002205e-02
1.150000000000000e-01 8.183107231148547e-02 -6.887750201514015e-02
1.200000000000000e-01 8.579865711886202e-02 -6.888575782175971e-02
1.250000000000000e-01 8.981986887992111e-02 -6.889421456551344e-02
1.300000000000000e-01 9.389722098291493e-02 -6.890340505304539e-02
1.350000000000000e-01 9.803326190563690e-02 -6.891274165149627e-02
1.400000000000000e-01 1.022305768083033e-01 -6.892286539812213e-02
1.450000000000000e-01 1.064917891493625e-01 -6.893317118212210e-02
1.500000000000000e-01 1.108195623252418e-01 -6.894416404291188e-02
1.550000000000000e-01 1.152166013350572e-01 -6.895561267264781e-02
1.600000000000000e-01 1.196856544713255e-01 -6.896735677565204e-02
1.650000000000000e-01 1.242295150377370e-01 -6.897986682587541e-02
1.700000000000000e-01 1.288510230950609e-01 -6.899252001830299e-02
1.750000000000000e-01 1.335530672362758e-01 -6.900599176255366e-02
1.800000000000000e-01 1.383385863920344e-01 -6.901969176376387e-02
1.850000000000000e-01 1.432105716675912e-01 -6.903419712482711e-02
1.900000000000000e-01 1.481720682123397e-01 -6.904894896899211e-02
1.950000000000000e-01 1.532261771231311e-01 -6.906422517341877e-02
2.000000000000000e-01 1.583760573825595e-01 -6.907998829589411e-02
2.050000000000000e-01 1.636249278334301e-01 -6.909613492337675e-02
2.100000000000000e-01 1.689760691906397e-01 -6.911280030028505e-02
2.150000000000000e-01 1.744328260917313e-01 -6.912974270765376e-02
2.200000000000000e-01 1.799986091874004e-01 -6.914716713368090e-02
2.250000000000000e-01 1.856768972732633e-01 -6.916485803444979e-02
2.300000000000000e-01 1.914712394642179e-01 -6.918281538208493e-02
2.350000000000000e-01 1.973852574127551e-01 -6.920104800309633e-02
2.400000000000000e-01 2.034226475726105e-01 -6.921932809968569e-02
2.450000000000000e-01 2.095871835091678e-01 -6.923780614572106e-02
2.500000000000000e-01 2.158827182580599e-01 -6.925622208577729e-02
2.550000000000000e-01 2.223131867334419e-01 -6.927459112623409e-02
2.600000000000000e-01 2.288826081874405e-01 -6.929270074576603e-02
2.650000000000000e-01 2.355950887223172e-01 -6.931049903218306e-02
2.700000000000000e-01 2.424548238569160e-01 -6.932771861242135e-02
2.750000000000000e-01 2.494661011489995e-01 -6.934435784323342e-02
2.800000000000000e-01 2.566333028751116e-01 -6.936013510757870e-02
2.850000000000000e-01 2.639609087696434e-01 -6.937481562704478e-02
2.900000000000000e-01 2.714534988248126e-01 -6.938826038463994e-02
2.950000000000000e-01 2.791157561533084e-01 -6.940001733371542e-02
3.000000000000000e-01 2.869524699153886e-01 -6.940999409606934e-02
3.050000000000000e-01 2.949685383122613e-01 -6.941778518944899e-02
3.100000000000000e-01 3.031689716476197e-01 -6.942284648585074e-02
3.150000000000000e-01 3.115588954592450e-01 -6.942503097769978e-02
3.200000000000000e-01 3.201435537226349e-01 -6.942369666592549e-02
3.250000000000000e-01 3.289283121286580e-01 -6.941839394655464e-02
3.300000000000000e-01 3.379186614372866e-01 -6.940853956537008e-02
3.350000000000000e-01 3.471202209094989e-01 -6.939347560891079e-02
3.400000000000000e-01 3.565387418195016e-01 -6.937261177921783e-02
3.450000000000000e-01 3.661801110494620e-01 -6.934505869446710e-02
3.500000000000000e-01 3.760503547690021e-01 -6.931007207696124e-02
3.550000000000000e-01 3.861556422017504e-01 -6.926673666568087e-02
3.600000000000000e-01 3.965022894813072e-01 -6.921397354495951e-02
3.650000000000000e-01 4.070967635990345e-01 -6.915081903522358e-02
3.700000000000000e-01 4.179456864461349e-01 -6.907598715777041e-02
3.750000000000000e-01 4.290558389525505e-01 -6.898822377678854e-02
3.800000000000000e-01 4.404341653252637e-01 -6.888619614458819e-02
3.850000000000000e-01 4.520877773886537e-01 -6.876828993784932e-02
3.900000000000000e-01 4.640239590296172e-01 -6.863298855269111e-02
3.950000000000000e-01 4.762501707502353e-01 -6.847852079783776e-02
4.000000000000000e-01 4.887740543308307e-01 -6.830297389814291e-02
4.050000000000000e-01 5.016034376063282e-01 -6.810445819851013e-02
4.100000000000000e-01 5.147463393589066e-01 -6.788079150203852e-02
4.150000000000000e-01 5.282109743299990e-01 -6.762972873802361e-02
4.200000000000000e-01 5.420057583547735e-01 -6.734899194956341e-02
4.250000000000000e-01 5.561393136223041e-01 -6.703600560945309e-02
4.300000000000000e-01 5.706204740647189e-01 -6.668821350156089e-02
4.350000000000000e-01 5.854582908786964e-01 -6.630296583287912e-02
4.400000000000000e-01 6.006620381827575e-01 -6.587739022659601e-02
4.450000000000000e-01 6.162412188138907e-01 -6.540866307185443e-02
4.500000000000000e-01 6.322055702671360e-01 -6.489389816729373e-02
4.550000000000000e-01 6.485650707818353e-01 -6.433004769618837e-02
4.600000000000000e-01 6.653299455783577e-01 -6.371417215642620e-02
4.650000000000000e-01 6.825106732491932e-01 -6.304334325555695e-02
4.700000000000000e-01 7.001179923084168e-01 -6.231455694853997e-02
4.750000000000000e-01 7.181629079036070e-01 -6.152499322951779e-02
4.800000000000000e-01 7.366566986944229e-01 -6.067196134924269e-02
4.850000000000000e-01 7.556109239021327e-01 -5.975281365924961e-02
4.900000000000000e-01 7.750374305345038e-01 -5.876513689257747e-02
4.950000000000000e-01 7.949483607905672e-01 -5.770683211677744e-02
5.000000000000000e-01 8.153561596498893e-01 -5.657595273504386e-02
5.050000000000000e-01 8.362735826510871e-01 -5.537087139126538e-02
5.100000000000000e-01 8.577137038644561e-01 -5.409038109185196e-02
5.150000000000000e-01 8.796899240636907e-01 -5.273363997913971e-02
5.200000000000000e-01 9.022159791018011e-01 -5.130011963864990e-02
5.250000000000000e-01 9.253059484964714e-01 -4.978982177561005e-02
5.300000000000000e-01 9.489742642302165e-01 -4.820323517382256e-02
5.350000000000000e-01 9.732357197708378e-01 -4.654128975599230e-02
5.400000000000000e-01 9.981054793178262e-01 -4.480534682370359e-02
5.450000000000000e-01 1.023599087280478e+00 -4.299737271660552e-02
5.500000000000000e-01 1.049732477993657e+00 -4.111983957586684e-02
5.550000000000000e-01 1.076521985677273e+00 -3.917569745120239e-02
5.600000000000001e-01 1.103984354645701e+00 -3.716833067790488e-02
5.650000000000001e-01 1.132136749773522e+00 -3.510169928225186e-02
5.700000000000001e-01 1.160996767224129e+00 -3.298024745503746e-02
5.750000000000001e-01 1.190582445447902e+00 -3.080889143365536e-02
5.800000000000000e-01 1.220912276456826e+00 -2.859291442144948e-02
5.850000000000000e-01 1.252005217382601e+00 -2.633807158732221e-02
5.900000000000000e-01 1.283880702325469e+00 -2.405053717713974e-02
5.950000000000000e-01 1.316558654501151e+00 -2.173696428039695e-02
6.000000000000000e-01 1.350059498693518e+00 -1.940435317980385e-02
6.050000000000000e-01 1.384404174020732e+00 -1.706010066356010e-02
6.100000000000000e-01 1.419614147022888e+00 -1.471194175838368e-02
6.150000000000000e-01 1.455711425079295e+00 -1.236806518767036e-02
6.200000000000000e-01 1.492718570163803e+00 -1.003704288818339e-02
6.250000000000000e-01 1.530658712946775e+00 -7.727948687260047e-03
6.300000000000000e-01 1.569555567252506e+00 -5.450268704970845e-03
6.350000000000000e-01 1.609433444881138e+00 -3.214002784511172e-03
6.400000000000000e-01 1.650317270804325e+00 -1.029622683081336e-03
6.450000000000000e-01 1.692232598744148e+00 1.091857758931789e-03
6.500000000000000e-01 1.735205627145031e+00 3.138889579310848e-03
6.550000000000000e-01 1.779263215548615e+00 5.099367060747931e-03
6.600000000000000e-01 1.824432901381847e+00 6.960654456950341e-03
6.650000000000000e-01 1.870742917168772e+00 8.709637212568268e-03
6.700000000000000e-01 1.918222208176775e+00 1.033282944043466e-02
6.750000000000000e-01 1.966900450508319e+00 1.181654567483997e-02
6.800000000000000e-01 2.016808069649473e+00 1.314715756131505e-02
6.850000000000001e-01 2.067976259486829e+00 1.431145006915923e-02
6.900000000000001e-01 2.120437001804702e+00 1.529708937735418e-02
6.950000000000001e-01 2.174223086274785e+00 1.609320553458679e-02
7.000000000000001e-01 2.229368130950753e+00 1.669108097878142e-02
7.050000000000000e-01 2.285906603280654e+00 1.708492093177256e-02
7.100000000000000e-01 2.343873841650178e+00 1.727266661656864e-02
7.150000000000000e-01 2.403306077470301e+00 1.725680068871130e-02
7.200000000000000e-01 2.464240457823092e+00 1.704509003883235e-02
7.250000000000000e-01 2.526715068679855e+00 1.665121679126465e-02
7.300000000000000e-01 2.590768958706095e+00 1.609526417784176e-02
7.350000000000000e-01 2.656442163668210e+00 1.540404750429303e-02
7.400000000000000e-01 2.723775731457148e+00 1.461130684148906e-02
7.450000000000000e-01 2.792811747744667e+00 1.375780151796552e-02
7.500000000000000e-01 2.863593362288260e+00 1.289136158412062e-02
7.550000000000000e-01 2.936164815901156e+00 1.206695430516060e-02
7.600000000000000e-01 3.010571468104263e+00 1.134681218227909e-02
7.650000000000000e-01 3.086859825477351e+00 1.080064147328835e-02
7.700000000000000e-01 3.165077570727174e+00 1.050588445475195e-02
7.750000000000000e-01 3.245273592490716e+00 1.054794082903088e-02
7.800000000000000e-01 3.327498015892184e+00 1.102015869455639e-02
7.850000000000000e-01 3.411802233872832e+00 1.202328007368617e-02
7.900000000000000e-01 3.498238939313234e+00 1.366387387651876e-02
7.950000000000000e-01 3.586862157968046e+00 1.605112802245189e-02
8.000000000000000e-01 3.677727282233856e+00 1.929124043476576e-02
8.050000000000000e-01 3.770891105771243e+00 2.347860833424302e-02
8.100000000000001e-01 3.866411859002656e+00 2.868315156353858e-02
8.150000000000001e-01 3.964349245508326e+00 3.493351437603782e-02
8.200000000000001e-01 4.064764479342956e+00 4.219665398972865e-02
8.250000000000001e-01 4.167720323296481e+00 5.035547464291092e-02
8.300000000000001e-01 4.273281128122877e+00 5.918763242908672e-02
8.350000000000000e-01 4.381512872761445e+00 6.835019371786533e-02
8.400000000000000e-01 4.492483205575838e+00 7.737606470690017e-02
8.450000000000000e-01 4.606261486636447e+00 8.568843625132544e-02
8.500000000000000e-01 4.722918831072739e+00 9.263825439803410e-02
8.550000000000000e-01 4.842528153522501e+00 9.756642925928521e-02
8.600000000000000e-01 4.965164213705875e+00 9.988708551775939e-02
8.650000000000000e-01 5.090903663152626e+00 9.918136021696701e-02
8.700000000000000e-01 5.219825093111814e+00 9.528472192425513e-02
8.750000000000000e-01 5.352009083673925e+00 8.834691546401477e-02
8.800000000000000e-01 5.487538254136007e+00 7.884489236205677e-02
8.850000000000000e-01 5.626497314641444e+00 6.753691439627235e-02
8.900000000000000e-01 5.768973119126561e+00 5.535971074136169e-02
8.950000000000000e-01 5.915054719607133e+00 4.328671833556674e-02
9.000000000000000e-01 6.064833421838831e+00 3.217855991889725e-02
9.050000000000000e-01 6.218402842386253e+00 2.266144270060330e-02
9.100000000000000e-01 6.375858967136348e+00 1.506211132278780e-02
9.150000000000000e-01 6.537300211292723e+00 9.410991460320638e-03
9.200000000000000e-01 6.702827480888332e+00 5.504405611458029e-03
9.250000000000000e-01 6.872544235855034e+00 3.000408034629153e-03
9.300000000000000e-01 7.046556554689444e+00 1.517063360285635e-03
9.350000000000001e-01 7.224973200755413e+00 7.079827497137289e-04
9.400000000000001e-01 7.407905690264673e+00 3.033586165414748e-04
9.450000000000001e-01 7.595468361978146e+00 1.186845894684921e-04
9.500000000000001e-01 7.787778448671316e+00 4.214924897595019e-05
9.550000000000001e-01 7.984956150408610e+00 1.350368657174741e-05
9.600000000000000e-01 8.187124709672272e+00 3.877397937504530e-06
9.650000000000000e-01 8.394410488393007e+00 9.909591931631640e-07
9.700000000000000e-01 8.606943046930221e+00 2.237956372643906e-07
9.750000000000000e-01 8.824855225051540e+00 4.432826128875074e-08
9.800000000000000e-01 9.048283224961922e+00 7.647483941510493e-09
9.850000000000000e-01 9.277366696434507e+00 1.149916678850322e-09
9.900000000000000e-01 9.512248824096272e+00 1.602637949702810e-10
9.950000000000000e-01 9.753076416923058e+00 3.217401978693984e-11
1.000000000000000e+00 1.000000000000000e+01 -1.049412739509206e-11
