0.000000000000000e+00 0.000000000000000e+00 -5.143498156941743e-02
5.000000000000000e-03 3.369477419287315e-03 -5.143859888200653e-02
1.000000000000000e-02 6.741060871647481e-03 -5.143706249102548e-02
1.500000000000000e-02 1.011685770649257e-02 -5.144024065440995e-02
2.000000000000000e-02 1.349897790673588e-02 -5.144102665266016e-02
2.500000000000000e-02 1.688953540759990e-02 -5.144612378457597e-02
3.000000000000000e-02 2.029064941789469e-02 -5.144859677249503e-02
3.500000000000000e-02 2.370444574459234e-02 -5.145489117533444e-02
4.000000000000000e-02 2.713305812152553e-02 -5.145963361980555e-02
4.500000000000000e-02 3.057862954304063e-02 -5.146721411107097e-02
5.000000000000000e-02 3.404331360343898e-02 -5.147444447493205e-02
5.500000000000000e-02 3.752927584304335e-02 -5.148325411276665e-02
6.000000000000000e-02 4.103869510173117e-02 -5.149258446788602e-02
6.500000000000000e-02 4.457376488078044e-02 -5.150316758006378e-02
7.000000000000001e-02 4.813669471387935e-02 -5.151431494133120e-02
7.500000000000000e-02 5.172971154815675e-02 -5.152651049617604e-02
8.000000000000000e-02 5.535506113609672e-02 -5.153997646460762e-02
8.500000000000001e-02 5.901500943920686e-02 -5.155395060755056e-02
9.000000000000000e-02 6.271184404431801e-02 -5.156951440216784e-02
9.500000000000000e-02 6.644787559340060e-02 -5.158564494862804e-02
1.000000000000000e-01 7.022543922779090e-02 -5.160335719760139e-02
1.050000000000000e-01 7.404689604773053e-02 -5.162199680072253e-02
1.100000000000000e-01 7.791463458813094e-02 -5.164198450020668e-02
1.150000000000000e-01 8.183107231148547e-02 -5.166316745983589e-02
1.200000000000000e-01 8.579865711886202e-02 -5.168555001410959e-02
1.250000000000000e-01 8.981986887992111e-02 -5.170947082989545e-02
1.300000000000000e-01 9.389722098291493e-02 -5.173438935352769e-02
1.350000000000000e-01 9.803326190563690e-02 -5.176119684968835e-02
1.400000000000000e-01 1.022305768083033e-01 -5.178900880795832e-02
1.450000000000000e-01 1.064917891493625e-01 -5.181886589358877e-02
1.500000000000000e-01 1.108195623252418e-01 -5.184990660775383e-02
1.550000000000000e-01 1.152166013350572e-01 -5.188296403902586e-02
1.600000000000000e-01 1.196856544713255e-01 -5.191754908292044e-02
1.650000000000000e-01 1.242295150377370e-01 -5.195406878772586e-02
1.700000000000000e-01 1.288510230950609e-01 -5.199236625106971e-02
1.750000000000000e-01 1.335530672362758e-01 -5.203255880526075e-02
1.800000000000000e-01 1.383385863920344e-01 -5.207487541650699e-02
1.850000000000000e-01 1.432105716675912e-01 -5.211913016833662e-02
1.900000000000000e-01 1.481720682123397e-01 -5.216569883269347e-02
1.950000000000000e-01 1.532261771231311e-01 -5.221446603050769e-02
2.000000000000000e-01 1.583760573825595e-01 -5.226556384888825e-02
2.050000000000000e-01 1.636249278334301e-01 -5.231903148360235e-02
2.100000000000000e-01 1.689760691906397e-01 -5.237499601890656e-02
2.150000000000000e-01 1.744328260917313e-01 -5.243365784975797e-02
2.200000000000000e-01 1.799986091874004e-01 -5.249479694381857e-02
2.250000000000000e-01 1.856768972732633e-01 -5.255883724868230e-02
2.300000000000000e-01 1.914712394642179e-01 -5.262559664194445e-02
2.350000000000000e-01 1.973852574127551e-01 -5.269540214458389e-02
2.400000000000000e-01 2.034226475726105e-01 -5.276815907444302e-02
2.450000000000000e-01 2.095871835091678e-01 -5.284405180227274e-02
2.500000000000000e-01 2.158827182580599e-01 -5.292306060374131e-02
2.550000000000000e-01 2.223131867334419e-01 -5.300537242889744e-02
2.600000000000000e-01 2.288826081874405e-01 -5.309094234650884e-02
2.650000000000000e-01 2.355950887223172e-01 -5.317997160238518e-02
2.700000000000000e-01 2.424548238569160e-01 -5.327245970775608e-02
2.750000000000000e-01 2.494661011489995e-01 -5.336843400875439e-02
2.800000000000000e-01 2.566333028751116e-01 -5.346801869744199e-02
2.850000000000000e-01 2.639609087696434e-01 -5.357111989976280e-02
2.900000000000000e-01 2.714534988248126e-01 -5.367788571608008e-02
2.950000000000000e-01 2.791157561533084e-01 -5.378830289603290e-02
3.000000000000000e-01 2.869524699153886e-01 -5.390225518778631e-02
3.050000000000000e-01 2.949685383122613e-01 -5.401993110180406e-02
3.100000000000000e-01 3.031689716476197e-01 -5.414094436320804e-02
3.150000000000000e-01 3.115588954592450e-01 -5.426553487839300e-02
3.200000000000000e-01 3.201435537226349e-01 -5.439352773483184e-02
3.250000000000000e-01 3.289283121286580e-01 -5.452462887575047e-02
3.300000000000000e-01 3.379186614372866e-01 -5.465881358020819e-02
3.350000000000000e-01 3.471202209094989e-01 -5.479580360645519e-02
3.400000000000000e-01 3.565387418195016e-01 -5.493538130257355e-02
3.450000000000000e-01 3.661801110494620e-01 -5.507719524996534e-02
3.500000000000000e-01 3.760503547690021e-01 -5.522084302029810e-02
3.550000000000000e-01 3.861556422017504e-01 -5.536600824731808e-02
3.600000000000000e-01 3.965022894813072e-01 -5.551202630132043e-02
3.650000000000000e-01 4.070967635990345e-01 -5.565844512130786e-02
3.700000000000000e-01 4.179456864461349e-01 -5.580454751619830e-02
3.750000000000000e-01 4.290558389525505e-01 -5.594953066004318e-02
3.800000000000000e-01 4.404341653252637e-01 -5.609263380674082e-02
3.850000000000000e-01 4.520877773886537e-01 -5.623277732556058e-02
3.900000000000000e-01 4.640239590296172e-01 -5.636891598155015e-02
3.950000000000000e-01 4.762501707502353e-01 -5.649985924404165e-02
4.000000000000000e-01 4.887740543308307e-01 -5.662414158694039e-02
4.050000000000000e-01 5.016034376063282e-01 -5.674035708072846e-02
4.100000000000000e-01 5.147463393589066e-01 -5.684677892483288e-02
4.150000000000000e-01 5.282109743299990e-01 -5.694153010514254e-02
4.200000000000000e-01 5.420057583547735e-01 -5.702268490978276e-02
4.250000000000000e-01 5.561393136223041e-01 -5.708794399005174e-02
4.300000000000000e-01 5.706204740647189e-01 -5.713493124403720e-02
4.350000000000000e-01 5.854582908786964e-01 -5.716110406156018e-02
4.400000000000000e-01 6.006620381827575e-01 -5.716357392987174e-02
4.450000000000000e-01 6.162412188138907e-01 -5.713938639908824e-02
4.500000000000000e-01 6.322055702671360e-01 -5.708537639793297e-02
4.550000000000000e-01 6.485650707818353e-01 -5.699805933707620e-02
4.600000000000000e-01 6.653299455783577e-01 -5.687392118482383e-02
4.650000000000000e-01 6.825106732491932e-01 -5.670922681363925e-02
4.700000000000000e-01 7.001179923084168e-01 -5.650000450306922e-02
4.750000000000000e-01 7.181629079036070e-01 -5.624228626879875e-02
4.800000000000000e-01 7.366566986944229e-01 -5.593198077352297e-02
4.850000000000000e-01 7.556109239021327e-01 -5.556484082019251e-02
4.900000000000000e-01 7.750374305345038e-01 -5.513672342720928e-02
4.950000000000000e-01 7.949483607905672e-01 -5.464351816624392e-02
5.000000000000000e-01 8.153561596498893e-01 -5.408109591957085e-02
5.050000000000000e-01 8.362735826510871e-01 -5.344556325018435e-02
5.100000000000000e-01 8.577137038644561e-01 -5.273327595745206e-02
5.150000000000000e-01 8.796899240636907e-01 -5.194076876948257e-02
5.200000000000000e-01 9.022159791018011e-01 -5.106492240517695e-02
5.250000000000000e-01 9.253059484964714e-01 -5.010312757989492e-02
5.300000000000000e-01 9.489742642302165e-01 -4.905316791487369e-02
5.350000000000000e-01 9.732357197708378e-01 -4.791330903509351e-02
5.400000000000000e-01 9.981054793178262e-01 -4.668244635765165e-02
5.450000000000000e-01 1.023599087280478e+00 -4.536015159798619e-02
5.500000000000000e-01 1.049732477993657e+00 -4.394655341651086e-02
5.550000000000000e-01 1.076521985677273e+00 -4.244246912019009e-02
5.600000000000001e-01 1.103984354645701e+00 -4.084945981132858e-02
5.650000000000001e-01 1.132136749773522e+00 -3.916983504219514e-02
5.700000000000001e-01 1.160996767224129e+00 -3.740651654522446e-02
5.750000000000001e-01 1.190582445447902e+00 -3.556312649933213e-02
5.800000000000000e-01 1.220912276456826e+00 -3.364398280892954e-02
5.850000000000000e-01 1.252005217382601e+00 -3.165411790955977e-02
5.900000000000000e-01 1.283880702325469e+00 -2.959911693513781e-02
5.950000000000000e-01 1.316558654501151e+00 -2.748513886408467e-02
6.000000000000000e-01 1.350059498693518e+00 -2.531887316249675e-02
6.050000000000000e-01 1.384404174020732e+00 -2.310761567189623e-02
6.100000000000000e-01 1.419614147022888e+00 -2.085914075675186e-02
6.150000000000000e-01 1.455711425079295e+00 -1.858170874885414e-02
6.200000000000000e-01 1.492718570163803e+00 -1.628396989167800e-02
6.250000000000000e-01 1.530658712946775e+00 -1.397504161682427e-02
6.300000000000000e-01 1.569555567252506e+00 -1.166445522928303e-02
6.350000000000000e-01 1.609433444881138e+00 -9.362265971418159e-03
6.400000000000000e-01 1.650317270804325e+00 -7.078967644235718e-03
6.450000000000000e-01 1.692232598744148e+00 -4.825595850082029e-03
6.500000000000000e-01 1.735205627145031e+00 -2.613672881014520e-03
6.550000000000000e-01 1.779263215548615e+00 -4.552925249003753e-04
6.600000000000000e-01 1.824432901381847e+00 1.636888647745017e-03
6.650000000000000e-01 1.870742917168772e+00 3.649609713064175e-03
6.700000000000000e-01 1.918222208176775e+00 5.569022804868366e-03
6.750000000000000e-01 1.966900450508319e+00 7.380729777012636e-03
6.800000000000000e-01 2.016808069649473e+00 9.069885251525047e-03
6.850000000000001e-01 2.067976259486829e+00 1.062137358077272e-02
6.900000000000001e-01 2.120437001804702e+00 1.202009009900093e-02
6.950000000000001e-01 2.174223086274785e+00 1.325134784814286e-02
7.000000000000001e-01 2.229368130950753e+00 1.430143030831205e-02
7.050000000000000e-01 2.285906603280654e+00 1.515829909513257e-02
7.100000000000000e-01 2.343873841650178e+00 1.581245003051507e-02
7.150000000000000e-01 2.403306077470301e+00 1.625789033199950e-02
7.200000000000000e-01 2.464240457823092e+00 1.649318869780655e-02
7.250000000000000e-01 2.526715068679855e+00 1.652253394209969e-02
7.300000000000000e-01 2.590768958706095e+00 1.635673216911632e-02
7.350000000000000e-01 2.656442163668210e+00 1.601408062231996e-02
7.400000000000000e-01 2.723775731457148e+00 1.552107779103647e-02
7.450000000000000e-01 2.792811747744667e+00 1.491295913431259e-02
7.500000000000000e-01 2.863593362288260e+00 1.423407757355533e-02
7.550000000000000e-01 2.936164815901156e+00 1.353816833384583e-02
7.600000000000000e-01 3.010571468104263e+00 1.288854080465435e-02
7.650000000000000e-01 3.086859825477351e+00 1.235822080478939e-02
7.700000000000000e-01 3.165077570727174e+00 1.203002286984614e-02
7.750000000000000e-01 3.245273592490716e+00 1.199646352437633e-02
7.800000000000000e-01 3.327498015892184e+00 1.235933292700376e-02
7.850000000000000e-01 3.411802233872832e+00 1.322862435939601e-02
7.900000000000000e-01 3.498238939313234e+00 1.472038303145514e-02
7.950000000000000e-01 3.586862157968046e+00 1.695289172749887e-02
8.000000000000000e-01 3.677727282233856e+00 2.004049280515080e-02
8.050000000000000e-01 3.770891105771243e+00 2.408431009759754e-02
8.100000000000001e-01 3.866411859002656e+00 2.915926146663746e-02
8.150000000000001e-01 3.964349245508326e+00 3.529713952020968e-02
8.200000000000001e-01 4.064764479342956e+00 4.246627198754466e-02
8.250000000000001e-01 4.167720323296481e+00 5.054939322104848e-02
8.300000000000001e-01 4.273281128122877e+00 5.932280114242558e-02
8.350000000000000e-01 4.381512872761445e+00 6.844141958987837e-02
8.400000000000000e-01 4.492483205575838e+00 7.743562215634595e-02
8.450000000000000e-01 4.606261486636447e+00 8.572601284631276e-02
8.500000000000000e-01 4.722918831072739e+00 9.266114452879795e-02
8.550000000000000e-01 4.842528153522501e+00 9.757987910088924e-02
8.600000000000000e-01 4.965164213705875e+00 9.989470135703447e-02
8.650000000000000e-01 5.090903663152626e+00 9.918551216097167e-02
8.700000000000000e-01 5.219825093111814e+00 9.528689928246248e-02
8.750000000000000e-01 5.352009083673925e+00 8.834801289396212e-02
8.800000000000000e-01 5.487538254136007e+00 7.884542352809251e-02
8.850000000000000e-01 5.626497314641444e+00 6.753716108210328e-02
8.900000000000000e-01 5.768973119126561e+00 5.535982058871055e-02
8.950000000000000e-01 5.915054719607133e+00 4.328676520134073e-02
9.000000000000000e-01 6.064833421838831e+00 3.217857906372359e-02
9.050000000000000e-01 6.218402842386253e+00 2.266145018410801e-02
9.100000000000000e-01 6.375858967136348e+00 1.506211412025866e-02
9.150000000000000e-01 6.537300211292723e+00 9.410992459876611e-03
9.200000000000000e-01 6.702827480888332e+00 5.504405952677519e-03
9.250000000000000e-01 6.872544235855034e+00 3.000408145927476e-03
9.300000000000000e-01 7.046556554689444e+00 1.517063395030743e-03
9.350000000000001e-01 7.224973200755413e+00 7.079827603430838e-04
9.400000000000001e-01 7.407905690264673e+00 3.033586200602642e-04
9.450000000000001e-01 7.595468361978146e+00 1.186845914288229e-04
9.500000000000001e-01 7.787778448671316e+00 4.214925106433895e-05
9.550000000000001e-01 7.984956150408610e+00 1.350368915072374e-05
9.600000000000000e-01 8.187124709672272e+00 3.877401260017029e-06
9.650000000000000e-01 8.394410488393007e+00 9.909618149491422e-07
9.700000000000000e-01 8.606943046930221e+00 2.237969020690573e-07
9.750000000000000e-01 8.824855225051540e+00 4.432828097231968e-08
9.800000000000000e-01 9.048283224961922e+00 7.645743671457068e-09
9.850000000000000e-01 9.277366696434507e+00 1.149495480835112e-09
9.900000000000000e-01 9.512248824096272e+00 1.633877951567675e-10
9.950000000000000e-01 9.753076416923058e+00 3.259903370877798e-11
1.000000000000000e+00 1.000000000000000e+01 -9.068170818013203e-12
