0.000000000000000e+00 0.000000000000000e+00 -9.790267744305535e-05
5.000000000000000e-03 3.369477419287315e-03 -1.015033390273569e-04
1.000000000000000e-02 6.741060871647481e-03 -9.506011212153478e-05
1.500000000000000e-02 1.011685770649257e-02 -9.862264066088951e-05
2.000000000000000e-02 1.349897790673588e-02 -9.552254910760216e-05
2.500000000000000e-02 1.688953540759990e-02 -9.826427899911787e-05
3.000000000000000e-02 2.029064941789469e-02 -9.609753298753712e-05
3.500000000000000e-02 2.370444574459234e-02 -9.812963621452842e-05
4.000000000000000e-02 2.713305812152553e-02 -9.607791923890660e-05
4.500000000000000e-02 3.057862954304063e-02 -9.773366465766782e-05
5.000000000000000e-02 3.404331360343898e-02 -9.609561098777945e-05
5.500000000000000e-02 3.752927584304335e-02 -9.745307254186609e-05
6.000000000000000e-02 4.103869510173117e-02 -9.615381900531870e-05
6.500000000000000e-02 4.457376488078044e-02 -9.737329854969593e-05
7.000000000000001e-02 4.813669471387935e-02 -9.641524286055234e-05
7.500000000000000e-02 5.172971154815675e-02 -9.745353816765084e-05
8.000000000000000e-02 5.535506113609672e-02 -9.645007835841183e-05
8.500000000000001e-02 5.901500943920686e-02 -9.743628697302703e-05
9.000000000000000e-02 6.271184404431801e-02 -9.670165614077497e-05
9.500000000000000e-02 6.644787559340060e-02 -9.755246797139044e-05
1.000000000000000e-01 7.022543922779090e-02 -9.685136348483851e-05
1.050000000000000e-01 7.404689604773053e-02 -9.753033880980757e-05
1.100000000000000e-01 7.791463458813094e-02 -9.694194160434017e-05
1.150000000000000e-01 8.183107231148547e-02 -9.749556108864455e-05
1.200000000000000e-01 8.579865711886202e-02 -9.705837071645065e-05
1.250000000000000e-01 8.981986887992111e-02 -9.762076489564434e-05
1.300000000000000e-01 9.389722098291493e-02 -9.710967165527646e-05
1.350000000000000e-01 9.803326190563690e-02 -9.775300810040678e-05
1.400000000000000e-01 1.022305768083033e-01 -9.727684570694948e-05
1.450000000000000e-01 1.064917891493625e-01 -9.776106696678726e-05
1.500000000000000e-01 1.108195623252418e-01 -9.754733324745211e-05
1.550000000000000e-01 1.152166013350572e-01 -9.787882486184086e-05
1.600000000000000e-01 1.196856544713255e-01 -9.779646079710178e-05
1.650000000000000e-01 1.242295150377370e-01 -9.804054555636616e-05
1.700000000000000e-01 1.288510230950609e-01 -9.808345269469497e-05
1.750000000000000e-01 1.335530672362758e-01 -9.814047852114800e-05
1.800000000000000e-01 1.383385863920344e-01 -9.839145657066141e-05
1.850000000000000e-01 1.432105716675912e-01 -9.832034897649673e-05
1.900000000000000e-01 1.481720682123397e-01 -9.865285183786796e-05
1.950000000000000e-01 1.532261771231311e-01 -9.854089884263547e-05
2.000000000000000e-01 1.583760573825595e-01 -9.880779393229890e-05
2.050000000000000e-01 1.636249278334301e-01 -9.875888829798449e-05
2.100000000000000e-01 1.689760691906397e-01 -9.906069441849035e-05
2.150000000000000e-01 1.744328260917313e-01 -9.900367631661851e-05
2.200000000000000e-01 1.799986091874004e-01 -9.934670300601308e-05
2.250000000000000e-01 1.856768972732633e-01 -9.926424154028108e-05
2.300000000000000e-01 1.914712394642179e-01 -9.966550178838496e-05
2.350000000000000e-01 1.973852574127551e-01 -9.963887124535351e-05
2.400000000000000e-01 2.034226475726105e-01 -9.995397806000127e-05
2.450000000000000e-01 2.095871835091678e-01 -9.991497904498243e-05
2.500000000000000e-01 2.158827182580599e-01 -1.003114977004344e-04
2.550000000000000e-01 2.223131867334419e-01 -1.002886111210483e-04
2.600000000000000e-01 2.288826081874405e-01 -1.006867407034289e-04
2.650000000000000e-01 2.355950887223172e-01 -1.007856715074146e-04
2.700000000000000e-01 2.424548238569160e-01 -1.010365578512533e-04
2.750000000000000e-01 2.494661011489995e-01 -1.012741491523257e-04
2.800000000000000e-01 2.566333028751116e-01 -1.014930408018478e-04
2.850000000000000e-01 2.639609087696434e-01 -1.018013870639851e-04
2.900000000000000e-01 2.714534988248126e-01 -1.019088951504816e-04
2.950000000000000e-01 2.791157561533084e-01 -1.022922312620957e-04
3.000000000000000e-01 2.869524699153886e-01 -1.024036552599155e-04
3.050000000000000e-01 2.949685383122613e-01 -1.028263370266531e-04
3.100000000000000e-01 3.031689716476197e-01 -1.029505611027969e-04
3.150000000000000e-01 3.115588954592450e-01 -1.033248428076608e-04
3.200000000000000e-01 3.201435537226349e-01 -1.034671565454887e-04
3.250000000000000e-01 3.289283121286580e-01 -1.039088994770496e-04
3.300000000000000e-01 3.379186614372866e-01 -1.040580472599673e-04
3.350000000000000e-01 3.471202209094989e-01 -1.044625953916566e-04
3.400000000000000e-01 3.565387418195016e-01 -1.047181791425523e-04
3.450000000000000e-01 3.661801110494620e-01 -1.051176715840857e-04
3.500000000000000e-01 3.760503547690021e-01 -1.054180129144893e-04
3.550000000000000e-01 3.861556422017504e-01 -1.057585863247767e-04
3.600000000000000e-01 3.965022894813072e-01 -1.060710271165893e-04
3.650000000000000e-01 4.070967635990345e-01 -1.063370095923422e-04
3.700000000000000e-01 4.179456864461349e-01 -1.067366869449238e-04
3.750000000000000e-01 4.290558389525505e-01 -1.069830945331055e-04
3.800000000000000e-01 4.404341653252637e-01 -1.073082929355871e-04
3.850000000000000e-01 4.520877773886537e-01 -1.075789281767292e-04
3.900000000000000e-01 4.640239590296172e-01 -1.079457428658681e-04
3.950000000000000e-01 4.762501707502353e-01 -1.082022276826058e-04
4.000000000000000e-01 4.887740543308307e-01 -1.085291279903630e-04
4.050000000000000e-01 5.016034376063282e-01 -1.088036031123600e-04
4.100000000000000e-01 5.147463393589066e-01 -1.090290376249500e-04
4.150000000000000e-01 5.282109743299990e-01 -1.092773534682617e-04
4.200000000000000e-01 5.420057583547735e-01 -1.094429030730364e-04
4.250000000000000e-01 5.561393136223041e-01 -1.096247455969812e-04
4.300000000000000e-01 5.706204740647189e-01 -1.097578044336975e-04
4.350000000000000e-01 5.854582908786964e-01 -1.099235794657093e-04
4.400000000000000e-01 6.006620381827575e-01 -1.099739285177942e-04
4.450000000000000e-01 6.162412188138907e-01 -1.100113394497075e-04
4.500000000000000e-01 6.322055702671360e-01 -1.099964803300305e-04
4.550000000000000e-01 6.485650707818353e-01 -1.099758939145742e-04
4.600000000000000e-01 6.653299455783577e-01 -1.098161944174793e-04
4.650000000000000e-01 6.825106732491932e-01 -1.096590506298649e-04
4.700000000000000e-01 7.001179923084168e-01 -1.093764389799456e-04
4.750000000000000e-01 7.181629079036070e-01 -1.090897621325506e-04
4.800000000000000e-01 7.366566986944229e-01 -1.087112380703672e-04
4.850000000000000e-01 7.556109239021327e-01 -1.082370638767197e-04
4.900000000000000e-01 7.750374305345038e-01 -1.077361792394236e-04
4.950000000000000e-01 7.949483607905672e-01 -1.070479158335348e-04
5.000000000000000e-01 8.153561596498893e-01 -1.063727449632984e-04
5.050000000000000e-01 8.362735826510871e-01 -1.055358624569880e-04
5.100000000000000e-01 8.577137038644561e-01 -1.046429392123148e-04
5.150000000000000e-01 8.796899240636907e-01 -1.037119607516796e-04
5.200000000000000e-01 9.022159791018011e-01 -1.025516464242263e-04
5.250000000000000e-01 9.253059484964714e-01 -1.014456936495721e-04
5.300000000000000e-01 9.489742642302165e-01 -1.001248880601620e-04
5.350000000000000e-01 9.732357197708378e-01 -9.878915059345568e-05
5.400000000000000e-01 9.981054793178262e-01 -9.742355508307711e-05
5.450000000000000e-01 1.023599087280478e+00 -9.587981717185249e-05
5.500000000000000e-01 1.049732477993657e+00 -9.433068575409689e-05
5.550000000000000e-01 1.076521985677273e+00 -9.272073752720610e-05
5.600000000000001e-01 1.103984354645701e+00 -9.109436055110352e-05
5.650000000000001e-01 1.132136749773522e+00 -8.941547321091872e-05
5.700000000000001e-01 1.160996767224129e+00 -8.771463577003020e-05
5.750000000000001e-01 1.190582445447902e+00 -8.609030896571130e-05
5.800000000000000e-01 1.220912276456826e+00 -8.440914798479122e-05
5.850000000000000e-01 1.252005217382601e+00 -8.283978436795036e-05
5.900000000000000e-01 1.283880702325469e+00 -8.132135698572001e-05
5.950000000000000e-01 1.316558654501151e+00 -7.987034831208602e-05
6.000000000000000e-01 1.350059498693518e+00 -7.858429472401697e-05
6.050000000000000e-01 1.384404174020732e+00 -7.738012959769226e-05
6.100000000000000e-01 1.419614147022888e+00 -7.635096935582429e-05
6.150000000000000e-01 1.455711425079295e+00 -7.551231714894218e-05
6.200000000000000e-01 1.492718570163803e+00 -7.479966155132605e-05
6.250000000000000e-01 1.530658712946775e+00 -7.433954661800179e-05
6.300000000000000e-01 1.569555567252506e+00 -7.403952377711000e-05
6.350000000000000e-01 1.609433444881138e+00 -7.392159603463068e-05
6.400000000000000e-01 1.650317270804325e+00 -7.402096937765089e-05
6.450000000000000e-01 1.692232598744148e+00 -7.423804520499112e-05
6.500000000000000e-01 1.735205627145031e+00 -7.458226416747964e-05
6.550000000000000e-01 1.779263215548615e+00 -7.502283916631425e-05
6.600000000000000e-01 1.824432901381847e+00 -7.541798710242593e-05
6.650000000000000e-01 1.870742917168772e+00 -7.574747513061732e-05
6.700000000000000e-01 1.918222208176775e+00 -7.585239634978636e-05
6.750000000000000e-01 1.966900450508319e+00 -7.555714248349331e-05
6.800000000000000e-01 2.016808069649473e+00 -7.468867836958161e-05
6.850000000000001e-01 2.067976259486829e+00 -7.293044438658486e-05
6.900000000000001e-01 2.120437001804702e+00 -6.992044167634678e-05
6.950000000000001e-01 2.174223086274785e+00 -6.522880688302768e-05
7.000000000000001e-01 2.229368130950753e+00 -5.812294852556565e-05
7.050000000000000e-01 2.285906603280654e+00 -4.780054407177280e-05
7.100000000000000e-01 2.343873841650178e+00 -3.321034015565443e-05
7.150000000000000e-01 2.403306077470301e+00 -1.271292757079103e-05
7.200000000000000e-01 2.464240457823092e+00 1.574115431863457e-05
7.250000000000000e-01 2.526715068679855e+00 5.461156083163905e-05
7.300000000000000e-01 2.590768958706095e+00 1.075422116369048e-04
7.350000000000000e-01 2.656442163668210e+00 1.795450866542989e-04
7.400000000000000e-01 2.723775731457148e+00 2.767323054695686e-04
7.450000000000000e-01 2.792811747744667e+00 4.069290536821250e-04
7.500000000000000e-01 2.863593362288260e+00 5.811117497990406e-04
7.550000000000000e-01 2.936164815901156e+00 8.139166125082470e-04
7.600000000000000e-01 3.010571468104263e+00 1.123378565545299e-03
7.650000000000000e-01 3.086859825477351e+00 1.531817667054173e-03
7.700000000000000e-01 3.165077570727174e+00 2.068897513766806e-03
7.750000000000000e-01 3.245273592490716e+00 2.774667034587729e-03
7.800000000000000e-01 3.327498015892184e+00 3.700397771906415e-03
7.850000000000000e-01 3.411802233872832e+00 4.908434048438951e-03
7.900000000000000e-01 3.498238939313234e+00 6.475486299416412e-03
7.950000000000000e-01 3.586862157968046e+00 8.501291843960063e-03
8.000000000000000e-01 3.677727282233856e+00 1.111849508021381e-02
8.050000000000000e-01 3.770891105771243e+00 1.449441711278815e-02
8.100000000000001e-01 3.866411859002656e+00 1.881605144797106e-02
8.150000000000001e-01 3.964349245508326e+00 2.425598860782186e-02
8.200000000000001e-01 4.064764479342956e+00 3.092567475050598e-02
8.250000000000001e-01 4.167720323296481e+00 3.882759785831107e-02
8.300000000000001e-01 4.273281128122877e+00 4.781709896793142e-02
8.350000000000000e-01 4.381512872761445e+00 5.758059127261746e-02
8.400000000000000e-01 4.492483205575838e+00 6.763476003623511e-02
8.450000000000000e-01 4.606261486636447e+00 7.735087256102503e-02
8.500000000000000e-01 4.722918831072739e+00 8.600614427178103e-02
8.550000000000000e-01 4.842528153522501e+00 9.285854852628005e-02
8.600000000000000e-01 4.965164213705875e+00 9.723601511037400e-02
8.650000000000000e-01 5.090903663152626e+00 9.862806732049777e-02
8.700000000000000e-01 5.219825093111814e+00 9.676755392346019e-02
8.750000000000000e-01 5.352009083673925e+00 9.168908521552126e-02
8.800000000000000e-01 5.487538254136007e+00 8.374987487832722e-02
8.850000000000000e-01 5.626497314641444e+00 7.360096664220682e-02
8.900000000000000e-01 5.768973119126561e+00 6.210555962057810e-02
8.950000000000000e-01 5.915054719607133e+00 5.021504278489684e-02
9.000000000000000e-01 6.064833421838831e+00 3.882732229675466e-02
9.050000000000000e-01 6.218402842386253e+00 2.865971394548330e-02
9.100000000000000e-01 6.375858967136348e+00 2.016600935500309e-02
9.150000000000000e-01 6.537300211292723e+00 1.351445192836475e-02
9.200000000000000e-01 6.702827480888332e+00 8.624864379616820e-03
9.250000000000000e-01 6.872544235855034e+00 5.246270202534485e-03
9.300000000000000e-01 7.046556554689444e+00 3.047589531845950e-03
9.350000000000001e-01 7.224973200755413e+00 1.695986135144379e-03
9.400000000000001e-01 7.407905690264673e+00 9.077245774413437e-04
9.450000000000001e-01 7.595468361978146e+00 4.691443525764965e-04
9.500000000000001e-01 7.787778448671316e+00 2.348832848954696e-04
9.550000000000001e-01 7.984956150408610e+00 1.140705736101487e-04
9.600000000000000e-01 8.187124709672272e+00 5.368878522794582e-05
9.650000000000000e-01 8.394410488393007e+00 2.441531513050872e-05
9.700000000000000e-01 8.606943046930221e+00 1.067970340527062e-05
9.750000000000000e-01 8.824855225051540e+00 4.418684233140463e-06
9.800000000000000e-01 9.048283224961922e+00 1.643892735849522e-06
9.850000000000000e-01 9.277366696434507e+00 8.001510282846594e-09
9.900000000000000e-01 9.512248824096272e+00 -1.252900607832998e-06
9.950000000000000e-01 9.753076416923058e+00 -6.500078326322059e-06
1.000000000000000e+00 1.000000000000000e+01 -2.045932620653085e-03
