0.000000000000000e+00 0.000000000000000e+00 -1.438426593396359e-04
5.000000000000000e-03 3.369477419287315e-03 -1.474433209254357e-04
1.000000000000000e-02 6.741060871647481e-03 -1.422815558028204e-04
1.500000000000000e-02 1.011685770649257e-02 -1.444433202787266e-04
2.000000000000000e-02 1.349897790673588e-02 -1.430712391213539e-04
2.500000000000000e-02 1.688953540759990e-02 -1.452146070676627e-04
3.000000000000000e-02 2.029064941789469e-02 -1.430882111179508e-04
3.500000000000000e-02 2.370444574459234e-02 -1.452167923095172e-04
4.000000000000000e-02 2.713305812152553e-02 -1.437074509539936e-04
4.500000000000000e-02 3.057862954304063e-02 -1.452685199404845e-04
5.000000000000000e-02 3.404331360343898e-02 -1.438387294361426e-04
5.500000000000000e-02 3.752927584304335e-02 -1.450907046971635e-04
6.000000000000000e-02 4.103869510173117e-02 -1.438910992943450e-04
6.500000000000000e-02 4.457376488078044e-02 -1.451357886660571e-04
7.000000000000001e-02 4.813669471387935e-02 -1.439715026913793e-04
7.500000000000000e-02 5.172971154815675e-02 -1.450484856160851e-04
8.000000000000000e-02 5.535506113609672e-02 -1.442482465889547e-04
8.500000000000001e-02 5.901500943920686e-02 -1.452494625348847e-04
9.000000000000000e-02 6.271184404431801e-02 -1.444230030957546e-04
9.500000000000000e-02 6.644787559340060e-02 -1.452583350796602e-04
1.000000000000000e-01 7.022543922779090e-02 -1.446127243633792e-04
1.050000000000000e-01 7.404689604773053e-02 -1.451929483296691e-04
1.100000000000000e-01 7.791463458813094e-02 -1.448030257991540e-04
1.150000000000000e-01 8.183107231148547e-02 -1.452908061808539e-04
1.200000000000000e-01 8.579865711886202e-02 -1.449834155707208e-04
1.250000000000000e-01 8.981986887992111e-02 -1.452362243453188e-04
1.300000000000000e-01 9.389722098291493e-02 -1.450728457994941e-04
1.350000000000000e-01 9.803326190563690e-02 -1.451944002468574e-04
1.400000000000000e-01 1.022305768083033e-01 -1.452440076176860e-04
1.450000000000000e-01 1.064917891493625e-01 -1.452908580549932e-04
1.500000000000000e-01 1.108195623252418e-01 -1.454208387504913e-04
1.550000000000000e-01 1.152166013350572e-01 -1.453220661138160e-04
1.600000000000000e-01 1.196856544713255e-01 -1.456364281351406e-04
1.650000000000000e-01 1.242295150377370e-01 -1.454745514234547e-04
1.700000000000000e-01 1.288510230950609e-01 -1.458628626622580e-04
1.750000000000000e-01 1.335530672362758e-01 -1.457220647694454e-04
1.800000000000000e-01 1.383385863920344e-01 -1.461144547567677e-04
1.850000000000000e-01 1.432105716675912e-01 -1.459198804965494e-04
1.900000000000000e-01 1.481720682123397e-01 -1.462928795124267e-04
1.950000000000000e-01 1.532261771231311e-01 -1.461484504582480e-04
2.000000000000000e-01 1.583760573825595e-01 -1.465161013655451e-04
2.050000000000000e-01 1.636249278334301e-01 -1.463765580858619e-04
2.100000000000000e-01 1.689760691906397e-01 -1.468090991923608e-04
2.150000000000000e-01 1.744328260917313e-01 -1.467101865620082e-04
2.200000000000000e-01 1.799986091874004e-01 -1.470065343181039e-04
2.250000000000000e-01 1.856768972732633e-01 -1.470150343494895e-04
2.300000000000000e-01 1.914712394642179e-01 -1.472332426696996e-04
2.350000000000000e-01 1.973852574127551e-01 -1.474419777517501e-04
2.400000000000000e-01 2.034226475726105e-01 -1.474599296821074e-04
2.450000000000000e-01 2.095871835091678e-01 -1.478026837732523e-04
2.500000000000000e-01 2.158827182580599e-01 -1.478084458598782e-04
2.550000000000000e-01 2.223131867334419e-01 -1.481493290336489e-04
2.600000000000000e-01 2.288826081874405e-01 -1.481645395760060e-04
2.650000000000000e-01 2.355950887223172e-01 -1.485964148497833e-04
2.700000000000000e-01 2.424548238569160e-01 -1.485879646096417e-04
2.750000000000000e-01 2.494661011489995e-01 -1.489948184112387e-04
2.800000000000000e-01 2.566333028751116e-01 -1.490073333644189e-04
2.850000000000000e-01 2.639609087696434e-01 -1.494606529856015e-04
2.900000000000000e-01 2.714534988248126e-01 -1.495244027097258e-04
2.950000000000000e-01 2.791157561533084e-01 -1.498836566421479e-04
3.000000000000000e-01 2.869524699153886e-01 -1.500743684331873e-04
3.050000000000000e-01 2.949685383122613e-01 -1.503325688999023e-04
3.100000000000000e-01 3.031689716476197e-01 -1.506526258287425e-04
3.150000000000000e-01 3.115588954592450e-01 -1.508856761078803e-04
3.200000000000000e-01 3.201435537226349e-01 -1.512136427484253e-04
3.250000000000000e-01 3.289283121286580e-01 -1.513975716144960e-04
3.300000000000000e-01 3.379186614372866e-01 -1.518306575640811e-04
3.350000000000000e-01 3.471202209094989e-01 -1.519820893229396e-04
3.400000000000000e-01 3.565387418195016e-01 -1.524199542937606e-04
3.450000000000000e-01 3.661801110494620e-01 -1.526258210176912e-04
3.500000000000000e-01 3.760503547690021e-01 -1.530169835040987e-04
3.550000000000000e-01 3.861556422017504e-01 -1.533502763801166e-04
3.600000000000000e-01 3.965022894813072e-01 -1.536288944390886e-04
3.650000000000000e-01 4.070967635990345e-01 -1.540020163809222e-04
3.700000000000000e-01 4.179456864461349e-01 -1.542249523184120e-04
3.750000000000000e-01 4.290558389525505e-01 -1.546194845306822e-04
3.800000000000000e-01 4.404341653252637e-01 -1.548151407644443e-04
3.850000000000000e-01 4.520877773886537e-01 -1.552609457433362e-04
3.900000000000000e-01 4.640239590296172e-01 -1.555096865278236e-04
3.950000000000000e-01 4.762501707502353e-01 -1.558394610355634e-04
4.000000000000000e-01 4.887740543308307e-01 -1.561025476064889e-04
4.050000000000000e-01 5.016034376063282e-01 -1.563657865020389e-04
4.100000000000000e-01 5.147463393589066e-01 -1.566515247463516e-04
4.150000000000000e-01 5.282109743299990e-01 -1.568422409621695e-04
4.200000000000000e-01 5.420057583547735e-01 -1.571031668295168e-04
4.250000000000000e-01 5.561393136223041e-01 -1.572775260884822e-04
4.300000000000000e-01 5.706204740647189e-01 -1.574741190746653e-04
4.350000000000000e-01 5.854582908786964e-01 -1.576200405506602e-04
4.400000000000000e-01 6.006620381827575e-01 -1.577096943779619e-04
4.450000000000000e-01 6.162412188138907e-01 -1.577875656894862e-04
4.500000000000000e-01 6.322055702671360e-01 -1.578117260387657e-04
4.550000000000000e-01 6.485650707818353e-01 -1.578230070315183e-04
4.600000000000000e-01 6.653299455783577e-01 -1.577787631096796e-04
4.650000000000000e-01 6.825106732491932e-01 -1.577205885155355e-04
4.700000000000000e-01 7.001179923084168e-01 -1.575222267480499e-04
4.750000000000000e-01 7.181629079036070e-01 -1.573762941114632e-04
4.800000000000000e-01 7.366566986944229e-01 -1.571009252417691e-04
4.850000000000000e-01 7.556109239021327e-01 -1.568296473764440e-04
4.900000000000000e-01 7.750374305345038e-01 -1.565416198580289e-04
4.950000000000000e-01 7.949483607905672e-01 -1.560858843490974e-04
5.000000000000000e-01 8.153561596498893e-01 -1.557067517584972e-04
5.050000000000000e-01 8.362735826510871e-01 -1.552714087667590e-04
5.100000000000000e-01 8.577137038644561e-01 -1.547654047266829e-04
5.150000000000000e-01 8.796899240636907e-01 -1.543066511367102e-04
5.200000000000000e-01 9.022159791018011e-01 -1.537978431548523e-04
5.250000000000000e-01 9.253059484964714e-01 -1.533828681123965e-04
5.300000000000000e-01 9.489742642302165e-01 -1.529584185583351e-04
5.350000000000000e-01 9.732357197708378e-01 -1.526457801235462e-04
5.400000000000000e-01 9.981054793178262e-01 -1.524804739290402e-04
5.450000000000000e-01 1.023599087280478e+00 -1.524400161553678e-04
5.500000000000000e-01 1.049732477993657e+00 -1.526857952502516e-04
5.550000000000000e-01 1.076521985677273e+00 -1.532169867896022e-04
5.600000000000001e-01 1.103984354645701e+00 -1.541253475935349e-04
5.650000000000001e-01 1.132136749773522e+00 -1.555919625158816e-04
5.700000000000001e-01 1.160996767224129e+00 -1.576234633813373e-04
5.750000000000001e-01 1.190582445447902e+00 -1.604866353945731e-04
5.800000000000000e-01 1.220912276456826e+00 -1.643192230696864e-04
5.850000000000000e-01 1.252005217382601e+00 -1.693158421898055e-04
5.900000000000000e-01 1.283880702325469e+00 -1.758277994434735e-04
5.950000000000000e-01 1.316558654501151e+00 -1.841167343171871e-04
6.000000000000000e-01 1.350059498693518e+00 -1.945783552928990e-04
6.050000000000000e-01 1.384404174020732e+00 -2.077680243363514e-04
6.100000000000000e-01 1.419614147022888e+00 -2.241612498766986e-04
6.150000000000000e-01 1.455711425079295e+00 -2.445276181897686e-04
6.200000000000000e-01 1.492718570163803e+00 -2.697312776120167e-04
6.250000000000000e-01 1.530658712946775e+00 -3.007381231580952e-04
6.300000000000000e-01 1.569555567252506e+00 -3.388496672881554e-04
6.350000000000000e-01 1.609433444881138e+00 -3.855971840585697e-04
6.400000000000000e-01 1.650317270804325e+00 -4.427213102860571e-04
6.450000000000000e-01 1.692232598744148e+00 -5.124981015368757e-04
6.500000000000000e-01 1.735205627145031e+00 -5.975550111219387e-04
6.550000000000000e-01 1.779263215548615e+00 -7.009825765029303e-04
6.600000000000000e-01 1.824432901381847e+00 -8.265610223898248e-04
6.650000000000000e-01 1.870742917168772e+00 -9.787241554454703e-04
6.700000000000000e-01 1.918222208176775e+00 -1.162520825257470e-03
6.750000000000000e-01 1.966900450508319e+00 -1.383912159774964e-03
6.800000000000000e-01 2.016808069649473e+00 -1.649654672899335e-03
6.850000000000001e-01 2.067976259486829e+00 -1.967174799964273e-03
6.900000000000001e-01 2.120437001804702e+00 -2.344524381573207e-03
6.950000000000001e-01 2.174223086274785e+00 -2.790195024913410e-03
7.000000000000001e-01 2.229368130950753e+00 -3.312501111813117e-03
7.050000000000000e-01 2.285906603280654e+00 -3.918943716869436e-03
7.100000000000000e-01 2.343873841650178e+00 -4.615176149739567e-03
7.150000000000000e-01 2.403306077470301e+00 -5.403565608903121e-03
7.200000000000000e-01 2.464240457823092e+00 -6.281445636200710e-03
7.250000000000000e-01 2.526715068679855e+00 -7.239161787605275e-03
7.300000000000000e-01 2.590768958706095e+00 -8.257308834157553e-03
7.350000000000000e-01 2.656442163668210e+00 -9.303327865511845e-03
7.400000000000000e-01 2.723775731457148e+00 -1.032841888961974e-02
7.450000000000000e-01 2.792811747744667e+00 -1.126621440482626e-02
7.500000000000000e-01 2.863593362288260e+00 -1.203417260512398e-02
7.550000000000000e-01 2.936164815901156e+00 -1.253788472088925e-02
7.600000000000000e-01 3.010571468104263e+00 -1.267749338610345e-02
7.650000000000000e-01 3.086859825477351e+00 -1.235455898369644e-02
7.700000000000000e-01 3.165077570727174e+00 -1.147751926080024e-02
7.750000000000000e-01 3.245273592490716e+00 -9.964463802034709e-03
7.800000000000000e-01 3.327498015892184e+00 -7.742946843950988e-03
7.850000000000000e-01 3.411802233872832e+00 -4.747700711148660e-03
7.900000000000000e-01 3.498238939313234e+00 -9.178288339237678e-04
7.950000000000000e-01 3.586862157968046e+00 3.804547780055071e-03
8.000000000000000e-01 3.677727282233856e+00 9.472566261145230e-03
8.050000000000000e-01 3.770891105771243e+00 1.612849500014337e-02
8.100000000000001e-01 3.866411859002656e+00 2.379246345954489e-02
8.150000000000001e-01 3.964349245508326e+00 3.244539387569494e-02
8.200000000000001e-01 4.064764479342956e+00 4.200666465903603e-02
8.250000000000001e-01 4.167720323296481e+00 5.230876011563673e-02
8.300000000000001e-01 4.273281128122877e+00 6.307385494654819e-02
8.350000000000000e-01 4.381512872761445e+00 7.389912164396074e-02
8.400000000000000e-01 4.492483205575838e+00 8.425798279512454e-02
8.450000000000000e-01 4.606261486636447e+00 9.352301804345074e-02
8.500000000000000e-01 4.722918831072739e+00 1.010133280025570e-01
8.550000000000000e-01 4.842528153522501e+00 1.060651425942372e-01
8.600000000000000e-01 4.965164213705875e+00 1.081195030155192e-01
8.650000000000000e-01 5.090903663152626e+00 1.068152022098577e-01
8.700000000000000e-01 5.219825093111814e+00 1.020699443170718e-01
8.750000000000000e-01 5.352009083673925e+00 9.412995054932372e-02
8.800000000000000e-01 5.487538254136007e+00 8.357035460438411e-02
8.850000000000000e-01 5.626497314641444e+00 7.123704485736951e-02
8.900000000000000e-01 5.768973119126561e+00 5.813425673074046e-02
8.950000000000000e-01 5.915054719607133e+00 4.527768596571110e-02
9.000000000000000e-01 6.064833421838831e+00 3.354483289254383e-02
9.050000000000000e-01 6.218402842386253e+00 2.355751428850735e-02
9.100000000000000e-01 6.375858967136348e+00 1.562347985442608e-02
9.150000000000000e-01 6.537300211292723e+00 9.746777444791152e-03
9.200000000000000e-01 6.702827480888332e+00 5.696111591119846e-03
9.250000000000000e-01 6.872544235855034e+00 3.104845066077879e-03
9.300000000000000e-01 7.046556554689444e+00 1.571343409500573e-03
9.350000000000001e-01 7.224973200755413e+00 7.348946130489250e-04
9.400000000000001e-01 7.407905690264673e+00 3.160860804978986e-04
9.450000000000001e-01 7.595468361978146e+00 1.244261975336245e-04
9.500000000000001e-01 7.787778448671316e+00 4.462004673139218e-05
9.550000000000001e-01 7.984956150408610e+00 1.451803103076195e-05
9.600000000000000e-01 8.187124709672272e+00 4.274702645049950e-06
9.650000000000000e-01 8.394410488393007e+00 1.139445249490772e-06
9.700000000000000e-01 8.606943046930221e+00 2.767388590413179e-07
9.750000000000000e-01 8.824855225051540e+00 6.227039332254171e-08
9.800000000000000e-01 9.048283224961922e+00 1.332082734293783e-08
9.850000000000000e-01 9.277366696434507e+00 2.159219276800766e-09
9.900000000000000e-01 9.512248824096272e+00 -1.090791172882261e-09
9.950000000000000e-01 9.753076416923058e+00 -7.642927625150729e-09
1.000000000000000e+00 1.000000000000000e+01 -2.432878452095722e-06
