0.000000000000000e+00 0.000000000000000e+00 1.884527622239847e-01
5.000000000000000e-03 3.369477419287315e-03 1.884504860418779e-01
1.000000000000000e-02 6.741060871647481e-03 1.884508175835228e-01
1.500000000000000e-02 1.011685770649257e-02 1.884412008174991e-01
2.000000000000000e-02 1.349897790673588e-02 1.884279926740586e-01
2.500000000000000e-02 1.688953540759990e-02 1.884095638318108e-01
3.000000000000000e-02 2.029064941789469e-02 1.883878583457186e-01
3.500000000000000e-02 2.370444574459234e-02 1.883608727995007e-01
4.000000000000000e-02 2.713305812152553e-02 1.883301543717702e-01
4.500000000000000e-02 3.057862954304063e-02 1.882942986512225e-01
5.000000000000000e-02 3.404331360343898e-02 1.882543434691454e-01
5.500000000000000e-02 3.752927584304335e-02 1.882092715670651e-01
6.000000000000000e-02 4.103869510173117e-02 1.881599484613221e-01
6.500000000000000e-02 4.457376488078044e-02 1.881052956291907e-01
7.000000000000001e-02 4.813669471387935e-02 1.880459181375047e-01
7.500000000000000e-02 5.172971154815675e-02 1.879810553699787e-01
8.000000000000000e-02 5.535506113609672e-02 1.879112818950302e-01
8.500000000000001e-02 5.901500943920686e-02 1.878357213102128e-01
9.000000000000000e-02 6.271184404431801e-02 1.877547181601304e-01
9.500000000000000e-02 6.644787559340060e-02 1.876675709832878e-01
1.000000000000000e-01 7.022543922779090e-02 1.875746503878119e-01
1.050000000000000e-01 7.404689604773053e-02 1.874752371410466e-01
1.100000000000000e-01 7.791463458813094e-02 1.873695306838596e-01
1.150000000000000e-01 8.183107231148547e-02 1.872567840677516e-01
1.200000000000000e-01 8.579865711886202e-02 1.871371450906885e-01
1.250000000000000e-01 8.981986887992111e-02 1.870100026798545e-01
1.300000000000000e-01 9.389722098291493e-02 1.868754869477921e-01
1.350000000000000e-01 9.803326190563690e-02 1.867328380989416e-01
1.400000000000000e-01 1.022305768083033e-01 1.865820323686337e-01
1.450000000000000e-01 1.064917891493625e-01 1.864223780928358e-01
1.500000000000000e-01 1.108195623252418e-01 1.862538082949438e-01
1.550000000000000e-01 1.152166013350572e-01 1.860756788993956e-01
1.600000000000000e-01 1.196856544713255e-01 1.858879329061613e-01
1.650000000000000e-01 1.242295150377370e-01 1.856897890232621e-01
1.700000000000000e-01 1.288510230950609e-01 1.854810960885694e-01
1.750000000000000e-01 1.335530672362758e-01 1.852610512232208e-01
1.800000000000000e-01 1.383385863920344e-01 1.850293360627593e-01
1.850000000000000e-01 1.432105716675912e-01 1.847852476459572e-01
1.900000000000000e-01 1.481720682123397e-01 1.845283138188981e-01
1.950000000000000e-01 1.532261771231311e-01 1.842578936472162e-01
2.000000000000000e-01 1.583760573825595e-01 1.839734041788102e-01
2.050000000000000e-01 1.636249278334301e-01 1.836741919913185e-01
2.100000000000000e-01 1.689760691906397e-01 1.833595930469610e-01
2.150000000000000e-01 1.744328260917313e-01 1.830289026380918e-01
2.200000000000000e-01 1.799986091874004e-01 1.826813867849514e-01
2.250000000000000e-01 1.856768972732633e-01 1.823162765224896e-01
2.300000000000000e-01 1.914712394642179e-01 1.819327689665572e-01
2.350000000000000e-01 1.973852574127551e-01 1.815300258406782e-01
2.400000000000000e-01 2.034226475726105e-01 1.811071728287996e-01
2.450000000000000e-01 2.095871835091678e-01 1.806632986321463e-01
2.500000000000000e-01 2.158827182580599e-01 1.801974541165790e-01
2.550000000000000e-01 2.223131867334419e-01 1.797086514586558e-01
2.600000000000000e-01 2.288826081874405e-01 1.791958633377008e-01
2.650000000000000e-01 2.355950887223172e-01 1.786580221804046e-01
2.700000000000000e-01 2.424548238569160e-01 1.780940194748858e-01
2.750000000000000e-01 2.494661011489995e-01 1.775027051691153e-01
2.800000000000000e-01 2.566333028751116e-01 1.768828871702575e-01
2.850000000000000e-01 2.639609087696434e-01 1.762333309626804e-01
2.900000000000000e-01 2.714534988248126e-01 1.755527593639765e-01
2.950000000000000e-01 2.791157561533084e-01 1.748398524400554e-01
3.000000000000000e-01 2.869524699153886e-01 1.740932476022762e-01
3.050000000000000e-01 2.949685383122613e-01 1.733115399116059e-01
3.100000000000000e-01 3.031689716476197e-01 1.724932826169530e-01
3.150000000000000e-01 3.115588954592450e-01 1.716369879571034e-01
3.200000000000000e-01 3.201435537226349e-01 1.707411282580665e-01
3.250000000000000e-01 3.289283121286580e-01 1.698041373601079e-01
3.300000000000000e-01 3.379186614372866e-01 1.688244124112879e-01
3.350000000000000e-01 3.471202209094989e-01 1.678003160669110e-01
3.400000000000000e-01 3.565387418195016e-01 1.667301791368961e-01
3.450000000000000e-01 3.661801110494620e-01 1.656123037256591e-01
3.500000000000000e-01 3.760503547690021e-01 1.644449669116233e-01
3.550000000000000e-01 3.861556422017504e-01 1.632264250158661e-01
3.600000000000000e-01 3.965022894813072e-01 1.619549185116419e-01
3.650000000000000e-01 4.070967635990345e-01 1.606286776284755e-01
3.700000000000000e-01 4.179456864461349e-01 1.592459287061440e-01
3.750000000000000e-01 4.290558389525505e-01 1.578049013550443e-01
3.800000000000000e-01 4.404341653252637e-01 1.563038364800416e-01
3.850000000000000e-01 4.520877773886537e-01 1.547409952248391e-01
3.900000000000000e-01 4.640239590296172e-01 1.531146688929545e-01
3.950000000000000e-01 4.762501707502353e-01 1.514231898994847e-01
4.000000000000000e-01 4.887740543308307e-01 1.496649438046988e-01
4.050000000000000e-01 5.016034376063282e-01 1.478383824759820e-01
4.100000000000000e-01 5.147463393589066e-01 1.459420384185329e-01
4.150000000000000e-01 5.282109743299990e-01 1.439745403072356e-01
4.200000000000000e-01 5.420057583547735e-01 1.419346297420776e-01
4.250000000000000e-01 5.561393136223041e-01 1.398211792370971e-01
4.300000000000000e-01 5.706204740647189e-01 1.376332114378619e-01
4.350000000000000e-01 5.854582908786964e-01 1.353699195446888e-01
4.400000000000000e-01 6.006620381827575e-01 1.330306888979281e-01
4.450000000000000e-01 6.162412188138907e-01 1.306151196575277e-01
4.500000000000000e-01 6.322055702671360e-01 1.281230504815075e-01
4.550000000000000e-01 6.485650707818353e-01 1.255545830768925e-01
4.600000000000000e-01 6.653299455783577e-01 1.229101074619756e-01
4.650000000000000e-01 6.825106732491932e-01 1.201903277406117e-01
4.700000000000000e-01 7.001179923084168e-01 1.173962881477427e-01
4.750000000000000e-01 7.181629079036070e-01 1.145293990808581e-01
4.800000000000000e-01 7.366566986944229e-01 1.115914627850916e-01
4.850000000000000e-01 7.556109239021327e-01 1.085846983108230e-01
4.900000000000000e-01 7.750374305345038e-01 1.055117653129052e-01
4.950000000000000e-01 7.949483607905672e-01 1.023757862110730e-01
5.000000000000000e-01 8.153561596498893e-01 9.918036618309507e-02
5.050000000000000e-01 8.362735826510871e-01 9.592961041740836e-02
5.100000000000000e-01 8.577137038644561e-01 9.262813801213562e-02
5.150000000000000e-01 8.796899240636907e-01 8.928109187461718e-02
5.200000000000000e-01 9.022159791018011e-01 8.589414395203110e-02
5.250000000000000e-01 9.253059484964714e-01 8.247349511170411e-02
5.300000000000000e-01 9.489742642302165e-01 7.902586899161797e-02
5.350000000000000e-01 9.732357197708378e-01 7.555849915971523e-02
5.400000000000000e-01 9.981054793178262e-01 7.207910895702641e-02
5.450000000000000e-01 1.023599087280478e+00 6.859588345627118e-02
5.500000000000000e-01 1.049732477993657e+00 6.511743304597369e-02
5.550000000000000e-01 1.076521985677273e+00 6.165274825141266e-02
5.600000000000001e-01 1.103984354645701e+00 5.821114552854077e-02
5.650000000000001e-01 1.132136749773522e+00 5.480220391552941e-02
5.700000000000001e-01 1.160996767224129e+00 5.143569259846590e-02
5.750000000000001e-01 1.190582445447902e+00 4.812148964215426e-02
5.800000000000000e-01 1.220912276456826e+00 4.486949235268669e-02
5.850000000000000e-01 1.252005217382601e+00 4.168951997379156e-02
5.900000000000000e-01 1.283880702325469e+00 3.859120967178736e-02
5.950000000000000e-01 1.316558654501151e+00 3.558390703154943e-02
6.000000000000000e-01 1.350059498693518e+00 3.267655256470629e-02
6.050000000000000e-01 1.384404174020732e+00 2.987756601661041e-02
6.100000000000000e-01 1.419614147022888e+00 2.719473054414580e-02
6.150000000000000e-01 1.455711425079295e+00 2.463507911366110e-02
6.200000000000000e-01 1.492718570163803e+00 2.220478572613991e-02
6.250000000000000e-01 1.530658712946775e+00 1.990906430108070e-02
6.300000000000000e-01 1.569555567252506e+00 1.775207822448109e-02
6.350000000000000e-01 1.609433444881138e+00 1.573686367040801e-02
6.400000000000000e-01 1.650317270804325e+00 1.386526981925830e-02
6.450000000000000e-01 1.692232598744148e+00 1.213791899900451e-02
6.500000000000000e-01 1.735205627145031e+00 1.055418955181970e-02
6.550000000000000e-01 1.779263215548615e+00 9.112223867410819e-03
6.600000000000000e-01 1.824432901381847e+00 7.808963526336673e-03
6.650000000000000e-01 1.870742917168772e+00 6.640212875675262e-03
6.700000000000000e-01 1.918222208176775e+00 5.600731647057101e-03
6.750000000000000e-01 1.966900450508319e+00 4.684356474472445e-03
6.800000000000000e-01 2.016808069649473e+00 3.884150448543833e-03
6.850000000000001e-01 2.067976259486829e+00 3.192579247766386e-03
6.900000000000001e-01 2.120437001804702e+00 2.601712026235402e-03
6.950000000000001e-01 2.174223086274785e+00 2.103445235627501e-03
7.000000000000001e-01 2.229368130950753e+00 1.689748046804910e-03
7.050000000000000e-01 2.285906603280654e+00 1.352929139367892e-03
7.100000000000000e-01 2.343873841650178e+00 1.085926453556980e-03
7.150000000000000e-01 2.403306077470301e+00 8.826241182533715e-04
7.200000000000000e-01 2.464240457823092e+00 7.382041869600911e-04
7.250000000000000e-01 2.526715068679855e+00 6.495449334044131e-04
7.300000000000000e-01 2.590768958706095e+00 6.156820264096458e-04
7.350000000000000e-01 2.656442163668210e+00 6.383534362236563e-04
7.400000000000000e-01 2.723775731457148e+00 7.226526082487439e-04
7.450000000000000e-01 2.792811747744667e+00 8.778160064591793e-04
7.500000000000000e-01 2.863593362288260e+00 1.118168707970316e-03
7.550000000000000e-01 2.936164815901156e+00 1.464242706941471e-03
7.600000000000000e-01 3.010571468104263e+00 1.944063503151299e-03
7.650000000000000e-01 3.086859825477351e+00 2.594567146128044e-03
7.700000000000000e-01 3.165077570727174e+00 3.463057418324338e-03
7.750000000000000e-01 3.245273592490716e+00 4.608536777140767e-03
7.800000000000000e-01 3.327498015892184e+00 6.102642277538356e-03
7.850000000000000e-01 3.411802233872832e+00 8.029790346857803e-03
7.900000000000000e-01 3.498238939313234e+00 1.048599097956826e-02
7.950000000000000e-01 3.586862157968046e+00 1.357565366550438e-02
8.000000000000000e-01 3.677727282233856e+00 1.740561175632891e-02
8.050000000000000e-01 3.770891105771243e+00 2.207559638861483e-02
8.100000000000001e-01 3.866411859002656e+00 2.766457174052440e-02
8.150000000000001e-01 3.964349245508326e+00 3.421278648965912e-02
8.200000000000001e-01 4.064764479342956e+00 4.170017697105163e-02
8.250000000000001e-01 4.167720323296481e+00 5.002290365432745e-02
8.300000000000001e-01 4.273281128122877e+00 5.897124530530142e-02
8.350000000000000e-01 4.381512872761445e+00 6.821359542822855e-02
8.400000000000000e-01 4.492483205575838e+00 7.729249800207043e-02
8.450000000000000e-01 4.606261486636447e+00 8.563894741472818e-02
8.500000000000000e-01 4.722918831072739e+00 9.260991534230439e-02
8.550000000000000e-01 4.842528153522501e+00 9.755075473590227e-02
8.600000000000000e-01 4.965164213705875e+00 9.987872041499070e-02
8.650000000000000e-01 5.090903663152626e+00 9.917705727294396e-02
8.700000000000000e-01 5.219825093111814e+00 9.528259064037015e-02
8.750000000000000e-01 5.352009083673925e+00 8.834589996925116e-02
8.800000000000000e-01 5.487538254136007e+00 7.884442734181563e-02
8.850000000000000e-01 5.626497314641444e+00 6.753670992158257e-02
8.900000000000000e-01 5.768973119126561e+00 5.535962447997311e-02
8.950000000000000e-01 5.915054719607133e+00 4.328668344893612e-02
9.000000000000000e-01 6.064833421838831e+00 3.217854640298327e-02
9.050000000000000e-01 6.218402842386253e+00 2.266143768785435e-02
9.100000000000000e-01 6.375858967136348e+00 1.506210954420713e-02
9.150000000000000e-01 6.537300211292723e+00 9.410990856943045e-03
9.200000000000000e-01 6.702827480888332e+00 5.504405415840168e-03
9.250000000000000e-01 6.872544235855034e+00 3.000407973996157e-03
9.300000000000000e-01 7.046556554689444e+00 1.517063342260791e-03
9.350000000000001e-01 7.224973200755413e+00 7.079827442655659e-04
9.400000000000001e-01 7.407905690264673e+00 3.033586144653914e-04
9.450000000000001e-01 7.595468361978146e+00 1.186845872508184e-04
9.500000000000001e-01 7.787778448671316e+00 4.214924559113500e-05
9.550000000000001e-01 7.984956150408610e+00 1.350368005695417e-05
9.600000000000000e-01 8.187124709672272e+00 3.877387297827830e-06
9.650000000000000e-01 8.394410488393007e+00 9.909441546714157e-07
9.700000000000000e-01 8.606943046930221e+00 2.237753395584435e-07
9.750000000000000e-01 8.824855225051540e+00 4.430791187985228e-08
9.800000000000000e-01 9.048283224961922e+00 7.629969010847942e-09
9.850000000000000e-01 9.277366696434507e+00 1.132995907856251e-09
9.900000000000000e-01 9.512248824096272e+00 1.438958758786867e-10
9.950000000000000e-01 9.753076416923058e+00 1.942174599535859e-11
1.000000000000000e+00 1.000000000000000e+01 -1.568706838982793e-11
