0.000000000000000e+00 0.000000000000000e+00 -8.191977983309605e-05
5.000000000000000e-03 3.369477419287315e-03 -8.552044141682896e-05
1.000000000000000e-02 6.741060871647481e-03 -8.427772710057500e-05
1.500000000000000e-02 1.011685770649257e-02 -8.588872671814869e-05
2.000000000000000e-02 1.349897790673588e-02 -8.425012966902706e-05
2.500000000000000e-02 1.688953540759990e-02 -8.585181287451445e-05
3.000000000000000e-02 2.029064941789469e-02 -8.455994312763186e-05
3.500000000000000e-02 2.370444574459234e-02 -8.603106515822166e-05
4.000000000000000e-02 2.713305812152553e-02 -8.522491768113351e-05
4.500000000000000e-02 3.057862954304063e-02 -8.586200475790410e-05
5.000000000000000e-02 3.404331360343898e-02 -8.544369309929209e-05
5.500000000000000e-02 3.752927584304335e-02 -8.577555845989138e-05
6.000000000000000e-02 4.103869510173117e-02 -8.555013033169179e-05
6.500000000000000e-02 4.457376488078044e-02 -8.560906793523372e-05
7.000000000000001e-02 4.813669471387935e-02 -8.548450289796915e-05
7.500000000000000e-02 5.172971154815675e-02 -8.548531545945755e-05
8.000000000000000e-02 5.535506113609672e-02 -8.547780856609651e-05
8.500000000000001e-02 5.901500943920686e-02 -8.560163781110558e-05
9.000000000000000e-02 6.271184404431801e-02 -8.554682571954825e-05
9.500000000000000e-02 6.644787559340060e-02 -8.551691392154136e-05
1.000000000000000e-01 7.022543922779090e-02 -8.558036586425457e-05
1.050000000000000e-01 7.404689604773053e-02 -8.552551367446011e-05
1.100000000000000e-01 7.791463458813094e-02 -8.556405750396636e-05
1.150000000000000e-01 8.183107231148547e-02 -8.561601411051864e-05
1.200000000000000e-01 8.579865711886202e-02 -8.563287844505224e-05
1.250000000000000e-01 8.981986887992111e-02 -8.586198648456135e-05
1.300000000000000e-01 9.389722098291493e-02 -8.570128516303198e-05
1.350000000000000e-01 9.803326190563690e-02 -8.601109271751216e-05
1.400000000000000e-01 1.022305768083033e-01 -8.585092578667214e-05
1.450000000000000e-01 1.064917891493625e-01 -8.608479675293142e-05
1.500000000000000e-01 1.108195623252418e-01 -8.601035274353367e-05
1.550000000000000e-01 1.152166013350572e-01 -8.627562336694592e-05
1.600000000000000e-01 1.196856544713255e-01 -8.622085384365793e-05
1.650000000000000e-01 1.242295150377370e-01 -8.638890003719069e-05
1.700000000000000e-01 1.288510230950609e-01 -8.645316896602395e-05
1.750000000000000e-01 1.335530672362758e-01 -8.662528771414850e-05
1.800000000000000e-01 1.383385863920344e-01 -8.671125023188636e-05
1.850000000000000e-01 1.432105716675912e-01 -8.682521967925495e-05
1.900000000000000e-01 1.481720682123397e-01 -8.694986555498833e-05
1.950000000000000e-01 1.532261771231311e-01 -8.697659464120043e-05
2.000000000000000e-01 1.583760573825595e-01 -8.721656527789211e-05
2.050000000000000e-01 1.636249278334301e-01 -8.724917461037391e-05
2.100000000000000e-01 1.689760691906397e-01 -8.749251237189011e-05
2.150000000000000e-01 1.744328260917313e-01 -8.755481498832893e-05
2.200000000000000e-01 1.799986091874004e-01 -8.769695824220552e-05
2.250000000000000e-01 1.856768972732633e-01 -8.784619161656871e-05
2.300000000000000e-01 1.914712394642179e-01 -8.798089402654353e-05
2.350000000000000e-01 1.973852574127551e-01 -8.814415742025842e-05
2.400000000000000e-01 2.034226475726105e-01 -8.825953736130706e-05
2.450000000000000e-01 2.095871835091678e-01 -8.844552575908226e-05
2.500000000000000e-01 2.158827182580599e-01 -8.859288771854392e-05
2.550000000000000e-01 2.223131867334419e-01 -8.878091280559393e-05
2.600000000000000e-01 2.288826081874405e-01 -8.902507178125112e-05
2.650000000000000e-01 2.355950887223172e-01 -8.917874632348243e-05
2.700000000000000e-01 2.424548238569160e-01 -8.946305823823363e-05
2.750000000000000e-01 2.494661011489995e-01 -8.964158521820413e-05
2.800000000000000e-01 2.566333028751116e-01 -8.987775949723354e-05
2.850000000000000e-01 2.639609087696434e-01 -9.012952147694466e-05
2.900000000000000e-01 2.714534988248126e-01 -9.033939067233199e-05
2.950000000000000e-01 2.791157561533084e-01 -9.068951222492467e-05
3.000000000000000e-01 2.869524699153886e-01 -9.083385908037405e-05
3.050000000000000e-01 2.949685383122613e-01 -9.117151862940385e-05
3.100000000000000e-01 3.031689716476197e-01 -9.140441137998773e-05
3.150000000000000e-01 3.115588954592450e-01 -9.171331791187981e-05
3.200000000000000e-01 3.201435537226349e-01 -9.194914692208345e-05
3.250000000000000e-01 3.289283121286580e-01 -9.232099735651745e-05
3.300000000000000e-01 3.379186614372866e-01 -9.252335626451765e-05
3.350000000000000e-01 3.471202209094989e-01 -9.287143386691452e-05
3.400000000000000e-01 3.565387418195016e-01 -9.309201248204615e-05
3.450000000000000e-01 3.661801110494620e-01 -9.350606747367447e-05
3.500000000000000e-01 3.760503547690021e-01 -9.376843657841204e-05
3.550000000000000e-01 3.861556422017504e-01 -9.412611615540132e-05
3.600000000000000e-01 3.965022894813072e-01 -9.442330387326429e-05
3.650000000000000e-01 4.070967635990345e-01 -9.473538805934247e-05
3.700000000000000e-01 4.179456864461349e-01 -9.508014405274095e-05
3.750000000000000e-01 4.290558389525505e-01 -9.534679141559277e-05
3.800000000000000e-01 4.404341653252637e-01 -9.573610567508003e-05
3.850000000000000e-01 4.520877773886537e-01 -9.596717277997162e-05
3.900000000000000e-01 4.640239590296172e-01 -9.632816112344852e-05
3.950000000000000e-01 4.762501707502353e-01 -9.658528426763188e-05
4.000000000000000e-01 4.887740543308307e-01 -9.691035647585767e-05
4.050000000000000e-01 5.016034376063282e-01 -9.711292806355628e-05
4.100000000000000e-01 5.147463393589066e-01 -9.739569887982031e-05
4.150000000000000e-01 5.282109743299990e-01 -9.760268412055889e-05
4.200000000000000e-01 5.420057583547735e-01 -9.776890147653203e-05
4.250000000000000e-01 5.561393136223041e-01 -9.801647916196117e-05
4.300000000000000e-01 5.706204740647189e-01 -9.809336498734991e-05
4.350000000000000e-01 5.854582908786964e-01 -9.830408823546909e-05
4.400000000000000e-01 6.006620381827575e-01 -9.829366394331218e-05
4.450000000000000e-01 6.162412188138907e-01 -9.841579569637829e-05
4.500000000000000e-01 6.322055702671360e-01 -9.828629187601545e-05
4.550000000000000e-01 6.485650707818353e-01 -9.825143250988903e-05
4.600000000000000e-01 6.653299455783577e-01 -9.813594048983165e-05
4.650000000000000e-01 6.825106732491932e-01 -9.793337289586075e-05
4.700000000000000e-01 7.001179923084168e-01 -9.775263563650697e-05
4.750000000000000e-01 7.181629079036070e-01 -9.735207833826608e-05
4.800000000000000e-01 7.366566986944229e-01 -9.705567139181051e-05
4.850000000000000e-01 7.556109239021327e-01 -9.651439579650983e-05
4.900000000000000e-01 7.750374305345038e-01 -9.599115642737382e-05
4.950000000000000e-01 7.949483607905672e-01 -9.535632550199152e-05
5.000000000000000e-01 8.153561596498893e-01 -9.459138332909861e-05
5.050000000000000e-01 8.362735826510871e-01 -9.386525186694105e-05
5.100000000000000e-01 8.577137038644561e-01 -9.288085431204169e-05
5.150000000000000e-01 8.796899240636907e-01 -9.195565180463545e-05
5.200000000000000e-01 9.022159791018011e-01 -9.081143194448064e-05
5.250000000000000e-01 9.253059484964714e-01 -8.962666093098041e-05
5.300000000000000e-01 9.489742642302165e-01 -8.839386537202648e-05
5.350000000000000e-01 9.732357197708378e-01 -8.701245350728591e-05
5.400000000000000e-01 9.981054793178262e-01 -8.562019948836858e-05
5.450000000000000e-01 1.023599087280478e+00 -8.409385148672822e-05
5.500000000000000e-01 1.049732477993657e+00 -8.251512774741783e-05
5.550000000000000e-01 1.076521985677273e+00 -8.090135997340986e-05
5.600000000000001e-01 1.103984354645701e+00 -7.927727598305520e-05
5.650000000000001e-01 1.132136749773522e+00 -7.759516275133485e-05
5.700000000000001e-01 1.160996767224129e+00 -7.585901390860679e-05
5.750000000000001e-01 1.190582445447902e+00 -7.424365423497300e-05
5.800000000000000e-01 1.220912276456826e+00 -7.256196951939550e-05
5.850000000000000e-01 1.252005217382601e+00 -7.096298947490574e-05
5.900000000000000e-01 1.283880702325469e+00 -6.945237186147793e-05
5.950000000000000e-01 1.316558654501151e+00 -6.798854805252226e-05
6.000000000000000e-01 1.350059498693518e+00 -6.669025586805697e-05
6.050000000000000e-01 1.384404174020732e+00 -6.548476691706624e-05
6.100000000000000e-01 1.419614147022888e+00 -6.444014985483579e-05
6.150000000000000e-01 1.455711425079295e+00 -6.359311760307448e-05
6.200000000000000e-01 1.492718570163803e+00 -6.287145688600832e-05
6.250000000000000e-01 1.530658712946775e+00 -6.239303004883794e-05
6.300000000000000e-01 1.569555567252506e+00 -6.207330463862319e-05
6.350000000000000e-01 1.609433444881138e+00 -6.193502036821704e-05
6.400000000000000e-01 1.650317270804325e+00 -6.199193029101710e-05
6.450000000000000e-01 1.692232598744148e+00 -6.215577952596486e-05
6.500000000000000e-01 1.735205627145031e+00 -6.243490488534372e-05
6.550000000000000e-01 1.779263215548615e+00 -6.275360990712409e-05
6.600000000000000e-01 1.824432901381847e+00 -6.299277141489986e-05
6.650000000000000e-01 1.870742917168772e+00 -6.310409654813353e-05
6.700000000000000e-01 1.918222208176775e+00 -6.285488873019177e-05
6.750000000000000e-01 1.966900450508319e+00 -6.208436401368711e-05
6.800000000000000e-01 2.016808069649473e+00 -6.053114239282533e-05
6.850000000000001e-01 2.067976259486829e+00 -5.774448235927394e-05
6.900000000000001e-01 2.120437001804702e+00 -5.331009278750441e-05
6.950000000000001e-01 2.174223086274785e+00 -4.657456180028278e-05
7.000000000000001e-01 2.229368130950753e+00 -3.650241065311637e-05
7.050000000000000e-01 2.285906603280654e+00 -2.202885271497731e-05
7.100000000000000e-01 2.343873841650178e+00 -1.543565189284754e-06
7.150000000000000e-01 2.403306077470301e+00 2.736935233902930e-05
7.200000000000000e-01 2.464240457823092e+00 6.757933324840807e-05
7.250000000000000e-01 2.526715068679855e+00 1.229075921780880e-04
7.300000000000000e-01 2.590768958706095e+00 1.990261385614370e-04
7.350000000000000e-01 2.656442163668210e+00 3.032281093606041e-04
7.400000000000000e-01 2.723775731457148e+00 4.446489421321015e-04
7.450000000000000e-01 2.792811747744667e+00 6.357986387549844e-04
7.500000000000000e-01 2.863593362288260e+00 8.935975560305957e-04
7.550000000000000e-01 2.936164815901156e+00 1.239100806599428e-03
7.600000000000000e-01 3.010571468104263e+00 1.698337827755149e-03
7.650000000000000e-01 3.086859825477351e+00 2.304896528150918e-03
7.700000000000000e-01 3.165077570727174e+00 3.101429137559896e-03
7.750000000000000e-01 3.245273592490716e+00 4.138312603495174e-03
7.800000000000000e-01 3.327498015892184e+00 5.472592917337440e-03
7.850000000000000e-01 3.411802233872832e+00 7.169790820410081e-03
7.900000000000000e-01 3.498238939313234e+00 9.305492426996421e-03
7.950000000000000e-01 3.586862157968046e+00 1.196109268440967e-02
8.000000000000000e-01 3.677727282233856e+00 1.521396413280648e-02
8.050000000000000e-01 3.770891105771243e+00 1.912907159298872e-02
8.100000000000001e-01 3.866411859002656e+00 2.375878811309491e-02
8.150000000000001e-01 3.964349245508326e+00 2.914847030034515e-02
8.200000000000001e-01 4.064764479342956e+00 3.533567677061757e-02
8.250000000000001e-01 4.167720323296481e+00 4.233013362116247e-02
8.300000000000001e-01 4.273281128122877e+00 5.007312649255827e-02
8.350000000000000e-01 4.381512872761445e+00 5.838959013433456e-02
8.400000000000000e-01 4.492483205575838e+00 6.695237324340103e-02
8.450000000000000e-01 4.606261486636447e+00 7.527415537905853e-02
8.500000000000000e-01 4.722918831072739e+00 8.273545929776209e-02
8.550000000000000e-01 4.842528153522501e+00 8.865101612997678e-02
8.600000000000000e-01 4.965164213705875e+00 9.236847009891605e-02
8.650000000000000e-01 5.090903663152626e+00 9.338161571921030e-02
8.700000000000000e-01 5.219825093111814e+00 9.143126398960458e-02
8.750000000000000e-01 5.352009083673925e+00 8.656709911279939e-02
8.800000000000000e-01 5.487538254136007e+00 7.915430471089559e-02
8.850000000000000e-01 5.626497314641444e+00 6.982279289868680e-02
8.900000000000000e-01 5.768973119126561e+00 5.936980654904362e-02
8.950000000000000e-01 5.915054719607133e+00 4.863622059648696e-02
9.000000000000000e-01 6.064833421838831e+00 3.838274691623467e-02
9.050000000000000e-01 6.218402842386253e+00 2.919236233392553e-02
9.100000000000000e-01 6.375858967136348e+00 2.141809484056865e-02
9.150000000000000e-01 6.537300211292723e+00 1.518206595269777e-02
9.200000000000000e-01 6.702827480888332e+00 1.041716233147869e-02
9.250000000000000e-01 6.872544235855034e+00 6.932502485101692e-03
9.300000000000000e-01 7.046556554689444e+00 4.481399917111163e-03
9.350000000000001e-01 7.224973200755413e+00 2.815495573192916e-03
9.400000000000001e-01 7.407905690264673e+00 1.717728172659647e-03
9.450000000000001e-01 7.595468361978146e+00 1.015403752744210e-03
9.500000000000001e-01 7.787778448671316e+00 5.796443371009012e-04
9.550000000000001e-01 7.984956150408610e+00 3.183207149623672e-04
9.600000000000000e-01 8.187124709672272e+00 1.675490812592348e-04
9.650000000000000e-01 8.394410488393007e+00 8.431621038494181e-05
9.700000000000000e-01 8.606943046930221e+00 4.053189333481465e-05
9.750000000000000e-01 8.824855225051540e+00 1.906614417528193e-05
9.800000000000000e-01 9.048283224961922e+00 9.362286813042854e-06
9.850000000000000e-01 9.277366696434507e+00 9.089506324307533e-06
9.900000000000000e-01 9.512248824096272e+00 1.400926966749064e-05
9.950000000000000e-01 9.753076416923058e+00 5.629326000917774e-05
1.000000000000000e+00 1.000000000000000e+01 1.737380273554729e-02
