0.000000000000000e+00 0.000000000000000e+00 -2.457176437717328e-03
5.000000000000000e-03 3.369477419287315e-03 -2.460777103541367e-03
1.000000000000000e-02 6.741060871647481e-03 -2.461351406682714e-03
1.500000000000000e-02 1.011685770649257e-02 -2.462049151850523e-03
2.000000000000000e-02 1.349897790673588e-02 -2.463356951947667e-03
2.500000000000000e-02 1.688953540759990e-02 -2.463536563236468e-03
3.000000000000000e-02 2.029064941789469e-02 -2.465512523568894e-03
3.500000000000000e-02 2.370444574459234e-02 -2.466200633201081e-03
4.000000000000000e-02 2.713305812152553e-02 -2.468768967470686e-03
4.500000000000000e-02 3.057862954304063e-02 -2.469949597662616e-03
5.000000000000000e-02 3.404331360343898e-02 -2.472844027530388e-03
5.500000000000000e-02 3.752927584304335e-02 -2.474632473289408e-03
6.000000000000000e-02 4.103869510173117e-02 -2.477764110062397e-03
6.500000000000000e-02 4.457376488078044e-02 -2.480076205329373e-03
7.000000000000001e-02 4.813669471387935e-02 -2.483601822395087e-03
7.500000000000000e-02 5.172971154815675e-02 -2.486774979930905e-03
8.000000000000000e-02 5.535506113609672e-02 -2.490606290056441e-03
8.500000000000001e-02 5.901500943920686e-02 -2.494632382763582e-03
9.000000000000000e-02 6.271184404431801e-02 -2.498934689180996e-03
9.500000000000000e-02 6.644787559340060e-02 -2.503735556361871e-03
1.000000000000000e-01 7.022543922779090e-02 -2.508330161674797e-03
1.050000000000000e-01 7.404689604773053e-02 -2.513920701132974e-03
1.100000000000000e-01 7.791463458813094e-02 -2.519194219098138e-03
1.150000000000000e-01 8.183107231148547e-02 -2.525625020192591e-03
1.200000000000000e-01 8.579865711886202e-02 -2.531600401405309e-03
1.250000000000000e-01 8.981986887992111e-02 -2.538770256945700e-03
1.300000000000000e-01 9.389722098291493e-02 -2.545684543128154e-03
1.350000000000000e-01 9.803326190563690e-02 -2.553661399993621e-03
1.400000000000000e-01 1.022305768083033e-01 -2.561460697508212e-03
1.450000000000000e-01 1.064917891493625e-01 -2.570329067029800e-03
1.500000000000000e-01 1.108195623252418e-01 -2.579200963701232e-03
1.550000000000000e-01 1.152166013350572e-01 -2.588953683471337e-03
1.600000000000000e-01 1.196856544713255e-01 -2.599073806332544e-03
1.650000000000000e-01 1.242295150377370e-01 -2.609830873932438e-03
1.700000000000000e-01 1.288510230950609e-01 -2.621243980259295e-03
1.750000000000000e-01 1.335530672362758e-01 -2.633195350176383e-03
1.800000000000000e-01 1.383385863920344e-01 -2.645977961508833e-03
1.850000000000000e-01 1.432105716675912e-01 -2.659258138653503e-03
1.900000000000000e-01 1.481720682123397e-01 -2.673547673621028e-03
1.950000000000000e-01 1.532261771231311e-01 -2.688295913846435e-03
2.000000000000000e-01 1.583760573825595e-01 -2.704220426589156e-03
2.050000000000000e-01 1.636249278334301e-01 -2.720660957512128e-03
2.100000000000000e-01 1.689760691906397e-01 -2.738363185667682e-03
2.150000000000000e-01 1.744328260917313e-01 -2.756847418352235e-03
2.200000000000000e-01 1.799986091874004e-01 -2.776311430583996e-03
2.250000000000000e-01 1.856768972732633e-01 -2.797004984439716e-03
2.300000000000000e-01 1.914712394642179e-01 -2.818630818042421e-03
2.350000000000000e-01 1.973852574127551e-01 -2.841676893078604e-03
2.400000000000000e-01 2.034226475726105e-01 -2.865667172575304e-03
2.450000000000000e-01 2.095871835091678e-01 -2.891343673412752e-03
2.500000000000000e-01 2.158827182580599e-01 -2.918080209527243e-03
2.550000000000000e-01 2.223131867334419e-01 -2.946645895421262e-03
2.600000000000000e-01 2.288826081874405e-01 -2.976519375561391e-03
2.650000000000000e-01 2.355950887223172e-01 -3.008211161206634e-03
2.700000000000000e-01 2.424548238569160e-01 -3.041581869579791e-03
2.750000000000000e-01 2.494661011489995e-01 -3.076784679779148e-03
2.800000000000000e-01 2.566333028751116e-01 -3.114002972733376e-03
2.850000000000000e-01 2.639609087696434e-01 -3.153153313923209e-03
2.900000000000000e-01 2.714534988248126e-01 -3.194723202764759e-03
2.950000000000000e-01 2.791157561533084e-01 -3.238442330366344e-03
3.000000000000000e-01 2.869524699153886e-01 -3.284735592515105e-03
3.050000000000000e-01 2.949685383122613e-01 -3.333562715680556e-03
3.100000000000000e-01 3.031689716476197e-01 -3.385146513311081e-03
3.150000000000000e-01 3.115588954592450e-01 -3.439750586300137e-03
3.200000000000000e-01 3.201435537226349e-01 -3.497282959901123e-03
3.250000000000000e-01 3.289283121286580e-01 -3.558299250067412e-03
3.300000000000000e-01 3.379186614372866e-01 -3.622654322925030e-03
3.350000000000000e-01 3.471202209094989e-01 -3.690850551596541e-03
3.400000000000000e-01 3.565387418195016e-01 -3.762914969055418e-03
3.450000000000000e-01 3.661801110494620e-01 -3.839175902558630e-03
3.500000000000000e-01 3.760503547690021e-01 -3.919865554893995e-03
3.550000000000000e-01 3.861556422017504e-01 -4.005268816791058e-03
3.600000000000000e-01 3.965022894813072e-01 -4.095700554461793e-03
3.650000000000000e-01 4.070967635990345e-01 -4.191476287712187e-03
3.700000000000000e-01 4.179456864461349e-01 -4.292925755658700e-03
3.750000000000000e-01 4.290558389525505e-01 -4.400379481267746e-03
3.800000000000000e-01 4.404341653252637e-01 -4.514270305416119e-03
3.850000000000000e-01 4.520877773886537e-01 -4.634975333307765e-03
3.900000000000000e-01 4.640239590296172e-01 -4.762965901443776e-03
3.950000000000000e-01 4.762501707502353e-01 -4.898762781767958e-03
4.000000000000000e-01 4.887740543308307e-01 -5.042619742951278e-03
4.050000000000000e-01 5.016034376063282e-01 -5.195396955785858e-03
4.100000000000000e-01 5.147463393589066e-01 -5.357481370476623e-03
4.150000000000000e-01 5.282109743299990e-01 -5.529474416467183e-03
4.200000000000000e-01 5.420057583547735e-01 -5.712084073170436e-03
4.250000000000000e-01 5.561393136223041e-01 -5.905927492897816e-03
4.300000000000000e-01 5.706204740647189e-01 -6.111796623651938e-03
4.350000000000000e-01 5.854582908786964e-01 -6.330409583630090e-03
4.400000000000000e-01 6.006620381827575e-01 -6.562559834318870e-03
4.450000000000000e-01 6.162412188138907e-01 -6.809203649737852e-03
4.500000000000000e-01 6.322055702671360e-01 -7.071085569172460e-03
4.550000000000000e-01 6.485650707818353e-01 -7.349304906289127e-03
4.600000000000000e-01 6.653299455783577e-01 -7.644753469301644e-03
4.650000000000000e-01 6.825106732491932e-01 -7.958474476837354e-03
4.700000000000000e-01 7.001179923084168e-01 -8.291592561367455e-03
4.750000000000000e-01 7.181629079036070e-01 -8.645133766497783e-03
4.800000000000000e-01 7.366566986944229e-01 -9.020259655350769e-03
4.850000000000000e-01 7.556109239021327e-01 -9.418161637264421e-03
4.900000000000000e-01 7.750374305345038e-01 -9.839878395367806e-03
4.950000000000000e-01 7.949483607905672e-01 -1.028668430676970e-02
5.000000000000000e-01 8.153561596498893e-01 -1.075961987954264e-02
5.050000000000000e-01 8.362735826510871e-01 -1.125975361357326e-02
5.100000000000000e-01 8.577137038644561e-01 -1.178814348591171e-02
5.150000000000000e-01 8.796899240636907e-01 -1.234562364908159e-02
5.200000000000000e-01 9.022159791018011e-01 -1.293292026224574e-02
5.250000000000000e-01 9.253059484964714e-01 -1.355066646167051e-02
5.300000000000000e-01 9.489742642302165e-01 -1.419905350238090e-02
5.350000000000000e-01 9.732357197708378e-01 -1.487811368786767e-02
5.400000000000000e-01 9.981054793178262e-01 -1.558747197698003e-02
5.450000000000000e-01 1.023599087280478e+00 -1.632618643915074e-02
5.500000000000000e-01 1.049732477993657e+00 -1.709282741750099e-02
5.550000000000000e-01 1.076521985677273e+00 -1.788533276361717e-02
5.600000000000001e-01 1.103984354645701e+00 -1.870070645805361e-02
5.650000000000001e-01 1.132136749773522e+00 -1.953515343651262e-02
5.700000000000001e-01 1.160996767224129e+00 -2.038385171719500e-02
5.750000000000001e-01 1.190582445447902e+00 -2.124070292553428e-02
5.800000000000000e-01 1.220912276456826e+00 -2.209835650408783e-02
5.850000000000000e-01 1.252005217382601e+00 -2.294813340572246e-02
5.900000000000000e-01 1.283880702325469e+00 -2.377976458787327e-02
5.950000000000000e-01 1.316558654501151e+00 -2.458144842948892e-02
6.000000000000000e-01 1.350059498693518e+00 -2.533997396915598e-02
6.050000000000000e-01 1.384404174020732e+00 -2.604067811463956e-02
6.100000000000000e-01 1.419614147022888e+00 -2.666762308089436e-02
6.150000000000000e-01 1.455711425079295e+00 -2.720403638864054e-02
6.200000000000000e-01 1.492718570163803e+00 -2.763272287298078e-02
6.250000000000000e-01 1.530658712946775e+00 -2.793647583503998e-02
6.300000000000000e-01 1.569555567252506e+00 -2.809875243288832e-02
6.350000000000000e-01 1.609433444881138e+00 -2.810444308158381e-02
6.400000000000000e-01 1.650317270804325e+00 -2.794048466346556e-02
6.450000000000000e-01 1.692232598744148e+00 -2.759639645825534e-02
6.500000000000000e-01 1.735205627145031e+00 -2.706481445785006e-02
6.550000000000000e-01 1.779263215548615e+00 -2.634194116341849e-02
6.600000000000000e-01 1.824432901381847e+00 -2.542767913600775e-02
6.650000000000000e-01 1.870742917168772e+00 -2.432558142253974e-02
6.700000000000000e-01 1.918222208176775e+00 -2.304264878058180e-02
6.750000000000000e-01 1.966900450508319e+00 -2.158910554703104e-02
6.800000000000000e-01 2.016808069649473e+00 -1.997798637620517e-02
6.850000000000001e-01 2.067976259486829e+00 -1.822468642648572e-02
6.900000000000001e-01 2.120437001804702e+00 -1.634640106995295e-02
6.950000000000001e-01 2.174223086274785e+00 -1.436168919308417e-02
7.000000000000001e-01 2.229368130950753e+00 -1.229003955450665e-02
7.050000000000000e-01 2.285906603280654e+00 -1.015158643891411e-02
7.100000000000000e-01 2.343873841650178e+00 -7.966764401816637e-03
7.150000000000000e-01 2.403306077470301e+00 -5.756119496224310e-03
7.200000000000000e-01 2.464240457823092e+00 -3.540026858549540e-03
7.250000000000000e-01 2.526715068679855e+00 -1.338521356161462e-03
7.300000000000000e-01 2.590768958706095e+00 8.289933137050546e-04
7.350000000000000e-01 2.656442163668210e+00 2.944075182941668e-03
7.400000000000000e-01 2.723775731457148e+00 4.989795275635370e-03
7.450000000000000e-01 2.792811747744667e+00 6.951560088869837e-03
7.500000000000000e-01 2.863593362288260e+00 8.818376355737463e-03
7.550000000000000e-01 2.936164815901156e+00 1.058468830831116e-02
7.600000000000000e-01 3.010571468104263e+00 1.225290527500961e-02
7.650000000000000e-01 3.086859825477351e+00 1.383661355580542e-02
7.700000000000000e-01 3.165077570727174e+00 1.536428284887356e-02
7.750000000000000e-01 3.245273592490716e+00 1.688304111149446e-02
7.800000000000000e-01 3.327498015892184e+00 1.846186874106840e-02
7.850000000000000e-01 3.411802233872832e+00 2.019340396722002e-02
7.900000000000000e-01 3.498238939313234e+00 2.219348519873356e-02
7.950000000000000e-01 3.586862157968046e+00 2.459757603838045e-02
8.000000000000000e-01 3.677727282233856e+00 2.755330536318532e-02
8.050000000000000e-01 3.770891105771243e+00 3.120851065603603e-02
8.100000000000001e-01 3.866411859002656e+00 3.569444843235112e-02
8.150000000000001e-01 3.964349245508326e+00 4.110432632433617e-02
8.200000000000001e-01 4.064764479342956e+00 4.746811768536961e-02
8.250000000000001e-01 4.167720323296481e+00 5.472578523487922e-02
8.300000000000001e-01 4.273281128122877e+00 6.270248796102770e-02
8.350000000000000e-01 4.381512872761445e+00 7.109082942295079e-02
8.400000000000000e-01 4.492483205575838e+00 7.944629687852270e-02
8.450000000000000e-01 4.606261486636447e+00 8.720216347447307e-02
8.500000000000000e-01 4.722918831072739e+00 9.370866716392169e-02
8.550000000000000e-01 4.842528153522501e+00 9.829779284244171e-02
8.600000000000000e-01 4.965164213705875e+00 1.003694716601234e-01
8.650000000000000e-01 5.090903663152626e+00 9.948822076565880e-02
8.700000000000000e-01 5.219825093111814e+00 9.547282093859992e-02
8.750000000000000e-01 5.352009083673925e+00 8.845792458309265e-02
8.800000000000000e-01 5.487538254136007e+00 7.890791561104431e-02
8.850000000000000e-01 5.626497314641444e+00 6.757130773650419e-02
8.900000000000000e-01 5.768973119126561e+00 5.537773928311213e-02
8.950000000000000e-01 5.915054719607133e+00 4.329578947333308e-02
9.000000000000000e-01 6.064833421838831e+00 3.218293818198229e-02
9.050000000000000e-01 6.218402842386253e+00 2.266346864305441e-02
9.100000000000000e-01 6.375858967136348e+00 1.506300959097199e-02
9.150000000000000e-01 6.537300211292723e+00 9.411372903712526e-03
9.200000000000000e-01 6.702827480888332e+00 5.504560676572749e-03
9.250000000000000e-01 6.872544235855034e+00 3.000468361241113e-03
9.300000000000000e-01 7.046556554689444e+00 1.517085816020278e-03
9.350000000000001e-01 7.224973200755413e+00 7.079907499300637e-04
9.400000000000001e-01 7.407905690264673e+00 3.033613503359194e-04
9.450000000000001e-01 7.595468361978146e+00 1.186854912162434e-04
9.500000000000001e-01 7.787778448671316e+00 4.214954372919891e-05
9.550000000000001e-01 7.984956150408610e+00 1.350378475941483e-05
9.600000000000000e-01 8.187124709672272e+00 3.877431430746746e-06
9.650000000000000e-01 8.394410488393007e+00 9.909699700557873e-07
9.700000000000000e-01 8.606943046930221e+00 2.237934567207418e-07
9.750000000000000e-01 8.824855225051540e+00 4.432594667856243e-08
9.800000000000000e-01 9.048283224961922e+00 7.651779200085534e-09
9.850000000000000e-01 9.277366696434507e+00 1.152627705857747e-09
9.900000000000000e-01 9.512248824096272e+00 1.583645991993727e-10
9.950000000000000e-01 9.753076416923058e+00 3.450691714404285e-11
1.000000000000000e+00 1.000000000000000e+01 2.005831571161214e-10
