0.000000000000000e+00 0.000000000000000e+00 -9.065380261172799e-05
5.000000000000000e-03 3.369477419287315e-03 -9.425446419578254e-05
1.000000000000000e-02 6.741060871647481e-03 -9.365298009136307e-05
1.500000000000000e-02 1.011685770649257e-02 -9.294758326569348e-05
2.000000000000000e-02 1.349897790673588e-02 -9.403110686084119e-05
2.500000000000000e-02 1.688953540759990e-02 -9.325826297799712e-05
3.000000000000000e-02 2.029064941789469e-02 -9.382926843368209e-05
3.500000000000000e-02 2.370444574459234e-02 -9.308211370886661e-05
4.000000000000000e-02 2.713305812152553e-02 -9.349186907163852e-05
4.500000000000000e-02 3.057862954304063e-02 -9.304842914715085e-05
5.000000000000000e-02 3.404331360343898e-02 -9.348433664527705e-05
5.500000000000000e-02 3.752927584304335e-02 -9.307913664246768e-05
6.000000000000000e-02 4.103869510173117e-02 -9.342816048510258e-05
6.500000000000000e-02 4.457376488078044e-02 -9.285230719493411e-05
7.000000000000001e-02 4.813669471387935e-02 -9.350060295162400e-05
7.500000000000000e-02 5.172971154815675e-02 -9.305235656727980e-05
8.000000000000000e-02 5.535506113609672e-02 -9.342723259539409e-05
8.500000000000001e-02 5.901500943920686e-02 -9.308840993736449e-05
9.000000000000000e-02 6.271184404431801e-02 -9.349846785853055e-05
9.500000000000000e-02 6.644787559340060e-02 -9.297543456545159e-05
1.000000000000000e-01 7.022543922779090e-02 -9.342968822614987e-05
1.050000000000000e-01 7.404689604773053e-02 -9.300064741387739e-05
1.100000000000000e-01 7.791463458813094e-02 -9.346347822972517e-05
1.150000000000000e-01 8.183107231148547e-02 -9.313509979708354e-05
1.200000000000000e-01 8.579865711886202e-02 -9.357431963118153e-05
1.250000000000000e-01 8.981986887992111e-02 -9.329370500110112e-05
1.300000000000000e-01 9.389722098291493e-02 -9.366102175013960e-05
1.350000000000000e-01 9.803326190563690e-02 -9.352286221941490e-05
1.400000000000000e-01 1.022305768083033e-01 -9.374641361003310e-05
1.450000000000000e-01 1.064917891493625e-01 -9.373390371041435e-05
1.500000000000000e-01 1.108195623252418e-01 -9.391856489137930e-05
1.550000000000000e-01 1.152166013350572e-01 -9.396111449777574e-05
1.600000000000000e-01 1.196856544713255e-01 -9.402984608485450e-05
1.650000000000000e-01 1.242295150377370e-01 -9.412242945813741e-05
1.700000000000000e-01 1.288510230950609e-01 -9.423504380181654e-05
1.750000000000000e-01 1.335530672362758e-01 -9.435547057320769e-05
1.800000000000000e-01 1.383385863920344e-01 -9.443911478081413e-05
1.850000000000000e-01 1.432105716675912e-01 -9.457688664711398e-05
1.900000000000000e-01 1.481720682123397e-01 -9.463865613520427e-05
1.950000000000000e-01 1.532261771231311e-01 -9.491014214982960e-05
2.000000000000000e-01 1.583760573825595e-01 -9.485311607004062e-05
2.050000000000000e-01 1.636249278334301e-01 -9.516670670202955e-05
2.100000000000000e-01 1.689760691906397e-01 -9.510859452068213e-05
2.150000000000000e-01 1.744328260917313e-01 -9.543126557839581e-05
2.200000000000000e-01 1.799986091874004e-01 -9.533679156972749e-05
2.250000000000000e-01 1.856768972732633e-01 -9.564285936544045e-05
2.300000000000000e-01 1.914712394642179e-01 -9.557752745790130e-05
2.350000000000000e-01 1.973852574127551e-01 -9.593607172367840e-05
2.400000000000000e-01 2.034226475726105e-01 -9.593387799677121e-05
2.450000000000000e-01 2.095871835091678e-01 -9.621437522982098e-05
2.500000000000000e-01 2.158827182580599e-01 -9.626749995515779e-05
2.550000000000000e-01 2.223131867334419e-01 -9.658308911128429e-05
2.600000000000000e-01 2.288826081874405e-01 -9.668563425195974e-05
2.650000000000000e-01 2.355950887223172e-01 -9.696481373717184e-05
2.700000000000000e-01 2.424548238569160e-01 -9.714850721205603e-05
2.750000000000000e-01 2.494661011489995e-01 -9.744822120185309e-05
2.800000000000000e-01 2.566333028751116e-01 -9.761273129378169e-05
2.850000000000000e-01 2.639609087696434e-01 -9.789682650211725e-05
2.900000000000000e-01 2.714534988248126e-01 -9.815766422346773e-05
2.950000000000000e-01 2.791157561533084e-01 -9.842640756233585e-05
3.000000000000000e-01 2.869524699153886e-01 -9.867143145702803e-05
3.050000000000000e-01 2.949685383122613e-01 -9.890065919789486e-05
3.100000000000000e-01 3.031689716476197e-01 -9.920552928417974e-05
3.150000000000000e-01 3.115588954592450e-01 -9.936613492842493e-05
3.200000000000000e-01 3.201435537226349e-01 -9.972380131865858e-05
3.250000000000000e-01 3.289283121286580e-01 -9.998066173168923e-05
3.300000000000000e-01 3.379186614372866e-01 -1.003004129259839e-04
3.350000000000000e-01 3.471202209094989e-01 -1.005899906396346e-04
3.400000000000000e-01 3.565387418195016e-01 -1.008879943393645e-04
3.450000000000000e-01 3.661801110494620e-01 -1.012105161882593e-04
3.500000000000000e-01 3.760503547690021e-01 -1.015693945944685e-04
3.550000000000000e-01 3.861556422017504e-01 -1.018663107916589e-04
3.600000000000000e-01 3.965022894813072e-01 -1.022336381580940e-04
3.650000000000000e-01 4.070967635990345e-01 -1.025667807622225e-04
3.700000000000000e-01 4.179456864461349e-01 -1.028115110195589e-04
3.750000000000000e-01 4.290558389525505e-01 -1.031607199301411e-04
3.800000000000000e-01 4.404341653252637e-01 -1.034602730730387e-04
3.850000000000000e-01 4.520877773886537e-01 -1.037669289160399e-04
3.900000000000000e-01 4.640239590296172e-01 -1.040493185397462e-04
3.950000000000000e-01 4.762501707502353e-01 -1.043585741467716e-04
4.000000000000000e-01 4.887740543308307e-01 -1.046365411499469e-04
4.050000000000000e-01 5.016034376063282e-01 -1.049431192304030e-04
4.100000000000000e-01 5.147463393589066e-01 -1.051626361684431e-04
4.150000000000000e-01 5.282109743299990e-01 -1.054118468219755e-04
4.200000000000000e-01 5.420057583547735e-01 -1.055960812292004e-04
4.250000000000000e-01 5.561393136223041e-01 -1.057973865608420e-04
4.300000000000000e-01 5.706204740647189e-01 -1.058978427333830e-04
4.350000000000000e-01 5.854582908786964e-01 -1.060798593873275e-04
4.400000000000000e-01 6.006620381827575e-01 -1.061068295130161e-04
4.450000000000000e-01 6.162412188138907e-01 -1.061295393221506e-04
4.500000000000000e-01 6.322055702671360e-01 -1.061215425098620e-04
4.550000000000000e-01 6.485650707818353e-01 -1.060668454113963e-04
4.600000000000000e-01 6.653299455783577e-01 -1.059937025341087e-04
4.650000000000000e-01 6.825106732491932e-01 -1.057547052395490e-04
4.700000000000000e-01 7.001179923084168e-01 -1.055582329455181e-04
4.750000000000000e-01 7.181629079036070e-01 -1.051919538420833e-04
4.800000000000000e-01 7.366566986944229e-01 -1.048300240992865e-04
4.850000000000000e-01 7.556109239021327e-01 -1.043744967313039e-04
4.900000000000000e-01 7.750374305345038e-01 -1.038007557692473e-04
4.950000000000000e-01 7.949483607905672e-01 -1.032501364343283e-04
5.000000000000000e-01 8.153561596498893e-01 -1.024427245728240e-04
5.050000000000000e-01 8.362735826510871e-01 -1.017045893703473e-04
5.100000000000000e-01 8.577137038644561e-01 -1.007464548373596e-04
5.150000000000000e-01 8.796899240636907e-01 -9.975864090675967e-05
5.200000000000000e-01 9.022159791018011e-01 -9.873065172814934e-05
5.250000000000000e-01 9.253059484964714e-01 -9.749935619257779e-05
5.300000000000000e-01 9.489742642302165e-01 -9.629083625108390e-05
5.350000000000000e-01 9.732357197708378e-01 -9.490169182592254e-05
5.400000000000000e-01 9.981054793178262e-01 -9.346770030637496e-05
5.450000000000000e-01 1.023599087280478e+00 -9.201765690463061e-05
5.500000000000000e-01 1.049732477993657e+00 -9.043558050958654e-05
5.550000000000000e-01 1.076521985677273e+00 -8.883116093281250e-05
5.600000000000001e-01 1.103984354645701e+00 -8.715814805767382e-05
5.650000000000001e-01 1.132136749773522e+00 -8.553498949829616e-05
5.700000000000001e-01 1.160996767224129e+00 -8.382457035708307e-05
5.750000000000001e-01 1.190582445447902e+00 -8.214491769332960e-05
5.800000000000000e-01 1.220912276456826e+00 -8.053665970850060e-05
5.850000000000000e-01 1.252005217382601e+00 -7.891096846428045e-05
5.900000000000000e-01 1.283880702325469e+00 -7.741031916207954e-05
5.950000000000000e-01 1.316558654501151e+00 -7.597863239498096e-05
6.000000000000000e-01 1.350059498693518e+00 -7.464091318644335e-05
6.050000000000000e-01 1.384404174020732e+00 -7.349131184993015e-05
6.100000000000000e-01 1.419614147022888e+00 -7.242537174554957e-05
6.150000000000000e-01 1.455711425079295e+00 -7.157759667533957e-05
6.200000000000000e-01 1.492718570163803e+00 -7.090052558819073e-05
6.250000000000000e-01 1.530658712946775e+00 -7.038292836472718e-05
6.300000000000000e-01 1.569555567252506e+00 -7.010308315879394e-05
6.350000000000000e-01 1.609433444881138e+00 -6.997731232155073e-05
6.400000000000000e-01 1.650317270804325e+00 -7.001807189370469e-05
6.450000000000000e-01 1.692232598744148e+00 -7.024132557050199e-05
6.500000000000000e-01 1.735205627145031e+00 -7.052136130274424e-05
6.550000000000000e-01 1.779263215548615e+00 -7.087810602020899e-05
6.600000000000000e-01 1.824432901381847e+00 -7.120138923054315e-05
6.650000000000000e-01 1.870742917168772e+00 -7.136318485665262e-05
6.700000000000000e-01 1.918222208176775e+00 -7.126686814005639e-05
6.750000000000000e-01 1.966900450508319e+00 -7.068600583203084e-05
6.800000000000000e-01 2.016808069649473e+00 -6.937351737968509e-05
6.850000000000001e-01 2.067976259486829e+00 -6.704476537833472e-05
6.900000000000001e-01 2.120437001804702e+00 -6.318118167356445e-05
6.950000000000001e-01 2.174223086274785e+00 -5.726528353023769e-05
7.000000000000001e-01 2.229368130950753e+00 -4.854471293647904e-05
7.050000000000000e-01 2.285906603280654e+00 -3.586843638650703e-05
7.100000000000000e-01 2.343873841650178e+00 -1.791175812013133e-05
7.150000000000000e-01 2.403306077470301e+00 7.077312020845895e-06
7.200000000000000e-01 2.464240457823092e+00 4.179236980574611e-05
7.250000000000000e-01 2.526715068679855e+00 8.958682882640775e-05
7.300000000000000e-01 2.590768958706095e+00 1.546376800118581e-04
7.350000000000000e-01 2.656442163668210e+00 2.428941628534058e-04
7.400000000000000e-01 2.723775731457148e+00 3.624690040373164e-04
7.450000000000000e-01 2.792811747744667e+00 5.233339831888804e-04
7.500000000000000e-01 2.863593362288260e+00 7.381460122073984e-04
7.550000000000000e-01 2.936164815901156e+00 1.023988273573193e-03
7.600000000000000e-01 3.010571468104263e+00 1.403167202190815e-03
7.650000000000000e-01 3.086859825477351e+00 1.902683599812867e-03
7.700000000000000e-01 3.165077570727174e+00 2.554877089074577e-03
7.750000000000000e-01 3.245273592490716e+00 3.400395469127952e-03
7.800000000000000e-01 3.327498015892184e+00 4.491089509826210e-03
7.850000000000000e-01 3.411802233872832e+00 5.889582048879956e-03
7.900000000000000e-01 3.498238939313234e+00 7.666901491886443e-03
7.950000000000000e-01 3.586862157968046e+00 9.903207641844469e-03
8.000000000000000e-01 3.677727282233856e+00 1.269464163642312e-02
8.050000000000000e-01 3.770891105771243e+00 1.616193173300411e-02
8.100000000000001e-01 3.866411859002656e+00 2.045046112537173e-02
8.150000000000001e-01 3.964349245508326e+00 2.571179176290644e-02
8.200000000000001e-01 4.064764479342956e+00 3.206469683443519e-02
8.250000000000001e-01 4.167720323296481e+00 3.954426119585771e-02
8.300000000000001e-01 4.273281128122877e+00 4.805335638414868e-02
8.350000000000000e-01 4.381512872761445e+00 5.732912229084854e-02
8.400000000000000e-01 4.492483205575838e+00 6.693250694424548e-02
8.450000000000000e-01 4.606261486636447e+00 7.626607806409612e-02
8.500000000000000e-01 4.722918831072739e+00 8.462311921369221e-02
8.550000000000000e-01 4.842528153522501e+00 9.126555897281464e-02
8.600000000000000e-01 4.965164213705875e+00 9.552036962131165e-02
8.650000000000000e-01 5.090903663152626e+00 9.687805440878014e-02
8.700000000000000e-01 5.219825093111814e+00 9.507625919543936e-02
8.750000000000000e-01 5.352009083673925e+00 9.015393766269557e-02
8.800000000000000e-01 5.487538254136007e+00 8.246475778923754e-02
8.850000000000000e-01 5.626497314641444e+00 7.264238170555795e-02
8.900000000000000e-01 5.768973119126561e+00 6.151777012570293e-02
8.950000000000000e-01 5.915054719607133e+00 4.999992428312942e-02
9.000000000000000e-01 6.064833421838831e+00 3.894304527931106e-02
9.050000000000000e-01 6.218402842386253e+00 2.902929882878394e-02
9.100000000000000e-01 6.375858967136348e+00 2.069341405076961e-02
9.150000000000000e-01 6.537300211292723e+00 1.410341066109836e-02
9.200000000000000e-01 6.702827480888332e+00 9.195126814984706e-03
9.250000000000000e-01 6.872544235855034e+00 5.743329923022279e-03
9.300000000000000e-01 7.046556554689444e+00 3.444659579821668e-03
9.350000000000001e-01 7.224973200755413e+00 1.989612985238016e-03
9.400000000000001e-01 7.407905690264673e+00 1.109982794909603e-03
9.450000000000001e-01 7.595468361978146e+00 5.994742380909278e-04
9.500000000000001e-01 7.787778448671316e+00 3.136889753918106e-04
9.550000000000001e-01 7.984956150408610e+00 1.588916128552331e-04
9.600000000000000e-01 8.187124709672272e+00 7.771294880657040e-05
9.650000000000000e-01 8.394410488393007e+00 3.656409473806176e-05
9.700000000000000e-01 8.606943046930221e+00 1.647692722548021e-05
9.750000000000000e-01 8.824855225051540e+00 6.977229662531628e-06
9.800000000000000e-01 9.048283224961922e+00 2.616047297982411e-06
9.850000000000000e-01 9.277366696434507e+00 -1.936424053244295e-07
9.900000000000000e-01 9.512248824096272e+00 -2.528492668225157e-06
9.950000000000000e-01 9.753076416923058e+00 -1.279252863825793e-05
1.000000000000000e+00 1.000000000000000e+01 -4.020296185019021e-03
