0.000000000000000e+00 0.000000000000000e+00 -1.031423635334783e-04
5.000000000000000e-03 3.369477419287315e-03 -1.067430251180351e-04
1.000000000000000e-02 6.741060871647481e-03 -1.081048768359987e-04
1.500000000000000e-02 1.011685770649257e-02 -1.076269409505660e-04
2.000000000000000e-02 1.349897790673588e-02 -1.085072355685362e-04
2.500000000000000e-02 1.688953540759990e-02 -1.076442756726945e-04
3.000000000000000e-02 2.029064941789469e-02 -1.086800092162180e-04
3.500000000000000e-02 2.370444574459234e-02 -1.082546413472612e-04
4.000000000000000e-02 2.713305812152553e-02 -1.089082489743805e-04
4.500000000000000e-02 3.057862954304063e-02 -1.083996395074590e-04
5.000000000000000e-02 3.404331360343898e-02 -1.088887943848505e-04
5.500000000000000e-02 3.752927584304335e-02 -1.083240359772549e-04
6.000000000000000e-02 4.103869510173117e-02 -1.090936650817165e-04
6.500000000000000e-02 4.457376488078044e-02 -1.082598772544628e-04
7.000000000000001e-02 4.813669471387935e-02 -1.093294400125180e-04
7.500000000000000e-02 5.172971154815675e-02 -1.083613393579657e-04
8.000000000000000e-02 5.535506113609672e-02 -1.096135790611637e-04
8.500000000000001e-02 5.901500943920686e-02 -1.086850637710628e-04
9.000000000000000e-02 6.271184404431801e-02 -1.096001023188968e-04
9.500000000000000e-02 6.644787559340060e-02 -1.088663582062807e-04
1.000000000000000e-01 7.022543922779090e-02 -1.096936827641182e-04
1.050000000000000e-01 7.404689604773053e-02 -1.090883615236092e-04
1.100000000000000e-01 7.791463458813094e-02 -1.096983764034114e-04
1.150000000000000e-01 8.183107231148547e-02 -1.093747734805900e-04
1.200000000000000e-01 8.579865711886202e-02 -1.097089212142607e-04
1.250000000000000e-01 8.981986887992111e-02 -1.095290353950650e-04
1.300000000000000e-01 9.389722098291493e-02 -1.097063789154636e-04
1.350000000000000e-01 9.803326190563690e-02 -1.097155493420351e-04
1.400000000000000e-01 1.022305768083033e-01 -1.097757571987669e-04
1.450000000000000e-01 1.064917891493625e-01 -1.097968011592135e-04
1.500000000000000e-01 1.108195623252418e-01 -1.098442741639054e-04
1.550000000000000e-01 1.152166013350572e-01 -1.099462375729520e-04
1.600000000000000e-01 1.196856544713255e-01 -1.099777772209409e-04
1.650000000000000e-01 1.242295150377370e-01 -1.100722356744060e-04
1.700000000000000e-01 1.288510230950609e-01 -1.100888983021096e-04
1.750000000000000e-01 1.335530672362758e-01 -1.102412571361754e-04
1.800000000000000e-01 1.383385863920344e-01 -1.102810434103690e-04
1.850000000000000e-01 1.432105716675912e-01 -1.105185074014625e-04
1.900000000000000e-01 1.481720682123397e-01 -1.104102547573006e-04
1.950000000000000e-01 1.532261771231311e-01 -1.107925616589049e-04
2.000000000000000e-01 1.583760573825595e-01 -1.106259017038944e-04
2.050000000000000e-01 1.636249278334301e-01 -1.111412847699622e-04
2.100000000000000e-01 1.689760691906397e-01 -1.108564752977515e-04
2.150000000000000e-01 1.744328260917313e-01 -1.114242669295423e-04
2.200000000000000e-01 1.799986091874004e-01 -1.112144977694215e-04
2.250000000000000e-01 1.856768972732633e-01 -1.116722882294358e-04
2.300000000000000e-01 1.914712394642179e-01 -1.115790502841785e-04
2.350000000000000e-01 1.973852574127551e-01 -1.119829526416654e-04
2.400000000000000e-01 2.034226475726105e-01 -1.119697204225870e-04
2.450000000000000e-01 2.095871835091678e-01 -1.123110431030686e-04
2.500000000000000e-01 2.158827182580599e-01 -1.123159376762381e-04
2.550000000000000e-01 2.223131867334419e-01 -1.125827073255263e-04
2.600000000000000e-01 2.288826081874405e-01 -1.127234890753769e-04
2.650000000000000e-01 2.355950887223172e-01 -1.129140702589461e-04
2.700000000000000e-01 2.424548238569160e-01 -1.130880310219507e-04
2.750000000000000e-01 2.494661011489995e-01 -1.133023813363997e-04
2.800000000000000e-01 2.566333028751116e-01 -1.135929141423884e-04
2.850000000000000e-01 2.639609087696434e-01 -1.137428198535804e-04
2.900000000000000e-01 2.714534988248126e-01 -1.141351043865388e-04
2.950000000000000e-01 2.791157561533084e-01 -1.141800962135530e-04
3.000000000000000e-01 2.869524699153886e-01 -1.146650007056989e-04
3.050000000000000e-01 2.949685383122613e-01 -1.147790029334079e-04
3.100000000000000e-01 3.031689716476197e-01 -1.152387293640498e-04
3.150000000000000e-01 3.115588954592450e-01 -1.153703142547957e-04
3.200000000000000e-01 3.201435537226349e-01 -1.157508517421470e-04
3.250000000000000e-01 3.289283121286580e-01 -1.159614363941220e-04
3.300000000000000e-01 3.379186614372866e-01 -1.162982780258685e-04
3.350000000000000e-01 3.471202209094989e-01 -1.165668523020626e-04
3.400000000000000e-01 3.565387418195016e-01 -1.168625900428153e-04
3.450000000000000e-01 3.661801110494620e-01 -1.172328347136351e-04
3.500000000000000e-01 3.760503547690021e-01 -1.174297082752648e-04
3.550000000000000e-01 3.861556422017504e-01 -1.178829486313109e-04
3.600000000000000e-01 3.965022894813072e-01 -1.180951895969854e-04
3.650000000000000e-01 4.070967635990345e-01 -1.186065772661574e-04
3.700000000000000e-01 4.179456864461349e-01 -1.187469718394167e-04
3.750000000000000e-01 4.290558389525505e-01 -1.192023086908045e-04
3.800000000000000e-01 4.404341653252637e-01 -1.194204167420529e-04
3.850000000000000e-01 4.520877773886537e-01 -1.197761842264911e-04
3.900000000000000e-01 4.640239590296172e-01 -1.200355124786219e-04
3.950000000000000e-01 4.762501707502353e-01 -1.203412060082380e-04
4.000000000000000e-01 4.887740543308307e-01 -1.206600373284538e-04
4.050000000000000e-01 5.016034376063282e-01 -1.208509738552791e-04
4.100000000000000e-01 5.147463393589066e-01 -1.212214627392538e-04
4.150000000000000e-01 5.282109743299990e-01 -1.213232691854737e-04
4.200000000000000e-01 5.420057583547735e-01 -1.216263949134146e-04
4.250000000000000e-01 5.561393136223041e-01 -1.217650636521599e-04
4.300000000000000e-01 5.706204740647189e-01 -1.219569229089905e-04
4.350000000000000e-01 5.854582908786964e-01 -1.220613081543325e-04
4.400000000000000e-01 6.006620381827575e-01 -1.220732380312732e-04
4.450000000000000e-01 6.162412188138907e-01 -1.221842934806605e-04
4.500000000000000e-01 6.322055702671360e-01 -1.220946206038277e-04
4.550000000000000e-01 6.485650707818353e-01 -1.221255962093184e-04
4.600000000000000e-01 6.653299455783577e-01 -1.219484264657078e-04
4.650000000000000e-01 6.825106732491932e-01 -1.218121827053279e-04
4.700000000000000e-01 7.001179923084168e-01 -1.215528767568397e-04
4.750000000000000e-01 7.181629079036070e-01 -1.212195481679318e-04
4.800000000000000e-01 7.366566986944229e-01 -1.208624332954047e-04
4.850000000000000e-01 7.556109239021327e-01 -1.203779357146822e-04
4.900000000000000e-01 7.750374305345038e-01 -1.198687321754701e-04
4.950000000000000e-01 7.949483607905672e-01 -1.192355595471278e-04
5.000000000000000e-01 8.153561596498893e-01 -1.185110341022043e-04
5.050000000000000e-01 8.362735826510871e-01 -1.176902788084369e-04
5.100000000000000e-01 8.577137038644561e-01 -1.168043191965311e-04
5.150000000000000e-01 8.796899240636907e-01 -1.158174479438055e-04
5.200000000000000e-01 9.022159791018011e-01 -1.147407279064352e-04
5.250000000000000e-01 9.253059484964714e-01 -1.135972505033453e-04
5.300000000000000e-01 9.489742642302165e-01 -1.122552162546955e-04
5.350000000000000e-01 9.732357197708378e-01 -1.109741348891449e-04
5.400000000000000e-01 9.981054793178262e-01 -1.095512758404320e-04
5.450000000000000e-01 1.023599087280478e+00 -1.080189938132930e-04
5.500000000000000e-01 1.049732477993657e+00 -1.064966125950984e-04
5.550000000000000e-01 1.076521985677273e+00 -1.048668073293787e-04
5.600000000000001e-01 1.103984354645701e+00 -1.032369218193989e-04
5.650000000000001e-01 1.132136749773522e+00 -1.015634002830585e-04
5.700000000000001e-01 1.160996767224129e+00 -9.987055506448419e-05
5.750000000000001e-01 1.190582445447902e+00 -9.824046583228499e-05
5.800000000000000e-01 1.220912276456826e+00 -9.656894579267785e-05
5.850000000000000e-01 1.252005217382601e+00 -9.501254969691447e-05
5.900000000000000e-01 1.283880702325469e+00 -9.350565385708964e-05
5.950000000000000e-01 1.316558654501151e+00 -9.208039627158298e-05
6.000000000000000e-01 1.350059498693518e+00 -9.082695583155805e-05
6.050000000000000e-01 1.384404174020732e+00 -8.967330087466707e-05
6.100000000000000e-01 1.419614147022888e+00 -8.871118232281468e-05
6.150000000000000e-01 1.455711425079295e+00 -8.797207275469607e-05
6.200000000000000e-01 1.492718570163803e+00 -8.739504236590714e-05
6.250000000000000e-01 1.530658712946775e+00 -8.711909417594291e-05
6.300000000000000e-01 1.569555567252506e+00 -8.708532820599915e-05
6.350000000000000e-01 1.609433444881138e+00 -8.731663746064893e-05
6.400000000000000e-01 1.650317270804325e+00 -8.790325501094678e-05
6.450000000000000e-01 1.692232598744148e+00 -8.879294088984692e-05
6.500000000000000e-01 1.735205627145031e+00 -9.002884468791246e-05
6.550000000000000e-01 1.779263215548615e+00 -9.170586005183946e-05
6.600000000000000e-01 1.824432901381847e+00 -9.377503019111490e-05
6.650000000000000e-01 1.870742917168772e+00 -9.634754376761440e-05
6.700000000000000e-01 1.918222208176775e+00 -9.952362385954499e-05
6.750000000000000e-01 1.966900450508319e+00 -1.033632382199593e-04
6.800000000000000e-01 2.016808069649473e+00 -1.080493932748019e-04
6.850000000000001e-01 2.067976259486829e+00 -1.138180435013976e-04
6.900000000000001e-01 2.120437001804702e+00 -1.209067231854736e-04
6.950000000000001e-01 2.174223086274785e+00 -1.297461912278227e-04
7.000000000000001e-01 2.229368130950753e+00 -1.408152670691395e-04
7.050000000000000e-01 2.285906603280654e+00 -1.547284027768955e-04
7.100000000000000e-01 2.343873841650178e+00 -1.723631995660795e-04
7.150000000000000e-01 2.403306077470301e+00 -1.947041980973460e-04
7.200000000000000e-01 2.464240457823092e+00 -2.227782588718010e-04
7.250000000000000e-01 2.526715068679855e+00 -2.579945631867890e-04
7.300000000000000e-01 2.590768958706095e+00 -3.018873697642266e-04
7.350000000000000e-01 2.656442163668210e+00 -3.555042537649597e-04
7.400000000000000e-01 2.723775731457148e+00 -4.192431089694778e-04
7.450000000000000e-01 2.792811747744667e+00 -4.929019475761486e-04
7.500000000000000e-01 2.863593362288260e+00 -5.744503924782602e-04
7.550000000000000e-01 2.936164815901156e+00 -6.574975613091195e-04
7.600000000000000e-01 3.010571468104263e+00 -7.285314390952794e-04
7.650000000000000e-01 3.086859825477351e+00 -7.646970909910445e-04
7.700000000000000e-01 3.165077570727174e+00 -7.306083465108067e-04
7.750000000000000e-01 3.245273592490716e+00 -5.719708929167351e-04
7.800000000000000e-01 3.327498015892184e+00 -2.054951471084794e-04
7.850000000000000e-01 3.411802233872832e+00 4.913378894693534e-04
7.900000000000000e-01 3.498238939313234e+00 1.684666236977035e-03
7.950000000000000e-01 3.586862157968046e+00 3.577553814351209e-03
8.000000000000000e-01 3.677727282233856e+00 6.390834537085786e-03
8.050000000000000e-01 3.770891105771243e+00 1.033454964196400e-02
8.100000000000001e-01 3.866411859002656e+00 1.557579539921408e-02
8.150000000000001e-01 3.964349245508326e+00 2.220842598142294e-02
8.200000000000001e-01 4.064764479342956e+00 3.022734291987498e-02
8.250000000000001e-01 4.167720323296481e+00 3.950780026758243e-02
8.300000000000001e-01 4.273281128122877e+00 4.979050176732395e-02
8.350000000000000e-01 4.381512872761445e+00 6.067515346068256e-02
8.400000000000000e-01 4.492483205575838e+00 7.162629266690561e-02
8.450000000000000e-01 4.606261486636447e+00 8.199445710339605e-02
8.500000000000000e-01 4.722918831072739e+00 9.105518799696474e-02
8.550000000000000e-01 4.842528153522501e+00 9.806790774343703e-02
8.600000000000000e-01 4.965164213705875e+00 1.023552153573989e-01
8.650000000000000e-01 5.090903663152626e+00 1.033974724954743e-01
8.700000000000000e-01 5.219825093111814e+00 1.009287493436671e-01
8.750000000000000e-01 5.352009083673925e+00 9.501201928238516e-02
8.800000000000000e-01 5.487538254136007e+00 8.606934602232529e-02
8.850000000000000e-01 5.626497314641444e+00 7.484950154559127e-02
8.900000000000000e-01 5.768973119126561e+00 6.233026195406225e-02
8.950000000000000e-01 5.915054719607133e+00 4.957128432479469e-02
9.000000000000000e-01 6.064833421838831e+00 3.754967081233235e-02
9.050000000000000e-01 6.218402842386253e+00 2.701767426558934e-02
9.100000000000000e-01 6.375858967136348e+00 1.841662346812478e-02
9.150000000000000e-01 6.537300211292723e+00 1.186400298647399e-02
9.200000000000000e-01 6.702827480888332e+00 7.207917817973368e-03
9.250000000000000e-01 6.872544235855034e+00 4.123920025446065e-03
9.300000000000000e-01 7.046556554689444e+00 2.220815826877015e-03
9.350000000000001e-01 7.224973200755413e+00 1.126696631272688e-03
9.400000000000001e-01 7.407905690264673e+00 5.400274179598343e-04
9.450000000000001e-01 7.595468361978146e+00 2.457964837797033e-04
9.500000000000001e-01 7.787778448671316e+00 1.070379534974680e-04
9.550000000000001e-01 7.984956150408610e+00 4.499744268649197e-05
9.600000000000000e-01 8.187124709672272e+00 1.841530603289041e-05
9.650000000000000e-01 8.394410488393007e+00 7.376879274760667e-06
9.700000000000000e-01 8.606943046930221e+00 2.895238209180202e-06
9.750000000000000e-01 8.824855225051540e+00 1.117410755921481e-06
9.800000000000000e-01 9.048283224961922e+00 4.333440119688601e-07
9.850000000000000e-01 9.277366696434507e+00 2.438037576513024e-07
9.900000000000000e-01 9.512248824096272e+00 2.632131124818049e-07
9.950000000000000e-01 9.753076416923058e+00 9.506833114927219e-07
1.000000000000000e+00 1.000000000000000e+01 2.896782306444040e-04
