0.000000000000000e+00 0.000000000000000e+00 -1.824011910302218e-04
5.000000000000000e-03 3.369477419287315e-03 -1.860018526173062e-04
1.000000000000000e-02 6.741060871647481e-03 -1.864717293757822e-04
1.500000000000000e-02 1.011685770649257e-02 -1.853675503426680e-04
2.000000000000000e-02 1.349897790673588e-02 -1.866829479410411e-04
2.500000000000000e-02 1.688953540759990e-02 -1.853074434877094e-04
3.000000000000000e-02 2.029064941789469e-02 -1.861870763327584e-04
3.500000000000000e-02 2.370444574459234e-02 -1.850531070738605e-04
4.000000000000000e-02 2.713305812152553e-02 -1.863162947337098e-04
4.500000000000000e-02 3.057862954304063e-02 -1.851542153047369e-04
5.000000000000000e-02 3.404331360343898e-02 -1.862210022924190e-04
5.500000000000000e-02 3.752927584304335e-02 -1.853313683819260e-04
6.000000000000000e-02 4.103869510173117e-02 -1.862144310203781e-04
6.500000000000000e-02 4.457376488078044e-02 -1.856721770351718e-04
7.000000000000001e-02 4.813669471387935e-02 -1.861783179624358e-04
7.500000000000000e-02 5.172971154815675e-02 -1.855821153697399e-04
8.000000000000000e-02 5.535506113609672e-02 -1.863155417163764e-04
8.500000000000001e-02 5.901500943920686e-02 -1.857408764515052e-04
9.000000000000000e-02 6.271184404431801e-02 -1.864212953590298e-04
9.500000000000000e-02 6.644787559340060e-02 -1.860370878485442e-04
1.000000000000000e-01 7.022543922779090e-02 -1.865727673606448e-04
1.050000000000000e-01 7.404689604773053e-02 -1.864202480311589e-04
1.100000000000000e-01 7.791463458813094e-02 -1.866360381517303e-04
1.150000000000000e-01 8.183107231148547e-02 -1.867407235611196e-04
1.200000000000000e-01 8.579865711886202e-02 -1.868204529121619e-04
1.250000000000000e-01 8.981986887992111e-02 -1.871875225645655e-04
1.300000000000000e-01 9.389722098291493e-02 -1.869791489040972e-04
1.350000000000000e-01 9.803326190563690e-02 -1.875033330113823e-04
1.400000000000000e-01 1.022305768083033e-01 -1.872212136685984e-04
1.450000000000000e-01 1.064917891493625e-01 -1.877360546792728e-04
1.500000000000000e-01 1.108195623252418e-01 -1.875410026215663e-04
1.550000000000000e-01 1.152166013350572e-01 -1.880358885547906e-04
1.600000000000000e-01 1.196856544713255e-01 -1.879032413569372e-04
1.650000000000000e-01 1.242295150377370e-01 -1.884378996492641e-04
1.700000000000000e-01 1.288510230950609e-01 -1.882555863210182e-04
1.750000000000000e-01 1.335530672362758e-01 -1.887777391748097e-04
1.800000000000000e-01 1.383385863920344e-01 -1.886820440400954e-04
1.850000000000000e-01 1.432105716675912e-01 -1.891664432435390e-04
1.900000000000000e-01 1.481720682123397e-01 -1.892085347711268e-04
1.950000000000000e-01 1.532261771231311e-01 -1.896842865023924e-04
2.000000000000000e-01 1.583760573825595e-01 -1.898874103725142e-04
2.050000000000000e-01 1.636249278334301e-01 -1.902713893290041e-04
2.100000000000000e-01 1.689760691906397e-01 -1.906005958520228e-04
2.150000000000000e-01 1.744328260917313e-01 -1.908454881002499e-04
2.200000000000000e-01 1.799986091874004e-01 -1.912670640256185e-04
2.250000000000000e-01 1.856768972732633e-01 -1.915470063455375e-04
2.300000000000000e-01 1.914712394642179e-01 -1.920552746131390e-04
2.350000000000000e-01 1.973852574127551e-01 -1.922682570695190e-04
2.400000000000000e-01 2.034226475726105e-01 -1.928639625322426e-04
2.450000000000000e-01 2.095871835091678e-01 -1.931569974277782e-04
2.500000000000000e-01 2.158827182580599e-01 -1.937672154322063e-04
2.550000000000000e-01 2.223131867334419e-01 -1.941446766984399e-04
2.600000000000000e-01 2.288826081874405e-01 -1.947952834424350e-04
2.650000000000000e-01 2.355950887223172e-01 -1.953109809135991e-04
2.700000000000000e-01 2.424548238569160e-01 -1.959426048451078e-04
2.750000000000000e-01 2.494661011489995e-01 -1.966016900355266e-04
2.800000000000000e-01 2.566333028751116e-01 -1.971984220501326e-04
2.850000000000000e-01 2.639609087696434e-01 -1.980173184237942e-04
2.900000000000000e-01 2.714534988248126e-01 -1.985912955211033e-04
2.950000000000000e-01 2.791157561533084e-01 -1.994754456258849e-04
3.000000000000000e-01 2.869524699153886e-01 -2.001778977630958e-04
3.050000000000000e-01 2.949685383122613e-01 -2.011669443972690e-04
3.100000000000000e-01 3.031689716476197e-01 -2.019870822293266e-04
3.150000000000000e-01 3.115588954592450e-01 -2.030884491092376e-04
3.200000000000000e-01 3.201435537226349e-01 -2.040860805163852e-04
3.250000000000000e-01 3.289283121286580e-01 -2.051989516661851e-04
3.300000000000000e-01 3.379186614372866e-01 -2.063935399717308e-04
3.350000000000000e-01 3.471202209094989e-01 -2.075801599167919e-04
3.400000000000000e-01 3.565387418195016e-01 -2.089293883423467e-04
3.450000000000000e-01 3.661801110494620e-01 -2.103130772574272e-04
3.500000000000000e-01 3.760503547690021e-01 -2.118519904513091e-04
3.550000000000000e-01 3.861556422017504e-01 -2.133901866052586e-04
3.600000000000000e-01 3.965022894813072e-01 -2.151040406935034e-04
3.650000000000000e-01 4.070967635990345e-01 -2.169332925458225e-04
3.700000000000000e-01 4.179456864461349e-01 -2.188666464812606e-04
3.750000000000000e-01 4.290558389525505e-01 -2.209558801293128e-04
3.800000000000000e-01 4.404341653252637e-01 -2.231338917055498e-04
3.850000000000000e-01 4.520877773886537e-01 -2.255273033724994e-04
3.900000000000000e-01 4.640239590296172e-01 -2.280618483517382e-04
3.950000000000000e-01 4.762501707502353e-01 -2.308338579458337e-04
4.000000000000000e-01 4.887740543308307e-01 -2.337828829824025e-04
4.050000000000000e-01 5.016034376063282e-01 -2.370147222663240e-04
4.100000000000000e-01 5.147463393589066e-01 -2.404105960888784e-04
4.150000000000000e-01 5.282109743299990e-01 -2.441772695462755e-04
4.200000000000000e-01 5.420057583547735e-01 -2.481810996503590e-04
4.250000000000000e-01 5.561393136223041e-01 -2.525830670841817e-04
4.300000000000000e-01 5.706204740647189e-01 -2.574104627288685e-04
4.350000000000000e-01 5.854582908786964e-01 -2.625724876301460e-04
4.400000000000000e-01 6.006620381827575e-01 -2.683141494555279e-04
4.450000000000000e-01 6.162412188138907e-01 -2.745092802120106e-04
4.500000000000000e-01 6.322055702671360e-01 -2.813392184778004e-04
4.550000000000000e-01 6.485650707818353e-01 -2.889315537223376e-04
4.600000000000000e-01 6.653299455783577e-01 -2.971291200303324e-04
4.650000000000000e-01 6.825106732491932e-01 -3.062928767929525e-04
4.700000000000000e-01 7.001179923084168e-01 -3.163936004348389e-04
4.750000000000000e-01 7.181629079036070e-01 -3.276003531969741e-04
4.800000000000000e-01 7.366566986944229e-01 -3.400256188787665e-04
4.850000000000000e-01 7.556109239021327e-01 -3.538341640842314e-04
4.900000000000000e-01 7.750374305345038e-01 -3.692840449018623e-04
4.950000000000000e-01 7.949483607905672e-01 -3.864804245969899e-04
5.000000000000000e-01 8.153561596498893e-01 -4.057416399424189e-04
5.050000000000000e-01 8.362735826510871e-01 -4.273584502867011e-04
5.100000000000000e-01 8.577137038644561e-01 -4.515618126488088e-04
5.150000000000000e-01 8.796899240636907e-01 -4.788592772867036e-04
5.200000000000000e-01 9.022159791018011e-01 -5.095423087339816e-04
5.250000000000000e-01 9.253059484964714e-01 -5.441705304134355e-04
5.300000000000000e-01 9.489742642302165e-01 -5.833060342986115e-04
5.350000000000000e-01 9.732357197708378e-01 -6.275144257771714e-04
5.400000000000000e-01 9.981054793178262e-01 -6.776051824652204e-04
5.450000000000000e-01 1.023599087280478e+00 -7.343760852907843e-04
5.500000000000000e-01 1.049732477993657e+00 -7.987321111404549e-04
5.550000000000000e-01 1.076521985677273e+00 -8.718654795833625e-04
5.600000000000001e-01 1.103984354645701e+00 -9.548997118889038e-04
5.650000000000001e-01 1.132136749773522e+00 -1.049296166773184e-03
5.700000000000001e-01 1.160996767224129e+00 -1.156675286029740e-03
5.750000000000001e-01 1.190582445447902e+00 -1.278773926856992e-03
5.800000000000000e-01 1.220912276456826e+00 -1.417677699433076e-03
5.850000000000000e-01 1.252005217382601e+00 -1.575708784374728e-03
5.900000000000000e-01 1.283880702325469e+00 -1.755343217343121e-03
5.950000000000000e-01 1.316558654501151e+00 -1.959535115525744e-03
6.000000000000000e-01 1.350059498693518e+00 -2.191427961461062e-03
6.050000000000000e-01 1.384404174020732e+00 -2.454456966502901e-03
6.100000000000000e-01 1.419614147022888e+00 -2.752464271564577e-03
6.150000000000000e-01 1.455711425079295e+00 -3.089536050676241e-03
6.200000000000000e-01 1.492718570163803e+00 -3.469914858645593e-03
6.250000000000000e-01 1.530658712946775e+00 -3.898175311217257e-03
6.300000000000000e-01 1.569555567252506e+00 -4.378876925689587e-03
6.350000000000000e-01 1.609433444881138e+00 -4.916447942694716e-03
6.400000000000000e-01 1.650317270804325e+00 -5.515093573338620e-03
6.450000000000000e-01 1.692232598744148e+00 -6.178461662331054e-03
6.500000000000000e-01 1.735205627145031e+00 -6.909131634953910e-03
6.550000000000000e-01 1.779263215548615e+00 -7.708368571599363e-03
6.600000000000000e-01 1.824432901381847e+00 -8.575512694024279e-03
6.650000000000000e-01 1.870742917168772e+00 -9.507225218555314e-03
6.700000000000000e-01 1.918222208176775e+00 -1.049679310763512e-02
6.750000000000000e-01 1.966900450508319e+00 -1.153347191408517e-02
6.800000000000000e-01 2.016808069649473e+00 -1.260154365703092e-02
6.850000000000001e-01 2.067976259486829e+00 -1.367951235099405e-02
6.900000000000001e-01 2.120437001804702e+00 -1.473968050441490e-02
6.950000000000001e-01 2.174223086274785e+00 -1.574818026207624e-02
7.000000000000001e-01 2.229368130950753e+00 -1.666563441632749e-02
7.050000000000000e-01 2.285906603280654e+00 -1.744879980931356e-02
7.100000000000000e-01 2.343873841650178e+00 -1.805320352195523e-02
7.150000000000000e-01 2.403306077470301e+00 -1.843628389379202e-02
7.200000000000000e-01 2.464240457823092e+00 -1.856047598793275e-02
7.250000000000000e-01 2.526715068679855e+00 -1.839578686920868e-02
7.300000000000000e-01 2.590768958706095e+00 -1.792145161357505e-02
7.350000000000000e-01 2.656442163668210e+00 -1.712636421344860e-02
7.400000000000000e-01 2.723775731457148e+00 -1.600813539173912e-02
7.450000000000000e-01 2.792811747744667e+00 -1.457104313872414e-02
7.500000000000000e-01 2.863593362288260e+00 -1.282317375487210e-02
7.550000000000000e-01 2.936164815901156e+00 -1.077322246123790e-02
7.600000000000000e-01 3.010571468104263e+00 -8.427197518338559e-03
7.650000000000000e-01 3.086859825477351e+00 -5.785391898483086e-03
7.700000000000000e-01 3.165077570727174e+00 -2.839690938572011e-03
7.750000000000000e-01 3.245273592490716e+00 4.284322007784335e-04
7.800000000000000e-01 3.327498015892184e+00 4.049150442066340e-03
7.850000000000000e-01 3.411802233872832e+00 8.064224020912690e-03
7.900000000000000e-01 3.498238939313234e+00 1.252532068440866e-02
7.950000000000000e-01 3.586862157968046e+00 1.749025006642345e-02
8.000000000000000e-01 3.677727282233856e+00 2.301698426932931e-02
8.050000000000000e-01 3.770891105771243e+00 2.915540305630793e-02
8.100000000000001e-01 3.866411859002656e+00 3.593671082337861e-02
8.150000000000001e-01 3.964349245508326e+00 4.336028030348756e-02
8.200000000000001e-01 4.064764479342956e+00 5.137773159920461e-02
8.250000000000001e-01 4.167720323296481e+00 5.987470247101458e-02
8.300000000000001e-01 4.273281128122877e+00 6.865220122209491e-02
8.350000000000000e-01 4.381512872761445e+00 7.741138575145366e-02
8.400000000000000e-01 4.492483205575838e+00 8.574743450621855e-02
8.450000000000000e-01 4.606261486636447e+00 9.315903639197118e-02
8.500000000000000e-01 4.722918831072739e+00 9.907916899616770e-02
8.550000000000000e-01 4.842528153522501e+00 1.029297769422453e-01
8.600000000000000e-01 4.965164213705875e+00 1.041977013250500e-01
8.650000000000000e-01 5.090903663152626e+00 1.025224479184954e-01
8.700000000000000e-01 5.219825093111814e+00 9.777969367768991e-02
8.750000000000000e-01 5.352009083673925e+00 9.014016816867890e-02
8.800000000000000e-01 5.487538254136007e+00 8.008423481261974e-02
8.850000000000000e-01 5.626497314641444e+00 6.835974904935438e-02
8.900000000000000e-01 5.768973119126561e+00 5.588407495953066e-02
8.950000000000000e-01 5.915054719607133e+00 4.360720902226266e-02
9.000000000000000e-01 6.064833421838831e+00 3.236630074493007e-02
9.050000000000000e-01 6.218402842386253e+00 2.276678386215492e-02
9.100000000000000e-01 6.375858967136348e+00 1.511869658105019e-02
9.150000000000000e-01 6.537300211292723e+00 9.440076971112522e-03
9.200000000000000e-01 6.702827480888332e+00 5.518706105198539e-03
9.250000000000000e-01 6.872544235855034e+00 3.007131404573100e-03
9.300000000000000e-01 7.046556554689444e+00 1.520085200001964e-03
9.350000000000001e-01 7.224973200755413e+00 7.092808685636266e-04
9.400000000000001e-01 7.407905690264673e+00 3.038915205667780e-04
9.450000000000001e-01 7.595468361978146e+00 1.188936305350301e-04
9.500000000000001e-01 7.787778448671316e+00 4.222759816901829e-05
9.550000000000001e-01 7.984956150408610e+00 1.353174650797817e-05
9.600000000000000e-01 8.187124709672272e+00 3.887002838331888e-06
9.650000000000000e-01 8.394410488393007e+00 9.941005078011208e-07
9.700000000000000e-01 8.606943046930221e+00 2.247756778321240e-07
9.750000000000000e-01 8.824855225051540e+00 4.461950798412685e-08
9.800000000000000e-01 9.048283224961922e+00 7.728174197800197e-09
9.850000000000000e-01 9.277366696434507e+00 1.160487226840786e-09
9.900000000000000e-01 9.512248824096272e+00 1.405877064660941e-10
9.950000000000000e-01 9.753076416923058e+00 -1.015307454289826e-10
1.000000000000000e+00 1.000000000000000e+01 -4.314178583420083e-08
