0.000000000000000e+00 0.000000000000000e+00 -3.947388978144334e-03
5.000000000000000e-03 3.369477419287315e-03 -3.950989656974639e-03
1.000000000000000e-02 6.741060871647481e-03 -3.948038576074294e-03
1.500000000000000e-02 1.011685770649257e-02 -3.948780081558111e-03
2.000000000000000e-02 1.349897790673588e-02 -3.950388468069384e-03
2.500000000000000e-02 1.688953540759990e-02 -3.951824056366984e-03
3.000000000000000e-02 2.029064941789469e-02 -3.953388900271823e-03
3.500000000000000e-02 2.370444574459234e-02 -3.955666902170740e-03
4.000000000000000e-02 2.713305812152553e-02 -3.957748227565067e-03
4.500000000000000e-02 3.057862954304063e-02 -3.960858832208345e-03
5.000000000000000e-02 3.404331360343898e-02 -3.963840864580175e-03
5.500000000000000e-02 3.752927584304335e-02 -3.967445997178280e-03
6.000000000000000e-02 4.103869510173117e-02 -3.971196090983673e-03
6.500000000000000e-02 4.457376488078044e-02 -3.975519460719966e-03
7.000000000000001e-02 4.813669471387935e-02 -3.979823841585730e-03
7.500000000000000e-02 5.172971154815675e-02 -3.984987029826505e-03
8.000000000000000e-02 5.535506113609672e-02 -3.990186835944025e-03
8.500000000000001e-02 5.901500943920686e-02 -3.996030793511581e-03
9.000000000000000e-02 6.271184404431801e-02 -4.002178807423214e-03
9.500000000000000e-02 6.644787559340060e-02 -4.008887881727401e-03
1.000000000000000e-01 7.022543922779090e-02 -4.016026567777847e-03
1.050000000000000e-01 7.404689604773053e-02 -4.023825731525014e-03
1.100000000000000e-01 7.791463458813094e-02 -4.031906156783211e-03
1.150000000000000e-01 8.183107231148547e-02 -4.040732940524124e-03
1.200000000000000e-01 8.579865711886202e-02 -4.049929008035089e-03
1.250000000000000e-01 8.981986887992111e-02 -4.059843781325629e-03
1.300000000000000e-01 9.389722098291493e-02 -4.070221269932521e-03
1.350000000000000e-01 9.803326190563690e-02 -4.081420568249126e-03
1.400000000000000e-01 1.022305768083033e-01 -4.093030510266734e-03
1.450000000000000e-01 1.064917891493625e-01 -4.105502661773217e-03
1.500000000000000e-01 1.108195623252418e-01 -4.118584966017370e-03
1.550000000000000e-01 1.152166013350572e-01 -4.132541126547189e-03
1.600000000000000e-01 1.196856544713255e-01 -4.147216720598218e-03
1.650000000000000e-01 1.242295150377370e-01 -4.162766852461549e-03
1.700000000000000e-01 1.288510230950609e-01 -4.179160323556275e-03
1.750000000000000e-01 1.335530672362758e-01 -4.196479248606266e-03
1.800000000000000e-01 1.383385863920344e-01 -4.214850043318375e-03
1.850000000000000e-01 1.432105716675912e-01 -4.234160408665275e-03
1.900000000000000e-01 1.481720682123397e-01 -4.254610288423931e-03
1.950000000000000e-01 1.532261771231311e-01 -4.276151270362369e-03
2.000000000000000e-01 1.583760573825595e-01 -4.298750723050789e-03
2.050000000000000e-01 1.636249278334301e-01 -4.322676265634481e-03
2.100000000000000e-01 1.689760691906397e-01 -4.347922238938659e-03
2.150000000000000e-01 1.744328260917313e-01 -4.374521133281695e-03
2.200000000000000e-01 1.799986091874004e-01 -4.402492777139107e-03
2.250000000000000e-01 1.856768972732633e-01 -4.432176534507951e-03
2.300000000000000e-01 1.914712394642179e-01 -4.463272699992568e-03
2.350000000000000e-01 1.973852574127551e-01 -4.496268918976956e-03
2.400000000000000e-01 2.034226475726105e-01 -4.530830370634288e-03
2.450000000000000e-01 2.095871835091678e-01 -4.567422674163065e-03
2.500000000000000e-01 2.158827182580599e-01 -4.605840713756760e-03
2.550000000000000e-01 2.223131867334419e-01 -4.646486290390702e-03
2.600000000000000e-01 2.288826081874405e-01 -4.689223704472807e-03
2.650000000000000e-01 2.355950887223172e-01 -4.734343342634668e-03
2.700000000000000e-01 2.424548238569160e-01 -4.781964736092827e-03
2.750000000000000e-01 2.494661011489995e-01 -4.832056257520552e-03
2.800000000000000e-01 2.566333028751116e-01 -4.885012168274652e-03
2.850000000000000e-01 2.639609087696434e-01 -4.940717638890034e-03
2.900000000000000e-01 2.714534988248126e-01 -4.999597507118261e-03
2.950000000000000e-01 2.791157561533084e-01 -5.061620230442640e-03
3.000000000000000e-01 2.869524699153886e-01 -5.126999396103019e-03
3.050000000000000e-01 2.949685383122613e-01 -5.196080723653873e-03
3.100000000000000e-01 3.031689716476197e-01 -5.268799281923794e-03
3.150000000000000e-01 3.115588954592450e-01 -5.345750029222100e-03
3.200000000000000e-01 3.201435537226349e-01 -5.426722359403347e-03
3.250000000000000e-01 3.289283121286580e-01 -5.512358748306559e-03
3.300000000000000e-01 3.379186614372866e-01 -5.602612183375065e-03
3.350000000000000e-01 3.471202209094989e-01 -5.697910349785069e-03
3.400000000000000e-01 3.565387418195016e-01 -5.798589081552321e-03
3.450000000000000e-01 3.661801110494620e-01 -5.904773942090778e-03
3.500000000000000e-01 3.760503547690021e-01 -6.017046330272529e-03
3.550000000000000e-01 3.861556422017504e-01 -6.135515206239180e-03
3.600000000000000e-01 3.965022894813072e-01 -6.260628617633959e-03
3.650000000000000e-01 4.070967635990345e-01 -6.392869503312376e-03
3.700000000000000e-01 4.179456864461349e-01 -6.532474037120297e-03
3.750000000000000e-01 4.290558389525505e-01 -6.680101080122658e-03
3.800000000000000e-01 4.404341653252637e-01 -6.836019569859899e-03
3.850000000000000e-01 4.520877773886537e-01 -7.000819968996045e-03
3.900000000000000e-01 4.640239590296172e-01 -7.174941269921726e-03
3.950000000000000e-01 4.762501707502353e-01 -7.359068881250320e-03
4.000000000000000e-01 4.887740543308307e-01 -7.553657457665218e-03
4.050000000000000e-01 5.016034376063282e-01 -7.759310310358180e-03
4.100000000000000e-01 5.147463393589066e-01 -7.976791730770682e-03
4.150000000000000e-01 5.282109743299990e-01 -8.206650933602082e-03
4.200000000000000e-01 5.420057583547735e-01 -8.449625273649968e-03
4.250000000000000e-01 5.561393136223041e-01 -8.706521640584830e-03
4.300000000000000e-01 5.706204740647189e-01 -8.977977429437477e-03
4.350000000000000e-01 5.854582908786964e-01 -9.264958775965702e-03
4.400000000000000e-01 6.006620381827575e-01 -9.568148200250988e-03
4.450000000000000e-01 6.162412188138907e-01 -9.888495151715583e-03
4.500000000000000e-01 6.322055702671360e-01 -1.022687889699728e-02
4.550000000000000e-01 6.485650707818353e-01 -1.058414122415052e-02
4.600000000000000e-01 6.653299455783577e-01 -1.096127516495984e-02
4.650000000000000e-01 6.825106732491932e-01 -1.135917294056115e-02
4.700000000000000e-01 7.001179923084168e-01 -1.177870496140015e-02
4.750000000000000e-01 7.181629079036070e-01 -1.222089373792918e-02
4.800000000000000e-01 7.366566986944229e-01 -1.268648010450883e-02
4.850000000000000e-01 7.556109239021327e-01 -1.317637888766042e-02
4.900000000000000e-01 7.750374305345038e-01 -1.369134633713719e-02
4.950000000000000e-01 7.949483607905672e-01 -1.423198951760363e-02
5.000000000000000e-01 8.153561596498893e-01 -1.479891305845363e-02
5.050000000000000e-01 8.362735826510871e-01 -1.539250335037349e-02
5.100000000000000e-01 8.577137038644561e-01 -1.601286889506718e-02
5.150000000000000e-01 8.796899240636907e-01 -1.666006127331768e-02
5.200000000000000e-01 9.022159791018011e-01 -1.733365393520353e-02
5.250000000000000e-01 9.253059484964714e-01 -1.803291353949652e-02
5.300000000000000e-01 9.489742642302165e-01 -1.875675411638401e-02
5.350000000000000e-01 9.732357197708378e-01 -1.950347703527894e-02
5.400000000000000e-01 9.981054793178262e-01 -2.027079416888575e-02
5.450000000000000e-01 1.023599087280478e+00 -2.105585727165139e-02
5.500000000000000e-01 1.049732477993657e+00 -2.185489461993563e-02
5.550000000000000e-01 1.076521985677273e+00 -2.266328779895386e-02
5.600000000000001e-01 1.103984354645701e+00 -2.347552856952665e-02
5.650000000000001e-01 1.132136749773522e+00 -2.428494561862786e-02
5.700000000000001e-01 1.160996767224129e+00 -2.508368726184355e-02
5.750000000000001e-01 1.190582445447902e+00 -2.586280023414676e-02
5.800000000000000e-01 1.220912276456826e+00 -2.661203328166116e-02
5.850000000000000e-01 1.252005217382601e+00 -2.731983449097080e-02
5.900000000000000e-01 1.283880702325469e+00 -2.797358677073377e-02
5.950000000000000e-01 1.316558654501151e+00 -2.855966915004850e-02
6.000000000000000e-01 1.350059498693518e+00 -2.906357692702385e-02
6.050000000000000e-01 1.384404174020732e+00 -2.947033239910074e-02
6.100000000000000e-01 1.419614147022888e+00 -2.976494095782432e-02
6.150000000000000e-01 1.455711425079295e+00 -2.993272867433399e-02
6.200000000000000e-01 1.492718570163803e+00 -2.995983653189540e-02
6.250000000000000e-01 1.530658712946775e+00 -2.983386765796718e-02
6.300000000000000e-01 1.569555567252506e+00 -2.954440087138118e-02
6.350000000000000e-01 1.609433444881138e+00 -2.908336183924875e-02
6.400000000000000e-01 1.650317270804325e+00 -2.844536861158103e-02
6.450000000000000e-01 1.692232598744148e+00 -2.762808539985699e-02
6.500000000000000e-01 1.735205627145031e+00 -2.663233176542782e-02
6.550000000000000e-01 1.779263215548615e+00 -2.546202453212126e-02
6.600000000000000e-01 1.824432901381847e+00 -2.412396870320910e-02
6.650000000000000e-01 1.870742917168772e+00 -2.262768474956079e-02
6.700000000000000e-01 1.918222208176775e+00 -2.098510351110861e-02
6.750000000000000e-01 1.966900450508319e+00 -1.921024549425701e-02
6.800000000000000e-01 2.016808069649473e+00 -1.731876583621814e-02
6.850000000000001e-01 2.067976259486829e+00 -1.532761311238414e-02
6.900000000000001e-01 2.120437001804702e+00 -1.325468263302712e-02
6.950000000000001e-01 2.174223086274785e+00 -1.111861977910719e-02
7.000000000000001e-01 2.229368130950753e+00 -8.938561604009831e-03
7.050000000000000e-01 2.285906603280654e+00 -6.734032449348880e-03
7.100000000000000e-01 2.343873841650178e+00 -4.524739985049548e-03
7.150000000000000e-01 2.403306077470301e+00 -2.330511658325884e-03
7.200000000000000e-01 2.464240457823092e+00 -1.711281009263913e-04
7.250000000000000e-01 2.526715068679855e+00 1.933819433331141e-03
7.300000000000000e-01 2.590768958706095e+00 3.965228581134572e-03
7.350000000000000e-01 2.656442163668210e+00 5.904948077455615e-03
7.400000000000000e-01 2.723775731457148e+00 7.736552647308871e-03
7.450000000000000e-01 2.792811747744667e+00 9.446534586916886e-03
7.500000000000000e-01 2.863593362288260e+00 1.102605293839810e-02
7.550000000000000e-01 2.936164815901156e+00 1.247332399298959e-02
7.600000000000000e-01 3.010571468104263e+00 1.379664589486740e-02
7.650000000000000e-01 3.086859825477351e+00 1.501789457274277e-02
7.700000000000000e-01 3.165077570727174e+00 1.617615140231653e-02
7.750000000000000e-01 3.245273592490716e+00 1.733096090202352e-02
7.800000000000000e-01 3.327498015892184e+00 1.856460655430757e-02
7.850000000000000e-01 3.411802233872832e+00 1.998274348400270e-02
7.900000000000000e-01 3.498238939313234e+00 2.171272130299336e-02
7.950000000000000e-01 3.586862157968046e+00 2.389894320365013e-02
8.000000000000000e-01 3.677727282233856e+00 2.669463373786646e-02
8.050000000000000e-01 3.770891105771243e+00 3.024946709499632e-02
8.100000000000001e-01 3.866411859002656e+00 3.469272536212070e-02
8.150000000000001e-01 3.964349245508326e+00 4.011211975744156e-02
8.200000000000001e-01 4.064764479342956e+00 4.652920544074553e-02
8.250000000000001e-01 4.167720323296481e+00 5.387347329466148e-02
8.300000000000001e-01 4.273281128122877e+00 6.195861864749386e-02
8.350000000000000e-01 4.381512872761445e+00 7.046592685122031e-02
8.400000000000000e-01 4.492483205575838e+00 7.894077147725291e-02
8.450000000000000e-01 4.606261486636447e+00 8.680834031269913e-02
8.500000000000000e-01 4.722918831072739e+00 9.341328525806590e-02
8.550000000000000e-01 4.842528153522501e+00 9.808457885991356e-02
8.600000000000000e-01 4.965164213705875e+00 1.002214320797980e-01
8.650000000000000e-01 5.090903663152626e+00 9.938940490388321e-02
8.700000000000000e-01 5.219825093111814e+00 9.540944767671594e-02
8.750000000000000e-01 5.352009083673925e+00 8.841889837798875e-02
8.800000000000000e-01 5.487538254136007e+00 7.888485237146664e-02
8.850000000000000e-01 5.626497314641444e+00 6.755823555599959e-02
8.900000000000000e-01 5.768973119126561e+00 5.537063696627286e-02
8.950000000000000e-01 5.915054719607133e+00 4.329209246950723e-02
9.000000000000000e-01 6.064833421838831e+00 3.218109534895317e-02
9.050000000000000e-01 6.218402842386253e+00 2.266258939229421e-02
9.100000000000000e-01 6.375858967136348e+00 1.506260821493685e-02
9.150000000000000e-01 6.537300211292723e+00 9.411197660577100e-03
9.200000000000000e-01 6.702827480888332e+00 5.504487522460968e-03
9.250000000000000e-01 6.872544235855034e+00 3.000439171826140e-03
9.300000000000000e-01 7.046556554689444e+00 1.517074685403336e-03
9.350000000000001e-01 7.224973200755413e+00 7.079866939237120e-04
9.400000000000001e-01 7.407905690264673e+00 3.033599371685202e-04
9.450000000000001e-01 7.595468361978146e+00 1.186850202844089e-04
9.500000000000001e-01 7.787778448671316e+00 4.214939354730616e-05
9.550000000000001e-01 7.984956150408610e+00 1.350373923743306e-05
9.600000000000000e-01 8.187124709672272e+00 3.877419495097735e-06
9.650000000000000e-01 8.394410488393007e+00 9.909671703075262e-07
9.700000000000000e-01 8.606943046930221e+00 2.237922778431675e-07
9.750000000000000e-01 8.824855225051540e+00 4.432536039308944e-08
9.800000000000000e-01 9.048283224961922e+00 7.650957012207099e-09
9.850000000000000e-01 9.277366696434507e+00 1.152079327911909e-09
9.900000000000000e-01 9.512248824096272e+00 1.589630029398472e-10
9.950000000000000e-01 9.753076416923058e+00 3.370810027912827e-11
1.000000000000000e+00 1.000000000000000e+01 -1.176218245592571e-10
