0.000000000000000e+00 0.000000000000000e+00 4.280292993978716e-03
5.000000000000000e-03 3.369477419287315e-03 4.277090796102632e-03
1.000000000000000e-02 6.741060871647481e-03 4.281220952919712e-03
1.500000000000000e-02 1.011685770649257e-02 4.282486327604583e-03
2.000000000000000e-02 1.349897790673588e-02 4.285013886704984e-03
2.500000000000000e-02 1.688953540759990e-02 4.288405464949261e-03
3.000000000000000e-02 2.029064941789469e-02 4.293426582367693e-03
3.500000000000000e-02 2.370444574459234e-02 4.298867592136704e-03
4.000000000000000e-02 2.713305812152553e-02 4.305423030182085e-03
4.500000000000000e-02 3.057862954304063e-02 4.312771492952451e-03
5.000000000000000e-02 3.404331360343898e-02 4.321342966947988e-03
5.500000000000000e-02 3.752927584304335e-02 4.330702622495197e-03
6.000000000000000e-02 4.103869510173117e-02 4.341208623015942e-03
6.500000000000000e-02 4.457376488078044e-02 4.352590644031294e-03
7.000000000000001e-02 4.813669471387935e-02 4.365117266288777e-03
7.500000000000000e-02 5.172971154815675e-02 4.378624900942738e-03
8.000000000000000e-02 5.535506113609672e-02 4.393543538056770e-03
8.500000000000001e-02 5.901500943920686e-02 4.409321917364794e-03
9.000000000000000e-02 6.271184404431801e-02 4.426522909443220e-03
9.500000000000000e-02 6.644787559340060e-02 4.444841363962318e-03
1.000000000000000e-01 7.022543922779090e-02 4.464521072805398e-03
1.050000000000000e-01 7.404689604773053e-02 4.485588084233839e-03
1.100000000000000e-01 7.791463458813094e-02 4.507919904886830e-03
1.150000000000000e-01 8.183107231148547e-02 4.531691548921558e-03
1.200000000000000e-01 8.579865711886202e-02 4.557298814417434e-03
1.250000000000000e-01 8.981986887992111e-02 4.584141200560492e-03
1.300000000000000e-01 9.389722098291493e-02 4.612804115771836e-03
1.350000000000000e-01 9.803326190563690e-02 4.643166169167693e-03
1.400000000000000e-01 1.022305768083033e-01 4.675327447345790e-03
1.450000000000000e-01 1.064917891493625e-01 4.709386676966821e-03
1.500000000000000e-01 1.108195623252418e-01 4.745436921548169e-03
1.550000000000000e-01 1.152166013350572e-01 4.783501729716051e-03
1.600000000000000e-01 1.196856544713255e-01 4.823849617345114e-03
1.650000000000000e-01 1.242295150377370e-01 4.866318444386059e-03
1.700000000000000e-01 1.288510230950609e-01 4.911327667980515e-03
1.750000000000000e-01 1.335530672362758e-01 4.958737322174387e-03
1.800000000000000e-01 1.383385863920344e-01 5.008800458565737e-03
1.850000000000000e-01 1.432105716675912e-01 5.061630222814043e-03
1.900000000000000e-01 1.481720682123397e-01 5.117343901460120e-03
1.950000000000000e-01 1.532261771231311e-01 5.176049370090259e-03
2.000000000000000e-01 1.583760573825595e-01 5.238048506399286e-03
2.050000000000000e-01 1.636249278334301e-01 5.303264806239559e-03
2.100000000000000e-01 1.689760691906397e-01 5.372110384688926e-03
2.150000000000000e-01 1.744328260917313e-01 5.444599509406572e-03
2.200000000000000e-01 1.799986091874004e-01 5.520970162382168e-03
2.250000000000000e-01 1.856768972732633e-01 5.601430756916990e-03
2.300000000000000e-01 1.914712394642179e-01 5.686210192337547e-03
2.350000000000000e-01 1.973852574127551e-01 5.775410487519285e-03
2.400000000000000e-01 2.034226475726105e-01 5.869461641858364e-03
2.450000000000000e-01 2.095871835091678e-01 5.968404181789254e-03
2.500000000000000e-01 2.158827182580599e-01 6.072603688549325e-03
2.550000000000000e-01 2.223131867334419e-01 6.182305718217318e-03
2.600000000000000e-01 2.288826081874405e-01 6.297786622441803e-03
2.650000000000000e-01 2.355950887223172e-01 6.419270655125457e-03
2.700000000000000e-01 2.424548238569160e-01 6.547222717451258e-03
2.750000000000000e-01 2.494661011489995e-01 6.681781186706906e-03
2.800000000000000e-01 2.566333028751116e-01 6.823382309058820e-03
2.850000000000000e-01 2.639609087696434e-01 6.972356083178655e-03
2.900000000000000e-01 2.714534988248126e-01 7.129072780496204e-03
2.950000000000000e-01 2.791157561533084e-01 7.293822683864983e-03
3.000000000000000e-01 2.869524699153886e-01 7.467155988623082e-03
3.050000000000000e-01 2.949685383122613e-01 7.649341867861738e-03
3.100000000000000e-01 3.031689716476197e-01 7.840841582706756e-03
3.150000000000000e-01 3.115588954592450e-01 8.042086293196592e-03
3.200000000000000e-01 3.201435537226349e-01 8.253590766320065e-03
3.250000000000000e-01 3.289283121286580e-01 8.475673581956248e-03
3.300000000000000e-01 3.379186614372866e-01 8.708923916406803e-03
3.350000000000000e-01 3.471202209094989e-01 8.953789274286581e-03
3.400000000000000e-01 3.565387418195016e-01 9.210774264721434e-03
3.450000000000000e-01 3.661801110494620e-01 9.480289791256414e-03
3.500000000000000e-01 3.760503547690021e-01 9.762971508576133e-03
3.550000000000000e-01 3.861556422017504e-01 1.005925184071783e-02
3.600000000000000e-01 3.965022894813072e-01 1.036964449773210e-02
3.650000000000000e-01 4.070967635990345e-01 1.069459203298551e-02
3.700000000000000e-01 4.179456864461349e-01 1.103470973700564e-02
3.750000000000000e-01 4.290558389525505e-01 1.139039842062949e-02
3.800000000000000e-01 4.404341653252637e-01 1.176213141104887e-02
3.850000000000000e-01 4.520877773886537e-01 1.215028496713691e-02
3.900000000000000e-01 4.640239590296172e-01 1.255537918845129e-02
3.950000000000000e-01 4.762501707502353e-01 1.297772816646947e-02
4.000000000000000e-01 4.887740543308307e-01 1.341767798001469e-02
4.050000000000000e-01 5.016034376063282e-01 1.387540892331264e-02
4.100000000000000e-01 5.147463393589066e-01 1.435120692465208e-02
4.150000000000000e-01 5.282109743299990e-01 1.484518285237565e-02
4.200000000000000e-01 5.420057583547735e-01 1.535745357918084e-02
4.250000000000000e-01 5.561393136223041e-01 1.588787086548473e-02
4.300000000000000e-01 5.706204740647189e-01 1.643629531164270e-02
4.350000000000000e-01 5.854582908786964e-01 1.700239370915906e-02
4.400000000000000e-01 6.006620381827575e-01 1.758582639843728e-02
4.450000000000000e-01 6.162412188138907e-01 1.818599445010174e-02
4.500000000000000e-01 6.322055702671360e-01 1.880223951638773e-02
4.550000000000000e-01 6.485650707818353e-01 1.943356872791735e-02
4.600000000000000e-01 6.653299455783577e-01 2.007890347083339e-02
4.650000000000000e-01 6.825106732491932e-01 2.073684995787148e-02
4.700000000000000e-01 7.001179923084168e-01 2.140587174010442e-02
4.750000000000000e-01 7.181629079036070e-01 2.208414737252618e-02
4.800000000000000e-01 7.366566986944229e-01 2.276963878838573e-02
4.850000000000000e-01 7.556109239021327e-01 2.346002558702391e-02
4.900000000000000e-01 7.750374305345038e-01 2.415271883586231e-02
4.950000000000000e-01 7.949483607905672e-01 2.484483625746020e-02
5.000000000000000e-01 8.153561596498893e-01 2.553320069928282e-02
5.050000000000000e-01 8.362735826510871e-01 2.621433216282489e-02
5.100000000000000e-01 8.577137038644561e-01 2.688444707275076e-02
5.150000000000000e-01 8.796899240636907e-01 2.753945951214186e-02
5.200000000000000e-01 9.022159791018011e-01 2.817498721099966e-02
5.250000000000000e-01 9.253059484964714e-01 2.878636206706976e-02
5.300000000000000e-01 9.489742642302165e-01 2.936864617015985e-02
5.350000000000000e-01 9.732357197708378e-01 2.991665393901490e-02
5.400000000000000e-01 9.981054793178262e-01 3.042498112565325e-02
5.450000000000000e-01 1.023599087280478e+00 3.088804139628380e-02
5.500000000000000e-01 1.049732477993657e+00 3.130011117690758e-02
5.550000000000000e-01 1.076521985677273e+00 3.165538337852777e-02
5.600000000000001e-01 1.103984354645701e+00 3.194803050151933e-02
5.650000000000001e-01 1.132136749773522e+00 3.217227744618663e-02
5.700000000000001e-01 1.160996767224129e+00 3.232248411991768e-02
5.750000000000001e-01 1.190582445447902e+00 3.239323762442554e-02
5.800000000000000e-01 1.220912276456826e+00 3.237945342754463e-02
5.850000000000000e-01 1.252005217382601e+00 3.227648447652467e-02
5.900000000000000e-01 1.283880702325469e+00 3.208023670432163e-02
5.950000000000000e-01 1.316558654501151e+00 3.178728883545587e-02
6.000000000000000e-01 1.350059498693518e+00 3.139501384013311e-02
6.050000000000000e-01 1.384404174020732e+00 3.090169884825080e-02
6.100000000000000e-01 1.419614147022888e+00 3.030665985748048e-02
6.150000000000000e-01 1.455711425079295e+00 2.961034719242934e-02
6.200000000000000e-01 1.492718570163803e+00 2.881443743300202e-02
6.250000000000000e-01 1.530658712946775e+00 2.792190746038703e-02
6.300000000000000e-01 1.569555567252506e+00 2.693708638814375e-02
6.350000000000000e-01 1.609433444881138e+00 2.586568145924503e-02
6.400000000000000e-01 1.650317270804325e+00 2.471477448895880e-02
6.450000000000000e-01 1.692232598744148e+00 2.349278609797549e-02
6.500000000000000e-01 1.735205627145031e+00 2.220940578434825e-02
6.550000000000000e-01 1.779263215548615e+00 2.087548680329530e-02
6.600000000000000e-01 1.824432901381847e+00 1.950290584907676e-02
6.650000000000000e-01 1.870742917168772e+00 1.810438867109346e-02
6.700000000000000e-01 1.918222208176775e+00 1.669330403926670e-02
6.750000000000000e-01 1.966900450508319e+00 1.528342995641772e-02
6.800000000000000e-01 2.016808069649473e+00 1.388869776591298e-02
6.850000000000001e-01 2.067976259486829e+00 1.252292188572962e-02
6.900000000000001e-01 2.120437001804702e+00 1.119952535290280e-02
6.950000000000001e-01 2.174223086274785e+00 9.931274170572107e-03
7.000000000000001e-01 2.229368130950753e+00 8.730036525905571e-03
7.050000000000000e-01 2.285906603280654e+00 7.606586120255474e-03
7.100000000000000e-01 2.343873841650178e+00 6.570471875892893e-03
7.150000000000000e-01 2.403306077470301e+00 5.629978858532863e-03
7.200000000000000e-01 2.464240457823092e+00 4.792207071350264e-03
7.250000000000000e-01 2.526715068679855e+00 4.063295550449872e-03
7.300000000000000e-01 2.590768958706095e+00 3.448818684040042e-03
7.350000000000000e-01 2.656442163668210e+00 2.954379664647468e-03
7.400000000000000e-01 2.723775731457148e+00 2.586422165105866e-03
7.450000000000000e-01 2.792811747744667e+00 2.353275157148432e-03
7.500000000000000e-01 2.863593362288260e+00 2.266436235316256e-03
7.550000000000000e-01 2.936164815901156e+00 2.342084087954434e-03
7.600000000000000e-01 3.010571468104263e+00 2.602788113946514e-03
7.650000000000000e-01 3.086859825477351e+00 3.079348806490022e-03
7.700000000000000e-01 3.165077570727174e+00 3.812651775145929e-03
7.750000000000000e-01 3.245273592490716e+00 4.855346430704185e-03
7.800000000000000e-01 3.327498015892184e+00 6.273064101890373e-03
7.850000000000000e-01 3.411802233872832e+00 8.144770274612002e-03
7.900000000000000e-01 3.498238939313234e+00 1.056170982353873e-02
7.950000000000000e-01 3.586862157968046e+00 1.362427264617215e-02
8.000000000000000e-01 3.677727282233856e+00 1.743601686166334e-02
8.050000000000000e-01 3.770891105771243e+00 2.209409459451863e-02
8.100000000000001e-01 3.866411859002656e+00 2.767550738688510e-02
8.150000000000001e-01 3.964349245508326e+00 3.421906081571918e-02
8.200000000000001e-01 4.064764479342956e+00 4.170366645679515e-02
8.250000000000001e-01 4.167720323296481e+00 5.002478245503950e-02
8.300000000000001e-01 4.273281128122877e+00 5.897222337321806e-02
8.350000000000000e-01 4.381512872761445e+00 6.821408708605896e-02
8.400000000000000e-01 4.492483205575838e+00 7.729273634029214e-02
8.450000000000000e-01 4.606261486636447e+00 8.563905868751026e-02
8.500000000000000e-01 4.722918831072739e+00 9.260996530838839e-02
8.550000000000000e-01 4.842528153522501e+00 9.755077628756079e-02
8.600000000000000e-01 4.965164213705875e+00 9.987872933236247e-02
8.650000000000000e-01 5.090903663152626e+00 9.917706080788526e-02
8.700000000000000e-01 5.219825093111814e+00 9.528259198117142e-02
8.750000000000000e-01 5.352009083673925e+00 8.834590045525915e-02
8.800000000000000e-01 5.487538254136007e+00 7.884442750996454e-02
8.850000000000000e-01 5.626497314641444e+00 6.753670997704631e-02
8.900000000000000e-01 5.768973119126561e+00 5.535962449739536e-02
8.950000000000000e-01 5.915054719607133e+00 4.328668345414222e-02
9.000000000000000e-01 6.064833421838831e+00 3.217854640446167e-02
9.050000000000000e-01 6.218402842386253e+00 2.266143768825296e-02
9.100000000000000e-01 6.375858967136348e+00 1.506210954430908e-02
9.150000000000000e-01 6.537300211292723e+00 9.410990856967730e-03
9.200000000000000e-01 6.702827480888332e+00 5.504405415845834e-03
9.250000000000000e-01 6.872544235855034e+00 3.000407973997385e-03
9.300000000000000e-01 7.046556554689444e+00 1.517063342261044e-03
9.350000000000001e-01 7.224973200755413e+00 7.079827442656459e-04
9.400000000000001e-01 7.407905690264673e+00 3.033586144654651e-04
9.450000000000001e-01 7.595468361978146e+00 1.186845872516572e-04
9.500000000000001e-01 7.787778448671316e+00 4.214924559289612e-05
9.550000000000001e-01 7.984956150408610e+00 1.350368007398418e-05
9.600000000000000e-01 8.187124709672272e+00 3.877387334693659e-06
9.650000000000000e-01 8.394410488393007e+00 9.909444039782897e-07
9.700000000000000e-01 8.606943046930221e+00 2.237758860822917e-07
9.750000000000000e-01 8.824855225051540e+00 4.431023088764001e-08
9.800000000000000e-01 9.048283224961922e+00 7.634907973844305e-09
9.850000000000000e-01 9.277366696434507e+00 1.143876453517306e-09
9.900000000000000e-01 9.512248824096272e+00 1.632407108077361e-10
9.950000000000000e-01 9.753076416923058e+00 3.220221708392595e-11
1.000000000000000e+00 1.000000000000000e+01 -1.030364987438456e-11
