0.000000000000000e+00 0.000000000000000e+00 -1.026410969262277e-02
5.000000000000000e-03 3.369477419287315e-03 -1.026771061052222e-02
1.000000000000000e-02 6.741060871647481e-03 -1.026929385759131e-02
1.500000000000000e-02 1.011685770649257e-02 -1.027202718610377e-02
2.000000000000000e-02 1.349897790673588e-02 -1.027316765316962e-02
2.500000000000000e-02 1.688953540759990e-02 -1.027628032546096e-02
3.000000000000000e-02 2.029064941789469e-02 -1.027909333584998e-02
3.500000000000000e-02 2.370444574459234e-02 -1.028383323779486e-02
4.000000000000000e-02 2.713305812152553e-02 -1.028748577251788e-02
4.500000000000000e-02 3.057862954304063e-02 -1.029353606685823e-02
5.000000000000000e-02 3.404331360343898e-02 -1.029871703941700e-02
5.500000000000000e-02 3.752927584304335e-02 -1.030583113689202e-02
6.000000000000000e-02 4.103869510173117e-02 -1.031287932193326e-02
6.500000000000000e-02 4.457376488078044e-02 -1.032126314577099e-02
7.000000000000001e-02 4.813669471387935e-02 -1.032985228719847e-02
7.500000000000000e-02 5.172971154815675e-02 -1.033955543838288e-02
8.000000000000000e-02 5.535506113609672e-02 -1.034982455327600e-02
8.500000000000001e-02 5.901500943920686e-02 -1.036114041288392e-02
9.000000000000000e-02 6.271184404431801e-02 -1.037307729170407e-02
9.500000000000000e-02 6.644787559340060e-02 -1.038598195943416e-02
1.000000000000000e-01 7.022543922779090e-02 -1.039988058242601e-02
1.050000000000000e-01 7.404689604773053e-02 -1.041445140398786e-02
1.100000000000000e-01 7.791463458813094e-02 -1.043030182496917e-02
1.150000000000000e-01 8.183107231148547e-02 -1.044701289921496e-02
1.200000000000000e-01 8.579865711886202e-02 -1.046483280527328e-02
1.250000000000000e-01 8.981986887992111e-02 -1.048372657075016e-02
1.300000000000000e-01 9.389722098291493e-02 -1.050374130969661e-02
1.350000000000000e-01 9.803326190563690e-02 -1.052507873943678e-02
1.400000000000000e-01 1.022305768083033e-01 -1.054749934331987e-02
1.450000000000000e-01 1.064917891493625e-01 -1.057131075860674e-02
1.500000000000000e-01 1.108195623252418e-01 -1.059652310823858e-02
1.550000000000000e-01 1.152166013350572e-01 -1.062316421536539e-02
1.600000000000000e-01 1.196856544713255e-01 -1.065125168590678e-02
1.650000000000000e-01 1.242295150377370e-01 -1.068106843662531e-02
1.700000000000000e-01 1.288510230950609e-01 -1.071225890715554e-02
1.750000000000000e-01 1.335530672362758e-01 -1.074544956171144e-02
1.800000000000000e-01 1.383385863920344e-01 -1.078029840569980e-02
1.850000000000000e-01 1.432105716675912e-01 -1.081713582420482e-02
1.900000000000000e-01 1.481720682123397e-01 -1.085578292485917e-02
1.950000000000000e-01 1.532261771231311e-01 -1.089668696886911e-02
2.000000000000000e-01 1.583760573825595e-01 -1.093968484898949e-02
2.050000000000000e-01 1.636249278334301e-01 -1.098506509304301e-02
2.100000000000000e-01 1.689760691906397e-01 -1.103277744191602e-02
2.150000000000000e-01 1.744328260917313e-01 -1.108308753618390e-02
2.200000000000000e-01 1.799986091874004e-01 -1.113600857738789e-02
2.250000000000000e-01 1.856768972732633e-01 -1.119177952606634e-02
2.300000000000000e-01 1.914712394642179e-01 -1.125035171688152e-02
2.350000000000000e-01 1.973852574127551e-01 -1.131210357123031e-02
2.400000000000000e-01 2.034226475726105e-01 -1.137699863788743e-02
2.450000000000000e-01 2.095871835091678e-01 -1.144531418849955e-02
2.500000000000000e-01 2.158827182580599e-01 -1.151723283573985e-02
2.550000000000000e-01 2.223131867334419e-01 -1.159290893575150e-02
2.600000000000000e-01 2.288826081874405e-01 -1.167249696561185e-02
2.650000000000000e-01 2.355950887223172e-01 -1.175613922677038e-02
2.700000000000000e-01 2.424548238569160e-01 -1.184418902379646e-02
2.750000000000000e-01 2.494661011489995e-01 -1.193678674330600e-02
2.800000000000000e-01 2.566333028751116e-01 -1.203411495886609e-02
2.850000000000000e-01 2.639609087696434e-01 -1.213654601500968e-02
2.900000000000000e-01 2.714534988248126e-01 -1.224414465782891e-02
2.950000000000000e-01 2.791157561533084e-01 -1.235744859114222e-02
3.000000000000000e-01 2.869524699153886e-01 -1.247637636562039e-02
3.050000000000000e-01 2.949685383122613e-01 -1.260157568557533e-02
3.100000000000000e-01 3.031689716476197e-01 -1.273304361570819e-02
3.150000000000000e-01 3.115588954592450e-01 -1.287129804722084e-02
3.200000000000000e-01 3.201435537226349e-01 -1.301666724981646e-02
3.250000000000000e-01 3.289283121286580e-01 -1.316933717424988e-02
3.300000000000000e-01 3.379186614372866e-01 -1.332991697903235e-02
3.350000000000000e-01 3.471202209094989e-01 -1.349852861899477e-02
3.400000000000000e-01 3.565387418195016e-01 -1.367568113834492e-02
3.450000000000000e-01 3.661801110494620e-01 -1.386187526750121e-02
3.500000000000000e-01 3.760503547690021e-01 -1.405731611484952e-02
3.550000000000000e-01 3.861556422017504e-01 -1.426273744716609e-02
3.600000000000000e-01 3.965022894813072e-01 -1.447830163135589e-02
3.650000000000000e-01 4.070967635990345e-01 -1.470466062118954e-02
3.700000000000000e-01 4.179456864461349e-01 -1.494227134439123e-02
3.750000000000000e-01 4.290558389525505e-01 -1.519163555255592e-02
3.800000000000000e-01 4.404341653252637e-01 -1.545322975578233e-02
3.850000000000000e-01 4.520877773886537e-01 -1.572759036574333e-02
3.900000000000000e-01 4.640239590296172e-01 -1.601534281688088e-02
3.950000000000000e-01 4.762501707502353e-01 -1.631693138604027e-02
4.000000000000000e-01 4.887740543308307e-01 -1.663290895354174e-02
4.050000000000000e-01 5.016034376063282e-01 -1.696394177120440e-02
4.100000000000000e-01 5.147463393589066e-01 -1.731040936577611e-02
4.150000000000000e-01 5.282109743299990e-01 -1.767302592385758e-02
4.200000000000000e-01 5.420057583547735e-01 -1.805219863680402e-02
4.250000000000000e-01 5.561393136223041e-01 -1.844848288845803e-02
4.300000000000000e-01 5.706204740647189e-01 -1.886239692805688e-02
4.350000000000000e-01 5.854582908786964e-01 -1.929430664429405e-02
4.400000000000000e-01 6.006620381827575e-01 -1.974466998743717e-02
4.450000000000000e-01 6.162412188138907e-01 -2.021382570292102e-02
4.500000000000000e-01 6.322055702671360e-01 -2.070194422739247e-02
4.550000000000000e-01 6.485650707818353e-01 -2.120932197666306e-02
4.600000000000000e-01 6.653299455783577e-01 -2.173588968658008e-02
4.650000000000000e-01 6.825106732491932e-01 -2.228160721692997e-02
4.700000000000000e-01 7.001179923084168e-01 -2.284626018502378e-02
4.750000000000000e-01 7.181629079036070e-01 -2.342933335555506e-02
4.800000000000000e-01 7.366566986944229e-01 -2.403020937634883e-02
4.850000000000000e-01 7.556109239021327e-01 -2.464799754436984e-02
4.900000000000000e-01 7.750374305345038e-01 -2.528138272451513e-02
4.950000000000000e-01 7.949483607905672e-01 -2.592890273254567e-02
5.000000000000000e-01 8.153561596498893e-01 -2.658858054139922e-02
5.050000000000000e-01 8.362735826510871e-01 -2.725798563003893e-02
5.100000000000000e-01 8.577137038644561e-01 -2.793431975919912e-02
5.150000000000000e-01 8.796899240636907e-01 -2.861415053264642e-02
5.200000000000000e-01 9.022159791018011e-01 -2.929341596637914e-02
5.250000000000000e-01 9.253059484964714e-01 -2.996754643451997e-02
5.300000000000000e-01 9.489742642302165e-01 -3.063117655705400e-02
5.350000000000000e-01 9.732357197708378e-01 -3.127818300093294e-02
5.400000000000000e-01 9.981054793178262e-01 -3.190180616608954e-02
5.450000000000000e-01 1.023599087280478e+00 -3.249444909738436e-02
5.500000000000000e-01 1.049732477993657e+00 -3.304770257926008e-02
5.550000000000000e-01 1.076521985677273e+00 -3.355254714403325e-02
5.600000000000001e-01 1.103984354645701e+00 -3.399930759545812e-02
5.650000000000001e-01 1.132136749773522e+00 -3.437767350411384e-02
5.700000000000001e-01 1.160996767224129e+00 -3.467702250443923e-02
5.750000000000001e-01 1.190582445447902e+00 -3.488658499477475e-02
5.800000000000000e-01 1.220912276456826e+00 -3.499554330025463e-02
5.850000000000000e-01 1.252005217382601e+00 -3.499336945090963e-02
5.900000000000000e-01 1.283880702325469e+00 -3.487021269907650e-02
5.950000000000000e-01 1.316558654501151e+00 -3.461710546900609e-02
6.000000000000000e-01 1.350059498693518e+00 -3.422619152149125e-02
6.050000000000000e-01 1.384404174020732e+00 -3.369111794174564e-02
6.100000000000000e-01 1.419614147022888e+00 -3.300729766642680e-02
6.150000000000000e-01 1.455711425079295e+00 -3.217202834559790e-02
6.200000000000000e-01 1.492718570163803e+00 -3.118455691777146e-02
6.250000000000000e-01 1.530658712946775e+00 -3.004624545328607e-02
6.300000000000000e-01 1.569555567252506e+00 -2.876057226637241e-02
6.350000000000000e-01 1.609433444881138e+00 -2.733304430215936e-02
6.400000000000000e-01 1.650317270804325e+00 -2.577098324042418e-02
6.450000000000000e-01 1.692232598744148e+00 -2.408342552372641e-02
6.500000000000000e-01 1.735205627145031e+00 -2.228094458363980e-02
6.550000000000000e-01 1.779263215548615e+00 -2.037551005863680e-02
6.600000000000000e-01 1.824432901381847e+00 -1.838019996101249e-02
6.650000000000000e-01 1.870742917168772e+00 -1.630903123057061e-02
6.700000000000000e-01 1.918222208176775e+00 -1.417675919922081e-02
6.750000000000000e-01 1.966900450508319e+00 -1.199882732580195e-02
6.800000000000000e-01 2.016808069649473e+00 -9.791232488126795e-03
6.850000000000001e-01 2.067976259486829e+00 -7.570540014233947e-03
6.900000000000001e-01 2.120437001804702e+00 -5.353772441282539e-03
6.950000000000001e-01 2.174223086274785e+00 -3.158457079983551e-03
7.000000000000001e-01 2.229368130950753e+00 -1.002571554899654e-03
7.050000000000000e-01 2.285906603280654e+00 1.095429339265188e-03
7.100000000000000e-01 2.343873841650178e+00 3.116684528637603e-03
7.150000000000000e-01 2.403306077470301e+00 5.042043727158992e-03
7.200000000000000e-01 2.464240457823092e+00 6.852344497258009e-03
7.250000000000000e-01 2.526715068679855e+00 8.528890505412653e-03
7.300000000000000e-01 2.590768958706095e+00 1.005423134625441e-02
7.350000000000000e-01 2.656442163668210e+00 1.141332350025112e-02
7.400000000000000e-01 2.723775731457148e+00 1.259514297203096e-02
7.450000000000000e-01 2.792811747744667e+00 1.359476760671310e-02
7.500000000000000e-01 2.863593362288260e+00 1.441587379075145e-02
7.550000000000000e-01 2.936164815901156e+00 1.507350328759946e-02
7.600000000000000e-01 3.010571468104263e+00 1.559687616029808e-02
7.650000000000000e-01 3.086859825477351e+00 1.603197321911433e-02
7.700000000000000e-01 3.165077570727174e+00 1.644359260204481e-02
7.750000000000000e-01 3.245273592490716e+00 1.691658715510396e-02
7.800000000000000e-01 3.327498015892184e+00 1.755598578805500e-02
7.850000000000000e-01 3.411802233872832e+00 1.848566645800970e-02
7.900000000000000e-01 3.498238939313234e+00 1.984517094260457e-02
7.950000000000000e-01 3.586862157968046e+00 2.178415020578855e-02
8.000000000000000e-01 3.677727282233856e+00 2.445385193757611e-02
8.050000000000000e-01 3.770891105771243e+00 2.799507950201407e-02
8.100000000000001e-01 3.866411859002656e+00 3.252224543461314e-02
8.150000000000001e-01 3.964349245508326e+00 3.810359108353527e-02
8.200000000000001e-01 4.064764479342956e+00 4.473840557469450e-02
8.250000000000001e-01 4.167720323296481e+00 5.233316571032675e-02
8.300000000000001e-01 4.273281128122877e+00 6.067986366948622e-02
8.350000000000000e-01 4.381512872761445e+00 6.944118860680294e-02
8.400000000000000e-01 4.492483205575838e+00 7.814830526216213e-02
8.450000000000000e-01 4.606261486636447e+00 8.621718165146240e-02
8.500000000000000e-01 4.722918831072739e+00 9.298813392492979e-02
8.550000000000000e-01 4.842528153522501e+00 9.778998223807005e-02
8.600000000000000e-01 4.965164213705875e+00 1.000248848127817e-01
8.650000000000000e-01 5.090903663152626e+00 9.926323287312964e-02
8.700000000000000e-01 5.219825093111814e+00 9.533156938950692e-02
8.750000000000000e-01 5.352009083673925e+00 8.837271016652384e-02
8.800000000000000e-01 5.487538254136007e+00 7.885854850895402e-02
8.850000000000000e-01 5.626497314641444e+00 6.754386065746414e-02
8.900000000000000e-01 5.768973119126561e+00 5.536310299942818e-02
8.950000000000000e-01 5.915054719607133e+00 4.328830779615454e-02
9.000000000000000e-01 6.064833421838831e+00 3.217927402299890e-02
9.050000000000000e-01 6.218402842386253e+00 2.266175014889700e-02
9.100000000000000e-01 6.375858967136348e+00 1.506223810249438e-02
9.150000000000000e-01 6.537300211292723e+00 9.411041508159728e-03
9.200000000000000e-01 6.702827480888332e+00 5.504424517203689e-03
9.250000000000000e-01 6.872544235855034e+00 3.000414866898200e-03
9.300000000000000e-01 7.046556554689444e+00 1.517065722715961e-03
9.350000000000001e-01 7.224973200755413e+00 7.079835336564652e-04
9.400000000000001e-01 7.407905690264673e+00 3.033588696162882e-04
9.450000000000001e-01 7.595468361978146e+00 1.186846735857876e-04
9.500000000000001e-01 7.787778448671316e+00 4.214928381519164e-05
9.550000000000001e-01 7.984956150408610e+00 1.350370574188336e-05
9.600000000000000e-01 8.187124709672272e+00 3.877411611165911e-06
9.650000000000000e-01 8.394410488393007e+00 9.909661990225842e-07
9.700000000000000e-01 8.606943046930221e+00 2.237932195822058e-07
9.750000000000000e-01 8.824855225051540e+00 4.432547040099103e-08
9.800000000000000e-01 9.048283224961922e+00 7.647749851816742e-09
9.850000000000000e-01 9.277366696434507e+00 1.150847050075216e-09
9.900000000000000e-01 9.512248824096272e+00 1.631764708319993e-10
9.950000000000000e-01 9.753076416923058e+00 3.432493424128272e-11
1.000000000000000e+00 1.000000000000000e+01 1.731696365783774e-11
