0.000000000000000e+00 0.000000000000000e+00 -1.213536770791453e-04
5.000000000000000e-03 3.369477419287315e-03 -1.249543386642653e-04
1.000000000000000e-02 6.741060871647481e-03 -1.221214450470356e-04
1.500000000000000e-02 1.011685770649257e-02 -1.238846490297761e-04
2.000000000000000e-02 1.349897790673588e-02 -1.224682505682478e-04
2.500000000000000e-02 1.688953540759990e-02 -1.238040400810521e-04
3.000000000000000e-02 2.029064941789469e-02 -1.228970711249556e-04
3.500000000000000e-02 2.370444574459234e-02 -1.241162120336482e-04
4.000000000000000e-02 2.713305812152553e-02 -1.232263345055050e-04
4.500000000000000e-02 3.057862954304063e-02 -1.245198877089668e-04
5.000000000000000e-02 3.404331360343898e-02 -1.233269257108090e-04
5.500000000000000e-02 3.752927584304335e-02 -1.247486043203263e-04
6.000000000000000e-02 4.103869510173117e-02 -1.232792918061437e-04
6.500000000000000e-02 4.457376488078044e-02 -1.245821573036337e-04
7.000000000000001e-02 4.813669471387935e-02 -1.234895316664946e-04
7.500000000000000e-02 5.172971154815675e-02 -1.247973164065376e-04
8.000000000000000e-02 5.535506113609672e-02 -1.235795299241410e-04
8.500000000000001e-02 5.901500943920686e-02 -1.247855339296796e-04
9.000000000000000e-02 6.271184404431801e-02 -1.238181349643823e-04
9.500000000000000e-02 6.644787559340060e-02 -1.247976980670081e-04
1.000000000000000e-01 7.022543922779090e-02 -1.241608983543581e-04
1.050000000000000e-01 7.404689604773053e-02 -1.248203137423065e-04
1.100000000000000e-01 7.791463458813094e-02 -1.243197545129525e-04
1.150000000000000e-01 8.183107231148547e-02 -1.248445943589015e-04
1.200000000000000e-01 8.579865711886202e-02 -1.245093006244298e-04
1.250000000000000e-01 8.981986887992111e-02 -1.249325655051076e-04
1.300000000000000e-01 9.389722098291493e-02 -1.246758115472878e-04
1.350000000000000e-01 9.803326190563690e-02 -1.249292086021020e-04
1.400000000000000e-01 1.022305768083033e-01 -1.247635197605231e-04
1.450000000000000e-01 1.064917891493625e-01 -1.249028647990823e-04
1.500000000000000e-01 1.108195623252418e-01 -1.248948762124735e-04
1.550000000000000e-01 1.152166013350572e-01 -1.249291589346138e-04
1.600000000000000e-01 1.196856544713255e-01 -1.250607243077726e-04
1.650000000000000e-01 1.242295150377370e-01 -1.250497181899722e-04
1.700000000000000e-01 1.288510230950609e-01 -1.252647681437566e-04
1.750000000000000e-01 1.335530672362758e-01 -1.252117590312209e-04
1.800000000000000e-01 1.383385863920344e-01 -1.255224587904332e-04
1.850000000000000e-01 1.432105716675912e-01 -1.254103723161830e-04
1.900000000000000e-01 1.481720682123397e-01 -1.258115452120709e-04
1.950000000000000e-01 1.532261771231311e-01 -1.256594634938251e-04
2.000000000000000e-01 1.583760573825595e-01 -1.261306997878015e-04
2.050000000000000e-01 1.636249278334301e-01 -1.258851424758432e-04
2.100000000000000e-01 1.689760691906397e-01 -1.263237965225937e-04
2.150000000000000e-01 1.744328260917313e-01 -1.262190927316241e-04
2.200000000000000e-01 1.799986091874004e-01 -1.266133895291142e-04
2.250000000000000e-01 1.856768972732633e-01 -1.265624871606841e-04
2.300000000000000e-01 1.914712394642179e-01 -1.269238102190246e-04
2.350000000000000e-01 1.973852574127551e-01 -1.269419307380798e-04
2.400000000000000e-01 2.034226475726105e-01 -1.271409522201145e-04
2.450000000000000e-01 2.095871835091678e-01 -1.272328400274566e-04
2.500000000000000e-01 2.158827182580599e-01 -1.274340563029479e-04
2.550000000000000e-01 2.223131867334419e-01 -1.276744214326749e-04
2.600000000000000e-01 2.288826081874405e-01 -1.277591866154106e-04
2.650000000000000e-01 2.355950887223172e-01 -1.280922965784025e-04
2.700000000000000e-01 2.424548238569160e-01 -1.281606399279427e-04
2.750000000000000e-01 2.494661011489995e-01 -1.285414229700903e-04
2.800000000000000e-01 2.566333028751116e-01 -1.285554041193481e-04
2.850000000000000e-01 2.639609087696434e-01 -1.290454564548672e-04
2.900000000000000e-01 2.714534988248126e-01 -1.290757492103672e-04
2.950000000000000e-01 2.791157561533084e-01 -1.295367137524549e-04
3.000000000000000e-01 2.869524699153886e-01 -1.296131091662956e-04
3.050000000000000e-01 2.949685383122613e-01 -1.300651101952048e-04
3.100000000000000e-01 3.031689716476197e-01 -1.301662701792778e-04
3.150000000000000e-01 3.115588954592450e-01 -1.305235833574988e-04
3.200000000000000e-01 3.201435537226349e-01 -1.307479079402135e-04
3.250000000000000e-01 3.289283121286580e-01 -1.310236273905397e-04
3.300000000000000e-01 3.379186614372866e-01 -1.313865890907361e-04
3.350000000000000e-01 3.471202209094989e-01 -1.316422310641209e-04
3.400000000000000e-01 3.565387418195016e-01 -1.319979597047904e-04
3.450000000000000e-01 3.661801110494620e-01 -1.322099855750086e-04
3.500000000000000e-01 3.760503547690021e-01 -1.326990146145595e-04
3.550000000000000e-01 3.861556422017504e-01 -1.328528949718097e-04
3.600000000000000e-01 3.965022894813072e-01 -1.333045376763305e-04
3.650000000000000e-01 4.070967635990345e-01 -1.335310556957629e-04
3.700000000000000e-01 4.179456864461349e-01 -1.339013984469294e-04
3.750000000000000e-01 4.290558389525505e-01 -1.342278416182414e-04
3.800000000000000e-01 4.404341653252637e-01 -1.345067411112538e-04
3.850000000000000e-01 4.520877773886537e-01 -1.348696802600323e-04
3.900000000000000e-01 4.640239590296172e-01 -1.350729680687384e-04
3.950000000000000e-01 4.762501707502353e-01 -1.354708753677913e-04
4.000000000000000e-01 4.887740543308307e-01 -1.356165612604821e-04
4.050000000000000e-01 5.016034376063282e-01 -1.360014366314787e-04
4.100000000000000e-01 5.147463393589066e-01 -1.361967716875898e-04
4.150000000000000e-01 5.282109743299990e-01 -1.364758971074966e-04
4.200000000000000e-01 5.420057583547735e-01 -1.366449588200418e-04
4.250000000000000e-01 5.561393136223041e-01 -1.367891743108889e-04
4.300000000000000e-01 5.706204740647189e-01 -1.369810273394784e-04
4.350000000000000e-01 5.854582908786964e-01 -1.370364590166767e-04
4.400000000000000e-01 6.006620381827575e-01 -1.371730064480913e-04
4.450000000000000e-01 6.162412188138907e-01 -1.371691649764499e-04
4.500000000000000e-01 6.322055702671360e-01 -1.371799596091864e-04
4.550000000000000e-01 6.485650707818353e-01 -1.371148041685631e-04
4.600000000000000e-01 6.653299455783577e-01 -1.369585396550296e-04
4.650000000000000e-01 6.825106732491932e-01 -1.367951126313813e-04
4.700000000000000e-01 7.001179923084168e-01 -1.365267359131734e-04
4.750000000000000e-01 7.181629079036070e-01 -1.362392515006749e-04
4.800000000000000e-01 7.366566986944229e-01 -1.358454494277738e-04
4.850000000000000e-01 7.556109239021327e-01 -1.354000572227820e-04
4.900000000000000e-01 7.750374305345038e-01 -1.348053051670867e-04
4.950000000000000e-01 7.949483607905672e-01 -1.342065520445557e-04
5.000000000000000e-01 8.153561596498893e-01 -1.334656508068060e-04
5.050000000000000e-01 8.362735826510871e-01 -1.326735945424739e-04
5.100000000000000e-01 8.577137038644561e-01 -1.318055574795120e-04
5.150000000000000e-01 8.796899240636907e-01 -1.307421375402868e-04
5.200000000000000e-01 9.022159791018011e-01 -1.297167190781379e-04
5.250000000000000e-01 9.253059484964714e-01 -1.285657315564128e-04
5.300000000000000e-01 9.489742642302165e-01 -1.272747693118782e-04
5.350000000000000e-01 9.732357197708378e-01 -1.259831170328591e-04
5.400000000000000e-01 9.981054793178262e-01 -1.245584110273338e-04
5.450000000000000e-01 1.023599087280478e+00 -1.231335240085951e-04
5.500000000000000e-01 1.049732477993657e+00 -1.216081029950717e-04
5.550000000000000e-01 1.076521985677273e+00 -1.200659082382938e-04
5.600000000000001e-01 1.103984354645701e+00 -1.185354663993887e-04
5.650000000000001e-01 1.132136749773522e+00 -1.169565521887776e-04
5.700000000000001e-01 1.160996767224129e+00 -1.154562768284233e-04
5.750000000000001e-01 1.190582445447902e+00 -1.139962361997236e-04
5.800000000000000e-01 1.220912276456826e+00 -1.126024372268774e-04
5.850000000000000e-01 1.252005217382601e+00 -1.113955100836415e-04
5.900000000000000e-01 1.283880702325469e+00 -1.102969035458516e-04
5.950000000000000e-01 1.316558654501151e+00 -1.094621041818702e-04
6.000000000000000e-01 1.350059498693518e+00 -1.089125000335796e-04
6.050000000000000e-01 1.384404174020732e+00 -1.086766586709349e-04
6.100000000000000e-01 1.419614147022888e+00 -1.089199404701512e-04
6.150000000000000e-01 1.455711425079295e+00 -1.096754514518988e-04
6.200000000000000e-01 1.492718570163803e+00 -1.110536345154188e-04
6.250000000000000e-01 1.530658712946775e+00 -1.132782215342962e-04
6.300000000000000e-01 1.569555567252506e+00 -1.164203097728774e-04
6.350000000000000e-01 1.609433444881138e+00 -1.207587411515628e-04
6.400000000000000e-01 1.650317270804325e+00 -1.265907776245282e-04
6.450000000000000e-01 1.692232598744148e+00 -1.341897165808171e-04
6.500000000000000e-01 1.735205627145031e+00 -1.440461358237079e-04
6.550000000000000e-01 1.779263215548615e+00 -1.567495527026720e-04
6.600000000000000e-01 1.824432901381847e+00 -1.729247972124845e-04
6.650000000000000e-01 1.870742917168772e+00 -1.935522437445208e-04
6.700000000000000e-01 1.918222208176775e+00 -2.197978117022839e-04
6.750000000000000e-01 1.966900450508319e+00 -2.530685513142766e-04
6.800000000000000e-01 2.016808069649473e+00 -2.952430504981576e-04
6.850000000000001e-01 2.067976259486829e+00 -3.486818542954963e-04
6.900000000000001e-01 2.120437001804702e+00 -4.162099532011252e-04
6.950000000000001e-01 2.174223086274785e+00 -5.014052685983206e-04
7.000000000000001e-01 2.229368130950753e+00 -6.085983020792302e-04
7.050000000000000e-01 2.285906603280654e+00 -7.429454176033249e-04
7.100000000000000e-01 2.343873841650178e+00 -9.105427628459554e-04
7.150000000000000e-01 2.403306077470301e+00 -1.118338210427126e-03
7.200000000000000e-01 2.464240457823092e+00 -1.373816951415776e-03
7.250000000000000e-01 2.526715068679855e+00 -1.684893534679913e-03
7.300000000000000e-01 2.590768958706095e+00 -2.059242067074701e-03
7.350000000000000e-01 2.656442163668210e+00 -2.502706548158400e-03
7.400000000000000e-01 2.723775731457148e+00 -3.017164557946004e-03
7.450000000000000e-01 2.792811747744667e+00 -3.598453044728832e-03
7.500000000000000e-01 2.863593362288260e+00 -4.233513232470434e-03
7.550000000000000e-01 2.936164815901156e+00 -4.895707545884239e-03
7.600000000000000e-01 3.010571468104263e+00 -5.537985041294042e-03
7.650000000000000e-01 3.086859825477351e+00 -6.085559493653451e-03
7.700000000000000e-01 3.165077570727174e+00 -6.431016132913749e-03
7.750000000000000e-01 3.245273592490716e+00 -6.434832481628433e-03
7.800000000000000e-01 3.327498015892184e+00 -5.932460948129490e-03
7.850000000000000e-01 3.411802233872832e+00 -4.746702368314073e-03
7.900000000000000e-01 3.498238939313234e+00 -2.702437718357269e-03
7.950000000000000e-01 3.586862157968046e+00 3.593660235569305e-04
8.000000000000000e-01 3.677727282233856e+00 4.570142800086090e-03
8.050000000000000e-01 3.770891105771243e+00 1.002430840514685e-02
8.100000000000001e-01 3.866411859002656e+00 1.676987166519515e-02
8.150000000000001e-01 3.964349245508326e+00 2.479678910550879e-02
8.200000000000001e-01 4.064764479342956e+00 3.402219480499498e-02
8.250000000000001e-01 4.167720323296481e+00 4.427316977519965e-02
8.300000000000001e-01 4.273281128122877e+00 5.526915064064810e-02
8.350000000000000e-01 4.381512872761445e+00 6.660725322491974e-02
8.400000000000000e-01 4.492483205575838e+00 7.775635560683110e-02
8.450000000000000e-01 4.606261486636447e+00 8.806811706595670e-02
8.500000000000000e-01 4.722918831072739e+00 9.681357626803670e-02
8.550000000000000e-01 4.842528153522501e+00 1.032499387698578e-01
8.600000000000000e-01 4.965164213705875e+00 1.067142070129136e-01
8.650000000000000e-01 5.090903663152626e+00 1.067305632695454e-01
8.700000000000000e-01 5.219825093111814e+00 1.031103160216817e-01
8.750000000000000e-01 5.352009083673925e+00 9.601955239029833e-02
8.800000000000000e-01 5.487538254136007e+00 8.599238634435492e-02
8.850000000000000e-01 5.626497314641444e+00 7.387752619344522e-02
8.900000000000000e-01 5.768973119126561e+00 6.072157519350914e-02
8.950000000000000e-01 5.915054719607133e+00 4.761023418482013e-02
9.000000000000000e-01 6.064833421838831e+00 3.550251453675764e-02
9.050000000000000e-01 6.218402842386253e+00 2.509728381526817e-02
9.100000000000000e-01 6.375858967136348e+00 1.676298339267931e-02
9.150000000000000e-01 6.537300211292723e+00 1.054230619257250e-02
9.200000000000000e-01 6.702827480888332e+00 6.220994762794980e-03
9.250000000000000e-01 6.872544235855034e+00 3.432575115554759e-03
9.300000000000000e-01 7.046556554689444e+00 1.765195457911981e-03
9.350000000000001e-01 7.224973200755413e+00 8.436117694717716e-04
9.400000000000001e-01 7.407905690264673e+00 3.739381776178851e-04
9.450000000000001e-01 7.595468361978146e+00 1.536553675402064e-04
9.500000000000001e-01 7.787778448671316e+00 5.864970125522147e-05
9.550000000000001e-01 7.984956150408610e+00 2.091902189749502e-05
9.600000000000000e-01 8.187124709672272e+00 7.052092314189433e-06
9.650000000000000e-01 8.394410488393007e+00 2.285976636672503e-06
9.700000000000000e-01 8.606943046930221e+00 7.271042860929435e-07
9.750000000000000e-01 8.824855225051540e+00 2.297726685184535e-07
9.800000000000000e-01 9.048283224961922e+00 7.099286248150908e-08
9.850000000000000e-01 9.277366696434507e+00 1.222439124789928e-08
9.900000000000000e-01 9.512248824096272e+00 -1.728981969218936e-08
9.950000000000000e-01 9.753076416923058e+00 -1.053459756765275e-07
1.000000000000000e+00 1.000000000000000e+01 -3.342132517544423e-05
