0.000000000000000e+00 0.000000000000000e+00 -1.307148721097547e-04
5.000000000000000e-03 3.369477419287315e-03 -1.343155336951327e-04
1.000000000000000e-02 6.741060871647481e-03 -1.357602243809167e-04
1.500000000000000e-02 1.011685770649257e-02 -1.367283263215474e-04
2.000000000000000e-02 1.349897790673588e-02 -1.361847687541818e-04
2.500000000000000e-02 1.688953540759990e-02 -1.368381966915202e-04
3.000000000000000e-02 2.029064941789469e-02 -1.366064635814781e-04
3.500000000000000e-02 2.370444574459234e-02 -1.372153932871876e-04
4.000000000000000e-02 2.713305812152553e-02 -1.364663650421626e-04
4.500000000000000e-02 3.057862954304063e-02 -1.371207126752675e-04
5.000000000000000e-02 3.404331360343898e-02 -1.365552973007157e-04
5.500000000000000e-02 3.752927584304335e-02 -1.373285851687966e-04
6.000000000000000e-02 4.103869510173117e-02 -1.362372361335440e-04
6.500000000000000e-02 4.457376488078044e-02 -1.372503383346158e-04
7.000000000000001e-02 4.813669471387935e-02 -1.362002825766628e-04
7.500000000000000e-02 5.172971154815675e-02 -1.369235946646707e-04
8.000000000000000e-02 5.535506113609672e-02 -1.363205351113094e-04
8.500000000000001e-02 5.901500943920686e-02 -1.368726548386995e-04
9.000000000000000e-02 6.271184404431801e-02 -1.363594621009172e-04
9.500000000000000e-02 6.644787559340060e-02 -1.368590055143547e-04
1.000000000000000e-01 7.022543922779090e-02 -1.365307986844747e-04
1.050000000000000e-01 7.404689604773053e-02 -1.369870880727135e-04
1.100000000000000e-01 7.791463458813094e-02 -1.367238615612070e-04
1.150000000000000e-01 8.183107231148547e-02 -1.369687284890630e-04
1.200000000000000e-01 8.579865711886202e-02 -1.368779339326114e-04
1.250000000000000e-01 8.981986887992111e-02 -1.370539957548132e-04
1.300000000000000e-01 9.389722098291493e-02 -1.371004247228361e-04
1.350000000000000e-01 9.803326190563690e-02 -1.372707589252070e-04
1.400000000000000e-01 1.022305768083033e-01 -1.372842937326137e-04
1.450000000000000e-01 1.064917891493625e-01 -1.374824763401306e-04
1.500000000000000e-01 1.108195623252418e-01 -1.374442173315640e-04
1.550000000000000e-01 1.152166013350572e-01 -1.375736544352283e-04
1.600000000000000e-01 1.196856544713255e-01 -1.376723549343860e-04
1.650000000000000e-01 1.242295150377370e-01 -1.377296232890125e-04
1.700000000000000e-01 1.288510230950609e-01 -1.378903170715396e-04
1.750000000000000e-01 1.335530672362758e-01 -1.379215375984073e-04
1.800000000000000e-01 1.383385863920344e-01 -1.381060796034434e-04
1.850000000000000e-01 1.432105716675912e-01 -1.380267963301299e-04
1.900000000000000e-01 1.481720682123397e-01 -1.382654833292414e-04
1.950000000000000e-01 1.532261771231311e-01 -1.381779284014979e-04
2.000000000000000e-01 1.583760573825595e-01 -1.384546672567291e-04
2.050000000000000e-01 1.636249278334301e-01 -1.384100399028304e-04
2.100000000000000e-01 1.689760691906397e-01 -1.386614586337933e-04
2.150000000000000e-01 1.744328260917313e-01 -1.387799953390008e-04
2.200000000000000e-01 1.799986091874004e-01 -1.389207238941611e-04
2.250000000000000e-01 1.856768972732633e-01 -1.390872544729490e-04
2.300000000000000e-01 1.914712394642179e-01 -1.392311947905217e-04
2.350000000000000e-01 1.973852574127551e-01 -1.393766110291458e-04
2.400000000000000e-01 2.034226475726105e-01 -1.395689237974128e-04
2.450000000000000e-01 2.095871835091678e-01 -1.397448256014518e-04
2.500000000000000e-01 2.158827182580599e-01 -1.399569988332070e-04
2.550000000000000e-01 2.223131867334419e-01 -1.401724039938665e-04
2.600000000000000e-01 2.288826081874405e-01 -1.403339609160599e-04
2.650000000000000e-01 2.355950887223172e-01 -1.405674532807595e-04
2.700000000000000e-01 2.424548238569160e-01 -1.406403904820277e-04
2.750000000000000e-01 2.494661011489995e-01 -1.409953901117782e-04
2.800000000000000e-01 2.566333028751116e-01 -1.410913557769952e-04
2.850000000000000e-01 2.639609087696434e-01 -1.413752179421079e-04
2.900000000000000e-01 2.714534988248126e-01 -1.415896569875693e-04
2.950000000000000e-01 2.791157561533084e-01 -1.418822538585390e-04
3.000000000000000e-01 2.869524699153886e-01 -1.420933297301473e-04
3.050000000000000e-01 2.949685383122613e-01 -1.424082499833638e-04
3.100000000000000e-01 3.031689716476197e-01 -1.426259684038104e-04
3.150000000000000e-01 3.115588954592450e-01 -1.429551303449557e-04
3.200000000000000e-01 3.201435537226349e-01 -1.432404875430648e-04
3.250000000000000e-01 3.289283121286580e-01 -1.435254957412354e-04
3.300000000000000e-01 3.379186614372866e-01 -1.438015188421080e-04
3.350000000000000e-01 3.471202209094989e-01 -1.440969089516261e-04
3.400000000000000e-01 3.565387418195016e-01 -1.444046211895200e-04
3.450000000000000e-01 3.661801110494620e-01 -1.447274586501889e-04
3.500000000000000e-01 3.760503547690021e-01 -1.450107223448028e-04
3.550000000000000e-01 3.861556422017504e-01 -1.453569666010830e-04
3.600000000000000e-01 3.965022894813072e-01 -1.456628720977760e-04
3.650000000000000e-01 4.070967635990345e-01 -1.459527817469182e-04
3.700000000000000e-01 4.179456864461349e-01 -1.462960481880664e-04
3.750000000000000e-01 4.290558389525505e-01 -1.465990641263560e-04
3.800000000000000e-01 4.404341653252637e-01 -1.469258703294624e-04
3.850000000000000e-01 4.520877773886537e-01 -1.472350172002659e-04
3.900000000000000e-01 4.640239590296172e-01 -1.475548752420217e-04
3.950000000000000e-01 4.762501707502353e-01 -1.477896873547948e-04
4.000000000000000e-01 4.887740543308307e-01 -1.480554919970972e-04
4.050000000000000e-01 5.016034376063282e-01 -1.483458681000650e-04
4.100000000000000e-01 5.147463393589066e-01 -1.485776931887535e-04
4.150000000000000e-01 5.282109743299990e-01 -1.488570112974601e-04
4.200000000000000e-01 5.420057583547735e-01 -1.489907233551290e-04
4.250000000000000e-01 5.561393136223041e-01 -1.492403555568079e-04
4.300000000000000e-01 5.706204740647189e-01 -1.493068663698634e-04
4.350000000000000e-01 5.854582908786964e-01 -1.494554859114352e-04
4.400000000000000e-01 6.006620381827575e-01 -1.495165819693023e-04
4.450000000000000e-01 6.162412188138907e-01 -1.495277633570220e-04
4.500000000000000e-01 6.322055702671360e-01 -1.495912145583804e-04
4.550000000000000e-01 6.485650707818353e-01 -1.494625205786798e-04
4.600000000000000e-01 6.653299455783577e-01 -1.494079913430675e-04
4.650000000000000e-01 6.825106732491932e-01 -1.491979694057008e-04
4.700000000000000e-01 7.001179923084168e-01 -1.489525106204605e-04
4.750000000000000e-01 7.181629079036070e-01 -1.487211264576205e-04
4.800000000000000e-01 7.366566986944229e-01 -1.482960068194253e-04
4.850000000000000e-01 7.556109239021327e-01 -1.479343038277570e-04
4.900000000000000e-01 7.750374305345038e-01 -1.473757149555035e-04
4.950000000000000e-01 7.949483607905672e-01 -1.467938013982445e-04
5.000000000000000e-01 8.153561596498893e-01 -1.461825379647329e-04
5.050000000000000e-01 8.362735826510871e-01 -1.454543118380296e-04
5.100000000000000e-01 8.577137038644561e-01 -1.446464438350262e-04
5.150000000000000e-01 8.796899240636907e-01 -1.437608901510727e-04
5.200000000000000e-01 9.022159791018011e-01 -1.428801135535189e-04
5.250000000000000e-01 9.253059484964714e-01 -1.418880382675125e-04
5.300000000000000e-01 9.489742642302165e-01 -1.408473958943294e-04
5.350000000000000e-01 9.732357197708378e-01 -1.398404457703102e-04
5.400000000000000e-01 9.981054793178262e-01 -1.387440017967928e-04
5.450000000000000e-01 1.023599087280478e+00 -1.377313221198470e-04
5.500000000000000e-01 1.049732477993657e+00 -1.367209891989650e-04
5.550000000000000e-01 1.076521985677273e+00 -1.357870067177265e-04
5.600000000000001e-01 1.103984354645701e+00 -1.350100686357265e-04
5.650000000000001e-01 1.132136749773522e+00 -1.343526166909558e-04
5.700000000000001e-01 1.160996767224129e+00 -1.339642715088777e-04
5.750000000000001e-01 1.190582445447902e+00 -1.338862350093965e-04
5.800000000000000e-01 1.220912276456826e+00 -1.341622092651497e-04
5.850000000000000e-01 1.252005217382601e+00 -1.350078148482832e-04
5.900000000000000e-01 1.283880702325469e+00 -1.364387713026438e-04
5.950000000000000e-01 1.316558654501151e+00 -1.386770056065699e-04
6.000000000000000e-01 1.350059498693518e+00 -1.419298895414424e-04
6.050000000000000e-01 1.384404174020732e+00 -1.463570803564988e-04
6.100000000000000e-01 1.419614147022888e+00 -1.523121522687011e-04
6.150000000000000e-01 1.455711425079295e+00 -1.601337708559133e-04
6.200000000000000e-01 1.492718570163803e+00 -1.701784151169442e-04
6.250000000000000e-01 1.530658712946775e+00 -1.830697944868130e-04
6.300000000000000e-01 1.569555567252506e+00 -1.993865038488013e-04
6.350000000000000e-01 1.609433444881138e+00 -2.199064635789115e-04
6.400000000000000e-01 1.650317270804325e+00 -2.456737292945908e-04
6.450000000000000e-01 1.692232598744148e+00 -2.778439711622442e-04
6.500000000000000e-01 1.735205627145031e+00 -3.178696419885346e-04
6.550000000000000e-01 1.779263215548615e+00 -3.676592511392714e-04
6.600000000000000e-01 1.824432901381847e+00 -4.293749423082916e-04
6.650000000000000e-01 1.870742917168772e+00 -5.057226203673373e-04
6.700000000000000e-01 1.918222208176775e+00 -6.000629604621001e-04
6.750000000000000e-01 1.966900450508319e+00 -7.163436633120955e-04
6.800000000000000e-01 2.016808069649473e+00 -8.592399254552078e-04
6.850000000000001e-01 2.067976259486829e+00 -1.034402986449683e-03
6.900000000000001e-01 2.120437001804702e+00 -1.248313885095500e-03
6.950000000000001e-01 2.174223086274785e+00 -1.508322676044424e-03
7.000000000000001e-01 2.229368130950753e+00 -1.822628873486427e-03
7.050000000000000e-01 2.285906603280654e+00 -2.200036005815850e-03
7.100000000000000e-01 2.343873841650178e+00 -2.649464553467627e-03
7.150000000000000e-01 2.403306077470301e+00 -3.179363167791369e-03
7.200000000000000e-01 2.464240457823092e+00 -3.796438999864754e-03
7.250000000000000e-01 2.526715068679855e+00 -4.503973113630655e-03
7.300000000000000e-01 2.590768958706095e+00 -5.299931457441333e-03
7.350000000000000e-01 2.656442163668210e+00 -6.174658882619191e-03
7.400000000000000e-01 2.723775731457148e+00 -7.107308843575021e-03
7.450000000000000e-01 2.792811747744667e+00 -8.061240985306379e-03
7.500000000000000e-01 2.863593362288260e+00 -8.979577661862690e-03
7.550000000000000e-01 2.936164815901156e+00 -9.782789348070139e-03
7.600000000000000e-01 3.010571468104263e+00 -1.036977883851860e-02
7.650000000000000e-01 3.086859825477351e+00 -1.062291535016676e-02
7.700000000000000e-01 3.165077570727174e+00 -1.041598021269585e-02
7.750000000000000e-01 3.245273592490716e+00 -9.622869785885758e-03
7.800000000000000e-01 3.327498015892184e+00 -8.124818580266185e-03
7.850000000000000e-01 3.411802233872832e+00 -5.814789599544863e-03
7.900000000000000e-01 3.498238939313234e+00 -2.599040432995655e-03
7.950000000000000e-01 3.586862157968046e+00 1.602671839646569e-03
8.000000000000000e-01 3.677727282233856e+00 6.856004760572929e-03
8.050000000000000e-01 3.770891105771243e+00 1.320778447215155e-02
8.100000000000001e-01 3.866411859002656e+00 2.067719577881440e-02
8.150000000000001e-01 3.964349245508326e+00 2.924165435290739e-02
8.200000000000001e-01 4.064764479342956e+00 3.881752758926742e-02
8.250000000000001e-01 4.167720323296481e+00 4.923675404492105e-02
8.300000000000001e-01 4.273281128122877e+00 6.022287290749492e-02
8.350000000000000e-01 4.381512872761445e+00 7.137275081561166e-02
8.400000000000000e-01 4.492483205575838e+00 8.215259609574925e-02
8.450000000000000e-01 4.606261486636447e+00 9.191651342609138e-02
8.500000000000000e-01 4.722918831072739e+00 9.995270424305545e-02
8.550000000000000e-01 4.842528153522501e+00 1.055568966229684e-01
8.600000000000000e-01 4.965164213705875e+00 1.081259893703533e-01
8.650000000000000e-01 5.090903663152626e+00 1.072582881644305e-01
8.700000000000000e-01 5.219825093111814e+00 1.028413780804915e-01
8.750000000000000e-01 5.352009083673925e+00 9.510634751529407e-02
8.800000000000000e-01 5.487538254136007e+00 8.462978649111300e-02
8.850000000000000e-01 5.626497314641444e+00 7.227396958098979e-02
8.900000000000000e-01 5.768973119126561e+00 5.907002209264654e-02
8.950000000000000e-01 5.915054719607133e+00 4.606502466062717e-02
9.000000000000000e-01 6.064833421838831e+00 3.416633754911200e-02
9.050000000000000e-01 6.218402842386253e+00 2.401953318416308e-02
9.100000000000000e-01 6.375858967136348e+00 1.594772412428743e-02
9.150000000000000e-01 6.537300211292723e+00 9.961964650299134e-03
9.200000000000000e-01 6.702827480888332e+00 5.831328435825328e-03
9.250000000000000e-01 6.872544235855034e+00 3.185370656076536e-03
9.300000000000000e-01 7.046556554689444e+00 1.616828385039071e-03
9.350000000000001e-01 7.224973200755413e+00 7.592797264556351e-04
9.400000000000001e-01 7.407905690264673e+00 3.285015128131188e-04
9.450000000000001e-01 7.595468361978146e+00 1.304325688030179e-04
9.500000000000001e-01 7.787778448671316e+00 4.738247514022717e-05
9.550000000000001e-01 7.984956150408610e+00 1.572640563911793e-05
9.600000000000000e-01 8.187124709672272e+00 4.777667365416950e-06
9.650000000000000e-01 8.394410488393007e+00 1.338765618426144e-06
9.700000000000000e-01 8.606943046930221e+00 3.520167972694975e-07
9.750000000000000e-01 8.824855225051540e+00 8.963999130686095e-08
9.800000000000000e-01 9.048283224961922e+00 2.329599304155942e-08
9.850000000000000e-01 9.277366696434507e+00 8.202005441111678e-09
9.900000000000000e-01 9.512248824096272e+00 6.472154682218866e-09
9.950000000000000e-01 9.753076416923058e+00 2.164810289611305e-08
1.000000000000000e+00 1.000000000000000e+01 6.565755787220785e-06
