0.000000000000000e+00 0.000000000000000e+00 1.332785437879773e-01
5.000000000000000e-03 3.369477419287315e-03 1.332761144722435e-01
1.000000000000000e-02 6.741060871647481e-03 1.332760007530222e-01
1.500000000000000e-02 1.011685770649257e-02 1.332699217339282e-01
2.000000000000000e-02 1.349897790673588e-02 1.332623344023027e-01
2.500000000000000e-02 1.688953540759990e-02 1.332513005775507e-01
3.000000000000000e-02 2.029064941789469e-02 1.332383670733588e-01
3.500000000000000e-02 2.370444574459234e-02 1.332222402858486e-01
4.000000000000000e-02 2.713305812152553e-02 1.332040036246909e-01
4.500000000000000e-02 3.057862954304063e-02 1.331825053972784e-01
5.000000000000000e-02 3.404331360343898e-02 1.331588062761373e-01
5.500000000000000e-02 3.752927584304335e-02 1.331319760094000e-01
6.000000000000000e-02 4.103869510173117e-02 1.331025200973219e-01
6.500000000000000e-02 4.457376488078044e-02 1.330698722235995e-01
7.000000000000001e-02 4.813669471387935e-02 1.330346351507864e-01
7.500000000000000e-02 5.172971154815675e-02 1.329959510721123e-01
8.000000000000000e-02 5.535506113609672e-02 1.329543404760697e-01
8.500000000000001e-02 5.901500943920686e-02 1.329093099632689e-01
9.000000000000000e-02 6.271184404431801e-02 1.328610816569334e-01
9.500000000000000e-02 6.644787559340060e-02 1.328091053587107e-01
1.000000000000000e-01 7.022543922779090e-02 1.327538115099405e-01
1.050000000000000e-01 7.404689604773053e-02 1.326945544009499e-01
1.100000000000000e-01 7.791463458813094e-02 1.326315246958859e-01
1.150000000000000e-01 8.183107231148547e-02 1.325643382415734e-01
1.200000000000000e-01 8.579865711886202e-02 1.324931456273513e-01
1.250000000000000e-01 8.981986887992111e-02 1.324173542371378e-01
1.300000000000000e-01 9.389722098291493e-02 1.323372019584441e-01
1.350000000000000e-01 9.803326190563690e-02 1.322521989467445e-01
1.400000000000000e-01 1.022305768083033e-01 1.321623390372092e-01
1.450000000000000e-01 1.064917891493625e-01 1.320671823044121e-01
1.500000000000000e-01 1.108195623252418e-01 1.319668477783584e-01
1.550000000000000e-01 1.152166013350572e-01 1.318607388321011e-01
1.600000000000000e-01 1.196856544713255e-01 1.317488494265208e-01
1.650000000000000e-01 1.242295150377370e-01 1.316307605722885e-01
1.700000000000000e-01 1.288510230950609e-01 1.315064071463110e-01
1.750000000000000e-01 1.335530672362758e-01 1.313752006997191e-01
1.800000000000000e-01 1.383385863920344e-01 1.312371258026695e-01
1.850000000000000e-01 1.432105716675912e-01 1.310916745483955e-01
1.900000000000000e-01 1.481720682123397e-01 1.309386537714550e-01
1.950000000000000e-01 1.532261771231311e-01 1.307775073732678e-01
2.000000000000000e-01 1.583760573825595e-01 1.306081429984800e-01
2.050000000000000e-01 1.636249278334301e-01 1.304299563315610e-01
2.100000000000000e-01 1.689760691906397e-01 1.302426714000519e-01
2.150000000000000e-01 1.744328260917313e-01 1.300457204566141e-01
2.200000000000000e-01 1.799986091874004e-01 1.298389041590089e-01
2.250000000000000e-01 1.856768972732633e-01 1.296215443944949e-01
2.300000000000000e-01 1.914712394642179e-01 1.293932814317994e-01
2.350000000000000e-01 1.973852574127551e-01 1.291534917911633e-01
2.400000000000000e-01 2.034226475726105e-01 1.289018703790383e-01
2.450000000000000e-01 2.095871835091678e-01 1.286376779544860e-01
2.500000000000000e-01 2.158827182580599e-01 1.283604527926176e-01
2.550000000000000e-01 2.223131867334419e-01 1.280694817894544e-01
2.600000000000000e-01 2.288826081874405e-01 1.277643542564897e-01
2.650000000000000e-01 2.355950887223172e-01 1.274442822989730e-01
2.700000000000000e-01 2.424548238569160e-01 1.271087023608574e-01
2.750000000000000e-01 2.494661011489995e-01 1.267567760398427e-01
2.800000000000000e-01 2.566333028751116e-01 1.263879523579617e-01
2.850000000000000e-01 2.639609087696434e-01 1.260014047782203e-01
2.900000000000000e-01 2.714534988248126e-01 1.255965118902251e-01
2.950000000000000e-01 2.791157561533084e-01 1.251723149785482e-01
3.000000000000000e-01 2.869524699153886e-01 1.247280833288508e-01
3.050000000000000e-01 2.949685383122613e-01 1.242628804452379e-01
3.100000000000000e-01 3.031689716476197e-01 1.237759844720116e-01
3.150000000000000e-01 3.115588954592450e-01 1.232664188873529e-01
3.200000000000000e-01 3.201435537226349e-01 1.227334135492551e-01
3.250000000000000e-01 3.289283121286580e-01 1.221758875323371e-01
3.300000000000000e-01 3.379186614372866e-01 1.215929668105102e-01
3.350000000000000e-01 3.471202209094989e-01 1.209835549576677e-01
3.400000000000000e-01 3.565387418195016e-01 1.203466905132640e-01
3.450000000000000e-01 3.661801110494620e-01 1.196813023837078e-01
3.500000000000000e-01 3.760503547690021e-01 1.189863674401800e-01
3.550000000000000e-01 3.861556422017504e-01 1.182608163715534e-01
3.600000000000000e-01 3.965022894813072e-01 1.175035835697582e-01
3.650000000000000e-01 4.070967635990345e-01 1.167135836875225e-01
3.700000000000000e-01 4.179456864461349e-01 1.158897255887299e-01
3.750000000000000e-01 4.290558389525505e-01 1.150309107453222e-01
3.800000000000000e-01 4.404341653252637e-01 1.141360390083904e-01
3.850000000000000e-01 4.520877773886537e-01 1.132040120905936e-01
3.900000000000000e-01 4.640239590296172e-01 1.122337384241071e-01
3.950000000000000e-01 4.762501707502353e-01 1.112241380716075e-01
4.000000000000000e-01 4.887740543308307e-01 1.101741481717243e-01
4.050000000000000e-01 5.016034376063282e-01 1.090827287944815e-01
4.100000000000000e-01 5.147463393589066e-01 1.079488692682647e-01
4.150000000000000e-01 5.282109743299990e-01 1.067715949761347e-01
4.200000000000000e-01 5.420057583547735e-01 1.055499746299499e-01
4.250000000000000e-01 5.561393136223041e-01 1.042831280208636e-01
4.300000000000000e-01 5.706204740647189e-01 1.029702342404094e-01
4.350000000000000e-01 5.854582908786964e-01 1.016105403605346e-01
4.400000000000000e-01 6.006620381827575e-01 1.002033705552184e-01
4.450000000000000e-01 6.162412188138907e-01 9.874813564039078e-02
4.500000000000000e-01 6.322055702671360e-01 9.724434300282615e-02
4.550000000000000e-01 6.485650707818353e-01 9.569160688269844e-02
4.600000000000000e-01 6.653299455783577e-01 9.408965896856793e-02
4.650000000000000e-01 6.825106732491932e-01 9.243835925792442e-02
4.700000000000000e-01 7.001179923084168e-01 9.073770713107447e-02
4.750000000000000e-01 7.181629079036070e-01 8.898785258128089e-02
4.800000000000000e-01 7.366566986944229e-01 8.718910753965355e-02
4.850000000000000e-01 7.556109239021327e-01 8.534195722937751e-02
4.900000000000000e-01 7.750374305345038e-01 8.344707148039122e-02
4.950000000000000e-01 7.949483607905672e-01 8.150531593246316e-02
5.000000000000000e-01 8.153561596498893e-01 7.951776305153455e-02
5.050000000000000e-01 8.362735826510871e-01 7.748570288091787e-02
5.100000000000000e-01 8.577137038644561e-01 7.541065344505359e-02
5.150000000000000e-01 8.796899240636907e-01 7.329437071857967e-02
5.200000000000000e-01 9.022159791018011e-01 7.113885806692276e-02
5.250000000000000e-01 9.253059484964714e-01 6.894637505592953e-02
5.300000000000000e-01 9.489742642302165e-01 6.671944551665875e-02
5.350000000000000e-01 9.732357197708378e-01 6.446086473682207e-02
5.400000000000000e-01 9.981054793178262e-01 6.217370563205788e-02
5.450000000000000e-01 1.023599087280478e+00 5.986132372791166e-02
5.500000000000000e-01 1.049732477993657e+00 5.752736075686300e-02
5.550000000000000e-01 1.076521985677273e+00 5.517574664397216e-02
5.600000000000001e-01 1.103984354645701e+00 5.281069961981057e-02
5.650000000000001e-01 1.132136749773522e+00 5.043672416063778e-02
5.700000000000001e-01 1.160996767224129e+00 4.805860641377018e-02
5.750000000000001e-01 1.190582445447902e+00 4.568140672153553e-02
5.800000000000000e-01 1.220912276456826e+00 4.331044881119070e-02
5.850000000000000e-01 1.252005217382601e+00 4.095130517227336e-02
5.900000000000000e-01 1.283880702325469e+00 3.860977809934661e-02
5.950000000000000e-01 1.316558654501151e+00 3.629187584027358e-02
6.000000000000000e-01 1.350059498693518e+00 3.400378326276938e-02
6.050000000000000e-01 1.384404174020732e+00 3.175182644156499e-02
6.100000000000000e-01 1.419614147022888e+00 2.954243058384181e-02
6.150000000000000e-01 1.455711425079295e+00 2.738207076281471e-02
6.200000000000000e-01 1.492718570163803e+00 2.527721503190977e-02
6.250000000000000e-01 1.530658712946775e+00 2.323425966007332e-02
6.300000000000000e-01 1.569555567252506e+00 2.125945647805931e-02
6.350000000000000e-01 1.609433444881138e+00 1.935883267039962e-02
6.400000000000000e-01 1.650317270804325e+00 1.753810379852183e-02
6.450000000000000e-01 1.692232598744148e+00 1.580258140048582e-02
6.500000000000000e-01 1.735205627145031e+00 1.415707717516666e-02
6.550000000000000e-01 1.779263215548615e+00 1.260580650364090e-02
6.600000000000000e-01 1.824432901381847e+00 1.115229485390605e-02
6.650000000000000e-01 1.870742917168772e+00 9.799291409065871e-03
6.700000000000000e-01 1.918222208176775e+00 8.548694995672672e-03
6.750000000000000e-01 1.966900450508319e+00 7.401498006286749e-03
6.800000000000000e-01 2.016808069649473e+00 6.357754452773708e-03
6.850000000000001e-01 2.067976259486829e+00 5.416578516620865e-03
6.900000000000001e-01 2.120437001804702e+00 4.576179972467191e-03
6.950000000000001e-01 2.174223086274785e+00 3.833942685919649e-03
7.000000000000001e-01 2.229368130950753e+00 3.186552110706076e-03
7.050000000000000e-01 2.285906603280654e+00 2.630177467394399e-03
7.100000000000000e-01 2.343873841650178e+00 2.160714251502425e-03
7.150000000000000e-01 2.403306077470301e+00 1.774093088145442e-03
7.200000000000000e-01 2.464240457823092e+00 1.466661903044217e-03
7.250000000000000e-01 2.526715068679855e+00 1.235650026286733e-03
7.300000000000000e-01 2.590768958706095e+00 1.079725153149717e-03
7.350000000000000e-01 2.656442163668210e+00 9.996567821562302e-04
7.400000000000000e-01 2.723775731457148e+00 9.991021967186791e-04
7.450000000000000e-01 2.792811747744667e+00 1.085532103588660e-03
7.500000000000000e-01 2.863593362288260e+00 1.271310864793574e-03
7.550000000000000e-01 2.936164815901156e+00 1.574938207946052e-03
7.600000000000000e-01 3.010571468104263e+00 2.022441798297977e-03
7.650000000000000e-01 3.086859825477351e+00 2.648878656937617e-03
7.700000000000000e-01 3.165077570727174e+00 3.499853120689557e-03
7.750000000000000e-01 3.245273592490716e+00 4.632885121384494e-03
7.800000000000000e-01 3.327498015892184e+00 6.118362030366652e-03
7.850000000000000e-01 3.411802233872832e+00 8.039681374289200e-03
7.900000000000000e-01 3.498238939313234e+00 1.049204927561029e-02
7.950000000000000e-01 3.586862157968046e+00 1.357926148984851e-02
8.000000000000000e-01 3.677727282233856e+00 1.740769805727553e-02
8.050000000000000e-01 3.770891105771243e+00 2.207676635841050e-02
8.100000000000001e-01 3.866411859002656e+00 2.766520713984922e-02
8.150000000000001e-01 3.964349245508326e+00 3.421312020853649e-02
8.200000000000001e-01 4.064764479342956e+00 4.170034622705440e-02
8.250000000000001e-01 4.167720323296481e+00 5.002298642655777e-02
8.300000000000001e-01 4.273281128122877e+00 5.897128427545988e-02
8.350000000000000e-01 4.381512872761445e+00 6.821361306419529e-02
8.400000000000000e-01 4.492483205575838e+00 7.729250566126708e-02
8.450000000000000e-01 4.606261486636447e+00 8.563895060162353e-02
8.500000000000000e-01 4.722918831072739e+00 9.260991661061518e-02
8.550000000000000e-01 4.842528153522501e+00 9.755075521787340e-02
8.600000000000000e-01 4.965164213705875e+00 9.987872058957804e-02
8.650000000000000e-01 5.090903663152626e+00 9.917705733312480e-02
8.700000000000000e-01 5.219825093111814e+00 9.528259066007695e-02
8.750000000000000e-01 5.352009083673925e+00 8.834589997537119e-02
8.800000000000000e-01 5.487538254136007e+00 7.884442734361512e-02
8.850000000000000e-01 5.626497314641444e+00 6.753670992208267e-02
8.900000000000000e-01 5.768973119126561e+00 5.535962448010431e-02
8.950000000000000e-01 5.915054719607133e+00 4.328668344896855e-02
9.000000000000000e-01 6.064833421838831e+00 3.217854640299084e-02
9.050000000000000e-01 6.218402842386253e+00 2.266143768785597e-02
9.100000000000000e-01 6.375858967136348e+00 1.506210954420745e-02
9.150000000000000e-01 6.537300211292723e+00 9.410990856943090e-03
9.200000000000000e-01 6.702827480888332e+00 5.504405415840168e-03
9.250000000000000e-01 6.872544235855034e+00 3.000407973996157e-03
9.300000000000000e-01 7.046556554689444e+00 1.517063342260791e-03
9.350000000000001e-01 7.224973200755413e+00 7.079827442655659e-04
9.400000000000001e-01 7.407905690264673e+00 3.033586144653914e-04
9.450000000000001e-01 7.595468361978146e+00 1.186845872508186e-04
9.500000000000001e-01 7.787778448671316e+00 4.214924559113562e-05
9.550000000000001e-01 7.984956150408610e+00 1.350368005698070e-05
9.600000000000000e-01 8.187124709672272e+00 3.877387297887803e-06
9.650000000000000e-01 8.394410488393007e+00 9.909441563619132e-07
9.700000000000000e-01 8.606943046930221e+00 2.237753435392048e-07
9.750000000000000e-01 8.824855225051540e+00 4.430798296722085e-08
9.800000000000000e-01 9.048283224961922e+00 7.630141888898371e-09
9.850000000000000e-01 9.277366696434507e+00 1.134590197172831e-09
9.900000000000000e-01 9.512248824096272e+00 1.477885810152194e-10
9.950000000000000e-01 9.753076416923058e+00 2.891283910737155e-11
1.000000000000000e+00 1.000000000000000e+01 -1.430992675993826e-11
