0.000000000000000e+00 0.000000000000000e+00 3.328614504485375e-01
3.125000000000000e-03 3.369263549427258e-03 3.328576683076999e-01
6.250000000000000e-03 6.739349689698711e-03 3.328567148706791e-01
9.375000000000001e-03 1.011108121249049e-02 3.328401634231527e-01
1.250000000000000e-02 1.348528131119160e-02 3.328163613099197e-01
1.562500000000000e-02 1.686277378188298e-02 3.327831815974815e-01
1.875000000000000e-02 2.024438322446370e-02 3.327419928469347e-01
2.187500000000000e-02 2.363093524397333e-02 3.326928199486326e-01
2.500000000000000e-02 2.702325665215984e-02 3.326357895931641e-01
2.812500000000000e-02 3.042217566934200e-02 3.325708992066858e-01
3.125000000000000e-02 3.382852212661575e-02 3.324981197073989e-01
3.437500000000000e-02 3.724312766845378e-02 3.324174000426483e-01
3.750000000000001e-02 4.066682595574785e-02 3.323286758863667e-01
4.062500000000000e-02 4.410045286934348e-02 3.322318723378630e-01
4.375000000000000e-02 4.754484671411652e-02 3.321269053728985e-01
4.687500000000000e-02 5.100084842364160e-02 3.320136825470204e-01
5.000000000000000e-02 5.446930176550237e-02 3.318921033607355e-01
5.312500000000001e-02 5.795105354729364e-02 3.317620594429964e-01
5.625000000000000e-02 6.144695382336569e-02 3.316234346329034e-01
5.937500000000000e-02 6.495785610236132e-02 3.314761050007080e-01
6.250000000000000e-02 6.848461755559625e-02 3.313199388306478e-01
6.562500000000000e-02 7.202809922633362e-02 3.311547965785579e-01
6.875000000000001e-02 7.558916624000402e-02 3.309805308118737e-01
7.187500000000001e-02 7.916868801542200e-02 3.307969861367589e-01
7.500000000000001e-02 8.276753847705080e-02 3.306039991154087e-01
7.812500000000000e-02 8.638659626836727e-02 3.304013981753806e-01
8.125000000000000e-02 9.002674496637868e-02 3.301890035123783e-01
8.437500000000001e-02 9.368887329734420e-02 3.299666269874086e-01
8.750000000000001e-02 9.737387535375355e-02 3.297340720189526e-01
9.062500000000001e-02 1.010826508126157e-01 3.294911334707492e-01
9.375000000000000e-02 1.048161051551108e-01 3.292375975355736e-01
9.687500000000000e-02 1.085751498876601e-01 3.289732416153612e-01
1.000000000000000e-01 1.123607027644654e-01 3.286978341980643e-01
1.031250000000000e-01 1.161736880115753e-01 3.284111347314558e-01
1.062500000000000e-01 1.200150365525305e-01 3.281128934942417e-01
1.093750000000000e-01 1.238856862356450e-01 3.278028514647437e-01
1.125000000000000e-01 1.277865820629775e-01 3.274807401874316e-01
1.156250000000000e-01 1.317186764210495e-01 3.271462816376755e-01
1.187500000000000e-01 1.356829293133661e-01 3.267991880849243e-01
1.218750000000000e-01 1.396803085947971e-01 3.264391619547830e-01
1.250000000000000e-01 1.437117902078738e-01 3.260658956902423e-01
1.281250000000000e-01 1.477783584210617e-01 3.256790716125063e-01
1.312500000000000e-01 1.518810060690650e-01 3.252783617817914e-01
1.343750000000000e-01 1.560207347952229e-01 3.248634278585536e-01
1.375000000000000e-01 1.601985552960564e-01 3.244339209655777e-01
1.406250000000000e-01 1.644154875680252e-01 3.239894815515030e-01
1.437500000000000e-01 1.686725611565558e-01 3.235297392562097e-01
1.468750000000000e-01 1.729708154074000e-01 3.230543127787182e-01
1.500000000000000e-01 1.773112997203869e-01 3.225628097482155e-01
1.531250000000000e-01 1.816950738056289e-01 3.220548265987715e-01
1.562500000000000e-01 1.861232079422458e-01 3.215299484485483e-01
1.593750000000000e-01 1.905967832396682e-01 3.209877489841632e-01
1.625000000000000e-01 1.951168919015860e-01 3.204277903510447e-01
1.656250000000000e-01 1.996846374926046e-01 3.198496230505934e-01
1.687500000000000e-01 2.043011352076760e-01 3.192527858450529e-01
1.718750000000000e-01 2.089675121443681e-01 3.186368056710299e-01
1.750000000000000e-01 2.136849075780412e-01 3.180011975627032e-01
1.781250000000000e-01 2.184544732399964e-01 3.173454645857567e-01
1.812500000000000e-01 2.232773735986666e-01 3.166690977831995e-01
1.843750000000000e-01 2.281547861439151e-01 3.159715761342629e-01
1.875000000000000e-01 2.330879016745160e-01 3.152523665276504e-01
1.906250000000000e-01 2.380779245888810e-01 3.145109237504984e-01
1.937500000000000e-01 2.431260731791094e-01 3.137466904944711e-01
1.968750000000000e-01 2.482335799284277e-01 3.129590973804598e-01
2.000000000000000e-01 2.534016918120952e-01 3.121475630035339e-01
2.031250000000000e-01 2.586316706018478e-01 3.113114939997547e-01
2.062500000000000e-01 2.639247931739538e-01 3.104502851366386e-01
2.093750000000000e-01 2.692823518209576e-01 3.095633194291070e-01
2.125000000000000e-01 2.747056545671873e-01 3.086499682828632e-01
2.156250000000000e-01 2.801960254881028e-01 3.077095916672546e-01
2.187500000000000e-01 2.857548050335636e-01 3.067415383197020e-01
2.218750000000000e-01 2.913833503550930e-01 3.057451459839563e-01
2.250000000000000e-01 2.970830356372213e-01 3.047197416845259e-01
2.281250000000000e-01 3.028552524329863e-01 3.036646420396908e-01
2.312500000000000e-01 3.087014100036755e-01 3.025791536156328e-01
2.343750000000000e-01 3.146229356628902e-01 3.014625733243052e-01
2.375000000000000e-01 3.206212751250189e-01 3.003141888678681e-01
2.406250000000000e-01 3.266978928582008e-01 2.991332792324058e-01
2.437500000000000e-01 3.328542724418705e-01 2.979191152339824e-01
2.468750000000000e-01 3.390919169289667e-01 2.966709601200415e-01
2.500000000000000e-01 3.454123492128958e-01 2.953880702292651e-01
2.531250000000000e-01 3.518171123993401e-01 2.940696957132056e-01
2.562500000000000e-01 3.583077701830001e-01 2.927150813229599e-01
2.593750000000000e-01 3.648859072293631e-01 2.913234672643055e-01
2.625000000000000e-01 3.715531295615936e-01 2.898940901248376e-01
2.656250000000000e-01 3.783110649526354e-01 2.884261838766229e-01
2.687500000000000e-01 3.851613633226258e-01 2.869189809580324e-01
2.718750000000000e-01 3.921056971417164e-01 2.853717134383817e-01
2.750000000000000e-01 3.991457618383991e-01 2.837836142691678e-01
2.781250000000000e-01 4.062832762134377e-01 2.821539186255728e-01
2.812500000000000e-01 4.135199828595055e-01 2.804818653420370e-01
2.843750000000000e-01 4.208576485866312e-01 2.787666984455967e-01
2.875000000000000e-01 4.282980648535585e-01 2.770076687907457e-01
2.906250000000000e-01 4.358430482051222e-01 2.752040357994478e-01
2.937500000000000e-01 4.434944407157500e-01 2.733550693098773e-01
2.968750000000000e-01 4.512541104391968e-01 2.714600515374329e-01
3.000000000000000e-01 4.591239518646220e-01 2.695182791512301e-01
3.031250000000000e-01 4.671058863791195e-01 2.675290654694428e-01
3.062500000000000e-01 4.752018627368176e-01 2.654917427762461e-01
3.093750000000000e-01 4.834138575346580e-01 2.634056647632866e-01
3.125000000000000e-01 4.917438756949728e-01 2.612702090979487e-01
3.156250000000000e-01 5.001939509549778e-01 2.590847801206270e-01
3.187500000000000e-01 5.087661463633005e-01 2.568488116726589e-01
3.218750000000000e-01 5.174625547836644e-01 2.545617700562036e-01
3.250000000000000e-01 5.262852994058529e-01 2.522231571268246e-01
3.281250000000000e-01 5.352365342640750e-01 2.498325135190034e-01
3.312500000000000e-01 5.443184447628656e-01 2.473894220041426e-01
3.343750000000000e-01 5.535332482106405e-01 2.448935109799267e-01
3.375000000000000e-01 5.628831943610435e-01 2.423444580891636e-01
3.406250000000000e-01 5.723705659622137e-01 2.397419939653527e-01
3.437500000000000e-01 5.819976793141081e-01 2.370859061012867e-01
3.468750000000000e-01 5.917668848340161e-01 2.343760428359829e-01
3.500000000000000e-01 6.016805676304035e-01 2.316123174541481e-01
3.531250000000000e-01 6.117411480852264e-01 2.287947123911664e-01
3.562500000000000e-01 6.219510824448572e-01 2.259232835352825e-01
3.593750000000000e-01 6.323128634197650e-01 2.229981646173267e-01
3.625000000000000e-01 6.428290207931012e-01 2.200195716767591e-01
3.656250000000000e-01 6.535021220383342e-01 2.169878075913212e-01
3.687500000000000e-01 6.643347729460869e-01 2.139032666557904e-01
3.718750000000000e-01 6.753296182603294e-01 2.107664391936397e-01
3.750000000000000e-01 6.864893423240808e-01 2.075779161834722e-01
3.781250000000000e-01 6.978166697347804e-01 2.043383938801584e-01
3.812500000000000e-01 7.093143660094854e-01 2.010486784084786e-01
3.843750000000000e-01 7.209852382600603e-01 1.977096903050112e-01
3.875000000000000e-01 7.328321358785219e-01 1.943224689816655e-01
3.906250000000000e-01 7.448579512327029e-01 1.908881770820321e-01
3.937500000000000e-01 7.570656203724140e-01 1.874081046992841e-01
3.968750000000000e-01 7.694581237462648e-01 1.838836734219704e-01
4.000000000000000e-01 7.820384869293291e-01 1.803164401715436e-01
4.031250000000000e-01 7.948097813618253e-01 1.767081007929257e-01
4.062500000000000e-01 8.077751250989945e-01 1.730604933569717e-01
4.093750000000000e-01 8.209376835723596e-01 1.693756011310625e-01
4.125000000000000e-01 8.343006703625532e-01 1.656555551716531e-01
4.156250000000000e-01 8.478673479838968e-01 1.619026364900818e-01
4.187500000000000e-01 8.616410286809313e-01 1.581192777406491e-01
4.218750000000000e-01 8.756250752370857e-01 1.543080643776526e-01
4.250000000000000e-01 8.898229017956865e-01 1.504717352260065e-01
4.281250000000000e-01 9.042379746935050e-01 1.466131824081595e-01
4.312500000000000e-01 9.188738133070491e-01 1.427354505683940e-01
4.343750000000000e-01 9.337339909118028e-01 1.388417353342240e-01
4.375000000000000e-01 9.488221355546261e-01 1.349353809537398e-01
4.406250000000000e-01 9.641419309395265e-01 1.310198770472661e-01
4.437500000000000e-01 9.796971173270190e-01 1.270988544118431e-01
4.468750000000000e-01 9.954914924472941e-01 1.231760798179133e-01
4.500000000000000e-01 1.011528912427417e+00 1.192554497392833e-01
4.531250000000000e-01 1.027813292732786e+00 1.153409829600564e-01
4.562500000000000e-01 1.044348609123070e+00 1.114368120061285e-01
4.593750000000000e-01 1.061138898622882e+00 1.075471733539182e-01
4.625000000000000e-01 1.078188260507393e+00 1.036763963756701e-01
4.656250000000000e-01 1.095500857303154e+00 9.982889098902414e-02
4.687500000000000e-01 1.113080915804360e+00 9.600913398868098e-02
4.718750000000000e-01 1.130932728104805e+00 9.222165405025026e-02
4.750000000000000e-01 1.149060652645771e+00 8.847101541068562e-02
4.781250000000000e-01 1.167469115280130e+00 8.476180024628087e-02
4.812500000000000e-01 1.186162610352890e+00 8.109858978802659e-02
4.843750000000000e-01 1.205145701798475e+00 7.748594423508788e-02
4.875000000000000e-01 1.224423024254985e+00 7.392838155020888e-02
4.906250000000000e-01 1.243999284195726e+00 7.043035524556930e-02
4.937500000000000e-01 1.263879261078271e+00 6.699623129383282e-02
4.968750000000000e-01 1.284067808511348e+00 6.363026432611016e-02
5.000000000000000e-01 1.304569855439823e+00 6.033657330584879e-02
5.031250000000000e-01 1.325390407348082e+00 5.711911689447102e-02
5.062500000000000e-01 1.346534547482100e+00 5.398166875006501e-02
5.093750000000000e-01 1.368007438090487e+00 5.092779302372441e-02
5.125000000000001e-01 1.389814321684837e+00 4.796082033833633e-02
5.156250000000000e-01 1.411960522319654e+00 4.508382455076835e-02
5.187500000000000e-01 1.434451446892208e+00 4.229960060973852e-02
5.218750000000000e-01 1.457292586462593e+00 3.961064382736198e-02
5.250000000000000e-01 1.480489517594354e+00 3.701913088187915e-02
5.281250000000001e-01 1.504047903715979e+00 3.452690286196145e-02
5.312500000000000e-01 1.527973496503592e+00 3.213545064901046e-02
5.343750000000000e-01 1.552272137285215e+00 2.984590291303819e-02
5.375000000000000e-01 1.576949758466886e+00 2.765901697020082e-02
5.406250000000000e-01 1.602012384981041e+00 2.557517271624933e-02
5.437500000000001e-01 1.627466135757470e+00 2.359436981066472e-02
5.468750000000000e-01 1.653317225217225e+00 2.171622824173508e-02
5.500000000000000e-01 1.679571964789851e+00 1.993999235415697e-02
5.531250000000000e-01 1.706236764454286e+00 1.826453836882816e-02
5.562500000000000e-01 1.733318134303830e+00 1.668838537029183e-02
5.593750000000001e-01 1.760822686135563e+00 1.520970968181602e-02
5.625000000000000e-01 1.788757135064574e+00 1.382636249235533e-02
5.656250000000000e-01 1.817128301163438e+00 1.253589054469247e-02
5.687500000000000e-01 1.845943111127301e+00 1.133555964093056e-02
5.718750000000000e-01 1.875208599965003e+00 1.022238067127454e-02
5.750000000000001e-01 1.904931912716643e+00 9.193137825775632e-03
5.781250000000000e-01 1.935120306198011e+00 8.244418607504200e-03
5.812500000000000e-01 1.965781150772311e+00 7.372645230561781e-03
5.843750000000000e-01 1.996921932149593e+00 6.574106958516623e-03
5.875000000000000e-01 2.028550253214365e+00 5.844992919270028e-03
5.906250000000001e-01 2.060673835881802e+00 5.181424921973600e-03
5.937500000000000e-01 2.093300522983012e+00 4.579489801181752e-03
5.968750000000000e-01 2.126438280179837e+00 4.035270823518041e-03
6.000000000000001e-01 2.160095197909630e+00 3.544877713033890e-03
6.031250000000000e-01 2.194279493360494e+00 3.104474883092599e-03
6.062500000000001e-01 2.228999512477486e+00 2.710307504577081e-03
6.093750000000000e-01 2.264263732000228e+00 2.358725091632910e-03
6.125000000000000e-01 2.300080761532477e+00 2.046202345723837e-03
6.156250000000001e-01 2.336459345644116e+00 1.769357064794908e-03
6.187500000000000e-01 2.373408366006099e+00 1.524964994742604e-03
6.218750000000001e-01 2.410936843558884e+00 1.309971572834898e-03
6.250000000000000e-01 2.449053940714840e+00 1.121500584688192e-03
6.281250000000000e-01 2.487768963595221e+00 9.568598253156338e-04
6.312500000000001e-01 2.527091364302215e+00 8.135439181324342e-04
6.343750000000000e-01 2.567030743226622e+00 6.892345013846942e-04
6.375000000000001e-01 2.607596851391758e+00 5.817980373720338e-04
6.406250000000000e-01 2.648799592834118e+00 4.892815346544967e-04
6.437500000000000e-01 2.690649027021411e+00 4.099064963278231e-04
6.468750000000001e-01 2.733155371308524e+00 3.420614181936052e-04
6.500000000000000e-01 2.776329003432049e+00 2.842931596354765e-04
6.531250000000001e-01 2.820180464043967e+00 2.352974982197562e-04
6.562500000000000e-01 2.864720459285089e+00 1.939091579548082e-04
6.593750000000000e-01 2.909959863398929e+00 1.590915726445359e-04
6.625000000000001e-01 2.955909721386590e+00 1.299266119872606e-04
6.656250000000000e-01 3.002581251703353e+00 1.056044612255260e-04
6.687500000000001e-01 3.049985848997626e+00 8.541380741038922e-05
6.718750000000000e-01 3.098135086892879e+00 6.873244866663204e-05
6.750000000000000e-01 3.147040720813310e+00 5.501840887368829e-05
6.781250000000001e-01 3.196714690853871e+00 4.380161014665687e-05
6.812500000000000e-01 3.247169124695383e+00 3.467613020099361e-05
6.843750000000001e-01 3.298416340565477e+00 2.729305145377200e-05
6.875000000000000e-01 3.350468850246008e+00 2.135389348479649e-05
6.906250000000000e-01 3.403339362127777e+00 1.660460984425697e-05
6.937500000000001e-01 3.457040784313211e+00 1.283012349566394e-05
6.968750000000000e-01 3.511586227767823e+00 9.849371624810911e-06
7.000000000000001e-01 3.566989009521205e+00 7.510829285366495e-06
7.031250000000000e-01 3.623262655918307e+00 5.688481591345651e-06
7.062500000000000e-01 3.680420905921852e+00 4.278215219777301e-06
7.093750000000001e-01 3.738477714466631e+00 3.194601320951882e-06
7.125000000000000e-01 3.797447255866536e+00 2.368043186970111e-06
7.156250000000001e-01 3.857343927275175e+00 1.742263004560168e-06
7.187500000000000e-01 3.918182352200844e+00 1.272102657992241e-06
7.218750000000000e-01 3.979977384076828e+00 9.216138997394662e-07
7.250000000000001e-01 4.042744109887770e+00 6.624133825127020e-07
7.281250000000000e-01 4.106497853853101e+00 4.722781855830272e-07
7.312500000000001e-01 4.171254181168399e+00 3.339577055790675e-07
7.343750000000000e-01 4.237028901805528e+00 2.341782251014153e-07
7.375000000000000e-01 4.303838074372613e+00 1.628171902576984e-07
7.406250000000001e-01 4.371698010034643e+00 1.122252467499564e-07
7.437500000000000e-01 4.440625276495786e+00 7.667539074027470e-08
7.468750000000001e-01 4.510636702044332e+00 5.192014211871032e-08
7.500000000000000e-01 4.581749379661216e+00 3.483938063563129e-08
7.531250000000000e-01 4.653980671193226e+00 2.316332672939721e-08
7.562500000000001e-01 4.727348211591802e+00 1.525702551039807e-08
7.593750000000000e-01 4.801869913218528e+00 9.954537625115834e-09
7.625000000000001e-01 4.877563970218381e+00 6.432799184511860e-09
7.656250000000000e-01 4.954448862961714e+00 4.116742628118027e-09
7.687500000000000e-01 5.032543362556198e+00 2.608743190666881e-09
7.718750000000001e-01 5.111866535429675e+00 1.636756301306873e-09
7.750000000000000e-01 5.192437747985146e+00 1.016635576781303e-09
7.781250000000001e-01 5.274276671329015e+00 6.250736490221609e-10
7.812500000000000e-01 5.357403286073669e+00 3.803999030800064e-10
7.843750000000000e-01 5.441837887215693e+00 2.291155262217294e-10
7.875000000000001e-01 5.527601089090773e+00 1.365646256534428e-10
7.906250000000000e-01 5.614713830406605e+00 8.054885756296283e-11
7.937500000000001e-01 5.703197379355005e+00 4.700989843308118e-11
7.968750000000000e-01 5.793073338804412e+00 2.714581278111148e-11
8.000000000000000e-01 5.884363651574169e+00 1.550881244564749e-11
8.031250000000001e-01 5.977090605791737e+00 8.765945803934211e-12
8.062500000000000e-01 6.071276840334257e+00 4.901735886353488e-12
8.093750000000001e-01 6.166945350355728e+00 2.711579475713349e-12
8.125000000000000e-01 6.264119492901173e+00 1.483920587408641e-12
8.156250000000000e-01 6.362822992609162e+00 8.033664886322187e-13
8.187500000000001e-01 6.463079947504072e+00 4.302636448472077e-13
8.218750000000000e-01 6.564914834879517e+00 2.279717390234718e-13
8.250000000000001e-01 6.668352517274371e+00 1.194991268389734e-13
8.281250000000000e-01 6.773418248542846e+00 6.197295098947255e-14
8.312500000000000e-01 6.880137680020114e+00 3.179904938406046e-14
8.343750000000001e-01 6.988536866784961e+00 1.614454511417243e-14
8.375000000000000e-01 7.098642274021019e+00 8.110857577989197e-15
8.406250000000001e-01 7.210480783478133e+00 4.032467868801117e-15
8.437500000000000e-01 7.324079700035414e+00 1.984158546707621e-15
8.468750000000000e-01 7.439466758367605e+00 9.663299609655694e-16
8.500000000000001e-01 7.556670129716381e+00 4.658697294366914e-16
8.531250000000000e-01 7.675718428768239e+00 2.223534194633352e-16
8.562500000000001e-01 7.796640720640633e+00 1.050793826465612e-16
8.593750000000000e-01 7.919466527978115e+00 4.917488628539806e-17
8.625000000000000e-01 8.044225838160141e+00 2.279201121441004e-17
8.656250000000001e-01 8.170949110622363e+00 1.046405460481223e-17
8.687500000000000e-01 8.299667284293170e+00 4.759520561647066e-18
8.718750000000001e-01 8.430411785147284e+00 2.145077932194040e-18
8.750000000000000e-01 8.563214533878281e+00 9.581052161000331e-19
8.781250000000000e-01 8.698107953691880e+00 4.241796420785582e-19
8.812500000000001e-01 8.835124978221932e+00 1.861793806291717e-19
8.843750000000000e-01 8.974299059571019e+00 8.102879468749949e-20
8.875000000000001e-01 9.115664176477637e+00 3.497487377986558e-20
8.906250000000000e-01 9.259254842611947e+00 1.497499586279257e-20
8.937500000000000e-01 9.405106115002161e+00 6.361470420696298e-21
8.968750000000001e-01 9.553253602593529e+00 2.681739020821085e-21
9.000000000000000e-01 9.703733474942130e+00 1.122103623403454e-21
9.031250000000001e-01 9.856582471045494e+00 4.661194846848668e-22
9.062500000000000e-01 1.001183790831228e+01 1.922652220507091e-22
9.093750000000000e-01 1.016953769167313e+01 7.876540898964311e-23
9.125000000000001e-01 1.032972032283505e+01 3.205490028928155e-23
9.156250000000000e-01 1.049242490968134e+01 1.296196045182513e-23
9.187500000000001e-01 1.065769117581972e+01 5.209042810397753e-24
9.218750000000000e-01 1.082555947028058e+01 2.080893970543638e-24
9.250000000000000e-01 1.099607077736805e+01 8.264958271086417e-25
9.281250000000001e-01 1.116926672666618e+01 3.264554503382607e-25
9.312500000000000e-01 1.134518960320255e+01 1.282606480901893e-25
9.343750000000001e-01 1.152388235777201e+01 5.013518547590499e-26
9.375000000000000e-01 1.170538861742293e+01 1.950134627307023e-26
9.406250000000000e-01 1.188975269610854e+01 7.550087148039616e-27
9.437500000000001e-01 1.207701960550600e+01 2.910025752328803e-27
9.468750000000000e-01 1.226723506600578e+01 1.116839270475772e-27
9.500000000000001e-01 1.246044551787411e+01 4.268981656672209e-28
9.531250000000000e-01 1.265669813259115e+01 1.625502751039546e-28
9.562500000000000e-01 1.285604082436773e+01 6.166946248662884e-29
9.593750000000001e-01 1.305852226184337e+01 2.331632018893618e-29
9.625000000000000e-01 1.326419187996850e+01 8.787082298163292e-30
9.656250000000001e-01 1.347309989207381e+01 3.301495391391381e-30
9.687500000000000e-01 1.368529730212962e+01 1.236925369601101e-30
9.718750000000000e-01 1.390083591719824e+01 4.621974535484901e-31
9.750000000000001e-01 1.411976836008246e+01 1.722845047317428e-31
9.781250000000000e-01 1.434214808217320e+01 6.407401190038960e-32
9.812500000000001e-01 1.456802937649935e+01 2.378016883056807e-32
9.843750000000000e-01 1.479746739098328e+01 8.809130935386982e-33
9.875000000000000e-01 1.503051814190487e+01 3.257319292457807e-33
9.906250000000001e-01 1.526723852757770e+01 1.203736024993859e-33
9.937500000000000e-01 1.550768634224049e+01 4.415094578332100e-34
9.968750000000001e-01 1.575192029016732e+01 1.699124795615285e-34
1.000000000000000e+00 1.600000000000000e+01 4.423600195317814e-35
