0.000000000000000e+00 0.000000000000000e+00 -3.391990917437793e-02
5.000000000000000e-03 3.369477419287315e-03 -3.392351592505521e-02
1.000000000000000e-02 6.741060871647481e-03 -3.392546038008491e-02
1.500000000000000e-02 1.011685770649257e-02 -3.392806121076424e-02
2.000000000000000e-02 1.349897790673588e-02 -3.393097041087865e-02
2.500000000000000e-02 1.688953540759990e-02 -3.393418410433936e-02
3.000000000000000e-02 2.029064941789469e-02 -3.394046186821750e-02
3.500000000000000e-02 2.370444574459234e-02 -3.394594459205950e-02
4.000000000000000e-02 2.713305812152553e-02 -3.395403497759310e-02
4.500000000000000e-02 3.057862954304063e-02 -3.396171780461161e-02
5.000000000000000e-02 3.404331360343898e-02 -3.397147477611673e-02
5.500000000000000e-02 3.752927584304335e-02 -3.398167010596184e-02
6.000000000000000e-02 4.103869510173117e-02 -3.399335501935249e-02
6.500000000000000e-02 4.457376488078044e-02 -3.400615186682551e-02
7.000000000000001e-02 4.813669471387935e-02 -3.401983478284396e-02
7.500000000000000e-02 5.172971154815675e-02 -3.403510642576741e-02
8.000000000000000e-02 5.535506113609672e-02 -3.405104562745485e-02
8.500000000000001e-02 5.901500943920686e-02 -3.406909877057338e-02
9.000000000000000e-02 6.271184404431801e-02 -3.408747987131575e-02
9.500000000000000e-02 6.644787559340060e-02 -3.410821934640917e-02
1.000000000000000e-01 7.022543922779090e-02 -3.412934114357357e-02
1.050000000000000e-01 7.404689604773053e-02 -3.415277768726652e-02
1.100000000000000e-01 7.791463458813094e-02 -3.417715097928553e-02
1.150000000000000e-01 8.183107231148547e-02 -3.420349805926718e-02
1.200000000000000e-01 8.579865711886202e-02 -3.423119683186617e-02
1.250000000000000e-01 8.981986887992111e-02 -3.426081757028236e-02
1.300000000000000e-01 9.389722098291493e-02 -3.429194379821148e-02
1.350000000000000e-01 9.803326190563690e-02 -3.432500893577025e-02
1.400000000000000e-01 1.022305768083033e-01 -3.436014809619338e-02
1.450000000000000e-01 1.064917891493625e-01 -3.439692589228399e-02
1.500000000000000e-01 1.108195623252418e-01 -3.443610120489531e-02
1.550000000000000e-01 1.152166013350572e-01 -3.447712252385341e-02
1.600000000000000e-01 1.196856544713255e-01 -3.452073483018164e-02
1.650000000000000e-01 1.242295150377370e-01 -3.456645596330521e-02
1.700000000000000e-01 1.288510230950609e-01 -3.461473847672043e-02
1.750000000000000e-01 1.335530672362758e-01 -3.466557007772442e-02
1.800000000000000e-01 1.383385863920344e-01 -3.471893632892896e-02
1.850000000000000e-01 1.432105716675912e-01 -3.477531626026634e-02
1.900000000000000e-01 1.481720682123397e-01 -3.483422914433381e-02
1.950000000000000e-01 1.532261771231311e-01 -3.489658047523721e-02
2.000000000000000e-01 1.583760573825595e-01 -3.496171622186922e-02
2.050000000000000e-01 1.636249278334301e-01 -3.503048080130704e-02
2.100000000000000e-01 1.689760691906397e-01 -3.510245463418232e-02
2.150000000000000e-01 1.744328260917313e-01 -3.517820425753655e-02
2.200000000000000e-01 1.799986091874004e-01 -3.525755132863829e-02
2.250000000000000e-01 1.856768972732633e-01 -3.534075297464524e-02
2.300000000000000e-01 1.914712394642179e-01 -3.542815740829459e-02
2.350000000000000e-01 1.973852574127551e-01 -3.551967159326078e-02
2.400000000000000e-01 2.034226475726105e-01 -3.561571444651688e-02
2.450000000000000e-01 2.095871835091678e-01 -3.571621919867757e-02
2.500000000000000e-01 2.158827182580599e-01 -3.582158032020086e-02
2.550000000000000e-01 2.223131867334419e-01 -3.593190983797646e-02
2.600000000000000e-01 2.288826081874405e-01 -3.604728110143151e-02
2.650000000000000e-01 2.355950887223172e-01 -3.616815538604155e-02
2.700000000000000e-01 2.424548238569160e-01 -3.629442073659352e-02
2.750000000000000e-01 2.494661011489995e-01 -3.642661289947220e-02
2.800000000000000e-01 2.566333028751116e-01 -3.656468781285915e-02
2.850000000000000e-01 2.639609087696434e-01 -3.670900271262938e-02
2.900000000000000e-01 2.714534988248126e-01 -3.685966345212367e-02
2.950000000000000e-01 2.791157561533084e-01 -3.701695504634911e-02
3.000000000000000e-01 2.869524699153886e-01 -3.718102977536879e-02
3.050000000000000e-01 2.949685383122613e-01 -3.735217846294034e-02
3.100000000000000e-01 3.031689716476197e-01 -3.753056031401755e-02
3.150000000000000e-01 3.115588954592450e-01 -3.771634455110969e-02
3.200000000000000e-01 3.201435537226349e-01 -3.790978339083974e-02
3.250000000000000e-01 3.289283121286580e-01 -3.811098032970855e-02
3.300000000000000e-01 3.379186614372866e-01 -3.832020229578230e-02
3.350000000000000e-01 3.471202209094989e-01 -3.853760978484084e-02
3.400000000000000e-01 3.565387418195016e-01 -3.876310578721639e-02
3.450000000000000e-01 3.661801110494620e-01 -3.899713624743944e-02
3.500000000000000e-01 3.760503547690021e-01 -3.923958369681860e-02
3.550000000000000e-01 3.861556422017504e-01 -3.949054147158697e-02
3.600000000000000e-01 3.965022894813072e-01 -3.975005527346268e-02
3.650000000000000e-01 4.070967635990345e-01 -4.001805013339250e-02
3.700000000000000e-01 4.179456864461349e-01 -4.029453589347178e-02
3.750000000000000e-01 4.290558389525505e-01 -4.057930427273785e-02
3.800000000000000e-01 4.404341653252637e-01 -4.087218253127525e-02
3.850000000000000e-01 4.520877773886537e-01 -4.117297403715282e-02
3.900000000000000e-01 4.640239590296172e-01 -4.148119701843101e-02
3.950000000000000e-01 4.762501707502353e-01 -4.179655971832862e-02
4.000000000000000e-01 4.887740543308307e-01 -4.211842095143742e-02
4.050000000000000e-01 5.016034376063282e-01 -4.244613541124544e-02
4.100000000000000e-01 5.147463393589066e-01 -4.277898070450893e-02
4.150000000000000e-01 5.282109743299990e-01 -4.311592869767338e-02
4.200000000000000e-01 5.420057583547735e-01 -4.345595158616020e-02
4.250000000000000e-01 5.561393136223041e-01 -4.379779979770808e-02
4.300000000000000e-01 5.706204740647189e-01 -4.413992840651923e-02
4.350000000000000e-01 5.854582908786964e-01 -4.448078267359809e-02
4.400000000000000e-01 6.006620381827575e-01 -4.481841108238779e-02
4.450000000000000e-01 6.162412188138907e-01 -4.515065712234304e-02
4.500000000000000e-01 6.322055702671360e-01 -4.547521177707963e-02
4.550000000000000e-01 6.485650707818353e-01 -4.578932370988407e-02
4.600000000000000e-01 6.653299455783577e-01 -4.609003889460246e-02
4.650000000000000e-01 6.825106732491932e-01 -4.637415280155908e-02
4.700000000000000e-01 7.001179923084168e-01 -4.663799858917861e-02
4.750000000000000e-01 7.181629079036070e-01 -4.687769598994972e-02
4.800000000000000e-01 7.366566986944229e-01 -4.708907200544264e-02
4.850000000000000e-01 7.556109239021327e-01 -4.726749586782227e-02
4.900000000000000e-01 7.750374305345038e-01 -4.740814690054095e-02
4.950000000000000e-01 7.949483607905672e-01 -4.750593340908708e-02
5.000000000000000e-01 8.153561596498893e-01 -4.755539287718925e-02
5.050000000000000e-01 8.362735826510871e-01 -4.755092822818417e-02
5.100000000000000e-01 8.577137038644561e-01 -4.748683045524572e-02
5.150000000000000e-01 8.796899240636907e-01 -4.735716774200152e-02
5.200000000000000e-01 9.022159791018011e-01 -4.715603108092508e-02
5.250000000000000e-01 9.253059484964714e-01 -4.687765324546692e-02
5.300000000000000e-01 9.489742642302165e-01 -4.651632981456547e-02
5.350000000000000e-01 9.732357197708378e-01 -4.606659948105199e-02
5.400000000000000e-01 9.981054793178262e-01 -4.552346163995794e-02
5.450000000000000e-01 1.023599087280478e+00 -4.488237307095878e-02
5.500000000000000e-01 1.049732477993657e+00 -4.413928809866208e-02
5.550000000000000e-01 1.076521985677273e+00 -4.329092128379348e-02
5.600000000000001e-01 1.103984354645701e+00 -4.233481241577700e-02
5.650000000000001e-01 1.132136749773522e+00 -4.126931607377458e-02
5.700000000000001e-01 1.160996767224129e+00 -4.009366052959558e-02
5.750000000000001e-01 1.190582445447902e+00 -3.880814130563333e-02
5.800000000000000e-01 1.220912276456826e+00 -3.741407412502933e-02
5.850000000000000e-01 1.252005217382601e+00 -3.591375658343130e-02
5.900000000000000e-01 1.283880702325469e+00 -3.431043843226469e-02
5.950000000000000e-01 1.316558654501151e+00 -3.260842912316390e-02
6.000000000000000e-01 1.350059498693518e+00 -3.081299877641705e-02
6.050000000000000e-01 1.384404174020732e+00 -2.893031041629240e-02
6.100000000000000e-01 1.419614147022888e+00 -2.696728736741384e-02
6.150000000000000e-01 1.455711425079295e+00 -2.493165397170660e-02
6.200000000000000e-01 1.492718570163803e+00 -2.283185005767629e-02
6.250000000000000e-01 1.530658712946775e+00 -2.067702316178538e-02
6.300000000000000e-01 1.569555567252506e+00 -1.847686741086266e-02
6.350000000000000e-01 1.609433444881138e+00 -1.624161861972895e-02
6.400000000000000e-01 1.650317270804325e+00 -1.398197768309652e-02
6.450000000000000e-01 1.692232598744148e+00 -1.170918692628996e-02
6.500000000000000e-01 1.735205627145031e+00 -9.434957806378427e-03
6.550000000000000e-01 1.779263215548615e+00 -7.171564488857998e-03
6.600000000000000e-01 1.824432901381847e+00 -4.931769067644928e-03
6.650000000000000e-01 1.870742917168772e+00 -2.728914704271513e-03
6.700000000000000e-01 1.918222208176775e+00 -5.769026098697243e-04
6.750000000000000e-01 1.966900450508319e+00 1.509739569130669e-03
6.800000000000000e-01 2.016808069649473e+00 3.515863523230517e-03
6.850000000000001e-01 2.067976259486829e+00 5.425704379340090e-03
6.900000000000001e-01 2.120437001804702e+00 7.222960946393146e-03
6.950000000000001e-01 2.174223086274785e+00 8.890951550792532e-03
7.000000000000001e-01 2.229368130950753e+00 1.041289334369639e-02
7.050000000000000e-01 2.285906603280654e+00 1.177233544857059e-02
7.100000000000000e-01 2.343873841650178e+00 1.295378376680237e-02
7.150000000000000e-01 2.403306077470301e+00 1.394354166556333e-02
7.200000000000000e-01 2.464240457823092e+00 1.473077285054436e-02
7.250000000000000e-01 2.526715068679855e+00 1.530876408965700e-02
7.300000000000000e-01 2.590768958706095e+00 1.567633373849894e-02
7.350000000000000e-01 2.656442163668210e+00 1.583930426463995e-02
7.400000000000000e-01 2.723775731457148e+00 1.581194225129376e-02
7.450000000000000e-01 2.792811747744667e+00 1.561827326583374e-02
7.500000000000000e-01 2.863593362288260e+00 1.529320088489903e-02
7.550000000000000e-01 2.936164815901156e+00 1.488339097002184e-02
7.600000000000000e-01 3.010571468104263e+00 1.444791033851719e-02
7.650000000000000e-01 3.086859825477351e+00 1.405861825382476e-02
7.700000000000000e-01 3.165077570727174e+00 1.380028791085465e-02
7.750000000000000e-01 3.245273592490716e+00 1.377037793304169e-02
7.800000000000000e-01 3.327498015892184e+00 1.407828245578503e-02
7.850000000000000e-01 3.411802233872832e+00 1.484377010238104e-02
7.900000000000000e-01 3.498238939313234e+00 1.619418937771820e-02
7.950000000000000e-01 3.586862157968046e+00 1.825988938567031e-02
8.000000000000000e-01 3.677727282233856e+00 2.116721030862521e-02
8.050000000000000e-01 3.770891105771243e+00 2.502838591849960e-02
8.100000000000001e-01 3.866411859002656e+00 2.992784107155279e-02
8.150000000000001e-01 3.964349245508326e+00 3.590474884330383e-02
8.200000000000001e-01 4.064764479342956e+00 4.293242027814267e-02
8.250000000000001e-01 4.167720323296481e+00 5.089617867938941e-02
8.300000000000001e-01 4.273281128122877e+00 5.957276734714793e-02
8.350000000000000e-01 4.381512872761445e+00 6.861584646588810e-02
8.400000000000000e-01 4.492483205575838e+00 7.755334830017527e-02
8.450000000000000e-01 4.606261486636447e+00 8.580279639546762e-02
8.500000000000000e-01 4.722918831072739e+00 9.270949540369849e-02
8.550000000000000e-01 4.842528153522501e+00 9.760924795542976e-02
8.600000000000000e-01 4.965164213705875e+00 9.991189332528309e-02
8.650000000000000e-01 5.090903663152626e+00 9.919520243945769e-02
8.700000000000000e-01 5.219825093111814e+00 9.529215394122222e-02
8.750000000000000e-01 5.352009083673925e+00 8.835075186629958e-02
8.800000000000000e-01 5.487538254136007e+00 7.884679477818296e-02
8.850000000000000e-01 5.626497314641444e+00 6.753781994962042e-02
8.900000000000000e-01 5.768973119126561e+00 5.536012419820265e-02
8.950000000000000e-01 5.915054719607133e+00 4.328689928315497e-02
9.000000000000000e-01 6.064833421838831e+00 3.217863577665157e-02
9.050000000000000e-01 6.218402842386253e+00 2.266147314516742e-02
9.100000000000000e-01 6.375858967136348e+00 1.506212301348730e-02
9.150000000000000e-01 6.537300211292723e+00 9.410995753458749e-03
9.200000000000000e-01 6.702827480888332e+00 5.504407118494122e-03
9.250000000000000e-01 6.872544235855034e+00 3.000408540306717e-03
9.300000000000000e-01 7.046556554689444e+00 1.517063522648677e-03
9.350000000000001e-01 7.224973200755413e+00 7.079828003084878e-04
9.400000000000001e-01 7.407905690264673e+00 3.033586328042406e-04
9.450000000000001e-01 7.595468361978146e+00 1.186845966604212e-04
9.500000000000001e-01 7.787778448671316e+00 4.214925492192337e-05
9.550000000000001e-01 7.984956150408610e+00 1.350369278432451e-05
9.600000000000000e-01 8.187124709672272e+00 3.877405136415834e-06
9.650000000000000e-01 8.394410488393007e+00 9.909642485519657e-07
9.700000000000000e-01 8.606943046930221e+00 2.237968764699996e-07
9.750000000000000e-01 8.824855225051540e+00 4.432759625595713e-08
9.800000000000000e-01 9.048283224961922e+00 7.644698173905992e-09
9.850000000000000e-01 9.277366696434507e+00 1.149428404121317e-09
9.900000000000000e-01 9.512248824096272e+00 1.658768598113855e-10
9.950000000000000e-01 9.753076416923058e+00 3.323260873050151e-11
1.000000000000000e+00 1.000000000000000e+01 -7.459147851222452e-12
