0.000000000000000e+00 0.000000000000000e+00 1.908807684642148e-01
5.000000000000000e-03 3.369477419287315e-03 1.908784943390720e-01
1.000000000000000e-02 6.741060871647481e-03 1.908779353416499e-01
1.500000000000000e-02 1.011685770649257e-02 1.908679187958536e-01
2.000000000000000e-02 1.349897790673588e-02 1.908545313637716e-01
2.500000000000000e-02 1.688953540759990e-02 1.908358447787771e-01
3.000000000000000e-02 2.029064941789469e-02 1.908137225898640e-01
3.500000000000000e-02 2.370444574459234e-02 1.907861048787212e-01
4.000000000000000e-02 2.713305812152553e-02 1.907546735144509e-01
4.500000000000000e-02 3.057862954304063e-02 1.907181270718062e-01
5.000000000000000e-02 3.404331360343898e-02 1.906774243327787e-01
5.500000000000000e-02 3.752927584304335e-02 1.906313889356962e-01
6.000000000000000e-02 4.103869510173117e-02 1.905809452007078e-01
6.500000000000000e-02 4.457376488078044e-02 1.905251702290748e-01
7.000000000000001e-02 4.813669471387935e-02 1.904646627072223e-01
7.500000000000000e-02 5.172971154815675e-02 1.903984743403406e-01
8.000000000000000e-02 5.535506113609672e-02 1.903271463708112e-01
8.500000000000001e-02 5.901500943920686e-02 1.902499736889290e-01
9.000000000000000e-02 6.271184404431801e-02 1.901673812825152e-01
9.500000000000000e-02 6.644787559340060e-02 1.900785074589439e-01
1.000000000000000e-01 7.022543922779090e-02 1.899836173698768e-01
1.050000000000000e-01 7.404689604773053e-02 1.898820678250895e-01
1.100000000000000e-01 7.791463458813094e-02 1.897741396822541e-01
1.150000000000000e-01 8.183107231148547e-02 1.896591058470775e-01
1.200000000000000e-01 8.579865711886202e-02 1.895371075998584e-01
1.250000000000000e-01 8.981986887992111e-02 1.894073914142165e-01
1.300000000000000e-01 9.389722098291493e-02 1.892699910436428e-01
1.350000000000000e-01 9.803326190563690e-02 1.891242936992786e-01
1.400000000000000e-01 1.022305768083033e-01 1.889703512800757e-01
1.450000000000000e-01 1.064917891493625e-01 1.888074465797891e-01
1.500000000000000e-01 1.108195623252418e-01 1.886355820881484e-01
1.550000000000000e-01 1.152166013350572e-01 1.884539594864992e-01
1.600000000000000e-01 1.196856544713255e-01 1.882624198536095e-01
1.650000000000000e-01 1.242295150377370e-01 1.880602662320499e-01
1.700000000000000e-01 1.288510230950609e-01 1.878471626094133e-01
1.750000000000000e-01 1.335530672362758e-01 1.876225211886026e-01
1.800000000000000e-01 1.383385863920344e-01 1.873858751526014e-01
1.850000000000000e-01 1.432105716675912e-01 1.871366594214424e-01
1.900000000000000e-01 1.481720682123397e-01 1.868743193975838e-01
1.950000000000000e-01 1.532261771231311e-01 1.865982550251776e-01
2.000000000000000e-01 1.583760573825595e-01 1.863078438400376e-01
2.050000000000000e-01 1.636249278334301e-01 1.860024301118696e-01
2.100000000000000e-01 1.689760691906397e-01 1.856813280143138e-01
2.150000000000000e-01 1.744328260917313e-01 1.853438194240259e-01
2.200000000000000e-01 1.799986091874004e-01 1.849891535531479e-01
2.250000000000000e-01 1.856768972732633e-01 1.846165458927124e-01
2.300000000000000e-01 1.914712394642179e-01 1.842251773235448e-01
2.350000000000000e-01 1.973852574127551e-01 1.838141931542157e-01
2.400000000000000e-01 2.034226475726105e-01 1.833827021767586e-01
2.450000000000000e-01 2.095871835091678e-01 1.829297757320436e-01
2.500000000000000e-01 2.158827182580599e-01 1.824544468017166e-01
2.550000000000000e-01 2.223131867334419e-01 1.819557091366984e-01
2.600000000000000e-01 2.288826081874405e-01 1.814325164342522e-01
2.650000000000000e-01 2.355950887223172e-01 1.808837815760679e-01
2.700000000000000e-01 2.424548238569160e-01 1.803083759409230e-01
2.750000000000000e-01 2.494661011489995e-01 1.797051288067387e-01
2.800000000000000e-01 2.566333028751116e-01 1.790728268582535e-01
2.850000000000000e-01 2.639609087696434e-01 1.784102138181128e-01
2.900000000000000e-01 2.714534988248126e-01 1.777159902208752e-01
2.950000000000000e-01 2.791157561533084e-01 1.769888133512615e-01
3.000000000000000e-01 2.869524699153886e-01 1.762272973699580e-01
3.050000000000000e-01 2.949685383122613e-01 1.754300136523531e-01
3.100000000000000e-01 3.031689716476197e-01 1.745954913678038e-01
3.150000000000000e-01 3.115588954592450e-01 1.737222183293422e-01
3.200000000000000e-01 3.201435537226349e-01 1.728086421461429e-01
3.250000000000000e-01 3.289283121286580e-01 1.718531717135761e-01
3.300000000000000e-01 3.379186614372866e-01 1.708541790782332e-01
3.350000000000000e-01 3.471202209094989e-01 1.698100017179209e-01
3.400000000000000e-01 3.565387418195016e-01 1.687189452792382e-01
3.450000000000000e-01 3.661801110494620e-01 1.675792868179503e-01
3.500000000000000e-01 3.760503547690021e-01 1.663892785898994e-01
3.550000000000000e-01 3.861556422017504e-01 1.651471524425933e-01
3.600000000000000e-01 3.965022894813072e-01 1.638511248598410e-01
3.650000000000000e-01 4.070967635990345e-01 1.624994027137534e-01
3.700000000000000e-01 4.179456864461349e-01 1.610901897800382e-01
3.750000000000000e-01 4.290558389525505e-01 1.596216940736796e-01
3.800000000000000e-01 4.404341653252637e-01 1.580921360626705e-01
3.850000000000000e-01 4.520877773886537e-01 1.564997578173736e-01
3.900000000000000e-01 4.640239590296172e-01 1.548428331521064e-01
3.950000000000000e-01 4.762501707502353e-01 1.531196788135865e-01
4.000000000000000e-01 4.887740543308307e-01 1.513286667676930e-01
4.050000000000000e-01 5.016034376063282e-01 1.494682376314158e-01
4.100000000000000e-01 5.147463393589066e-01 1.475369152906807e-01
4.150000000000000e-01 5.282109743299990e-01 1.455333227366815e-01
4.200000000000000e-01 5.420057583547735e-01 1.434561991432049e-01
4.250000000000000e-01 5.561393136223041e-01 1.413044181949471e-01
4.300000000000000e-01 5.706204740647189e-01 1.390770076617097e-01
4.350000000000000e-01 5.854582908786964e-01 1.367731701954169e-01
4.400000000000000e-01 6.006620381827575e-01 1.343923053058313e-01
4.450000000000000e-01 6.162412188138907e-01 1.319340324464955e-01
4.500000000000000e-01 6.322055702671360e-01 1.293982151145612e-01
4.550000000000000e-01 6.485650707818353e-01 1.267849858367158e-01
4.600000000000000e-01 6.653299455783577e-01 1.240947718782790e-01
4.650000000000000e-01 6.825106732491932e-01 1.213283214737910e-01
4.700000000000000e-01 7.001179923084168e-01 1.184867303351828e-01
4.750000000000000e-01 7.181629079036070e-01 1.155714681482110e-01
4.800000000000000e-01 7.366566986944229e-01 1.125844047197138e-01
4.850000000000000e-01 7.556109239021327e-01 1.095278353880391e-01
4.900000000000000e-01 7.750374305345038e-01 1.064045052575885e-01
4.950000000000000e-01 7.949483607905672e-01 1.032176317669001e-01
5.000000000000000e-01 8.153561596498893e-01 9.997092504940233e-02
5.050000000000000e-01 8.362735826510871e-01 9.666860549853414e-02
5.100000000000000e-01 8.577137038644561e-01 9.331541790616725e-02
5.150000000000000e-01 8.796899240636907e-01 8.991664150732410e-02
5.200000000000000e-01 9.022159791018011e-01 8.647809523730163e-02
5.250000000000000e-01 9.253059484964714e-01 8.300613749200372e-02
5.300000000000000e-01 9.489742642302165e-01 7.950765968104563e-02
5.350000000000000e-01 9.732357197708378e-01 7.599007287861657e-02
5.400000000000000e-01 9.981054793178262e-01 7.246128691162461e-02
5.450000000000000e-01 1.023599087280478e+00 6.892968128060001e-02
5.500000000000000e-01 1.049732477993657e+00 6.540406738819002e-02
5.550000000000000e-01 1.076521985677273e+00 6.189364165446458e-02
5.600000000000001e-01 1.103984354645701e+00 5.840792922879093e-02
5.650000000000001e-01 1.132136749773522e+00 5.495671816534529e-02
5.700000000000001e-01 1.160996767224129e+00 5.154998411339847e-02
5.750000000000001e-01 1.190582445447902e+00 4.819780578373293e-02
5.800000000000000e-01 1.220912276456826e+00 4.491027168761720e-02
5.850000000000000e-01 1.252005217382601e+00 4.169737890268054e-02
5.900000000000000e-01 1.283880702325469e+00 3.856892489796476e-02
5.950000000000000e-01 1.316558654501151e+00 3.553439374457541e-02
6.000000000000000e-01 1.350059498693518e+00 3.260283834369825e-02
6.050000000000000e-01 1.384404174020732e+00 2.978276061371660e-02
6.100000000000000e-01 1.419614147022888e+00 2.708199188426466e-02
6.150000000000000e-01 1.455711425079295e+00 2.450757603646287e-02
6.200000000000000e-01 1.492718570163803e+00 2.206565819185645e-02
6.250000000000000e-01 1.530658712946775e+00 1.976138197154712e-02
6.300000000000000e-01 1.569555567252506e+00 1.759879850306341e-02
6.350000000000000e-01 1.609433444881138e+00 1.558079042535459e-02
6.400000000000000e-01 1.650317270804325e+00 1.370901411134157e-02
6.450000000000000e-01 1.692232598744148e+00 1.198386317392623e-02
6.500000000000000e-01 1.735205627145031e+00 1.040445603096812e-02
6.550000000000000e-01 1.779263215548615e+00 8.968649870956363e-03
6.600000000000000e-01 1.824432901381847e+00 7.673082788650662e-03
6.650000000000000e-01 1.870742917168772e+00 6.513245168219418e-03
6.700000000000000e-01 1.918222208176775e+00 5.483580617350894e-03
6.750000000000000e-01 1.966900450508319e+00 4.577615956048425e-03
6.800000000000000e-01 2.016808069649473e+00 3.788119015268989e-03
6.850000000000001e-01 2.067976259486829e+00 3.107282399516928e-03
6.900000000000001e-01 2.120437001804702e+00 2.526931026760039e-03
6.950000000000001e-01 2.174223086274785e+00 2.038751302880444e-03
7.000000000000001e-01 2.229368130950753e+00 1.634540344649295e-03
7.050000000000000e-01 2.285906603280654e+00 1.306474857043680e-03
7.100000000000000e-01 2.343873841650178e+00 1.047401199546751e-03
7.150000000000000e-01 2.403306077470301e+00 8.511509045834680e-04
7.200000000000000e-01 2.464240457823092e+00 7.128894364089353e-04
7.250000000000000e-01 2.526715068679855e+00 6.295101944855301e-04
7.300000000000000e-01 2.590768958706095e+00 6.000904098348892e-04
7.350000000000000e-01 2.656442163668210e+00 6.264301652893736e-04
7.400000000000000e-01 2.723775731457148e+00 7.136994729875982e-04
7.450000000000000e-01 2.792811747744667e+00 8.712198945892300e-04
7.500000000000000e-01 2.863593362288260e+00 1.113404723600834e-03
7.550000000000000e-01 2.936164815901156e+00 1.460872654862166e-03
7.600000000000000e-01 3.010571468104263e+00 1.941730694685226e-03
7.650000000000000e-01 3.086859825477351e+00 2.592988564362862e-03
7.700000000000000e-01 3.165077570727174e+00 3.462014269058896e-03
7.750000000000000e-01 3.245273592490716e+00 4.607864359814843e-03
7.800000000000000e-01 3.327498015892184e+00 6.102219957946289e-03
7.850000000000000e-01 3.411802233872832e+00 8.029532225041151e-03
7.900000000000000e-01 3.498238939313234e+00 1.048583764704428e-02
7.950000000000000e-01 3.586862157968046e+00 1.357556525826523e-02
8.000000000000000e-01 3.677727282233856e+00 1.740556235081259e-02
8.050000000000000e-01 3.770891105771243e+00 2.207556966724415e-02
8.100000000000001e-01 3.866411859002656e+00 2.766455777458538e-02
8.150000000000001e-01 3.964349245508326e+00 3.421277944739429e-02
8.200000000000001e-01 4.064764479342956e+00 4.170017355080234e-02
8.250000000000001e-01 4.167720323296481e+00 5.002290205716878e-02
8.300000000000001e-01 4.273281128122877e+00 5.897124458949758e-02
8.350000000000000e-01 4.381512872761445e+00 6.821359512091948e-02
8.400000000000000e-01 4.492483205575838e+00 7.729249787593385e-02
8.450000000000000e-01 4.606261486636447e+00 8.563894736533019e-02
8.500000000000000e-01 4.722918831072739e+00 9.260991532388524e-02
8.550000000000000e-01 4.842528153522501e+00 9.755075472937726e-02
8.600000000000000e-01 4.965164213705875e+00 9.987872041279952e-02
8.650000000000000e-01 5.090903663152626e+00 9.917705727224803e-02
8.700000000000000e-01 5.219825093111814e+00 9.528259064016159e-02
8.750000000000000e-01 5.352009083673925e+00 8.834589996919233e-02
8.800000000000000e-01 5.487538254136007e+00 7.884442734180004e-02
8.850000000000000e-01 5.626497314641444e+00 6.753670992157872e-02
8.900000000000000e-01 5.768973119126561e+00 5.535962447997222e-02
8.950000000000000e-01 5.915054719607133e+00 4.328668344893593e-02
9.000000000000000e-01 6.064833421838831e+00 3.217854640298325e-02
9.050000000000000e-01 6.218402842386253e+00 2.266143768785435e-02
9.100000000000000e-01 6.375858967136348e+00 1.506210954420713e-02
9.150000000000000e-01 6.537300211292723e+00 9.410990856943045e-03
9.200000000000000e-01 6.702827480888332e+00 5.504405415840168e-03
9.250000000000000e-01 6.872544235855034e+00 3.000407973996157e-03
9.300000000000000e-01 7.046556554689444e+00 1.517063342260791e-03
9.350000000000001e-01 7.224973200755413e+00 7.079827442655659e-04
9.400000000000001e-01 7.407905690264673e+00 3.033586144653914e-04
9.450000000000001e-01 7.595468361978146e+00 1.186845872508184e-04
9.500000000000001e-01 7.787778448671316e+00 4.214924559113500e-05
9.550000000000001e-01 7.984956150408610e+00 1.350368005695417e-05
9.600000000000000e-01 8.187124709672272e+00 3.877387297827828e-06
9.650000000000000e-01 8.394410488393007e+00 9.909441546707351e-07
9.700000000000000e-01 8.606943046930221e+00 2.237753395568119e-07
9.750000000000000e-01 8.824855225051540e+00 4.430791171124399e-08
9.800000000000000e-01 9.048283224961922e+00 7.629968587717072e-09
9.850000000000000e-01 9.277366696434507e+00 1.132974897162419e-09
9.900000000000000e-01 9.512248824096272e+00 1.438409771391475e-10
9.950000000000000e-01 9.753076416923058e+00 1.870755511208468e-11
1.000000000000000e+00 1.000000000000000e+01 -1.483751306462571e-11
