0.000000000000000e+00 0.000000000000000e+00 -5.165793691005791e-03
5.000000000000000e-03 3.369477419287315e-03 -5.169394389943548e-03
1.000000000000000e-02 6.741060871647481e-03 -5.168011307791509e-03
1.500000000000000e-02 1.011685770649257e-02 -5.168867359762231e-03
2.000000000000000e-02 1.349897790673588e-02 -5.170367426779344e-03
2.500000000000000e-02 1.688953540759990e-02 -5.172751633391724e-03
3.000000000000000e-02 2.029064941789469e-02 -5.174302348392093e-03
3.500000000000000e-02 2.370444574459234e-02 -5.177047116811251e-03
4.000000000000000e-02 2.713305812152553e-02 -5.179997377298158e-03
4.500000000000000e-02 3.057862954304063e-02 -5.183574255800494e-03
5.000000000000000e-02 3.404331360343898e-02 -5.187220376481386e-03
5.500000000000000e-02 3.752927584304335e-02 -5.191536258450100e-03
6.000000000000000e-02 4.103869510173117e-02 -5.195880818983330e-03
6.500000000000000e-02 4.457376488078044e-02 -5.201209366705343e-03
7.000000000000001e-02 4.813669471387935e-02 -5.206547149727010e-03
7.500000000000000e-02 5.172971154815675e-02 -5.212743273579202e-03
8.000000000000000e-02 5.535506113609672e-02 -5.219132467025939e-03
8.500000000000001e-02 5.901500943920686e-02 -5.226307759931700e-03
9.000000000000000e-02 6.271184404431801e-02 -5.233901136201848e-03
9.500000000000000e-02 6.644787559340060e-02 -5.242008565810122e-03
1.000000000000000e-01 7.022543922779090e-02 -5.250743625851726e-03
1.050000000000000e-01 7.404689604773053e-02 -5.260115725210374e-03
1.100000000000000e-01 7.791463458813094e-02 -5.270038590278046e-03
1.150000000000000e-01 8.183107231148547e-02 -5.280715015197939e-03
1.200000000000000e-01 8.579865711886202e-02 -5.292037264639578e-03
1.250000000000000e-01 8.981986887992111e-02 -5.304040954665109e-03
1.300000000000000e-01 9.389722098291493e-02 -5.316771466942354e-03
1.350000000000000e-01 9.803326190563690e-02 -5.330385744411309e-03
1.400000000000000e-01 1.022305768083033e-01 -5.344559716915875e-03
1.450000000000000e-01 1.064917891493625e-01 -5.359703718253671e-03
1.500000000000000e-01 1.108195623252418e-01 -5.375664250037237e-03
1.550000000000000e-01 1.152166013350572e-01 -5.392639160740390e-03
1.600000000000000e-01 1.196856544713255e-01 -5.410504692995091e-03
1.650000000000000e-01 1.242295150377370e-01 -5.429489090199444e-03
1.700000000000000e-01 1.288510230950609e-01 -5.449387976402285e-03
1.750000000000000e-01 1.335530672362758e-01 -5.470624146247913e-03
1.800000000000000e-01 1.383385863920344e-01 -5.492797254297225e-03
1.850000000000000e-01 1.432105716675912e-01 -5.516407874763925e-03
1.900000000000000e-01 1.481720682123397e-01 -5.541102225413045e-03
1.950000000000000e-01 1.532261771231311e-01 -5.567292030466173e-03
2.000000000000000e-01 1.583760573825595e-01 -5.594787223963463e-03
2.050000000000000e-01 1.636249278334301e-01 -5.623896940451099e-03
2.100000000000000e-01 1.689760691906397e-01 -5.654440302767821e-03
2.150000000000000e-01 1.744328260917313e-01 -5.686730529773706e-03
2.200000000000000e-01 1.799986091874004e-01 -5.720808285921181e-03
2.250000000000000e-01 1.856768972732633e-01 -5.756632463804476e-03
2.300000000000000e-01 1.914712394642179e-01 -5.794498068186298e-03
2.350000000000000e-01 1.973852574127551e-01 -5.834299646192638e-03
2.400000000000000e-01 2.034226475726105e-01 -5.876302861119466e-03
2.450000000000000e-01 2.095871835091678e-01 -5.920478366155349e-03
2.500000000000000e-01 2.158827182580599e-01 -5.967072278035094e-03
2.550000000000000e-01 2.223131867334419e-01 -6.016159925648972e-03
2.600000000000000e-01 2.288826081874405e-01 -6.067827778046613e-03
2.650000000000000e-01 2.355950887223172e-01 -6.122453358959009e-03
2.700000000000000e-01 2.424548238569160e-01 -6.179766809790582e-03
2.750000000000000e-01 2.494661011489995e-01 -6.240355237003311e-03
2.800000000000000e-01 2.566333028751116e-01 -6.304020832995609e-03
2.850000000000000e-01 2.639609087696434e-01 -6.371327620502134e-03
2.900000000000000e-01 2.714534988248126e-01 -6.442055434574239e-03
2.950000000000000e-01 2.791157561533084e-01 -6.516672988067477e-03
3.000000000000000e-01 2.869524699153886e-01 -6.595327714418862e-03
3.050000000000000e-01 2.949685383122613e-01 -6.678154767716732e-03
3.100000000000000e-01 3.031689716476197e-01 -6.765615505902453e-03
3.150000000000000e-01 3.115588954592450e-01 -6.857638940402856e-03
3.200000000000000e-01 3.201435537226349e-01 -6.954770858297116e-03
3.250000000000000e-01 3.289283121286580e-01 -7.057109756154352e-03
3.300000000000000e-01 3.379186614372866e-01 -7.164942563601032e-03
3.350000000000000e-01 3.471202209094989e-01 -7.278787695118929e-03
3.400000000000000e-01 3.565387418195016e-01 -7.398648924293438e-03
3.450000000000000e-01 3.661801110494620e-01 -7.525238424441897e-03
3.500000000000000e-01 3.760503547690021e-01 -7.658583538782058e-03
3.550000000000000e-01 3.861556422017504e-01 -7.799269999346322e-03
3.600000000000000e-01 3.965022894813072e-01 -7.947644725429404e-03
3.650000000000000e-01 4.070967635990345e-01 -8.104103857397212e-03
3.700000000000000e-01 4.179456864461349e-01 -8.269199652592532e-03
3.750000000000000e-01 4.290558389525505e-01 -8.443305921105418e-03
3.800000000000000e-01 4.404341653252637e-01 -8.626919028338190e-03
3.850000000000000e-01 4.520877773886537e-01 -8.820614867185026e-03
3.900000000000000e-01 4.640239590296172e-01 -9.024974317923885e-03
3.950000000000000e-01 4.762501707502353e-01 -9.240529346683778e-03
4.000000000000000e-01 4.887740543308307e-01 -9.467782246408239e-03
4.050000000000000e-01 5.016034376063282e-01 -9.707599838068719e-03
4.100000000000000e-01 5.147463393589066e-01 -9.960421473005373e-03
4.150000000000000e-01 5.282109743299990e-01 -1.022705286441116e-02
4.200000000000000e-01 5.420057583547735e-01 -1.050817871889089e-02
4.250000000000000e-01 5.561393136223041e-01 -1.080449234316029e-02
4.300000000000000e-01 5.706204740647189e-01 -1.111682904785512e-02
4.350000000000000e-01 5.854582908786964e-01 -1.144589607798159e-02
4.400000000000000e-01 6.006620381827575e-01 -1.179249523143895e-02
4.450000000000000e-01 6.162412188138907e-01 -1.215749980172192e-02
4.500000000000000e-01 6.322055702671360e-01 -1.254157974829413e-02
4.550000000000000e-01 6.485650707818353e-01 -1.294568762437713e-02
4.600000000000000e-01 6.653299455783577e-01 -1.337051212335694e-02
4.650000000000000e-01 6.825106732491932e-01 -1.381683990801865e-02
4.700000000000000e-01 7.001179923084168e-01 -1.428545264392991e-02
4.750000000000000e-01 7.181629079036070e-01 -1.477695315521295e-02
4.800000000000000e-01 7.366566986944229e-01 -1.529197015419944e-02
4.850000000000000e-01 7.556109239021327e-01 -1.583106035298847e-02
4.900000000000000e-01 7.750374305345038e-01 -1.639449089673045e-02
4.950000000000000e-01 7.949483607905672e-01 -1.698259964123752e-02
5.000000000000000e-01 8.153561596498893e-01 -1.759537333749357e-02
5.050000000000000e-01 8.362735826510871e-01 -1.823257899714959e-02
5.100000000000000e-01 8.577137038644561e-01 -1.889380458658597e-02
5.150000000000000e-01 8.796899240636907e-01 -1.957820427311549e-02
5.200000000000000e-01 9.022159791018011e-01 -2.028451877527309e-02
5.250000000000000e-01 9.253059484964714e-01 -2.101117233329088e-02
5.300000000000000e-01 9.489742642302165e-01 -2.175589197942138e-02
5.350000000000000e-01 9.732357197708378e-01 -2.251584689792065e-02
5.400000000000000e-01 9.981054793178262e-01 -2.328759080404879e-02
5.450000000000000e-01 1.023599087280478e+00 -2.406679159204606e-02
5.500000000000000e-01 1.049732477993657e+00 -2.484825663856451e-02
5.550000000000000e-01 1.076521985677273e+00 -2.562596348686801e-02
5.600000000000001e-01 1.103984354645701e+00 -2.639277188853137e-02
5.650000000000001e-01 1.132136749773522e+00 -2.714045667597475e-02
5.700000000000001e-01 1.160996767224129e+00 -2.785980568651013e-02
5.750000000000001e-01 1.190582445447902e+00 -2.854046145295558e-02
5.800000000000000e-01 1.220912276456826e+00 -2.917096093978672e-02
5.850000000000000e-01 1.252005217382601e+00 -2.973899281686151e-02
5.900000000000000e-01 1.283880702325469e+00 -3.023150495508873e-02
5.950000000000000e-01 1.316558654501151e+00 -3.063482204253929e-02
6.000000000000000e-01 1.350059498693518e+00 -3.093507846334203e-02
6.050000000000000e-01 1.384404174020732e+00 -3.111864915927101e-02
6.100000000000000e-01 1.419614147022888e+00 -3.117245897631064e-02
6.150000000000000e-01 1.455711425079295e+00 -3.108441349578946e-02
6.200000000000000e-01 1.492718570163803e+00 -3.084396327280143e-02
6.250000000000000e-01 1.530658712946775e+00 -3.044255141193823e-02
6.300000000000000e-01 1.569555567252506e+00 -2.987386706128924e-02
6.350000000000000e-01 1.609433444881138e+00 -2.913413327592825e-02
6.400000000000000e-01 1.650317270804325e+00 -2.822234548336416e-02
6.450000000000000e-01 1.692232598744148e+00 -2.714038531806324e-02
6.500000000000000e-01 1.735205627145031e+00 -2.589287408927939e-02
6.550000000000000e-01 1.779263215548615e+00 -2.448701650692939e-02
6.600000000000000e-01 1.824432901381847e+00 -2.293238162703411e-02
6.650000000000000e-01 1.870742917168772e+00 -2.124071189675134e-02
6.700000000000000e-01 1.918222208176775e+00 -1.942556255220967e-02
6.750000000000000e-01 1.966900450508319e+00 -1.750198922308073e-02
6.800000000000000e-01 2.016808069649473e+00 -1.548618343140374e-02
6.850000000000001e-01 2.067976259486829e+00 -1.339526002046386e-02
6.900000000000001e-01 2.120437001804702e+00 -1.124701589018096e-02
6.950000000000001e-01 2.174223086274785e+00 -9.059833811930930e-03
7.000000000000001e-01 2.229368130950753e+00 -6.852487749015079e-03
7.050000000000000e-01 2.285906603280654e+00 -4.644108141834656e-03
7.100000000000000e-01 2.343873841650178e+00 -2.454045535041546e-03
7.150000000000000e-01 2.403306077470301e+00 -3.018377781006834e-04
7.200000000000000e-01 2.464240457823092e+00 1.792932354769053e-03
7.250000000000000e-01 2.526715068679855e+00 3.810818372288446e-03
7.300000000000000e-01 2.590768958706095e+00 5.732879926886075e-03
7.350000000000000e-01 2.656442163668210e+00 7.541287682258568e-03
7.400000000000000e-01 2.723775731457148e+00 9.220300495811658e-03
7.450000000000000e-01 2.792811747744667e+00 1.075772337256710e-02
7.500000000000000e-01 2.863593362288260e+00 1.214694853647761e-02
7.550000000000000e-01 2.936164815901156e+00 1.338960386402289e-02
7.600000000000000e-01 3.010571468104263e+00 1.449871838645143e-02
7.650000000000000e-01 3.086859825477351e+00 1.550216698195499e-02
7.700000000000000e-01 3.165077570727174e+00 1.644601563187104e-02
7.750000000000000e-01 3.245273592490716e+00 1.739728431046573e-02
7.800000000000000e-01 3.327498015892184e+00 1.844559061301028e-02
7.850000000000000e-01 3.411802233872832e+00 1.970312064101058e-02
7.900000000000000e-01 3.498238939313234e+00 2.130236657168632e-02
7.950000000000000e-01 3.586862157968046e+00 2.339105321471277e-02
8.000000000000000e-01 3.677727282233856e+00 2.612366217204307e-02
8.050000000000000e-01 3.770891105771243e+00 2.964900974434719e-02
8.100000000000001e-01 3.866411859002656e+00 3.409353684007505e-02
8.150000000000001e-01 3.964349245508326e+00 3.954042859494850e-02
8.200000000000001e-01 4.064764479342956e+00 4.600547472436618e-02
8.250000000000001e-01 4.167720323296481e+00 5.341172082791096e-02
8.300000000000001e-01 4.273281128122877e+00 6.156635493654120e-02
8.350000000000000e-01 4.381512872761445e+00 7.014469183871483e-02
8.400000000000000e-01 4.492483205575838e+00 7.868716559066891e-02
8.450000000000000e-01 4.606261486636447e+00 8.661537396725223e-02
8.500000000000000e-01 4.722918831072739e+00 9.327183397624152e-02
8.550000000000000e-01 4.842528153522501e+00 9.798473875191377e-02
8.600000000000000e-01 4.965164213705875e+00 1.001536183508643e-01
8.650000000000000e-01 5.090903663152626e+00 9.934510822777329e-02
8.700000000000000e-01 5.219825093111814e+00 9.538163862868759e-02
8.750000000000000e-01 5.352009083673925e+00 8.840213028221501e-02
8.800000000000000e-01 5.487538254136007e+00 7.887514747921245e-02
8.850000000000000e-01 5.626497314641444e+00 6.755284736476067e-02
8.900000000000000e-01 5.768973119126561e+00 5.536776890360978e-02
8.950000000000000e-01 5.915054719607133e+00 4.329062965300026e-02
9.000000000000000e-01 6.064833421838831e+00 3.218038081217397e-02
9.050000000000000e-01 6.218402842386253e+00 2.266225528376286e-02
9.100000000000000e-01 6.375858967136348e+00 1.506245873225145e-02
9.150000000000000e-01 6.537300211292723e+00 9.411133692233691e-03
9.200000000000000e-01 6.702827480888332e+00 5.504461349079633e-03
9.250000000000000e-01 6.872544235855034e+00 3.000428935300991e-03
9.300000000000000e-01 7.046556554689444e+00 1.517070859187202e-03
9.350000000000001e-01 7.224973200755413e+00 7.079853269912756e-04
9.400000000000001e-01 7.407905690264673e+00 3.033594698843960e-04
9.450000000000001e-01 7.595468361978146e+00 1.186848672066220e-04
9.500000000000001e-01 7.787778448671316e+00 4.214934525076611e-05
9.550000000000001e-01 7.984956150408610e+00 1.350372471927813e-05
9.600000000000000e-01 8.187124709672272e+00 3.877415994784995e-06
9.650000000000000e-01 8.394410488393007e+00 9.909665504474192e-07
9.700000000000000e-01 8.606943046930221e+00 2.237921610868546e-07
9.750000000000000e-01 8.824855225051540e+00 4.432522953340376e-08
9.800000000000000e-01 9.048283224961922e+00 7.650248022515971e-09
9.850000000000000e-01 9.277366696434507e+00 1.151824947933113e-09
9.900000000000000e-01 9.512248824096272e+00 1.600019900479902e-10
9.950000000000000e-01 9.753076416923058e+00 3.440883578354965e-11
1.000000000000000e+00 1.000000000000000e+01 6.634702058597546e-11
