0.000000000000000e+00 0.000000000000000e+00 -1.031852812408803e-01
5.000000000000000e-03 3.369477419287315e-03 -1.031889425366983e-01
1.000000000000000e-02 6.741060871647481e-03 -1.031847025479110e-01
1.500000000000000e-02 1.011685770649257e-02 -1.031802103847186e-01
2.000000000000000e-02 1.349897790673588e-02 -1.031744937644370e-01
2.500000000000000e-02 1.688953540759990e-02 -1.031662517442045e-01
3.000000000000000e-02 2.029064941789469e-02 -1.031555991144996e-01
3.500000000000000e-02 2.370444574459234e-02 -1.031432915779194e-01
4.000000000000000e-02 2.713305812152553e-02 -1.031291858001118e-01
4.500000000000000e-02 3.057862954304063e-02 -1.031127480190309e-01
5.000000000000000e-02 3.404331360343898e-02 -1.030941280712050e-01
5.500000000000000e-02 3.752927584304335e-02 -1.030735657933867e-01
6.000000000000000e-02 4.103869510173117e-02 -1.030505732627789e-01
6.500000000000000e-02 4.457376488078044e-02 -1.030253917143719e-01
7.000000000000001e-02 4.813669471387935e-02 -1.029977047489563e-01
7.500000000000000e-02 5.172971154815675e-02 -1.029677700526938e-01
8.000000000000000e-02 5.535506113609672e-02 -1.029352827172460e-01
8.500000000000001e-02 5.901500943920686e-02 -1.029003860378828e-01
9.000000000000000e-02 6.271184404431801e-02 -1.028627039287971e-01
9.500000000000000e-02 6.644787559340060e-02 -1.028223817829251e-01
1.000000000000000e-01 7.022543922779090e-02 -1.027791366674594e-01
1.050000000000000e-01 7.404689604773053e-02 -1.027329038641495e-01
1.100000000000000e-01 7.791463458813094e-02 -1.026835579080417e-01
1.150000000000000e-01 8.183107231148547e-02 -1.026311053361395e-01
1.200000000000000e-01 8.579865711886202e-02 -1.025751822903497e-01
1.250000000000000e-01 8.981986887992111e-02 -1.025158736621402e-01
1.300000000000000e-01 9.389722098291493e-02 -1.024529053274713e-01
1.350000000000000e-01 9.803326190563690e-02 -1.023861308293702e-01
1.400000000000000e-01 1.022305768083033e-01 -1.023153962298275e-01
1.450000000000000e-01 1.064917891493625e-01 -1.022404297130701e-01
1.500000000000000e-01 1.108195623252418e-01 -1.021612397159778e-01
1.550000000000000e-01 1.152166013350572e-01 -1.020774117715516e-01
1.600000000000000e-01 1.196856544713255e-01 -1.019888248731449e-01
1.650000000000000e-01 1.242295150377370e-01 -1.018952063546568e-01
1.700000000000000e-01 1.288510230950609e-01 -1.017963973013166e-01
1.750000000000000e-01 1.335530672362758e-01 -1.016921342698405e-01
1.800000000000000e-01 1.383385863920344e-01 -1.015819705864634e-01
1.850000000000000e-01 1.432105716675912e-01 -1.014658939699496e-01
1.900000000000000e-01 1.481720682123397e-01 -1.013432677516769e-01
1.950000000000000e-01 1.532261771231311e-01 -1.012141163694469e-01
2.000000000000000e-01 1.583760573825595e-01 -1.010779001408096e-01
2.050000000000000e-01 1.636249278334301e-01 -1.009342814271203e-01
2.100000000000000e-01 1.689760691906397e-01 -1.007830740141189e-01
2.150000000000000e-01 1.744328260917313e-01 -1.006235245695549e-01
2.200000000000000e-01 1.799986091874004e-01 -1.004555870117183e-01
2.250000000000000e-01 1.856768972732633e-01 -1.002785550365849e-01
2.300000000000000e-01 1.914712394642179e-01 -1.000920956893341e-01
2.350000000000000e-01 1.973852574127551e-01 -9.989580165107513e-02
2.400000000000000e-01 2.034226475726105e-01 -9.968890173291152e-02
2.450000000000000e-01 2.095871835091678e-01 -9.947117149921944e-02
2.500000000000000e-01 2.158827182580599e-01 -9.924178643942103e-02
2.550000000000000e-01 2.223131867334419e-01 -9.900028677947176e-02
2.600000000000000e-01 2.288826081874405e-01 -9.874615027250373e-02
2.650000000000000e-01 2.355950887223172e-01 -9.847847162406081e-02
2.700000000000000e-01 2.424548238569160e-01 -9.819671656935902e-02
2.750000000000000e-01 2.494661011489995e-01 -9.790014425674173e-02
2.800000000000000e-01 2.566333028751116e-01 -9.758807402287539e-02
2.850000000000000e-01 2.639609087696434e-01 -9.725958597571664e-02
2.900000000000000e-01 2.714534988248126e-01 -9.691388742222019e-02
2.950000000000000e-01 2.791157561533084e-01 -9.655022490553282e-02
3.000000000000000e-01 2.869524699153886e-01 -9.616753337072802e-02
3.050000000000000e-01 2.949685383122613e-01 -9.576499304328730e-02
3.100000000000000e-01 3.031689716476197e-01 -9.534159479265132e-02
3.150000000000000e-01 3.115588954592450e-01 -9.489625358899809e-02
3.200000000000000e-01 3.201435537226349e-01 -9.442803665370982e-02
3.250000000000000e-01 3.289283121286580e-01 -9.393570802382659e-02
3.300000000000000e-01 3.379186614372866e-01 -9.341821075185464e-02
3.350000000000000e-01 3.471202209094989e-01 -9.287436974846337e-02
3.400000000000000e-01 3.565387418195016e-01 -9.230288174281071e-02
3.450000000000000e-01 3.661801110494620e-01 -9.170260674592681e-02
3.500000000000000e-01 3.760503547690021e-01 -9.107218094289395e-02
3.550000000000000e-01 3.861556422017504e-01 -9.041027411640068e-02
3.600000000000000e-01 3.965022894813072e-01 -8.971562255355979e-02
3.650000000000000e-01 4.070967635990345e-01 -8.898674023525509e-02
3.700000000000000e-01 4.179456864461349e-01 -8.822228813463696e-02
3.750000000000000e-01 4.290558389525505e-01 -8.742087856888117e-02
3.800000000000000e-01 4.404341653252637e-01 -8.658099068590257e-02
3.850000000000000e-01 4.520877773886537e-01 -8.570128375807715e-02
3.900000000000000e-01 4.640239590296172e-01 -8.478030890495820e-02
3.950000000000000e-01 4.762501707502353e-01 -8.381658748990947e-02
4.000000000000000e-01 4.887740543308307e-01 -8.280880373287230e-02
4.050000000000000e-01 5.016034376063282e-01 -8.175555609174910e-02
4.100000000000000e-01 5.147463393589066e-01 -8.065545629155624e-02
4.150000000000000e-01 5.282109743299990e-01 -7.950731780891708e-02
4.200000000000000e-01 5.420057583547735e-01 -7.830986998977633e-02
4.250000000000000e-01 5.561393136223041e-01 -7.706193725958893e-02
4.300000000000000e-01 5.706204740647189e-01 -7.576252825003127e-02
4.350000000000000e-01 5.854582908786964e-01 -7.441067016609330e-02
4.400000000000000e-01 6.006620381827575e-01 -7.300545504698140e-02
4.450000000000000e-01 6.162412188138907e-01 -7.154625607723850e-02
4.500000000000000e-01 6.322055702671360e-01 -7.003248484321860e-02
4.550000000000000e-01 6.485650707818353e-01 -6.846368240727425e-02
4.600000000000000e-01 6.653299455783577e-01 -6.683963613928764e-02
4.650000000000000e-01 6.825106732491932e-01 -6.516033974178576e-02
4.700000000000000e-01 7.001179923084168e-01 -6.342585229084116e-02
4.750000000000000e-01 7.181629079036070e-01 -6.163654576821196e-02
4.800000000000000e-01 7.366566986944229e-01 -5.979303153258015e-02
4.850000000000000e-01 7.556109239021327e-01 -5.789610500621659e-02
4.900000000000000e-01 7.750374305345038e-01 -5.594673839157656e-02
4.950000000000000e-01 7.949483607905672e-01 -5.394628166833973e-02
5.000000000000000e-01 8.153561596498893e-01 -5.189629699720334e-02
5.050000000000000e-01 8.362735826510871e-01 -4.979856795563064e-02
5.100000000000000e-01 8.577137038644561e-01 -4.765510920514657e-02
5.150000000000000e-01 8.796899240636907e-01 -4.546832182720126e-02
5.200000000000000e-01 9.022159791018011e-01 -4.324082384766234e-02
5.250000000000000e-01 9.253059484964714e-01 -4.097548050889728e-02
5.300000000000000e-01 9.489742642302165e-01 -3.867538033472413e-02
5.350000000000000e-01 9.732357197708378e-01 -3.634399124672715e-02
5.400000000000000e-01 9.981054793178262e-01 -3.398502365720986e-02
5.450000000000000e-01 1.023599087280478e+00 -3.160245892449011e-02
5.500000000000000e-01 1.049732477993657e+00 -2.920046676651854e-02
5.550000000000000e-01 1.076521985677273e+00 -2.678355682462537e-02
5.600000000000001e-01 1.103984354645701e+00 -2.435650042317819e-02
5.650000000000001e-01 1.132136749773522e+00 -2.192441246146823e-02
5.700000000000001e-01 1.160996767224129e+00 -1.949261934426146e-02
5.750000000000001e-01 1.190582445447902e+00 -1.706674752077528e-02
5.800000000000000e-01 1.220912276456826e+00 -1.465266138018111e-02
5.850000000000000e-01 1.252005217382601e+00 -1.225660485478825e-02
5.900000000000000e-01 1.283880702325469e+00 -9.885105245592623e-03
5.950000000000000e-01 1.316558654501151e+00 -7.545107555535497e-03
6.000000000000000e-01 1.350059498693518e+00 -5.243865706704280e-03
6.050000000000000e-01 1.384404174020732e+00 -2.989048147061840e-03
6.100000000000000e-01 1.419614147022888e+00 -7.886840300788753e-04
6.150000000000000e-01 1.455711425079295e+00 1.348771871097367e-03
6.200000000000000e-01 1.492718570163803e+00 3.414452555541334e-03
6.250000000000000e-01 1.530658712946775e+00 5.399056631961110e-03
6.300000000000000e-01 1.569555567252506e+00 7.292863477504526e-03
6.350000000000000e-01 1.609433444881138e+00 9.085755400398477e-03
6.400000000000000e-01 1.650317270804325e+00 1.076727059942185e-02
6.450000000000000e-01 1.692232598744148e+00 1.232668643848962e-02
6.500000000000000e-01 1.735205627145031e+00 1.375314467579486e-02
6.550000000000000e-01 1.779263215548615e+00 1.503582573160000e-02
6.600000000000000e-01 1.824432901381847e+00 1.616418004252915e-02
6.650000000000000e-01 1.870742917168772e+00 1.712822158139777e-02
6.700000000000000e-01 1.918222208176775e+00 1.791888488566612e-02
6.750000000000000e-01 1.966900450508319e+00 1.852844114027251e-02
6.800000000000000e-01 2.016808069649473e+00 1.895096172676470e-02
6.850000000000001e-01 2.067976259486829e+00 1.918280983195968e-02
6.900000000000001e-01 2.120437001804702e+00 1.922313349985079e-02
6.950000000000001e-01 2.174223086274785e+00 1.907432844265048e-02
7.000000000000001e-01 2.229368130950753e+00 1.874243749854398e-02
7.050000000000000e-01 2.285906603280654e+00 1.823745685822529e-02
7.100000000000000e-01 2.343873841650178e+00 1.757352727594830e-02
7.150000000000000e-01 2.403306077470301e+00 1.676900065845097e-02
7.200000000000000e-01 2.464240457823092e+00 1.584638709665277e-02
7.250000000000000e-01 2.526715068679855e+00 1.483220258926627e-02
7.300000000000000e-01 2.590768958706095e+00 1.375675157023275e-02
7.350000000000000e-01 2.656442163668210e+00 1.265388963674730e-02
7.400000000000000e-01 2.723775731457148e+00 1.156082001850039e-02
7.450000000000000e-01 2.792811747744667e+00 1.051798215093634e-02
7.500000000000000e-01 2.863593362288260e+00 9.569091717296993e-03
7.550000000000000e-01 2.936164815901156e+00 8.761386998917028e-03
7.600000000000000e-01 3.010571468104263e+00 8.146122651816102e-03
7.650000000000000e-01 3.086859825477351e+00 7.779323245579598e-03
7.700000000000000e-01 3.165077570727174e+00 7.722757612608927e-03
7.750000000000000e-01 3.245273592490716e+00 8.045013874763626e-03
7.800000000000000e-01 3.327498015892184e+00 8.822439244253457e-03
7.850000000000000e-01 3.411802233872832e+00 1.013955975722242e-02
7.900000000000000e-01 3.498238939313234e+00 1.208842444468062e-02
7.950000000000000e-01 3.586862157968046e+00 1.476615157895037e-02
8.000000000000000e-01 3.677727282233856e+00 1.826983459814935e-02
8.050000000000000e-01 3.770891105771243e+00 2.268795442757816e-02
8.100000000000001e-01 3.866411859002656e+00 2.808762252368814e-02
8.150000000000001e-01 3.964349245508326e+00 3.449743175073318e-02
8.200000000000001e-01 4.064764479342956e+00 4.188649309926130e-02
8.250000000000001e-01 4.167720323296481e+00 5.014140900511369e-02
8.300000000000001e-01 4.273281128122877e+00 5.904440460287826e-02
8.350000000000000e-01 4.381512872761445e+00 6.825738262233090e-02
8.400000000000000e-01 4.492483205575838e+00 7.731787694782175e-02
8.450000000000000e-01 4.606261486636447e+00 8.565317576917708e-02
8.500000000000000e-01 4.722918831072739e+00 9.261762262282425e-02
8.550000000000000e-01 4.842528153522501e+00 9.755478404773958e-02
8.600000000000000e-01 4.965164213705875e+00 9.988075123196931e-02
8.650000000000000e-01 5.090903663152626e+00 9.917804300528586e-02
8.700000000000000e-01 5.219825093111814e+00 9.528305094648915e-02
8.750000000000000e-01 5.352009083673925e+00 8.834610655489157e-02
8.800000000000000e-01 5.487538254136007e+00 7.884451636474477e-02
8.850000000000000e-01 5.626497314641444e+00 6.753674672201089e-02
8.900000000000000e-01 5.768973119126561e+00 5.535963906050973e-02
8.950000000000000e-01 5.915054719607133e+00 4.328668898122543e-02
9.000000000000000e-01 6.064833421838831e+00 3.217854841165890e-02
9.050000000000000e-01 6.218402842386253e+00 2.266143838524095e-02
9.100000000000000e-01 6.375858967136348e+00 1.506210977557588e-02
9.150000000000000e-01 6.537300211292723e+00 9.410990930249195e-03
9.200000000000000e-01 6.702827480888332e+00 5.504405438009678e-03
9.250000000000000e-01 6.872544235855034e+00 3.000407980401635e-03
9.300000000000000e-01 7.046556554689444e+00 1.517063344039411e-03
9.350000000000001e-01 7.224973200755413e+00 7.079827448130811e-04
9.400000000000001e-01 7.407905690264673e+00 3.033586147428145e-04
9.450000000000001e-01 7.595468361978146e+00 1.186845878421343e-04
9.500000000000001e-01 7.787778448671316e+00 4.214924665505044e-05
9.550000000000001e-01 7.984956150408610e+00 1.350368281894321e-05
9.600000000000000e-01 8.187124709672272e+00 3.877392283525949e-06
9.650000000000000e-01 8.394410488393007e+00 9.909533464456652e-07
9.700000000000000e-01 8.606943046930221e+00 2.237900800987312e-07
9.750000000000000e-01 8.824855225051540e+00 4.432592347732275e-08
9.800000000000000e-01 9.048283224961922e+00 7.650654914878644e-09
9.850000000000000e-01 9.277366696434507e+00 1.151289014203980e-09
9.900000000000000e-01 9.512248824096272e+00 1.556213075069446e-10
9.950000000000000e-01 9.753076416923058e+00 3.173053837116568e-11
1.000000000000000e+00 1.000000000000000e+01 -1.006525053565695e-11
