0.000000000000000e+00 0.000000000000000e+00 -1.068987241228921e-01
5.000000000000000e-03 3.369477419287315e-03 -1.069023871258679e-01
1.000000000000000e-02 6.741060871647481e-03 -1.068986523831840e-01
1.500000000000000e-02 1.011685770649257e-02 -1.068941005925502e-01
2.000000000000000e-02 1.349897790673588e-02 -1.068860543279218e-01
2.500000000000000e-02 1.688953540759990e-02 -1.068759531306341e-01
3.000000000000000e-02 2.029064941789469e-02 -1.068634269085359e-01
3.500000000000000e-02 2.370444574459234e-02 -1.068484563570316e-01
4.000000000000000e-02 2.713305812152553e-02 -1.068306201116501e-01
4.500000000000000e-02 3.057862954304063e-02 -1.068107347241284e-01
5.000000000000000e-02 3.404331360343898e-02 -1.067881053944151e-01
5.500000000000000e-02 3.752927584304335e-02 -1.067626880977956e-01
6.000000000000000e-02 4.103869510173117e-02 -1.067345031330664e-01
6.500000000000000e-02 4.457376488078044e-02 -1.067036496678373e-01
7.000000000000001e-02 4.813669471387935e-02 -1.066697722338849e-01
7.500000000000000e-02 5.172971154815675e-02 -1.066330818739697e-01
8.000000000000000e-02 5.535506113609672e-02 -1.065933129258175e-01
8.500000000000001e-02 5.901500943920686e-02 -1.065504742852536e-01
9.000000000000000e-02 6.271184404431801e-02 -1.065043990484325e-01
9.500000000000000e-02 6.644787559340060e-02 -1.064549822043811e-01
1.000000000000000e-01 7.022543922779090e-02 -1.064020533269469e-01
1.050000000000000e-01 7.404689604773053e-02 -1.063454467801544e-01
1.100000000000000e-01 7.791463458813094e-02 -1.062851963523151e-01
1.150000000000000e-01 8.183107231148547e-02 -1.062209755356830e-01
1.200000000000000e-01 8.579865711886202e-02 -1.061527377712708e-01
1.250000000000000e-01 8.981986887992111e-02 -1.060803101195283e-01
1.300000000000000e-01 9.389722098291493e-02 -1.060034386934838e-01
1.350000000000000e-01 9.803326190563690e-02 -1.059219362761732e-01
1.400000000000000e-01 1.022305768083033e-01 -1.058356090968784e-01
1.450000000000000e-01 1.064917891493625e-01 -1.057444007454300e-01
1.500000000000000e-01 1.108195623252418e-01 -1.056477302154775e-01
1.550000000000000e-01 1.152166013350572e-01 -1.055457193842391e-01
1.600000000000000e-01 1.196856544713255e-01 -1.054378467650166e-01
1.650000000000000e-01 1.242295150377370e-01 -1.053240293253439e-01
1.700000000000000e-01 1.288510230950609e-01 -1.052039803987298e-01
1.750000000000000e-01 1.335530672362758e-01 -1.050771998861175e-01
1.800000000000000e-01 1.383385863920344e-01 -1.049436697197001e-01
1.850000000000000e-01 1.432105716675912e-01 -1.048027115886778e-01
1.900000000000000e-01 1.481720682123397e-01 -1.046543017440472e-01
1.950000000000000e-01 1.532261771231311e-01 -1.044978717779378e-01
2.000000000000000e-01 1.583760573825595e-01 -1.043330926262345e-01
2.050000000000000e-01 1.636249278334301e-01 -1.041596680246216e-01
2.100000000000000e-01 1.689760691906397e-01 -1.039768708634791e-01
2.150000000000000e-01 1.744328260917313e-01 -1.037846326691451e-01
2.200000000000000e-01 1.799986091874004e-01 -1.035821442678009e-01
2.250000000000000e-01 1.856768972732633e-01 -1.033691158709371e-01
2.300000000000000e-01 1.914712394642179e-01 -1.031450965893716e-01
2.350000000000000e-01 1.973852574127551e-01 -1.029092390364080e-01
2.400000000000000e-01 2.034226475726105e-01 -1.026613080559629e-01
2.450000000000000e-01 2.095871835091678e-01 -1.024004455284212e-01
2.500000000000000e-01 2.158827182580599e-01 -1.021261507477718e-01
2.550000000000000e-01 2.223131867334419e-01 -1.018378323522144e-01
2.600000000000000e-01 2.288826081874405e-01 -1.015346569992638e-01
2.650000000000000e-01 2.355950887223172e-01 -1.012160055752536e-01
2.700000000000000e-01 2.424548238569160e-01 -1.008810887509942e-01
2.750000000000000e-01 2.494661011489995e-01 -1.005292012031983e-01
2.800000000000000e-01 2.566333028751116e-01 -1.001594225612956e-01
2.850000000000000e-01 2.639609087696434e-01 -9.977094676647121e-02
2.900000000000000e-01 2.714534988248126e-01 -9.936299964404893e-02
2.950000000000000e-01 2.791157561533084e-01 -9.893448054900979e-02
3.000000000000000e-01 2.869524699153886e-01 -9.848459266389270e-02
3.050000000000000e-01 2.949685383122613e-01 -9.801229003339502e-02
3.100000000000000e-01 3.031689716476197e-01 -9.751652180570945e-02
3.150000000000000e-01 3.115588954592450e-01 -9.699633538719638e-02
3.200000000000000e-01 3.201435537226349e-01 -9.645051991187555e-02
3.250000000000000e-01 3.289283121286580e-01 -9.587803793685362e-02
3.300000000000000e-01 3.379186614372866e-01 -9.527773852237056e-02
3.350000000000000e-01 3.471202209094989e-01 -9.464835301851807e-02
3.400000000000000e-01 3.565387418195016e-01 -9.398879209177895e-02
3.450000000000000e-01 3.661801110494620e-01 -9.329772683468067e-02
3.500000000000000e-01 3.760503547690021e-01 -9.257390305558663e-02
3.550000000000000e-01 3.861556422017504e-01 -9.181611569034190e-02
3.600000000000000e-01 3.965022894813072e-01 -9.102295734862700e-02
3.650000000000000e-01 4.070967635990345e-01 -9.019318937032421e-02
3.700000000000000e-01 4.179456864461349e-01 -8.932551018067331e-02
3.750000000000000e-01 4.290558389525505e-01 -8.841851909663272e-02
3.800000000000000e-01 4.404341653252637e-01 -8.747098929995682e-02
3.850000000000000e-01 4.520877773886537e-01 -8.648160248131659e-02
3.900000000000000e-01 4.640239590296172e-01 -8.544901057651322e-02
3.950000000000000e-01 4.762501707502353e-01 -8.437206224325966e-02
4.000000000000000e-01 4.887740543308307e-01 -8.324948889654063e-02
4.050000000000000e-01 5.016034376063282e-01 -8.208009274966580e-02
4.100000000000000e-01 5.147463393589066e-01 -8.086283538902093e-02
4.150000000000000e-01 5.282109743299990e-01 -7.959663958818246e-02
4.200000000000000e-01 5.420057583547735e-01 -7.828048774581670e-02
4.250000000000000e-01 5.561393136223041e-01 -7.691360000325465e-02
4.300000000000000e-01 5.706204740647189e-01 -7.549515536888023e-02
4.350000000000000e-01 5.854582908786964e-01 -7.402446621966334e-02
4.400000000000000e-01 6.006620381827575e-01 -7.250105591931634e-02
4.450000000000000e-01 6.162412188138907e-01 -7.092454306827874e-02
4.500000000000000e-01 6.322055702671360e-01 -6.929460719364201e-02
4.550000000000000e-01 6.485650707818353e-01 -6.761124251003447e-02
4.600000000000000e-01 6.653299455783577e-01 -6.587456018733345e-02
4.650000000000000e-01 6.825106732491932e-01 -6.408480290262893e-02
4.700000000000000e-01 7.001179923084168e-01 -6.224243655777569e-02
4.750000000000000e-01 7.181629079036070e-01 -6.034823177763415e-02
4.800000000000000e-01 7.366566986944229e-01 -5.840304676953881e-02
4.850000000000000e-01 7.556109239021327e-01 -5.640798661409425e-02
4.900000000000000e-01 7.750374305345038e-01 -5.436442797423805e-02
4.950000000000000e-01 7.949483607905672e-01 -5.227402572642983e-02
5.000000000000000e-01 8.153561596498893e-01 -5.013855416907768e-02
5.050000000000000e-01 8.362735826510871e-01 -4.796009162696016e-02
5.100000000000000e-01 8.577137038644561e-01 -4.574098840500190e-02
5.150000000000000e-01 8.796899240636907e-01 -4.348388224578999e-02
5.200000000000000e-01 9.022159791018011e-01 -4.119155307001721e-02
5.250000000000000e-01 9.253059484964714e-01 -3.886708059060343e-02
5.300000000000000e-01 9.489742642302165e-01 -3.651380539133639e-02
5.350000000000000e-01 9.732357197708378e-01 -3.413539165569768e-02
5.400000000000000e-01 9.981054793178262e-01 -3.173566771648103e-02
5.450000000000000e-01 1.023599087280478e+00 -2.931872712115172e-02
5.500000000000000e-01 1.049732477993657e+00 -2.688888630722847e-02
5.550000000000000e-01 1.076521985677273e+00 -2.445082061782736e-02
5.600000000000001e-01 1.103984354645701e+00 -2.200942925842756e-02
5.650000000000001e-01 1.132136749773522e+00 -1.956990367023774e-02
5.700000000000001e-01 1.160996767224129e+00 -1.713763319970789e-02
5.750000000000001e-01 1.190582445447902e+00 -1.471833058606730e-02
5.800000000000000e-01 1.220912276456826e+00 -1.231795914704839e-02
5.850000000000000e-01 1.252005217382601e+00 -9.942878312937454e-03
5.900000000000000e-01 1.283880702325469e+00 -7.599724923307051e-03
5.950000000000000e-01 1.316558654501151e+00 -5.295536785227156e-03
6.000000000000000e-01 1.350059498693518e+00 -3.037664515496198e-03
6.050000000000000e-01 1.384404174020732e+00 -8.338583992814539e-04
6.100000000000000e-01 1.419614147022888e+00 1.307762496134140e-03
6.150000000000000e-01 1.455711425079295e+00 3.378666941894948e-03
6.200000000000000e-01 1.492718570163803e+00 5.369921093295713e-03
6.250000000000000e-01 1.530658712946775e+00 7.272185633643453e-03
6.300000000000000e-01 1.569555567252506e+00 9.075742048597351e-03
6.350000000000000e-01 1.609433444881138e+00 1.077053564385703e-02
6.400000000000000e-01 1.650317270804325e+00 1.234625006163876e-02
6.450000000000000e-01 1.692232598744148e+00 1.379241718873035e-02
6.500000000000000e-01 1.735205627145031e+00 1.509857147330129e-02
6.550000000000000e-01 1.779263215548615e+00 1.625445515736026e-02
6.600000000000000e-01 1.824432901381847e+00 1.725027986287609e-02
6.650000000000000e-01 1.870742917168772e+00 1.807704651394444e-02
6.700000000000000e-01 1.918222208176775e+00 1.872692090119827e-02
6.750000000000000e-01 1.966900450508319e+00 1.919365603536618e-02
6.800000000000000e-01 2.016808069649473e+00 1.947304549034377e-02
6.850000000000001e-01 2.067976259486829e+00 1.956338513104814e-02
6.900000000000001e-01 2.120437001804702e+00 1.946591525238953e-02
6.950000000000001e-01 2.174223086274785e+00 1.918521256899346e-02
7.000000000000001e-01 2.229368130950753e+00 1.872950276679843e-02
7.050000000000000e-01 2.285906603280654e+00 1.811086992379557e-02
7.100000000000000e-01 2.343873841650178e+00 1.734534868784809e-02
7.150000000000000e-01 2.403306077470301e+00 1.645289755252205e-02
7.200000000000000e-01 2.464240457823092e+00 1.545726529555478e-02
7.250000000000000e-01 2.526715068679855e+00 1.438577598933585e-02
7.300000000000000e-01 2.590768958706095e+00 1.326906969280801e-02
7.350000000000000e-01 2.656442163668210e+00 1.214084534178964e-02
7.400000000000000e-01 2.723775731457148e+00 1.103765933819232e-02
7.450000000000000e-01 2.792811747744667e+00 9.998837811084182e-03
7.500000000000000e-01 2.863593362288260e+00 9.066561700316569e-03
7.550000000000000e-01 2.936164815901156e+00 8.286179427304993e-03
7.600000000000000e-01 3.010571468104263e+00 7.706787681995358e-03
7.650000000000000e-01 3.086859825477351e+00 7.382090505499292e-03
7.700000000000000e-01 3.165077570727174e+00 7.371492972959063e-03
7.750000000000000e-01 3.245273592490716e+00 7.741301526445683e-03
7.800000000000000e-01 3.327498015892184e+00 8.565784574584632e-03
7.850000000000000e-01 3.411802233872832e+00 9.927696748388892e-03
7.900000000000000e-01 3.498238939313234e+00 1.191770031283639e-02
7.950000000000000e-01 3.586862157968046e+00 1.463195331519388e-02
8.000000000000000e-01 3.677727282233856e+00 1.816701866216221e-02
8.050000000000000e-01 3.770891105771243e+00 2.261124281974758e-02
8.100000000000001e-01 3.866411859002656e+00 2.803193541456077e-02
8.150000000000001e-01 3.964349245508326e+00 3.445813736046553e-02
8.200000000000001e-01 4.064764479342956e+00 4.185956755593744e-02
8.250000000000001e-01 4.167720323296481e+00 5.012351031655948e-02
8.300000000000001e-01 4.273281128122877e+00 5.903287386462789e-02
8.350000000000000e-01 4.381512872761445e+00 6.825019107008165e-02
8.400000000000000e-01 4.492483205575838e+00 7.731353919431290e-02
8.450000000000000e-01 4.606261486636447e+00 8.565064804310002e-02
8.500000000000000e-01 4.722918831072739e+00 9.261620106063903e-02
8.550000000000000e-01 4.842528153522501e+00 9.755401327871904e-02
8.600000000000000e-01 4.965164213705875e+00 9.988034873432121e-02
8.650000000000000e-01 5.090903663152626e+00 9.917784077326949e-02
8.700000000000000e-01 5.219825093111814e+00 9.528295327643946e-02
8.750000000000000e-01 5.352009083673925e+00 8.834606125595841e-02
8.800000000000000e-01 5.487538254136007e+00 7.884449620735763e-02
8.850000000000000e-01 5.626497314641444e+00 6.753673812354517e-02
8.900000000000000e-01 5.768973119126561e+00 5.535963554744201e-02
8.950000000000000e-01 5.915054719607133e+00 4.328668760753727e-02
9.000000000000000e-01 6.064833421838831e+00 3.217854789796658e-02
9.050000000000000e-01 6.218402842386253e+00 2.266143820165929e-02
9.100000000000000e-01 6.375858967136348e+00 1.506210971291643e-02
9.150000000000000e-01 6.537300211292723e+00 9.410990909835474e-03
9.200000000000000e-01 6.702827480888332e+00 5.504405431664849e-03
9.250000000000000e-01 6.872544235855034e+00 3.000407978518822e-03
9.300000000000000e-01 7.046556554689444e+00 1.517063343503348e-03
9.350000000000001e-01 7.224973200755413e+00 7.079827446508089e-04
9.400000000000001e-01 7.407905690264673e+00 3.033586146703899e-04
9.450000000000001e-01 7.595468361978146e+00 1.186845877294634e-04
9.500000000000001e-01 7.787778448671316e+00 4.214924646511259e-05
9.550000000000001e-01 7.984956150408610e+00 1.350368243423573e-05
9.600000000000000e-01 8.187124709672272e+00 3.877391643359063e-06
9.650000000000000e-01 8.394410488393007e+00 9.909525266585510e-07
9.700000000000000e-01 8.606943046930221e+00 2.237890634181138e-07
9.750000000000000e-01 8.824855225051540e+00 4.432531567359490e-08
9.800000000000000e-01 9.048283224961922e+00 7.650819223005776e-09
9.850000000000000e-01 9.277366696434507e+00 1.151473090563040e-09
9.900000000000000e-01 9.512248824096272e+00 1.554839113205417e-10
9.950000000000000e-01 9.753076416923058e+00 3.169734630696349e-11
1.000000000000000e+00 1.000000000000000e+01 -1.000481239418320e-11
