0.000000000000000e+00 0.000000000000000e+00 -1.600178807198922e-04
5.000000000000000e-03 3.369477419287315e-03 -1.636185423062298e-04
1.000000000000000e-02 6.741060871647481e-03 -1.618570039919389e-04
1.500000000000000e-02 1.011685770649257e-02 -1.619562190941086e-04
2.000000000000000e-02 1.349897790673588e-02 -1.630035371984966e-04
2.500000000000000e-02 1.688953540759990e-02 -1.631452563711439e-04
3.000000000000000e-02 2.029064941789469e-02 -1.625717412497301e-04
3.500000000000000e-02 2.370444574459234e-02 -1.633364950733276e-04
4.000000000000000e-02 2.713305812152553e-02 -1.624523433378996e-04
4.500000000000000e-02 3.057862954304063e-02 -1.633719662051987e-04
5.000000000000000e-02 3.404331360343898e-02 -1.625836280471295e-04
5.500000000000000e-02 3.752927584304335e-02 -1.637012558924529e-04
6.000000000000000e-02 4.103869510173117e-02 -1.628406746864747e-04
6.500000000000000e-02 4.457376488078044e-02 -1.637670414642882e-04
7.000000000000001e-02 4.813669471387935e-02 -1.631047042603778e-04
7.500000000000000e-02 5.172971154815675e-02 -1.638681405342979e-04
8.000000000000000e-02 5.535506113609672e-02 -1.632997319513611e-04
8.500000000000001e-02 5.901500943920686e-02 -1.638274552714321e-04
9.000000000000000e-02 6.271184404431801e-02 -1.634226880747843e-04
9.500000000000000e-02 6.644787559340060e-02 -1.638430705171619e-04
1.000000000000000e-01 7.022543922779090e-02 -1.635739887848858e-04
1.050000000000000e-01 7.404689604773053e-02 -1.637641990673036e-04
1.100000000000000e-01 7.791463458813094e-02 -1.637193401025943e-04
1.150000000000000e-01 8.183107231148547e-02 -1.638379167716213e-04
1.200000000000000e-01 8.579865711886202e-02 -1.637718262485840e-04
1.250000000000000e-01 8.981986887992111e-02 -1.638881800338875e-04
1.300000000000000e-01 9.389722098291493e-02 -1.638650957788410e-04
1.350000000000000e-01 9.803326190563690e-02 -1.639640626527676e-04
1.400000000000000e-01 1.022305768083033e-01 -1.640223452591049e-04
1.450000000000000e-01 1.064917891493625e-01 -1.640380456118161e-04
1.500000000000000e-01 1.108195623252418e-01 -1.642113294646344e-04
1.550000000000000e-01 1.152166013350572e-01 -1.641829444553263e-04
1.600000000000000e-01 1.196856544713255e-01 -1.644081999191268e-04
1.650000000000000e-01 1.242295150377370e-01 -1.643401779387085e-04
1.700000000000000e-01 1.288510230950609e-01 -1.647125371812869e-04
1.750000000000000e-01 1.335530672362758e-01 -1.645996416266168e-04
1.800000000000000e-01 1.383385863920344e-01 -1.649763149583910e-04
1.850000000000000e-01 1.432105716675912e-01 -1.649002937111477e-04
1.900000000000000e-01 1.481720682123397e-01 -1.651720284996499e-04
1.950000000000000e-01 1.532261771231311e-01 -1.652098357403648e-04
2.000000000000000e-01 1.583760573825595e-01 -1.653398518262379e-04
2.050000000000000e-01 1.636249278334301e-01 -1.655017055249787e-04
2.100000000000000e-01 1.689760691906397e-01 -1.656165262471198e-04
2.150000000000000e-01 1.744328260917313e-01 -1.657308162659944e-04
2.200000000000000e-01 1.799986091874004e-01 -1.658954550899285e-04
2.250000000000000e-01 1.856768972732633e-01 -1.660496991230714e-04
2.300000000000000e-01 1.914712394642179e-01 -1.661733960936085e-04
2.350000000000000e-01 1.973852574127551e-01 -1.664958725227959e-04
2.400000000000000e-01 2.034226475726105e-01 -1.665115975531953e-04
2.450000000000000e-01 2.095871835091678e-01 -1.668779473478131e-04
2.500000000000000e-01 2.158827182580599e-01 -1.669125614495798e-04
2.550000000000000e-01 2.223131867334419e-01 -1.673665824739908e-04
2.600000000000000e-01 2.288826081874405e-01 -1.674444165189353e-04
2.650000000000000e-01 2.355950887223172e-01 -1.678189975331862e-04
2.700000000000000e-01 2.424548238569160e-01 -1.679293361906319e-04
2.750000000000000e-01 2.494661011489995e-01 -1.682639448692663e-04
2.800000000000000e-01 2.566333028751116e-01 -1.684399045353436e-04
2.850000000000000e-01 2.639609087696434e-01 -1.687422426550158e-04
2.900000000000000e-01 2.714534988248126e-01 -1.690224325205810e-04
2.950000000000000e-01 2.791157561533084e-01 -1.692930421826566e-04
3.000000000000000e-01 2.869524699153886e-01 -1.696637195567290e-04
3.050000000000000e-01 2.949685383122613e-01 -1.699180201315052e-04
3.100000000000000e-01 3.031689716476197e-01 -1.703892046621759e-04
3.150000000000000e-01 3.115588954592450e-01 -1.706060512894943e-04
3.200000000000000e-01 3.201435537226349e-01 -1.710993120107427e-04
3.250000000000000e-01 3.289283121286580e-01 -1.713878847684358e-04
3.300000000000000e-01 3.379186614372866e-01 -1.718178074323684e-04
3.350000000000000e-01 3.471202209094989e-01 -1.722019511881989e-04
3.400000000000000e-01 3.565387418195016e-01 -1.726045957193571e-04
3.450000000000000e-01 3.661801110494620e-01 -1.730913014246414e-04
3.500000000000000e-01 3.760503547690021e-01 -1.734461824211537e-04
3.550000000000000e-01 3.861556422017504e-01 -1.740442569806250e-04
3.600000000000000e-01 3.965022894813072e-01 -1.743848878524694e-04
3.650000000000000e-01 4.070967635990345e-01 -1.749879902263153e-04
3.700000000000000e-01 4.179456864461349e-01 -1.754273937266291e-04
3.750000000000000e-01 4.290558389525505e-01 -1.760446343644129e-04
3.800000000000000e-01 4.404341653252637e-01 -1.765508598043094e-04
3.850000000000000e-01 4.520877773886537e-01 -1.770751485142244e-04
3.900000000000000e-01 4.640239590296172e-01 -1.777239307035238e-04
3.950000000000000e-01 4.762501707502353e-01 -1.782608435805600e-04
4.000000000000000e-01 4.887740543308307e-01 -1.789916608241434e-04
4.050000000000000e-01 5.016034376063282e-01 -1.795893290080860e-04
4.100000000000000e-01 5.147463393589066e-01 -1.803100154985811e-04
4.150000000000000e-01 5.282109743299990e-01 -1.810279296548687e-04
4.200000000000000e-01 5.420057583547735e-01 -1.817164335898645e-04
4.250000000000000e-01 5.561393136223041e-01 -1.825596919269997e-04
4.300000000000000e-01 5.706204740647189e-01 -1.833253825562875e-04
4.350000000000000e-01 5.854582908786964e-01 -1.842597503550093e-04
4.400000000000000e-01 6.006620381827575e-01 -1.851635738882320e-04
4.450000000000000e-01 6.162412188138907e-01 -1.861573139246626e-04
4.500000000000000e-01 6.322055702671360e-01 -1.872062313219085e-04
4.550000000000000e-01 6.485650707818353e-01 -1.883535316047233e-04
4.600000000000000e-01 6.653299455783577e-01 -1.896111172063310e-04
4.650000000000000e-01 6.825106732491932e-01 -1.909845730289542e-04
4.700000000000000e-01 7.001179923084168e-01 -1.924908623259822e-04
4.750000000000000e-01 7.181629079036070e-01 -1.941070181992580e-04
4.800000000000000e-01 7.366566986944229e-01 -1.960205457303250e-04
4.850000000000000e-01 7.556109239021327e-01 -1.981298882073557e-04
4.900000000000000e-01 7.750374305345038e-01 -2.004339258564400e-04
4.950000000000000e-01 7.949483607905672e-01 -2.031738027354113e-04
5.000000000000000e-01 8.153561596498893e-01 -2.062156786001495e-04
5.050000000000000e-01 8.362735826510871e-01 -2.097603373219373e-04
5.100000000000000e-01 8.577137038644561e-01 -2.138237816675179e-04
5.150000000000000e-01 8.796899240636907e-01 -2.185112571520665e-04
5.200000000000000e-01 9.022159791018011e-01 -2.240007042770876e-04
5.250000000000000e-01 9.253059484964714e-01 -2.303338535548885e-04
5.300000000000000e-01 9.489742642302165e-01 -2.377548567877685e-04
5.350000000000000e-01 9.732357197708378e-01 -2.464419720930978e-04
5.400000000000000e-01 9.981054793178262e-01 -2.565568082260242e-04
5.450000000000000e-01 1.023599087280478e+00 -2.684899307626398e-04
5.500000000000000e-01 1.049732477993657e+00 -2.824330073597135e-04
5.550000000000000e-01 1.076521985677273e+00 -2.988286881958278e-04
5.600000000000001e-01 1.103984354645701e+00 -3.181243909054087e-04
5.650000000000001e-01 1.132136749773522e+00 -3.407629270731284e-04
5.700000000000001e-01 1.160996767224129e+00 -3.674251773918090e-04
5.750000000000001e-01 1.190582445447902e+00 -3.987985724342295e-04
5.800000000000000e-01 1.220912276456826e+00 -4.356578236094312e-04
5.850000000000000e-01 1.252005217382601e+00 -4.790862289423320e-04
5.900000000000000e-01 1.283880702325469e+00 -5.301348957729377e-04
5.950000000000000e-01 1.316558654501151e+00 -5.901605388089968e-04
6.000000000000000e-01 1.350059498693518e+00 -6.607733859970037e-04
6.050000000000000e-01 1.384404174020732e+00 -7.437225357654330e-04
6.100000000000000e-01 1.419614147022888e+00 -8.411274517695303e-04
6.150000000000000e-01 1.455711425079295e+00 -9.554934136500036e-04
6.200000000000000e-01 1.492718570163803e+00 -1.089538115030996e-03
6.250000000000000e-01 1.530658712946775e+00 -1.246534973733316e-03
6.300000000000000e-01 1.569555567252506e+00 -1.430189215418994e-03
6.350000000000000e-01 1.609433444881138e+00 -1.644599842981711e-03
6.400000000000000e-01 1.650317270804325e+00 -1.894432318371916e-03
6.450000000000000e-01 1.692232598744148e+00 -2.184907636290761e-03
6.500000000000000e-01 1.735205627145031e+00 -2.521570582187370e-03
6.550000000000000e-01 1.779263215548615e+00 -2.910449292978195e-03
6.600000000000000e-01 1.824432901381847e+00 -3.357860458703835e-03
6.650000000000000e-01 1.870742917168772e+00 -3.870077192633664e-03
6.700000000000000e-01 1.918222208176775e+00 -4.453065559078532e-03
6.750000000000000e-01 1.966900450508319e+00 -5.112176685454091e-03
6.800000000000000e-01 2.016808069649473e+00 -5.851333575515683e-03
6.850000000000001e-01 2.067976259486829e+00 -6.672258579245619e-03
6.900000000000001e-01 2.120437001804702e+00 -7.573599227831158e-03
6.950000000000001e-01 2.174223086274785e+00 -8.549801464170542e-03
7.000000000000001e-01 2.229368130950753e+00 -9.589667236755564e-03
7.050000000000000e-01 2.285906603280654e+00 -1.067496370128604e-02
7.100000000000000e-01 2.343873841650178e+00 -1.177899320322124e-02
7.150000000000000e-01 2.403306077470301e+00 -1.286542530621876e-02
7.200000000000000e-01 2.464240457823092e+00 -1.388807521376525e-02
7.250000000000000e-01 2.526715068679855e+00 -1.479229648797227e-02
7.300000000000000e-01 2.590768958706095e+00 -1.551801943779940e-02
7.350000000000000e-01 2.656442163668210e+00 -1.600392579008746e-02
7.400000000000000e-01 2.723775731457148e+00 -1.619199930309518e-02
7.450000000000000e-01 2.792811747744667e+00 -1.603151113596713e-02
7.500000000000000e-01 2.863593362288260e+00 -1.548151041584920e-02
7.550000000000000e-01 2.936164815901156e+00 -1.451124110368030e-02
7.600000000000000e-01 3.010571468104263e+00 -1.309840057034693e-02
7.650000000000000e-01 3.086859825477351e+00 -1.122575244560168e-02
7.700000000000000e-01 3.165077570727174e+00 -8.876774863633049e-03
7.750000000000000e-01 3.245273592490716e+00 -6.031244471179706e-03
7.800000000000000e-01 3.327498015892184e+00 -2.661477962598812e-03
7.850000000000000e-01 3.411802233872832e+00 1.269962052361779e-03
7.900000000000000e-01 3.498238939313234e+00 5.810597567375187e-03
7.950000000000000e-01 3.586862157968046e+00 1.101553515802009e-02
8.000000000000000e-01 3.677727282233856e+00 1.694144169043465e-02
8.050000000000000e-01 3.770891105771243e+00 2.363617695422598e-02
8.100000000000001e-01 3.866411859002656e+00 3.112408644264491e-02
8.150000000000001e-01 3.964349245508326e+00 3.938778790514168e-02
8.200000000000001e-01 4.064764479342956e+00 4.834831876497139e-02
8.250000000000001e-01 4.167720323296481e+00 5.784606340569279e-02
8.300000000000001e-01 4.273281128122877e+00 6.762526740998472e-02
8.350000000000000e-01 4.381512872761445e+00 7.732539281238583e-02
8.400000000000000e-01 4.492483205575838e+00 8.648329139681346e-02
8.450000000000000e-01 4.606261486636447e+00 9.455073548370325e-02
8.500000000000000e-01 4.722918831072739e+00 1.009313642836769e-01
8.550000000000000e-01 4.842528153522501e+00 1.050386745186170e-01
8.600000000000000e-01 4.965164213705875e+00 1.063720001726104e-01
8.650000000000000e-01 5.090903663152626e+00 1.046011531217332e-01
8.700000000000000e-01 5.219825093111814e+00 9.964420817433940e-02
8.750000000000000e-01 5.352009083673925e+00 9.171916844706039e-02
8.800000000000000e-01 5.487538254136007e+00 8.135130268915290e-02
8.850000000000000e-01 5.626497314641444e+00 6.932520273246701e-02
8.900000000000000e-01 5.768973119126561e+00 5.658347264024004e-02
8.950000000000000e-01 5.915054719607133e+00 4.408928302973863e-02
9.000000000000000e-01 6.064833421838831e+00 3.268260986877053e-02
9.050000000000000e-01 6.218402842386253e+00 2.296441588779726e-02
9.100000000000000e-01 6.375858967136348e+00 1.523630749334680e-02
9.150000000000000e-01 6.537300211292723e+00 9.506750902374132e-03
9.200000000000000e-01 6.702827480888332e+00 5.554717813030763e-03
9.250000000000000e-01 6.872544235855034e+00 3.025665275474741e-03
9.300000000000000e-01 7.046556554689444e+00 1.529175486220211e-03
9.350000000000001e-01 7.224973200755413e+00 7.135303287039304e-04
9.400000000000001e-01 7.407905690264673e+00 3.057851408567123e-04
9.450000000000001e-01 7.595468361978146e+00 1.196981155843439e-04
9.500000000000001e-01 7.787778448671316e+00 4.255349374570744e-05
9.550000000000001e-01 7.984956150408610e+00 1.365765088393225e-05
9.600000000000000e-01 8.187124709672272e+00 3.933399835047080e-06
9.650000000000000e-01 8.394410488393007e+00 1.010411121285681e-06
9.700000000000000e-01 8.606943046930221e+00 2.302425924780466e-07
9.750000000000000e-01 8.824855225051540e+00 4.636202609539272e-08
9.800000000000000e-01 9.048283224961922e+00 8.249114183712139e-09
9.850000000000000e-01 9.277366696434507e+00 1.242726440739214e-09
9.900000000000000e-01 9.512248824096272e+00 1.518095948465202e-11
9.950000000000000e-01 9.753076416923058e+00 -8.093894873552682e-10
1.000000000000000e+00 1.000000000000000e+01 -2.667002840038371e-07
