0.000000000000000e+00 0.000000000000000e+00 -1.425585999373476e-03
5.000000000000000e-03 3.369477419287315e-03 -1.429186661757300e-03
1.000000000000000e-02 6.741060871647481e-03 -1.431303702974278e-03
1.500000000000000e-02 1.011685770649257e-02 -1.430595712448242e-03
2.000000000000000e-02 1.349897790673588e-02 -1.432111480918510e-03
2.500000000000000e-02 1.688953540759990e-02 -1.431467096029647e-03
3.000000000000000e-02 2.029064941789469e-02 -1.433564895555765e-03
3.500000000000000e-02 2.370444574459234e-02 -1.433361609855652e-03
4.000000000000000e-02 2.713305812152553e-02 -1.435048580330073e-03
4.500000000000000e-02 3.057862954304063e-02 -1.435466362770533e-03
5.000000000000000e-02 3.404331360343898e-02 -1.437449245262702e-03
5.500000000000000e-02 3.752927584304335e-02 -1.438238593377683e-03
6.000000000000000e-02 4.103869510173117e-02 -1.440428754046368e-03
6.500000000000000e-02 4.457376488078044e-02 -1.441573872663269e-03
7.000000000000001e-02 4.813669471387935e-02 -1.444335678490214e-03
7.500000000000000e-02 5.172971154815675e-02 -1.446078122267426e-03
8.000000000000000e-02 5.535506113609672e-02 -1.448726054175461e-03
8.500000000000001e-02 5.901500943920686e-02 -1.451044647565621e-03
9.000000000000000e-02 6.271184404431801e-02 -1.453778150578666e-03
9.500000000000000e-02 6.644787559340060e-02 -1.456783545906911e-03
1.000000000000000e-01 7.022543922779090e-02 -1.459717583168320e-03
1.050000000000000e-01 7.404689604773053e-02 -1.463432379059666e-03
1.100000000000000e-01 7.791463458813094e-02 -1.466512304251537e-03
1.150000000000000e-01 8.183107231148547e-02 -1.470734523845070e-03
1.200000000000000e-01 8.579865711886202e-02 -1.474383140773681e-03
1.250000000000000e-01 8.981986887992111e-02 -1.478970459714283e-03
1.300000000000000e-01 9.389722098291493e-02 -1.483088976445321e-03
1.350000000000000e-01 9.803326190563690e-02 -1.488253964390928e-03
1.400000000000000e-01 1.022305768083033e-01 -1.493002183590723e-03
1.450000000000000e-01 1.064917891493625e-01 -1.498747169427705e-03
1.500000000000000e-01 1.108195623252418e-01 -1.504187518958264e-03
1.550000000000000e-01 1.152166013350572e-01 -1.510482983665264e-03
1.600000000000000e-01 1.196856544713255e-01 -1.516739031423973e-03
1.650000000000000e-01 1.242295150377370e-01 -1.523688642995683e-03
1.700000000000000e-01 1.288510230950609e-01 -1.530839979649106e-03
1.750000000000000e-01 1.335530672362758e-01 -1.538385861883540e-03
1.800000000000000e-01 1.383385863920344e-01 -1.546503762800416e-03
1.850000000000000e-01 1.432105716675912e-01 -1.554846631338878e-03
1.900000000000000e-01 1.481720682123397e-01 -1.563878411953119e-03
1.950000000000000e-01 1.532261771231311e-01 -1.573151435295018e-03
2.000000000000000e-01 1.583760573825595e-01 -1.583261508546822e-03
2.050000000000000e-01 1.636249278334301e-01 -1.593613548589916e-03
2.100000000000000e-01 1.689760691906397e-01 -1.604900514882267e-03
2.150000000000000e-01 1.744328260917313e-01 -1.616520395466484e-03
2.200000000000000e-01 1.799986091874004e-01 -1.628953382006110e-03
2.250000000000000e-01 1.856768972732633e-01 -1.642007087651373e-03
2.300000000000000e-01 1.914712394642179e-01 -1.655844483353607e-03
2.350000000000000e-01 1.973852574127551e-01 -1.670501801427627e-03
2.400000000000000e-01 2.034226475726105e-01 -1.685723085930339e-03
2.450000000000000e-01 2.095871835091678e-01 -1.702093177725753e-03
2.500000000000000e-01 2.158827182580599e-01 -1.719091006918537e-03
2.550000000000000e-01 2.223131867334419e-01 -1.737323031555687e-03
2.600000000000000e-01 2.288826081874405e-01 -1.756314953612618e-03
2.650000000000000e-01 2.355950887223172e-01 -1.776676714000814e-03
2.700000000000000e-01 2.424548238569160e-01 -1.797946101187505e-03
2.750000000000000e-01 2.494661011489995e-01 -1.820568352543066e-03
2.800000000000000e-01 2.566333028751116e-01 -1.844425060912508e-03
2.850000000000000e-01 2.639609087696434e-01 -1.869580074444576e-03
2.900000000000000e-01 2.714534988248126e-01 -1.896269767115157e-03
2.950000000000000e-01 2.791157561533084e-01 -1.924437699813371e-03
3.000000000000000e-01 2.869524699153886e-01 -1.954291052824721e-03
3.050000000000000e-01 2.949685383122613e-01 -1.985767396838168e-03
3.100000000000000e-01 3.031689716476197e-01 -2.019166480197199e-03
3.150000000000000e-01 3.115588954592450e-01 -2.054510236781157e-03
3.200000000000000e-01 3.201435537226349e-01 -2.091913405499247e-03
3.250000000000000e-01 3.289283121286580e-01 -2.131560678131926e-03
3.300000000000000e-01 3.379186614372866e-01 -2.173479682601093e-03
3.350000000000000e-01 3.471202209094989e-01 -2.217981096441637e-03
3.400000000000000e-01 3.565387418195016e-01 -2.265084251844869e-03
3.450000000000000e-01 3.661801110494620e-01 -2.315099161594117e-03
3.500000000000000e-01 3.760503547690021e-01 -2.368108551648915e-03
3.550000000000000e-01 3.861556422017504e-01 -2.424406372449834e-03
3.600000000000000e-01 3.965022894813072e-01 -2.484071734288268e-03
3.650000000000000e-01 4.070967635990345e-01 -2.547506303809295e-03
3.700000000000000e-01 4.179456864461349e-01 -2.614794094978448e-03
3.750000000000000e-01 4.290558389525505e-01 -2.686353076743684e-03
3.800000000000000e-01 4.404341653252637e-01 -2.762447284575978e-03
3.850000000000000e-01 4.520877773886537e-01 -2.843274254508739e-03
3.900000000000000e-01 4.640239590296172e-01 -2.929342941798905e-03
3.950000000000000e-01 4.762501707502353e-01 -3.020849964223554e-03
4.000000000000000e-01 4.887740543308307e-01 -3.118280852455750e-03
4.050000000000000e-01 5.016034376063282e-01 -3.222146141891531e-03
4.100000000000000e-01 5.147463393589066e-01 -3.332629597512330e-03
4.150000000000000e-01 5.282109743299990e-01 -3.450495086679233e-03
4.200000000000000e-01 5.420057583547735e-01 -3.576121429613470e-03
4.250000000000000e-01 5.561393136223041e-01 -3.710125254364151e-03
4.300000000000000e-01 5.706204740647189e-01 -3.853079958442027e-03
4.350000000000000e-01 5.854582908786964e-01 -4.005634502538487e-03
4.400000000000000e-01 6.006620381827575e-01 -4.168557893600803e-03
4.450000000000000e-01 6.162412188138907e-01 -4.342505426083629e-03
4.500000000000000e-01 6.322055702671360e-01 -4.528324800513370e-03
4.550000000000000e-01 6.485650707818353e-01 -4.726917338109601e-03
4.600000000000000e-01 6.653299455783577e-01 -4.939079357995818e-03
4.650000000000000e-01 6.825106732491932e-01 -5.165943720893788e-03
4.700000000000000e-01 7.001179923084168e-01 -5.408414226859289e-03
4.750000000000000e-01 7.181629079036070e-01 -5.667658745956719e-03
4.800000000000000e-01 7.366566986944229e-01 -5.944857222719259e-03
4.850000000000000e-01 7.556109239021327e-01 -6.241164459343927e-03
4.900000000000000e-01 7.750374305345038e-01 -6.557930026098514e-03
4.950000000000000e-01 7.949483607905672e-01 -6.896486851019699e-03
5.000000000000000e-01 8.153561596498893e-01 -7.258145184420556e-03
5.050000000000000e-01 8.362735826510871e-01 -7.644455067211873e-03
5.100000000000000e-01 8.577137038644561e-01 -8.056755295254101e-03
5.150000000000000e-01 8.796899240636907e-01 -8.496546065147565e-03
5.200000000000000e-01 9.022159791018011e-01 -8.965309837303969e-03
5.250000000000000e-01 9.253059484964714e-01 -9.464385659948704e-03
5.300000000000000e-01 9.489742642302165e-01 -9.995127043365153e-03
5.350000000000000e-01 9.732357197708378e-01 -1.055880037064440e-02
5.400000000000000e-01 9.981054793178262e-01 -1.115634270006767e-02
5.450000000000000e-01 1.023599087280478e+00 -1.178864669154510e-02
5.500000000000000e-01 1.049732477993657e+00 -1.245621256833590e-02
5.550000000000000e-01 1.076521985677273e+00 -1.315909529169645e-02
5.600000000000001e-01 1.103984354645701e+00 -1.389695423329797e-02
5.650000000000001e-01 1.132136749773522e+00 -1.466882542535352e-02
5.700000000000001e-01 1.160996767224129e+00 -1.547288693041976e-02
5.750000000000001e-01 1.190582445447902e+00 -1.630657307857466e-02
5.800000000000000e-01 1.220912276456826e+00 -1.716623014115749e-02
5.850000000000000e-01 1.252005217382601e+00 -1.804690638018286e-02
5.900000000000000e-01 1.283880702325469e+00 -1.894233456894841e-02
5.950000000000000e-01 1.316558654501151e+00 -1.984472904132740e-02
6.000000000000000e-01 1.350059498693518e+00 -2.074447888957875e-02
6.050000000000000e-01 1.384404174020732e+00 -2.163018022914364e-02
6.100000000000000e-01 1.419614147022888e+00 -2.248860781837543e-02
6.150000000000000e-01 1.455711425079295e+00 -2.330457932363178e-02
6.200000000000000e-01 1.492718570163803e+00 -2.406111169995510e-02
6.250000000000000e-01 1.530658712946775e+00 -2.473980253164600e-02
6.300000000000000e-01 1.569555567252506e+00 -2.532118598080346e-02
6.350000000000000e-01 1.609433444881138e+00 -2.578520976958823e-02
6.400000000000000e-01 1.650317270804325e+00 -2.611205032230859e-02
6.450000000000000e-01 1.692232598744148e+00 -2.628301398573061e-02
6.500000000000000e-01 1.735205627145031e+00 -2.628133073623724e-02
6.550000000000000e-01 1.779263215548615e+00 -2.609293465364176e-02
6.600000000000000e-01 1.824432901381847e+00 -2.570724651054620e-02
6.650000000000000e-01 1.870742917168772e+00 -2.511779381978160e-02
6.700000000000000e-01 1.918222208176775e+00 -2.432246109614775e-02
6.750000000000000e-01 1.966900450508319e+00 -2.332351189637607e-02
6.800000000000000e-01 2.016808069649473e+00 -2.212740830655742e-02
6.850000000000001e-01 2.067976259486829e+00 -2.074452452550541e-02
6.900000000000001e-01 2.120437001804702e+00 -1.918860998643004e-02
6.950000000000001e-01 2.174223086274785e+00 -1.747618273148760e-02
7.000000000000001e-01 2.229368130950753e+00 -1.562581778008448e-02
7.050000000000000e-01 2.285906603280654e+00 -1.365755483725647e-02
7.100000000000000e-01 2.343873841650178e+00 -1.159231325014171e-02
7.150000000000000e-01 2.403306077470301e+00 -9.451456485089426e-03
7.200000000000000e-01 2.464240457823092e+00 -7.256302089287864e-03
7.250000000000000e-01 2.526715068679855e+00 -5.027784974774979e-03
7.300000000000000e-01 2.590768958706095e+00 -2.786026572243124e-03
7.350000000000000e-01 2.656442163668210e+00 -5.499832967806447e-04
7.400000000000000e-01 2.723775731457148e+00 1.663056441759859e-03
7.450000000000000e-01 2.792811747744667e+00 3.838079735527936e-03
7.500000000000000e-01 2.863593362288260e+00 5.963247941537242e-03
7.550000000000000e-01 2.936164815901156e+00 8.031171614075761e-03
7.600000000000000e-01 3.010571468104263e+00 1.004074424261609e-02
7.650000000000000e-01 3.086859825477351e+00 1.199965020104919e-02
7.700000000000000e-01 3.165077570727174e+00 1.392756754491960e-02
7.750000000000000e-01 3.245273592490716e+00 1.585985524829103e-02
7.800000000000000e-01 3.327498015892184e+00 1.785121869559118e-02
7.850000000000000e-01 3.411802233872832e+00 1.997854071766144e-02
7.900000000000000e-01 3.498238939313234e+00 2.234184205117164e-02
7.950000000000000e-01 3.586862157968046e+00 2.506225287339998e-02
8.000000000000000e-01 3.677727282233856e+00 2.827595429101212e-02
8.050000000000000e-01 3.770891105771243e+00 3.212327470837707e-02
8.100000000000001e-01 3.866411859002656e+00 3.673250301023821e-02
8.150000000000001e-01 3.964349245508326e+00 4.219855358040683e-02
8.200000000000001e-01 4.064764479342956e+00 4.855746679291023e-02
8.250000000000001e-01 4.167720323296481e+00 5.575891030290291e-02
8.300000000000001e-01 4.273281128122877e+00 6.364031367561428e-02
8.350000000000000e-01 4.381512872761445e+00 7.190779471062141e-02
8.400000000000000e-01 4.492483205575838e+00 8.013018408735019e-02
8.450000000000000e-01 4.606261486636447e+00 8.775262127419814e-02
8.500000000000000e-01 4.722918831072739e+00 9.413473567151151e-02
8.550000000000000e-01 4.842528153522501e+00 9.861488311688604e-02
8.600000000000000e-01 4.965164213705875e+00 1.005962962757183e-01
8.650000000000000e-01 5.090903663152626e+00 9.964410826906459e-02
8.700000000000000e-01 5.219825093111814e+00 9.557570090621284e-02
8.750000000000000e-01 5.352009083673925e+00 8.852309057993965e-02
8.800000000000000e-01 5.487538254136007e+00 7.894751159136495e-02
8.850000000000000e-01 5.626497314641444e+00 6.759437485024718e-02
8.900000000000000e-01 5.768973119126561e+00 5.539061666087078e-02
8.950000000000000e-01 5.915054719607133e+00 4.330267511550404e-02
9.000000000000000e-01 6.064833421838831e+00 3.218646309410118e-02
9.050000000000000e-01 6.218402842386253e+00 2.266519550550529e-02
9.100000000000000e-01 6.375858967136348e+00 1.506381888687743e-02
9.150000000000000e-01 6.537300211292723e+00 9.411735604310040e-03
9.200000000000000e-01 6.702827480888332e+00 5.504716075817721e-03
9.250000000000000e-01 6.872544235855034e+00 3.000531996410433e-03
9.300000000000000e-01 7.046556554689444e+00 1.517110716566205e-03
9.350000000000001e-01 7.224973200755413e+00 7.080000594562205e-04
9.400000000000001e-01 7.407905690264673e+00 3.033646762186801e-04
9.450000000000001e-01 7.595468361978146e+00 1.186866264569810e-04
9.500000000000001e-01 7.787778448671316e+00 4.214991353413373e-05
9.550000000000001e-01 7.984956150408610e+00 1.350389941655141e-05
9.600000000000000e-01 8.187124709672272e+00 3.877464075219388e-06
9.650000000000000e-01 8.394410488393007e+00 9.909788338364621e-07
9.700000000000000e-01 8.606943046930221e+00 2.237970023358264e-07
9.750000000000000e-01 8.824855225051540e+00 4.432723619272238e-08
9.800000000000000e-01 9.048283224961922e+00 7.651924278996439e-09
9.850000000000000e-01 9.277366696434507e+00 1.152740541670562e-09
9.900000000000000e-01 9.512248824096272e+00 1.582181807689209e-10
9.950000000000000e-01 9.753076416923058e+00 3.222183375446414e-11
1.000000000000000e+00 1.000000000000000e+01 -4.388882191039883e-10
