0.000000000000000e+00 0.000000000000000e+00 -1.412805810322122e-04
5.000000000000000e-03 3.369477419287315e-03 -1.448812426179226e-04
1.000000000000000e-02 6.741060871647481e-03 -1.411028894994576e-04
1.500000000000000e-02 1.011685770649257e-02 -1.418973452089586e-04
2.000000000000000e-02 1.349897790673588e-02 -1.420796229039212e-04
2.500000000000000e-02 1.688953540759990e-02 -1.428369847226685e-04
3.000000000000000e-02 2.029064941789469e-02 -1.422749640720928e-04
3.500000000000000e-02 2.370444574459234e-02 -1.428473789015798e-04
4.000000000000000e-02 2.713305812152553e-02 -1.423744481384305e-04
4.500000000000000e-02 3.057862954304063e-02 -1.426818585129058e-04
5.000000000000000e-02 3.404331360343898e-02 -1.424940750737952e-04
5.500000000000000e-02 3.752927584304335e-02 -1.426299636104350e-04
6.000000000000000e-02 4.103869510173117e-02 -1.426797571883468e-04
6.500000000000000e-02 4.457376488078044e-02 -1.426645506890739e-04
7.000000000000001e-02 4.813669471387935e-02 -1.426538476500160e-04
7.500000000000000e-02 5.172971154815675e-02 -1.429639231648935e-04
8.000000000000000e-02 5.535506113609672e-02 -1.427311168870643e-04
8.500000000000001e-02 5.901500943920686e-02 -1.430352771356459e-04
9.000000000000000e-02 6.271184404431801e-02 -1.427761933035790e-04
9.500000000000000e-02 6.644787559340060e-02 -1.430189468637206e-04
1.000000000000000e-01 7.022543922779090e-02 -1.428798067248087e-04
1.050000000000000e-01 7.404689604773053e-02 -1.430984718808348e-04
1.100000000000000e-01 7.791463458813094e-02 -1.429254416614523e-04
1.150000000000000e-01 8.183107231148547e-02 -1.430548400014069e-04
1.200000000000000e-01 8.579865711886202e-02 -1.430259584306619e-04
1.250000000000000e-01 8.981986887992111e-02 -1.431881009246491e-04
1.300000000000000e-01 9.389722098291493e-02 -1.432130071643609e-04
1.350000000000000e-01 9.803326190563690e-02 -1.433482174998210e-04
1.400000000000000e-01 1.022305768083033e-01 -1.433652375440423e-04
1.450000000000000e-01 1.064917891493625e-01 -1.434823617052221e-04
1.500000000000000e-01 1.108195623252418e-01 -1.435521063569316e-04
1.550000000000000e-01 1.152166013350572e-01 -1.436011634199009e-04
1.600000000000000e-01 1.196856544713255e-01 -1.436503736195920e-04
1.650000000000000e-01 1.242295150377370e-01 -1.436659093119312e-04
1.700000000000000e-01 1.288510230950609e-01 -1.438519017046035e-04
1.750000000000000e-01 1.335530672362758e-01 -1.438660395508610e-04
1.800000000000000e-01 1.383385863920344e-01 -1.440398958678457e-04
1.850000000000000e-01 1.432105716675912e-01 -1.441342596311151e-04
1.900000000000000e-01 1.481720682123397e-01 -1.442664143009658e-04
1.950000000000000e-01 1.532261771231311e-01 -1.443600765531087e-04
2.000000000000000e-01 1.583760573825595e-01 -1.444854330129816e-04
2.050000000000000e-01 1.636249278334301e-01 -1.446025407155390e-04
2.100000000000000e-01 1.689760691906397e-01 -1.447571134715681e-04
2.150000000000000e-01 1.744328260917313e-01 -1.449055575581693e-04
2.200000000000000e-01 1.799986091874004e-01 -1.449836607686832e-04
2.250000000000000e-01 1.856768972732633e-01 -1.451536071891786e-04
2.300000000000000e-01 1.914712394642179e-01 -1.453194193464927e-04
2.350000000000000e-01 1.973852574127551e-01 -1.454855239223436e-04
2.400000000000000e-01 2.034226475726105e-01 -1.455932059903266e-04
2.450000000000000e-01 2.095871835091678e-01 -1.457946107304741e-04
2.500000000000000e-01 2.158827182580599e-01 -1.459338911381590e-04
2.550000000000000e-01 2.223131867334419e-01 -1.461753237084533e-04
2.600000000000000e-01 2.288826081874405e-01 -1.463122989784908e-04
2.650000000000000e-01 2.355950887223172e-01 -1.466441564838529e-04
2.700000000000000e-01 2.424548238569160e-01 -1.467433267446857e-04
2.750000000000000e-01 2.494661011489995e-01 -1.470600615963804e-04
2.800000000000000e-01 2.566333028751116e-01 -1.471788410777298e-04
2.850000000000000e-01 2.639609087696434e-01 -1.474854429018802e-04
2.900000000000000e-01 2.714534988248126e-01 -1.476786016461740e-04
2.950000000000000e-01 2.791157561533084e-01 -1.479602444078782e-04
3.000000000000000e-01 2.869524699153886e-01 -1.481629870369827e-04
3.050000000000000e-01 2.949685383122613e-01 -1.484560264350821e-04
3.100000000000000e-01 3.031689716476197e-01 -1.486689987336200e-04
3.150000000000000e-01 3.115588954592450e-01 -1.489086471511059e-04
3.200000000000000e-01 3.201435537226349e-01 -1.493032027611137e-04
3.250000000000000e-01 3.289283121286580e-01 -1.495147871087268e-04
3.300000000000000e-01 3.379186614372866e-01 -1.498797237799362e-04
3.350000000000000e-01 3.471202209094989e-01 -1.501400267540116e-04
3.400000000000000e-01 3.565387418195016e-01 -1.505057487306877e-04
3.450000000000000e-01 3.661801110494620e-01 -1.507668465783665e-04
3.500000000000000e-01 3.760503547690021e-01 -1.510946945056466e-04
3.550000000000000e-01 3.861556422017504e-01 -1.513675703713630e-04
3.600000000000000e-01 3.965022894813072e-01 -1.516699743311970e-04
3.650000000000000e-01 4.070967635990345e-01 -1.520516165543673e-04
3.700000000000000e-01 4.179456864461349e-01 -1.522935929949913e-04
3.750000000000000e-01 4.290558389525505e-01 -1.527372579834003e-04
3.800000000000000e-01 4.404341653252637e-01 -1.529573366107832e-04
3.850000000000000e-01 4.520877773886537e-01 -1.533346378579443e-04
3.900000000000000e-01 4.640239590296172e-01 -1.535348108380812e-04
3.950000000000000e-01 4.762501707502353e-01 -1.538989301287837e-04
4.000000000000000e-01 4.887740543308307e-01 -1.541590232742366e-04
4.050000000000000e-01 5.016034376063282e-01 -1.543879419429325e-04
4.100000000000000e-01 5.147463393589066e-01 -1.547021930779070e-04
4.150000000000000e-01 5.282109743299990e-01 -1.548631884930035e-04
4.200000000000000e-01 5.420057583547735e-01 -1.551774686683552e-04
4.250000000000000e-01 5.561393136223041e-01 -1.552959159879753e-04
4.300000000000000e-01 5.706204740647189e-01 -1.554834502088822e-04
4.350000000000000e-01 5.854582908786964e-01 -1.556128637962126e-04
4.400000000000000e-01 6.006620381827575e-01 -1.556547136382512e-04
4.450000000000000e-01 6.162412188138907e-01 -1.557974118472361e-04
4.500000000000000e-01 6.322055702671360e-01 -1.557409533665126e-04
4.550000000000000e-01 6.485650707818353e-01 -1.557932969662822e-04
4.600000000000000e-01 6.653299455783577e-01 -1.556729345623095e-04
4.650000000000000e-01 6.825106732491932e-01 -1.555450710194372e-04
4.700000000000000e-01 7.001179923084168e-01 -1.553955982329665e-04
4.750000000000000e-01 7.181629079036070e-01 -1.551435204496578e-04
4.800000000000000e-01 7.366566986944229e-01 -1.548995041736775e-04
4.850000000000000e-01 7.556109239021327e-01 -1.545487106797282e-04
4.900000000000000e-01 7.750374305345038e-01 -1.541329026485046e-04
4.950000000000000e-01 7.949483607905672e-01 -1.536722299573634e-04
5.000000000000000e-01 8.153561596498893e-01 -1.532099834865638e-04
5.050000000000000e-01 8.362735826510871e-01 -1.526684827776402e-04
5.100000000000000e-01 8.577137038644561e-01 -1.520232344779091e-04
5.150000000000000e-01 8.796899240636907e-01 -1.514660464613006e-04
5.200000000000000e-01 9.022159791018011e-01 -1.508018507677043e-04
5.250000000000000e-01 9.253059484964714e-01 -1.501725001864233e-04
5.300000000000000e-01 9.489742642302165e-01 -1.495738318444466e-04
5.350000000000000e-01 9.732357197708378e-01 -1.489855141727120e-04
5.400000000000000e-01 9.981054793178262e-01 -1.485309279694488e-04
5.450000000000000e-01 1.023599087280478e+00 -1.481550981000204e-04
5.500000000000000e-01 1.049732477993657e+00 -1.479634677784457e-04
5.550000000000000e-01 1.076521985677273e+00 -1.480360927857886e-04
5.600000000000001e-01 1.103984354645701e+00 -1.483528781666511e-04
5.650000000000001e-01 1.132136749773522e+00 -1.491325279619496e-04
5.700000000000001e-01 1.160996767224129e+00 -1.503756984471784e-04
5.750000000000001e-01 1.190582445447902e+00 -1.522506574159369e-04
5.800000000000000e-01 1.220912276456826e+00 -1.549549763108362e-04
5.850000000000000e-01 1.252005217382601e+00 -1.585941378534114e-04
5.900000000000000e-01 1.283880702325469e+00 -1.634630091692843e-04
5.950000000000000e-01 1.316558654501151e+00 -1.698406649904350e-04
6.000000000000000e-01 1.350059498693518e+00 -1.779844334472298e-04
6.050000000000000e-01 1.384404174020732e+00 -1.884088387939726e-04
6.100000000000000e-01 1.419614147022888e+00 -2.015346392620147e-04
6.150000000000000e-01 1.455711425079295e+00 -2.179559549298985e-04
6.200000000000000e-01 1.492718570163803e+00 -2.384661670608219e-04
6.250000000000000e-01 1.530658712946775e+00 -2.638902959671160e-04
6.300000000000000e-01 1.569555567252506e+00 -2.952996575626022e-04
6.350000000000000e-01 1.609433444881138e+00 -3.340802254982318e-04
6.400000000000000e-01 1.650317270804325e+00 -3.817319764067813e-04
6.450000000000000e-01 1.692232598744148e+00 -4.402096677916290e-04
6.500000000000000e-01 1.735205627145031e+00 -5.118837143284498e-04
6.550000000000000e-01 1.779263215548615e+00 -5.994911541384857e-04
6.600000000000000e-01 1.824432901381847e+00 -7.063734946619156e-04
6.650000000000000e-01 1.870742917168772e+00 -8.365863488115829e-04
6.700000000000000e-01 1.918222208176775e+00 -9.947485983090637e-04
6.750000000000000e-01 1.966900450508319e+00 -1.186319848029638e-03
6.800000000000000e-01 2.016808069649473e+00 -1.417650093669474e-03
6.850000000000001e-01 2.067976259486829e+00 -1.695846669345522e-03
6.900000000000001e-01 2.120437001804702e+00 -2.028704563740793e-03
6.950000000000001e-01 2.174223086274785e+00 -2.424681570182940e-03
7.000000000000001e-01 2.229368130950753e+00 -2.892411907299010e-03
7.050000000000000e-01 2.285906603280654e+00 -3.440147214444040e-03
7.100000000000000e-01 2.343873841650178e+00 -4.074902051415563e-03
7.150000000000000e-01 2.403306077470301e+00 -4.801171701108261e-03
7.200000000000000e-01 2.464240457823092e+00 -5.619217872503504e-03
7.250000000000000e-01 2.526715068679855e+00 -6.523251940836549e-03
7.300000000000000e-01 2.590768958706095e+00 -7.498951254905468e-03
7.350000000000000e-01 2.656442163668210e+00 -8.520085286099675e-03
7.400000000000000e-01 2.723775731457148e+00 -9.544792817239939e-03
7.450000000000000e-01 2.792811747744667e+00 -1.051298255955636e-02
7.500000000000000e-01 2.863593362288260e+00 -1.134616617394141e-02
7.550000000000000e-01 2.936164815901156e+00 -1.195043732745499e-02
7.600000000000000e-01 3.010571468104263e+00 -1.222227632981696e-02
7.650000000000000e-01 3.086859825477351e+00 -1.205578421077153e-02
7.700000000000000e-01 3.165077570727174e+00 -1.134938233407283e-02
7.750000000000000e-01 3.245273592490716e+00 -1.001026909571011e-02
7.800000000000000e-01 3.327498015892184e+00 -7.955855108652071e-03
7.850000000000000e-01 3.411802233872832e+00 -5.112632890219467e-03
7.900000000000000e-01 3.498238939313234e+00 -1.413884396452803e-03
7.950000000000000e-01 3.586862157968046e+00 3.201731640965775e-03
8.000000000000000e-01 3.677727282233856e+00 8.788846064863399e-03
8.050000000000000e-01 3.770891105771243e+00 1.538978918053024e-02
8.100000000000001e-01 3.866411859002656e+00 2.302393764792136e-02
8.150000000000001e-01 3.964349245508326e+00 3.167133028107216e-02
8.200000000000001e-01 4.064764479342956e+00 4.125092173073991e-02
8.250000000000001e-01 4.167720323296481e+00 5.159538915013594e-02
8.300000000000001e-01 4.273281128122877e+00 6.242719538845984e-02
8.350000000000000e-01 4.381512872761445e+00 7.334279101991607e-02
8.400000000000000e-01 4.492483205575838e+00 8.381267208993454e-02
8.450000000000000e-01 4.606261486636447e+00 9.320360482688955e-02
8.500000000000000e-01 4.722918831072739e+00 1.008261956678004e-01
8.550000000000000e-01 4.842528153522501e+00 1.060065694187070e-01
8.600000000000000e-01 4.965164213705875e+00 1.081756461486336e-01
8.650000000000000e-01 5.090903663152626e+00 1.069637501285366e-01
8.700000000000000e-01 5.219825093111814e+00 1.022831137487085e-01
8.750000000000000e-01 5.352009083673925e+00 9.437823087449544e-02
8.800000000000000e-01 5.487538254136007e+00 8.382627044546979e-02
8.850000000000000e-01 5.626497314641444e+00 7.147822780825014e-02
8.900000000000000e-01 5.768973119126561e+00 5.834529901407828e-02
8.950000000000000e-01 5.915054719607133e+00 4.545056287207345e-02
9.000000000000000e-01 6.064833421838831e+00 3.367803974181419e-02
9.050000000000000e-01 6.218402842386253e+00 2.365434906574197e-02
9.100000000000000e-01 6.375858967136348e+00 1.569002377451208e-02
9.150000000000000e-01 6.537300211292723e+00 9.790064864419780e-03
9.200000000000000e-01 6.702827480888332e+00 5.722795132384851e-03
9.250000000000000e-01 6.872544235855034e+00 3.120444596312691e-03
9.300000000000000e-01 7.046556554689444e+00 1.579998330351147e-03
9.350000000000001e-01 7.224973200755413e+00 7.394545120702025e-04
9.400000000000001e-01 7.407905690264673e+00 3.183686148856939e-04
9.450000000000001e-01 7.595468361978146e+00 1.255122708694937e-04
9.500000000000001e-01 7.787778448671316e+00 4.511149337304779e-05
9.550000000000001e-01 7.984956150408610e+00 1.472960311219653e-05
9.600000000000000e-01 8.187124709672272e+00 4.361397481800252e-06
9.650000000000000e-01 8.394410488393007e+00 1.173290730814827e-06
9.700000000000000e-01 8.606943046930221e+00 2.893584084309918e-07
9.750000000000000e-01 8.824855225051540e+00 6.692864186841192e-08
9.800000000000000e-01 9.048283224961922e+00 1.526155556584019e-08
9.850000000000000e-01 9.277366696434507e+00 4.490559849185272e-09
9.900000000000000e-01 9.512248824096272e+00 3.113377231396116e-09
9.950000000000000e-01 9.753076416923058e+00 1.016260689619500e-08
1.000000000000000e+00 1.000000000000000e+01 3.078632783700598e-06
