0.000000000000000e+00 0.000000000000000e+00 -1.121826341133424e-03
5.000000000000000e-03 3.369477419287315e-03 -1.125427003101592e-03
1.000000000000000e-02 6.741060871647481e-03 -1.121570106540978e-03
1.500000000000000e-02 1.011685770649257e-02 -1.122904864712267e-03
2.000000000000000e-02 1.349897790673588e-02 -1.122554010287417e-03
2.500000000000000e-02 1.688953540759990e-02 -1.124128676493205e-03
3.000000000000000e-02 2.029064941789469e-02 -1.123329489182539e-03
3.500000000000000e-02 2.370444574459234e-02 -1.124958314421980e-03
4.000000000000000e-02 2.713305812152553e-02 -1.124889243162149e-03
4.500000000000000e-02 3.057862954304063e-02 -1.126936555023406e-03
5.000000000000000e-02 3.404331360343898e-02 -1.126711308939179e-03
5.500000000000000e-02 3.752927584304335e-02 -1.128970482430267e-03
6.000000000000000e-02 4.103869510173117e-02 -1.129376088527458e-03
6.500000000000000e-02 4.457376488078044e-02 -1.131372224049038e-03
7.000000000000001e-02 4.813669471387935e-02 -1.132464955298223e-03
7.500000000000000e-02 5.172971154815675e-02 -1.134582271641367e-03
8.000000000000000e-02 5.535506113609672e-02 -1.136156061750339e-03
8.500000000000001e-02 5.901500943920686e-02 -1.138430726031323e-03
9.000000000000000e-02 6.271184404431801e-02 -1.140512210934118e-03
9.500000000000000e-02 6.644787559340060e-02 -1.142990799319952e-03
1.000000000000000e-01 7.022543922779090e-02 -1.145486509207230e-03
1.050000000000000e-01 7.404689604773053e-02 -1.148168166987159e-03
1.100000000000000e-01 7.791463458813094e-02 -1.150930845343186e-03
1.150000000000000e-01 8.183107231148547e-02 -1.153850457958777e-03
1.200000000000000e-01 8.579865711886202e-02 -1.157266935192042e-03
1.250000000000000e-01 8.981986887992111e-02 -1.160433188984946e-03
1.300000000000000e-01 9.389722098291493e-02 -1.164297817387277e-03
1.350000000000000e-01 9.803326190563690e-02 -1.167886942666802e-03
1.400000000000000e-01 1.022305768083033e-01 -1.172197461765558e-03
1.450000000000000e-01 1.064917891493625e-01 -1.176373729649021e-03
1.500000000000000e-01 1.108195623252418e-01 -1.181008460871210e-03
1.550000000000000e-01 1.152166013350572e-01 -1.185823450833243e-03
1.600000000000000e-01 1.196856544713255e-01 -1.190977716772262e-03
1.650000000000000e-01 1.242295150377370e-01 -1.196437105885310e-03
1.700000000000000e-01 1.288510230950609e-01 -1.202212837895598e-03
1.750000000000000e-01 1.335530672362758e-01 -1.208260860791995e-03
1.800000000000000e-01 1.383385863920344e-01 -1.214653460495291e-03
1.850000000000000e-01 1.432105716675912e-01 -1.221521817233401e-03
1.900000000000000e-01 1.481720682123397e-01 -1.228532632965278e-03
1.950000000000000e-01 1.532261771231311e-01 -1.236247378859845e-03
2.000000000000000e-01 1.583760573825595e-01 -1.244049701725039e-03
2.050000000000000e-01 1.636249278334301e-01 -1.252648251139605e-03
2.100000000000000e-01 1.689760691906397e-01 -1.261400705679002e-03
2.150000000000000e-01 1.744328260917313e-01 -1.270909835403692e-03
2.200000000000000e-01 1.799986091874004e-01 -1.280766749628839e-03
2.250000000000000e-01 1.856768972732633e-01 -1.291349646942711e-03
2.300000000000000e-01 1.914712394642179e-01 -1.302343254665617e-03
2.350000000000000e-01 1.973852574127551e-01 -1.314081666696036e-03
2.400000000000000e-01 2.034226475726105e-01 -1.326457052338813e-03
2.450000000000000e-01 2.095871835091678e-01 -1.339480818009925e-03
2.500000000000000e-01 2.158827182580599e-01 -1.353297442790886e-03
2.550000000000000e-01 2.223131867334419e-01 -1.367827236794051e-03
2.600000000000000e-01 2.288826081874405e-01 -1.383245829345631e-03
2.650000000000000e-01 2.355950887223172e-01 -1.399524501704841e-03
2.700000000000000e-01 2.424548238569160e-01 -1.416697675241298e-03
2.750000000000000e-01 2.494661011489995e-01 -1.434858906303392e-03
2.800000000000000e-01 2.566333028751116e-01 -1.454087572298759e-03
2.850000000000000e-01 2.639609087696434e-01 -1.474406570539781e-03
2.900000000000000e-01 2.714534988248126e-01 -1.495911153199612e-03
2.950000000000000e-01 2.791157561533084e-01 -1.518731142209746e-03
3.000000000000000e-01 2.869524699153886e-01 -1.542800130041158e-03
3.050000000000000e-01 2.949685383122613e-01 -1.568282108362818e-03
3.100000000000000e-01 3.031689716476197e-01 -1.595251014003894e-03
3.150000000000000e-01 3.115588954592450e-01 -1.623887056291937e-03
3.200000000000000e-01 3.201435537226349e-01 -1.654172942464092e-03
3.250000000000000e-01 3.289283121286580e-01 -1.686337044258140e-03
3.300000000000000e-01 3.379186614372866e-01 -1.720356956948637e-03
3.350000000000000e-01 3.471202209094989e-01 -1.756543037619608e-03
3.400000000000000e-01 3.565387418195016e-01 -1.794800930674799e-03
3.450000000000000e-01 3.661801110494620e-01 -1.835514089537711e-03
3.500000000000000e-01 3.760503547690021e-01 -1.878665463768346e-03
3.550000000000000e-01 3.861556422017504e-01 -1.924523599523822e-03
3.600000000000000e-01 3.965022894813072e-01 -1.973322325417414e-03
3.650000000000000e-01 4.070967635990345e-01 -2.025081408603763e-03
3.700000000000000e-01 4.179456864461349e-01 -2.080235197239663e-03
3.750000000000000e-01 4.290558389525505e-01 -2.138817915387523e-03
3.800000000000000e-01 4.404341653252637e-01 -2.201174509735372e-03
3.850000000000000e-01 4.520877773886537e-01 -2.267668758428380e-03
3.900000000000000e-01 4.640239590296172e-01 -2.338359363122771e-03
3.950000000000000e-01 4.762501707502353e-01 -2.413859214213768e-03
4.000000000000000e-01 4.887740543308307e-01 -2.494205749667662e-03
4.050000000000000e-01 5.016034376063282e-01 -2.579964436734520e-03
4.100000000000000e-01 5.147463393589066e-01 -2.671546055798976e-03
4.150000000000000e-01 5.282109743299990e-01 -2.769265427275128e-03
4.200000000000000e-01 5.420057583547735e-01 -2.873642542417279e-03
4.250000000000000e-01 5.561393136223041e-01 -2.985175460843243e-03
4.300000000000000e-01 5.706204740647189e-01 -3.104463115275265e-03
4.350000000000000e-01 5.854582908786964e-01 -3.232022606896756e-03
4.400000000000000e-01 6.006620381827575e-01 -3.368468006845593e-03
4.450000000000000e-01 6.162412188138907e-01 -3.514612011275689e-03
4.500000000000000e-01 6.322055702671360e-01 -3.671013630444476e-03
4.550000000000000e-01 6.485650707818353e-01 -3.838622993918834e-03
4.600000000000000e-01 6.653299455783577e-01 -4.018200087119317e-03
4.650000000000000e-01 6.825106732491932e-01 -4.210670161392724e-03
4.700000000000000e-01 7.001179923084168e-01 -4.417072757924197e-03
4.750000000000000e-01 7.181629079036070e-01 -4.638374931746536e-03
4.800000000000000e-01 7.366566986944229e-01 -4.875744284786938e-03
4.850000000000000e-01 7.556109239021327e-01 -5.130399002771856e-03
4.900000000000000e-01 7.750374305345038e-01 -5.403499016306802e-03
4.950000000000000e-01 7.949483607905672e-01 -5.696516654413019e-03
5.000000000000000e-01 8.153561596498893e-01 -6.010746124348522e-03
5.050000000000000e-01 8.362735826510871e-01 -6.347688596827061e-03
5.100000000000000e-01 8.577137038644561e-01 -6.708910145507249e-03
5.150000000000000e-01 8.796899240636907e-01 -7.095911298714747e-03
5.200000000000000e-01 9.022159791018011e-01 -7.510322311429104e-03
5.250000000000000e-01 9.253059484964714e-01 -7.953805755470200e-03
5.300000000000000e-01 9.489742642302165e-01 -8.427852325458333e-03
5.350000000000000e-01 9.732357197708378e-01 -8.934117285250578e-03
5.400000000000000e-01 9.981054793178262e-01 -9.474035368932692e-03
5.450000000000000e-01 1.023599087280478e+00 -1.004889405896160e-02
5.500000000000000e-01 1.049732477993657e+00 -1.065988280687743e-02
5.550000000000000e-01 1.076521985677273e+00 -1.130785677492347e-02
5.600000000000001e-01 1.103984354645701e+00 -1.199323891031027e-02
5.650000000000001e-01 1.132136749773522e+00 -1.271615178126730e-02
5.700000000000001e-01 1.160996767224129e+00 -1.347600447846669e-02
5.750000000000001e-01 1.190582445447902e+00 -1.427147260079087e-02
5.800000000000000e-01 1.220912276456826e+00 -1.510044375331421e-02
5.850000000000000e-01 1.252005217382601e+00 -1.595970773168831e-02
5.900000000000000e-01 1.283880702325469e+00 -1.684472922659499e-02
5.950000000000000e-01 1.316558654501151e+00 -1.774966300606406e-02
6.000000000000000e-01 1.350059498693518e+00 -1.866700364356361e-02
6.050000000000000e-01 1.384404174020732e+00 -1.958734685964897e-02
6.100000000000000e-01 1.419614147022888e+00 -2.049938293281985e-02
6.150000000000000e-01 1.455711425079295e+00 -2.138978582301198e-02
6.200000000000000e-01 1.492718570163803e+00 -2.224305069378258e-02
6.250000000000000e-01 1.530658712946775e+00 -2.304166647247872e-02
6.300000000000000e-01 1.569555567252506e+00 -2.376646081933279e-02
6.350000000000000e-01 1.609433444881138e+00 -2.439691173424713e-02
6.400000000000000e-01 1.650317270804325e+00 -2.491170681226688e-02
6.450000000000000e-01 1.692232598744148e+00 -2.528962413581827e-02
6.500000000000000e-01 1.735205627145031e+00 -2.551048668135780e-02
6.550000000000000e-01 1.779263215548615e+00 -2.555604167757902e-02
6.600000000000000e-01 1.824432901381847e+00 -2.541087029734629e-02
6.650000000000000e-01 1.870742917168772e+00 -2.506329738596954e-02
6.700000000000000e-01 1.918222208176775e+00 -2.450603403781624e-02
6.750000000000000e-01 1.966900450508319e+00 -2.373649295958070e-02
6.800000000000000e-01 2.016808069649473e+00 -2.275679076421739e-02
6.850000000000001e-01 2.067976259486829e+00 -2.157360107333517e-02
6.900000000000001e-01 2.120437001804702e+00 -2.019775346532346e-02
6.950000000000001e-01 2.174223086274785e+00 -1.864367709250281e-02
7.000000000000001e-01 2.229368130950753e+00 -1.692863071653545e-02
7.050000000000000e-01 2.285906603280654e+00 -1.507197653478189e-02
7.100000000000000e-01 2.343873841650178e+00 -1.309444728713722e-02
7.150000000000000e-01 2.403306077470301e+00 -1.101755932503709e-02
7.200000000000000e-01 2.464240457823092e+00 -8.863002298584817e-03
7.250000000000000e-01 2.526715068679855e+00 -6.652182249990350e-03
7.300000000000000e-01 2.590768958706095e+00 -4.405686026942661e-03
7.350000000000000e-01 2.656442163668210e+00 -2.142862451157729e-03
7.400000000000000e-01 2.723775731457148e+00 1.187252477854943e-04
7.450000000000000e-01 2.792811747744667e+00 2.363883890914653e-03
7.500000000000000e-01 2.863593362288260e+00 4.580611258714514e-03
7.550000000000000e-01 2.936164815901156e+00 6.761194490623044e-03
7.600000000000000e-01 3.010571468104263e+00 8.903772675487569e-03
7.650000000000000e-01 3.086859825477351e+00 1.101449043998820e-02
7.700000000000000e-01 3.165077570727174e+00 1.311033692082767e-02
7.750000000000000e-01 3.245273592490716e+00 1.522256754807275e-02
7.800000000000000e-01 3.327498015892184e+00 1.740032008412107e-02
7.850000000000000e-01 3.411802233872832e+00 1.971368502885938e-02
7.900000000000000e-01 3.498238939313234e+00 2.225518732561096e-02
7.950000000000000e-01 3.586862157968046e+00 2.513847065799405e-02
8.000000000000000e-01 3.677727282233856e+00 2.849300351337239e-02
8.050000000000000e-01 3.770891105771243e+00 3.245385342213768e-02
8.100000000000001e-01 3.866411859002656e+00 3.714599381558362e-02
8.150000000000001e-01 3.964349245508326e+00 4.266323373476043e-02
8.200000000000001e-01 4.064764479342956e+00 4.904274852300579e-02
8.250000000000001e-01 4.167720323296481e+00 5.623738984393072e-02
8.300000000000001e-01 4.273281128122877e+00 6.408942860473946e-02
8.350000000000000e-01 4.381512872761445e+00 7.231092317275066e-02
8.400000000000000e-01 4.492483205575838e+00 8.047707819592992e-02
8.450000000000000e-01 4.606261486636447e+00 8.803915443748370e-02
8.500000000000000e-01 4.722918831072739e+00 9.436204765409507e-02
8.550000000000000e-01 4.842528153522501e+00 9.878810133584917e-02
8.600000000000000e-01 4.965164213705875e+00 1.007230691694646e-01
8.650000000000000e-01 5.090903663152626e+00 9.973318992676536e-02
8.700000000000000e-01 5.219825093111814e+00 9.563577754786555e-02
8.750000000000000e-01 5.352009083673925e+00 8.856195773499911e-02
8.800000000000000e-01 5.487538254136007e+00 7.897162253410907e-02
8.850000000000000e-01 5.626497314641444e+00 6.760870970379482e-02
8.900000000000000e-01 5.768973119126561e+00 5.539878093874783e-02
8.950000000000000e-01 5.915054719607133e+00 4.330712751538303e-02
9.000000000000000e-01 6.064833421838831e+00 3.218878711631944e-02
9.050000000000000e-01 6.218402842386253e+00 2.266635611842130e-02
9.100000000000000e-01 6.375858967136348e+00 1.506437323358984e-02
9.150000000000000e-01 6.537300211292723e+00 9.411988757892094e-03
9.200000000000000e-01 6.702827480888332e+00 5.504826578543753e-03
9.250000000000000e-01 6.872544235855034e+00 3.000578090311361e-03
9.300000000000000e-01 7.046556554689444e+00 1.517129086755891e-03
9.350000000000001e-01 7.224973200755413e+00 7.080070533498668e-04
9.400000000000001e-01 7.407905690264673e+00 3.033672198448648e-04
9.450000000000001e-01 7.595468361978146e+00 1.186875099981139e-04
9.500000000000001e-01 7.787778448671316e+00 4.215020629576641e-05
9.550000000000001e-01 7.984956150408610e+00 1.350399186466541e-05
9.600000000000000e-01 8.187124709672272e+00 3.877491480167430e-06
9.650000000000000e-01 8.394410488393007e+00 9.909866455286151e-07
9.700000000000000e-01 8.606943046930221e+00 2.237998295929622e-07
9.750000000000000e-01 8.824855225051540e+00 4.432816243260777e-08
9.800000000000000e-01 9.048283224961922e+00 7.651806350843322e-09
9.850000000000000e-01 9.277366696434507e+00 1.152777567771497e-09
9.900000000000000e-01 9.512248824096272e+00 1.586677137435145e-10
9.950000000000000e-01 9.753076416923058e+00 3.162439184521836e-11
1.000000000000000e+00 1.000000000000000e+01 -6.060233311098192e-10
