0.000000000000000e+00 0.000000000000000e+00 -5.551312366219148e-03
5.000000000000000e-03 3.369477419287315e-03 -5.554913073807403e-03
1.000000000000000e-02 6.741060871647481e-03 -5.550113923829143e-03
1.500000000000000e-02 1.011685770649257e-02 -5.552813122494235e-03
2.000000000000000e-02 1.349897790673588e-02 -5.553180334623782e-03
2.500000000000000e-02 1.688953540759990e-02 -5.556273680550123e-03
3.000000000000000e-02 2.029064941789469e-02 -5.557278965777886e-03
3.500000000000000e-02 2.370444574459234e-02 -5.561181421519515e-03
4.000000000000000e-02 2.713305812152553e-02 -5.562940757506313e-03
4.500000000000000e-02 3.057862954304063e-02 -5.567671401884646e-03
5.000000000000000e-02 3.404331360343898e-02 -5.570590086507673e-03
5.500000000000000e-02 3.752927584304335e-02 -5.575861104630563e-03
6.000000000000000e-02 4.103869510173117e-02 -5.580227425106777e-03
6.500000000000000e-02 4.457376488078044e-02 -5.585942906052091e-03
7.000000000000001e-02 4.813669471387935e-02 -5.591499654074046e-03
7.500000000000000e-02 5.172971154815675e-02 -5.598024512993027e-03
8.000000000000000e-02 5.535506113609672e-02 -5.604823305872558e-03
8.500000000000001e-02 5.901500943920686e-02 -5.612332809732210e-03
9.000000000000000e-02 6.271184404431801e-02 -5.620172581473504e-03
9.500000000000000e-02 6.644787559340060e-02 -5.628798291899014e-03
1.000000000000000e-01 7.022543922779090e-02 -5.638106063641418e-03
1.050000000000000e-01 7.404689604773053e-02 -5.647790969882947e-03
1.100000000000000e-01 7.791463458813094e-02 -5.658541765566111e-03
1.150000000000000e-01 8.183107231148547e-02 -5.669446766478035e-03
1.200000000000000e-01 8.579865711886202e-02 -5.681596923952844e-03
1.250000000000000e-01 8.981986887992111e-02 -5.694010650770513e-03
1.300000000000000e-01 9.389722098291493e-02 -5.707583169176552e-03
1.350000000000000e-01 9.803326190563690e-02 -5.721581766144448e-03
1.400000000000000e-01 1.022305768083033e-01 -5.736771994343691e-03
1.450000000000000e-01 1.064917891493625e-01 -5.752688549524453e-03
1.500000000000000e-01 1.108195623252418e-01 -5.769510057781386e-03
1.550000000000000e-01 1.152166013350572e-01 -5.787393652897841e-03
1.600000000000000e-01 1.196856544713255e-01 -5.806088177051204e-03
1.650000000000000e-01 1.242295150377370e-01 -5.826172070984649e-03
1.700000000000000e-01 1.288510230950609e-01 -5.846971674820232e-03
1.750000000000000e-01 1.335530672362758e-01 -5.869394384893055e-03
1.800000000000000e-01 1.383385863920344e-01 -5.892555709470140e-03
1.850000000000000e-01 1.432105716675912e-01 -5.917495434550150e-03
1.900000000000000e-01 1.481720682123397e-01 -5.943360304328615e-03
1.950000000000000e-01 1.532261771231311e-01 -5.971010747995033e-03
2.000000000000000e-01 1.583760573825595e-01 -5.999838856278771e-03
2.050000000000000e-01 1.636249278334301e-01 -6.030444659940419e-03
2.100000000000000e-01 1.689760691906397e-01 -6.062642754284867e-03
2.150000000000000e-01 1.744328260917313e-01 -6.096585862151834e-03
2.200000000000000e-01 1.799986091874004e-01 -6.132363291000894e-03
2.250000000000000e-01 1.856768972732633e-01 -6.169963822046510e-03
2.300000000000000e-01 1.914712394642179e-01 -6.209795386622427e-03
2.350000000000000e-01 1.973852574127551e-01 -6.251465843906586e-03
2.400000000000000e-01 2.034226475726105e-01 -6.295683904176249e-03
2.450000000000000e-01 2.095871835091678e-01 -6.342063293645056e-03
2.500000000000000e-01 2.158827182580599e-01 -6.391027459974431e-03
2.550000000000000e-01 2.223131867334419e-01 -6.442610598801917e-03
2.600000000000000e-01 2.288826081874405e-01 -6.496837044049225e-03
2.650000000000000e-01 2.355950887223172e-01 -6.554106861594098e-03
2.700000000000000e-01 2.424548238569160e-01 -6.614207985647842e-03
2.750000000000000e-01 2.494661011489995e-01 -6.677860161836469e-03
2.800000000000000e-01 2.566333028751116e-01 -6.744628068887587e-03
2.850000000000000e-01 2.639609087696434e-01 -6.815197527698643e-03
2.900000000000000e-01 2.714534988248126e-01 -6.889387384266344e-03
2.950000000000000e-01 2.791157561533084e-01 -6.967634146449930e-03
3.000000000000000e-01 2.869524699153886e-01 -7.050080809138050e-03
3.050000000000000e-01 2.949685383122613e-01 -7.136878045310136e-03
3.100000000000000e-01 3.031689716476197e-01 -7.228459781593335e-03
3.150000000000000e-01 3.115588954592450e-01 -7.324859832971819e-03
3.200000000000000e-01 3.201435537226349e-01 -7.426552034029926e-03
3.250000000000000e-01 3.289283121286580e-01 -7.533690383281542e-03
3.300000000000000e-01 3.379186614372866e-01 -7.646561375087585e-03
3.350000000000000e-01 3.471202209094989e-01 -7.765612802920785e-03
3.400000000000000e-01 3.565387418195016e-01 -7.890992316870099e-03
3.450000000000000e-01 3.661801110494620e-01 -8.023269765958669e-03
3.500000000000000e-01 3.760503547690021e-01 -8.162657665525447e-03
3.550000000000000e-01 3.861556422017504e-01 -8.309644996978404e-03
3.600000000000000e-01 3.965022894813072e-01 -8.464527424311034e-03
3.650000000000000e-01 4.070967635990345e-01 -8.627883588092761e-03
3.700000000000000e-01 4.179456864461349e-01 -8.800040512095328e-03
3.750000000000000e-01 4.290558389525505e-01 -8.981603199019236e-03
3.800000000000000e-01 4.404341653252637e-01 -9.173042975617308e-03
3.850000000000000e-01 4.520877773886537e-01 -9.374766218455004e-03
3.900000000000000e-01 4.640239590296172e-01 -9.587523970458953e-03
3.950000000000000e-01 4.762501707502353e-01 -9.811814929415765e-03
4.000000000000000e-01 4.887740543308307e-01 -1.004815735672533e-02
4.050000000000000e-01 5.016034376063282e-01 -1.029736746956582e-02
4.100000000000000e-01 5.147463393589066e-01 -1.055992368587775e-02
4.150000000000000e-01 5.282109743299990e-01 -1.083666416946121e-02
4.200000000000000e-01 5.420057583547735e-01 -1.112817678560350e-02
4.250000000000000e-01 5.561393136223041e-01 -1.143524110232830e-02
4.300000000000000e-01 5.706204740647189e-01 -1.175863398685310e-02
4.350000000000000e-01 5.854582908786964e-01 -1.209903617426585e-02
4.400000000000000e-01 6.006620381827575e-01 -1.245728916907856e-02
4.450000000000000e-01 6.162412188138907e-01 -1.283416315227094e-02
4.500000000000000e-01 6.322055702671360e-01 -1.323035647751952e-02
4.550000000000000e-01 6.485650707818353e-01 -1.364677038514580e-02
4.600000000000000e-01 6.653299455783577e-01 -1.408400722795366e-02
4.650000000000000e-01 6.825106732491932e-01 -1.454286515150461e-02
4.700000000000000e-01 7.001179923084168e-01 -1.502400371009285e-02
4.750000000000000e-01 7.181629079036070e-01 -1.552795838933048e-02
4.800000000000000e-01 7.366566986944229e-01 -1.605530540486026e-02
4.850000000000000e-01 7.556109239021327e-01 -1.660643318004263e-02
4.900000000000000e-01 7.750374305345038e-01 -1.718152901761945e-02
4.950000000000000e-01 7.949483607905672e-01 -1.778079470424695e-02
5.000000000000000e-01 8.153561596498893e-01 -1.840401069531357e-02
5.050000000000000e-01 8.362735826510871e-01 -1.905081285582645e-02
5.100000000000000e-01 8.577137038644561e-01 -1.972057113975453e-02
5.150000000000000e-01 8.796899240636907e-01 -2.041217907696104e-02
5.200000000000000e-01 9.022159791018011e-01 -2.112417375311056e-02
5.250000000000000e-01 9.253059484964714e-01 -2.185467670170796e-02
5.300000000000000e-01 9.489742642302165e-01 -2.260108729492707e-02
5.350000000000000e-01 9.732357197708378e-01 -2.336028813598939e-02
5.400000000000000e-01 9.981054793178262e-01 -2.412846150458696e-02
5.450000000000000e-01 1.023599087280478e+00 -2.490087913881070e-02
5.500000000000000e-01 1.049732477993657e+00 -2.567200324636286e-02
5.550000000000000e-01 1.076521985677273e+00 -2.643540843623979e-02
5.600000000000001e-01 1.103984354645701e+00 -2.718353967839469e-02
5.650000000000001e-01 1.132136749773522e+00 -2.790783390503821e-02
5.700000000000001e-01 1.160996767224129e+00 -2.859875224376558e-02
5.750000000000001e-01 1.190582445447902e+00 -2.924562624095409e-02
5.800000000000000e-01 1.220912276456826e+00 -2.983680666293372e-02
5.850000000000000e-01 1.252005217382601e+00 -3.035990716750394e-02
5.900000000000000e-01 1.283880702325469e+00 -3.080188102137384e-02
5.950000000000000e-01 1.316558654501151e+00 -3.114921976347957e-02
6.000000000000000e-01 1.350059498693518e+00 -3.138842577624898e-02
6.050000000000000e-01 1.384404174020732e+00 -3.150639236059542e-02
6.100000000000000e-01 1.419614147022888e+00 -3.149070667374650e-02
6.150000000000000e-01 1.455711425079295e+00 -3.133012160062277e-02
6.200000000000000e-01 1.492718570163803e+00 -3.101508461455924e-02
6.250000000000000e-01 1.530658712946775e+00 -3.053810656976929e-02
6.300000000000000e-01 1.569555567252506e+00 -2.989397763912439e-02
6.350000000000000e-01 1.609433444881138e+00 -2.908004691646110e-02
6.400000000000000e-01 1.650317270804325e+00 -2.809640883172206e-02
6.450000000000000e-01 1.692232598744148e+00 -2.694594683340566e-02
6.500000000000000e-01 1.735205627145031e+00 -2.563414869258125e-02
6.550000000000000e-01 1.779263215548615e+00 -2.416895110433507e-02
6.600000000000000e-01 1.824432901381847e+00 -2.256051950048350e-02
6.650000000000000e-01 1.870742917168772e+00 -2.082104786349915e-02
6.700000000000000e-01 1.918222208176775e+00 -1.896439146329785e-02
6.750000000000000e-01 1.966900450508319e+00 -1.700577021058325e-02
6.800000000000000e-01 2.016808069649473e+00 -1.496143609850820e-02
6.850000000000001e-01 2.067976259486829e+00 -1.284849418439768e-02
6.900000000000001e-01 2.120437001804702e+00 -1.068468199308390e-02
6.950000000000001e-01 2.174223086274785e+00 -8.488294905720036e-03
7.000000000000001e-01 2.229368130950753e+00 -6.278007017249126e-03
7.050000000000000e-01 2.285906603280654e+00 -4.072851232958416e-03
7.100000000000000e-01 2.343873841650178e+00 -1.892098408949922e-03
7.150000000000000e-01 2.403306077470301e+00 2.447729165353793e-04
7.200000000000000e-01 2.464240457823092e+00 2.318218973725478e-03
7.250000000000000e-01 2.526715068679855e+00 4.308829240639144e-03
7.300000000000000e-01 2.590768958706095e+00 6.197723660930942e-03
7.350000000000000e-01 2.656442163668210e+00 7.967203747780779e-03
7.400000000000000e-01 2.723775731457148e+00 9.601791131601155e-03
7.450000000000000e-01 2.792811747744667e+00 1.108975925719704e-02
7.500000000000000e-01 2.863593362288260e+00 1.242524733609315e-02
7.550000000000000e-01 2.936164815901156e+00 1.361096245609900e-02
7.600000000000000e-01 3.010571468104263e+00 1.466135846018122e-02
7.650000000000000e-01 3.086859825477351e+00 1.560603825777250e-02
7.700000000000000e-01 3.165077570727174e+00 1.649299768021158e-02
7.750000000000000e-01 3.245273592490716e+00 1.739123988832085e-02
7.800000000000000e-01 3.327498015892184e+00 1.839224745786738e-02
7.850000000000000e-01 3.411802233872832e+00 1.960978711911332e-02
7.900000000000000e-01 3.498238939313234e+00 2.117751097156104e-02
7.950000000000000e-01 3.586862157968046e+00 2.324379145825483e-02
8.000000000000000e-01 3.677727282233856e+00 2.596320390287950e-02
8.050000000000000e-01 3.770891105771243e+00 2.948411154032957e-02
8.100000000000001e-01 3.866411859002656e+00 3.393200772466727e-02
8.150000000000001e-01 3.964349245508326e+00 3.938872891960964e-02
8.200000000000001e-01 4.064764479342956e+00 4.586844365931754e-02
8.250000000000001e-01 4.167720323296481e+00 5.329245739977501e-02
8.300000000000001e-01 4.273281128122877e+00 6.146626113001614e-02
8.350000000000000e-01 4.381512872761445e+00 7.006366509298588e-02
8.400000000000000e-01 4.492483205575838e+00 7.862390652782933e-02
8.450000000000000e-01 4.606261486636447e+00 8.656775918937655e-02
8.500000000000000e-01 4.722918831072739e+00 9.323729785640077e-02
8.550000000000000e-01 4.842528153522501e+00 9.796061376097789e-02
8.600000000000000e-01 4.965164213705875e+00 1.001373984240907e-01
8.650000000000000e-01 5.090903663152626e+00 9.933461924421896e-02
8.700000000000000e-01 5.219825093111814e+00 9.537511886703193e-02
8.750000000000000e-01 5.352009083673925e+00 8.839823752738470e-02
8.800000000000000e-01 5.487538254136007e+00 7.887291632665998e-02
8.850000000000000e-01 5.626497314641444e+00 6.755162055201014e-02
8.900000000000000e-01 5.768973119126561e+00 5.536712213833343e-02
8.950000000000000e-01 5.915054719607133e+00 4.329030292094026e-02
9.000000000000000e-01 6.064833421838831e+00 3.218022272859900e-02
9.050000000000000e-01 6.218402842386253e+00 2.266218206505483e-02
9.100000000000000e-01 6.375858967136348e+00 1.506242628292525e-02
9.150000000000000e-01 6.537300211292723e+00 9.411119937114463e-03
9.200000000000000e-01 6.702827480888332e+00 5.504455774086849e-03
9.250000000000000e-01 6.872544235855034e+00 3.000426775457808e-03
9.300000000000000e-01 7.046556554689444e+00 1.517070059481141e-03
9.350000000000001e-01 7.224973200755413e+00 7.079850439515629e-04
9.400000000000001e-01 7.407905690264673e+00 3.033593739759907e-04
9.450000000000001e-01 7.595468361978146e+00 1.186848360164394e-04
9.500000000000001e-01 7.787778448671316e+00 4.214933542749283e-05
9.550000000000001e-01 7.984956150408610e+00 1.350372175939400e-05
9.600000000000000e-01 8.187124709672272e+00 3.877415308002951e-06
9.650000000000000e-01 8.394410488393007e+00 9.909664553777808e-07
9.700000000000000e-01 8.606943046930221e+00 2.237921862987054e-07
9.750000000000000e-01 8.824855225051540e+00 4.432521478296718e-08
9.800000000000000e-01 9.048283224961922e+00 7.650025438341794e-09
9.850000000000000e-01 9.277366696434507e+00 1.151731505252372e-09
9.900000000000000e-01 9.512248824096272e+00 1.602811600190983e-10
9.950000000000000e-01 9.753076416923058e+00 3.440831593652242e-11
1.000000000000000e+00 1.000000000000000e+01 5.896317642080608e-11
