0.000000000000000e+00 0.000000000000000e+00 -1.211860224915818e-04
5.000000000000000e-03 3.369477419287315e-03 -1.247866840766631e-04
1.000000000000000e-02 6.741060871647481e-03 -1.208333999301189e-04
1.500000000000000e-02 1.011685770649257e-02 -1.218205746231219e-04
2.000000000000000e-02 1.349897790673588e-02 -1.217089708249394e-04
2.500000000000000e-02 1.688953540759990e-02 -1.227616433233582e-04
3.000000000000000e-02 2.029064941789469e-02 -1.218376916400963e-04
3.500000000000000e-02 2.370444574459234e-02 -1.226618789148601e-04
4.000000000000000e-02 2.713305812152553e-02 -1.220340889985846e-04
4.500000000000000e-02 3.057862954304063e-02 -1.223826280490849e-04
5.000000000000000e-02 3.404331360343898e-02 -1.224429009205299e-04
5.500000000000000e-02 3.752927584304335e-02 -1.223254219773408e-04
6.000000000000000e-02 4.103869510173117e-02 -1.225385392677974e-04
6.500000000000000e-02 4.457376488078044e-02 -1.222222146665179e-04
7.000000000000001e-02 4.813669471387935e-02 -1.223466961104452e-04
7.500000000000000e-02 5.172971154815675e-02 -1.222208507406783e-04
8.000000000000000e-02 5.535506113609672e-02 -1.223701055741068e-04
8.500000000000001e-02 5.901500943920686e-02 -1.222765310700348e-04
9.000000000000000e-02 6.271184404431801e-02 -1.224032375803034e-04
9.500000000000000e-02 6.644787559340060e-02 -1.224993423268694e-04
1.000000000000000e-01 7.022543922779090e-02 -1.224033645756153e-04
1.050000000000000e-01 7.404689604773053e-02 -1.224754966590306e-04
1.100000000000000e-01 7.791463458813094e-02 -1.224723346670652e-04
1.150000000000000e-01 8.183107231148547e-02 -1.226187554744420e-04
1.200000000000000e-01 8.579865711886202e-02 -1.225680195759043e-04
1.250000000000000e-01 8.981986887992111e-02 -1.227422860875281e-04
1.300000000000000e-01 9.389722098291493e-02 -1.226880420313386e-04
1.350000000000000e-01 9.803326190563690e-02 -1.229278414730472e-04
1.400000000000000e-01 1.022305768083033e-01 -1.228713760520495e-04
1.450000000000000e-01 1.064917891493625e-01 -1.229916010101147e-04
1.500000000000000e-01 1.108195623252418e-01 -1.230547510890608e-04
1.550000000000000e-01 1.152166013350572e-01 -1.231509604703750e-04
1.600000000000000e-01 1.196856544713255e-01 -1.232985385899981e-04
1.650000000000000e-01 1.242295150377370e-01 -1.233724751570438e-04
1.700000000000000e-01 1.288510230950609e-01 -1.234571141824895e-04
1.750000000000000e-01 1.335530672362758e-01 -1.234926880414357e-04
1.800000000000000e-01 1.383385863920344e-01 -1.236310004099422e-04
1.850000000000000e-01 1.432105716675912e-01 -1.237201216006418e-04
1.900000000000000e-01 1.481720682123397e-01 -1.238384651487098e-04
1.950000000000000e-01 1.532261771231311e-01 -1.239754917489147e-04
2.000000000000000e-01 1.583760573825595e-01 -1.240300297226904e-04
2.050000000000000e-01 1.636249278334301e-01 -1.242100474172411e-04
2.100000000000000e-01 1.689760691906397e-01 -1.242291803744826e-04
2.150000000000000e-01 1.744328260917313e-01 -1.244403859802938e-04
2.200000000000000e-01 1.799986091874004e-01 -1.245251962745744e-04
2.250000000000000e-01 1.856768972732633e-01 -1.247050873822959e-04
2.300000000000000e-01 1.914712394642179e-01 -1.248981570893635e-04
2.350000000000000e-01 1.973852574127551e-01 -1.250502925796472e-04
2.400000000000000e-01 2.034226475726105e-01 -1.251956327065233e-04
2.450000000000000e-01 2.095871835091678e-01 -1.253734394719950e-04
2.500000000000000e-01 2.158827182580599e-01 -1.255608347201988e-04
2.550000000000000e-01 2.223131867334419e-01 -1.258187172007849e-04
2.600000000000000e-01 2.288826081874405e-01 -1.259155191272120e-04
2.650000000000000e-01 2.355950887223172e-01 -1.261825234282404e-04
2.700000000000000e-01 2.424548238569160e-01 -1.263664514105817e-04
2.750000000000000e-01 2.494661011489995e-01 -1.265997201100960e-04
2.800000000000000e-01 2.566333028751116e-01 -1.268080574118124e-04
2.850000000000000e-01 2.639609087696434e-01 -1.271170394887079e-04
2.900000000000000e-01 2.714534988248126e-01 -1.272874158199677e-04
2.950000000000000e-01 2.791157561533084e-01 -1.275608003042238e-04
3.000000000000000e-01 2.869524699153886e-01 -1.277497209461767e-04
3.050000000000000e-01 2.949685383122613e-01 -1.280848068226212e-04
3.100000000000000e-01 3.031689716476197e-01 -1.283219334811971e-04
3.150000000000000e-01 3.115588954592450e-01 -1.286364925220503e-04
3.200000000000000e-01 3.201435537226349e-01 -1.288874392994186e-04
3.250000000000000e-01 3.289283121286580e-01 -1.291909285259282e-04
3.300000000000000e-01 3.379186614372866e-01 -1.294786950147231e-04
3.350000000000000e-01 3.471202209094989e-01 -1.297466930364014e-04
3.400000000000000e-01 3.565387418195016e-01 -1.301321196878673e-04
3.450000000000000e-01 3.661801110494620e-01 -1.303825148765405e-04
3.500000000000000e-01 3.760503547690021e-01 -1.307447042302590e-04
3.550000000000000e-01 3.861556422017504e-01 -1.310548612501226e-04
3.600000000000000e-01 3.965022894813072e-01 -1.314026089424216e-04
3.650000000000000e-01 4.070967635990345e-01 -1.316838401804760e-04
3.700000000000000e-01 4.179456864461349e-01 -1.320259899518628e-04
3.750000000000000e-01 4.290558389525505e-01 -1.323145237257096e-04
3.800000000000000e-01 4.404341653252637e-01 -1.326034485458592e-04
3.850000000000000e-01 4.520877773886537e-01 -1.329776564604943e-04
3.900000000000000e-01 4.640239590296172e-01 -1.332166761371890e-04
3.950000000000000e-01 4.762501707502353e-01 -1.336085969988312e-04
4.000000000000000e-01 4.887740543308307e-01 -1.338163750147447e-04
4.050000000000000e-01 5.016034376063282e-01 -1.341541597706917e-04
4.100000000000000e-01 5.147463393589066e-01 -1.342947693451523e-04
4.150000000000000e-01 5.282109743299990e-01 -1.345665060368307e-04
4.200000000000000e-01 5.420057583547735e-01 -1.347685325194118e-04
4.250000000000000e-01 5.561393136223041e-01 -1.349232583829826e-04
4.300000000000000e-01 5.706204740647189e-01 -1.351300230772559e-04
4.350000000000000e-01 5.854582908786964e-01 -1.351689043669145e-04
4.400000000000000e-01 6.006620381827575e-01 -1.353354282620973e-04
4.450000000000000e-01 6.162412188138907e-01 -1.352981885610204e-04
4.500000000000000e-01 6.322055702671360e-01 -1.353073687197267e-04
4.550000000000000e-01 6.485650707818353e-01 -1.352414367501181e-04
4.600000000000000e-01 6.653299455783577e-01 -1.350740949568694e-04
4.650000000000000e-01 6.825106732491932e-01 -1.349803740023464e-04
4.700000000000000e-01 7.001179923084168e-01 -1.346529231208311e-04
4.750000000000000e-01 7.181629079036070e-01 -1.344141570083708e-04
4.800000000000000e-01 7.366566986944229e-01 -1.339686387079582e-04
4.850000000000000e-01 7.556109239021327e-01 -1.334960739700340e-04
4.900000000000000e-01 7.750374305345038e-01 -1.329865449426865e-04
4.950000000000000e-01 7.949483607905672e-01 -1.323206365059503e-04
5.000000000000000e-01 8.153561596498893e-01 -1.316459727584556e-04
5.050000000000000e-01 8.362735826510871e-01 -1.308143564341974e-04
5.100000000000000e-01 8.577137038644561e-01 -1.298932203617040e-04
5.150000000000000e-01 8.796899240636907e-01 -1.289101976853109e-04
5.200000000000000e-01 9.022159791018011e-01 -1.278541054085045e-04
5.250000000000000e-01 9.253059484964714e-01 -1.266849365840412e-04
5.300000000000000e-01 9.489742642302165e-01 -1.253801584021923e-04
5.350000000000000e-01 9.732357197708378e-01 -1.241053587122929e-04
5.400000000000000e-01 9.981054793178262e-01 -1.226656336879125e-04
5.450000000000000e-01 1.023599087280478e+00 -1.211938044670706e-04
5.500000000000000e-01 1.049732477993657e+00 -1.196886161112163e-04
5.550000000000000e-01 1.076521985677273e+00 -1.180981998705695e-04
5.600000000000001e-01 1.103984354645701e+00 -1.165386720079961e-04
5.650000000000001e-01 1.132136749773522e+00 -1.149358250020405e-04
5.700000000000001e-01 1.160996767224129e+00 -1.133580171622533e-04
5.750000000000001e-01 1.190582445447902e+00 -1.118603985648998e-04
5.800000000000000e-01 1.220912276456826e+00 -1.103728639107562e-04
5.850000000000000e-01 1.252005217382601e+00 -1.090572522331197e-04
5.900000000000000e-01 1.283880702325469e+00 -1.078529446514830e-04
5.950000000000000e-01 1.316558654501151e+00 -1.068310490100517e-04
6.000000000000000e-01 1.350059498693518e+00 -1.060914793263062e-04
6.050000000000000e-01 1.384404174020732e+00 -1.056048697229447e-04
6.100000000000000e-01 1.419614147022888e+00 -1.055024771971466e-04
6.150000000000000e-01 1.455711425079295e+00 -1.058718421797136e-04
6.200000000000000e-01 1.492718570163803e+00 -1.067256317886315e-04
6.250000000000000e-01 1.530658712946775e+00 -1.082871041709265e-04
6.300000000000000e-01 1.569555567252506e+00 -1.106303161524808e-04
6.350000000000000e-01 1.609433444881138e+00 -1.139153557588771e-04
6.400000000000000e-01 1.650317270804325e+00 -1.184334844075156e-04
6.450000000000000e-01 1.692232598744148e+00 -1.243996942923396e-04
6.500000000000000e-01 1.735205627145031e+00 -1.321518473372489e-04
6.550000000000000e-01 1.779263215548615e+00 -1.422225487286348e-04
6.600000000000000e-01 1.824432901381847e+00 -1.551017689363096e-04
6.650000000000000e-01 1.870742917168772e+00 -1.715409169658535e-04
6.700000000000000e-01 1.918222208176775e+00 -1.925379140597422e-04
6.750000000000000e-01 1.966900450508319e+00 -2.192473204123909e-04
6.800000000000000e-01 2.016808069649473e+00 -2.531802059308209e-04
6.850000000000001e-01 2.067976259486829e+00 -2.963368092667594e-04
6.900000000000001e-01 2.120437001804702e+00 -3.510997587467330e-04
6.950000000000001e-01 2.174223086274785e+00 -4.204811820702171e-04
7.000000000000001e-01 2.229368130950753e+00 -5.082045474790995e-04
7.050000000000000e-01 2.285906603280654e+00 -6.187328299543806e-04
7.100000000000000e-01 2.343873841650178e+00 -7.573955083110665e-04
7.150000000000000e-01 2.403306077470301e+00 -9.304335339740160e-04
7.200000000000000e-01 2.464240457823092e+00 -1.144663498507302e-03
7.250000000000000e-01 2.526715068679855e+00 -1.407368596501925e-03
7.300000000000000e-01 2.590768958706095e+00 -1.725982468064302e-03
7.350000000000000e-01 2.656442163668210e+00 -2.106898317031904e-03
7.400000000000000e-01 2.723775731457148e+00 -2.553368141282739e-03
7.450000000000000e-01 2.792811747744667e+00 -3.063389276551184e-03
7.500000000000000e-01 2.863593362288260e+00 -3.627283189385636e-03
7.550000000000000e-01 2.936164815901156e+00 -4.223895589497319e-03
7.600000000000000e-01 3.010571468104263e+00 -4.814374394325159e-03
7.650000000000000e-01 3.086859825477351e+00 -5.334338178305533e-03
7.700000000000000e-01 3.165077570727174e+00 -5.686990784695969e-03
7.750000000000000e-01 3.245273592490716e+00 -5.740724620415491e-03
7.800000000000000e-01 3.327498015892184e+00 -5.333545281950128e-03
7.850000000000000e-01 3.411802233872832e+00 -4.284198880623665e-03
7.900000000000000e-01 3.498238939313234e+00 -2.407552489349441e-03
7.950000000000000e-01 3.586862157968046e+00 4.691885643088979e-04
8.000000000000000e-01 3.677727282233856e+00 4.492107462869115e-03
8.050000000000000e-01 3.770891105771243e+00 9.768689978124752e-03
8.100000000000001e-01 3.866411859002656e+00 1.635697943083930e-02
8.150000000000001e-01 3.964349245508326e+00 2.425347571821928e-02
8.200000000000001e-01 4.064764479342956e+00 3.337856312028501e-02
8.250000000000001e-01 4.167720323296481e+00 4.355995448973710e-02
8.300000000000001e-01 4.273281128122877e+00 5.451623787583654e-02
8.350000000000000e-01 4.381512872761445e+00 6.584359071550737e-02
8.400000000000000e-01 4.492483205575838e+00 7.701087242525796e-02
8.450000000000000e-01 4.606261486636447e+00 8.737056890807508e-02
8.500000000000000e-01 4.722918831072739e+00 9.619410280621933e-02
8.550000000000000e-01 4.842528153522501e+00 1.027367506264303e-01
8.600000000000000e-01 4.965164213705875e+00 1.063298429078496e-01
8.650000000000000e-01 5.090903663152626e+00 1.064879241472931e-01
8.700000000000000e-01 5.219825093111814e+00 1.030098459761339e-01
8.750000000000000e-01 5.352009083673925e+00 9.604854579393277e-02
8.800000000000000e-01 5.487538254136007e+00 8.612673890426929e-02
8.850000000000000e-01 5.626497314641444e+00 7.408557172894477e-02
8.900000000000000e-01 5.768973119126561e+00 6.096912237870625e-02
8.950000000000000e-01 5.915054719607133e+00 4.786564177746320e-02
9.000000000000000e-01 6.064833421838831e+00 3.574068939377631e-02
9.050000000000000e-01 6.218402842386253e+00 2.530184993548202e-02
9.100000000000000e-01 6.375858967136348e+00 1.692643521685367e-02
9.150000000000000e-01 6.537300211292723e+00 1.066452008347988e-02
9.200000000000000e-01 6.702827480888332e+00 6.306829251465460e-03
9.250000000000000e-01 6.872544235855034e+00 3.489347784411263e-03
9.300000000000000e-01 7.046556554689444e+00 1.800626190696452e-03
9.350000000000001e-01 7.224973200755413e+00 8.645060563245024e-04
9.400000000000001e-01 7.407905690264673e+00 3.855956968447943e-04
9.450000000000001e-01 7.595468361978146e+00 1.598150803676027e-04
9.500000000000001e-01 7.787778448671316e+00 6.173486653793004e-05
9.550000000000001e-01 7.984956150408610e+00 2.238495959956622e-05
9.600000000000000e-01 8.187124709672272e+00 7.713407115514247e-06
9.650000000000000e-01 8.394410488393007e+00 2.569667047096337e-06
9.700000000000000e-01 8.606943046930221e+00 8.432275661688257e-07
9.750000000000000e-01 8.824855225051540e+00 2.773739657230105e-07
9.800000000000000e-01 9.048283224961922e+00 9.357579693778185e-08
9.850000000000000e-01 9.277366696434507e+00 4.368904122911183e-08
9.900000000000000e-01 9.512248824096272e+00 4.099784971474542e-08
9.950000000000000e-01 9.753076416923058e+00 1.420933543358853e-07
1.000000000000000e+00 1.000000000000000e+01 4.316739405147824e-05
