0.000000000000000e+00 0.000000000000000e+00 -1.089576567985994e-01
5.000000000000000e-03 3.369477419287315e-03 -1.089613202573629e-01
1.000000000000000e-02 6.741060871647481e-03 -1.089577433149604e-01
1.500000000000000e-02 1.011685770649257e-02 -1.089494819625753e-01
2.000000000000000e-02 1.349897790673588e-02 -1.089342362752234e-01
2.500000000000000e-02 1.688953540759990e-02 -1.089154738083915e-01
3.000000000000000e-02 2.029064941789469e-02 -1.088910075358096e-01
3.500000000000000e-02 2.370444574459234e-02 -1.088625509672699e-01
4.000000000000000e-02 2.713305812152553e-02 -1.088286486588566e-01
4.500000000000000e-02 3.057862954304063e-02 -1.087899151473323e-01
5.000000000000000e-02 3.404331360343898e-02 -1.087467932578411e-01
5.500000000000000e-02 3.752927584304335e-02 -1.086981000294536e-01
6.000000000000000e-02 4.103869510173117e-02 -1.086447105012484e-01
6.500000000000000e-02 4.457376488078044e-02 -1.085855965407526e-01
7.000000000000001e-02 4.813669471387935e-02 -1.085213569498012e-01
7.500000000000000e-02 5.172971154815675e-02 -1.084513246326646e-01
8.000000000000000e-02 5.535506113609672e-02 -1.083756645585985e-01
8.500000000000001e-02 5.901500943920686e-02 -1.082942981318314e-01
9.000000000000000e-02 6.271184404431801e-02 -1.082066924312838e-01
9.500000000000000e-02 6.644787559340060e-02 -1.081129502618405e-01
1.000000000000000e-01 7.022543922779090e-02 -1.080125334396682e-01
1.050000000000000e-01 7.404689604773053e-02 -1.079055621627137e-01
1.100000000000000e-01 7.791463458813094e-02 -1.077915581220597e-01
1.150000000000000e-01 8.183107231148547e-02 -1.076703505529613e-01
1.200000000000000e-01 8.579865711886202e-02 -1.075417187187327e-01
1.250000000000000e-01 8.981986887992111e-02 -1.074052166141318e-01
1.300000000000000e-01 9.389722098291493e-02 -1.072607454692015e-01
1.350000000000000e-01 9.803326190563690e-02 -1.071077761142850e-01
1.400000000000000e-01 1.022305768083033e-01 -1.069460717492936e-01
1.450000000000000e-01 1.064917891493625e-01 -1.067752715245850e-01
1.500000000000000e-01 1.108195623252418e-01 -1.065950397250501e-01
1.550000000000000e-01 1.152166013350572e-01 -1.064049195498789e-01
1.600000000000000e-01 1.196856544713255e-01 -1.062045796420676e-01
1.650000000000000e-01 1.242295150377370e-01 -1.059934933479315e-01
1.700000000000000e-01 1.288510230950609e-01 -1.057712097973727e-01
1.750000000000000e-01 1.335530672362758e-01 -1.055373846912592e-01
1.800000000000000e-01 1.383385863920344e-01 -1.052913544710978e-01
1.850000000000000e-01 1.432105716675912e-01 -1.050328055869503e-01
1.900000000000000e-01 1.481720682123397e-01 -1.047610181107123e-01
1.950000000000000e-01 1.532261771231311e-01 -1.044754992977839e-01
2.000000000000000e-01 1.583760573825595e-01 -1.041757875293159e-01
2.050000000000000e-01 1.636249278334301e-01 -1.038610511304620e-01
2.100000000000000e-01 1.689760691906397e-01 -1.035309777542132e-01
2.150000000000000e-01 1.744328260917313e-01 -1.031846687408190e-01
2.200000000000000e-01 1.799986091874004e-01 -1.028214049732992e-01
2.250000000000000e-01 1.856768972732633e-01 -1.024408198464085e-01
2.300000000000000e-01 1.914712394642179e-01 -1.020419245705005e-01
2.350000000000000e-01 1.973852574127551e-01 -1.016240731430939e-01
2.400000000000000e-01 2.034226475726105e-01 -1.011864922298018e-01
2.450000000000000e-01 2.095871835091678e-01 -1.007283950777027e-01
2.500000000000000e-01 2.158827182580599e-01 -1.002490380222517e-01
2.550000000000000e-01 2.223131867334419e-01 -9.974747535997905e-02
2.600000000000000e-01 2.288826081874405e-01 -9.922297815453043e-02
2.650000000000000e-01 2.355950887223172e-01 -9.867463701187733e-02
2.700000000000000e-01 2.424548238569160e-01 -9.810149586802387e-02
2.750000000000000e-01 2.494661011489995e-01 -9.750279704996544e-02
2.800000000000000e-01 2.566333028751116e-01 -9.687746450647641e-02
2.850000000000000e-01 2.639609087696434e-01 -9.622465449664998e-02
2.900000000000000e-01 2.714534988248126e-01 -9.554341847730696e-02
2.950000000000000e-01 2.791157561533084e-01 -9.483271367883764e-02
3.000000000000000e-01 2.869524699153886e-01 -9.409166522211829e-02
3.050000000000000e-01 2.949685383122613e-01 -9.331925004968358e-02
3.100000000000000e-01 3.031689716476197e-01 -9.251443290190062e-02
3.150000000000000e-01 3.115588954592450e-01 -9.167635330694512e-02
3.200000000000000e-01 3.201435537226349e-01 -9.080389626987699e-02
3.250000000000000e-01 3.289283121286580e-01 -8.989615023290204e-02
3.300000000000000e-01 3.379186614372866e-01 -8.895217118038809e-02
3.350000000000000e-01 3.471202209094989e-01 -8.797092891492808e-02
3.400000000000000e-01 3.565387418195016e-01 -8.695152919006534e-02
3.450000000000000e-01 3.661801110494620e-01 -8.589309737020853e-02
3.500000000000000e-01 3.760503547690021e-01 -8.479463083926840e-02
3.550000000000000e-01 3.861556422017504e-01 -8.365538754735993e-02
3.600000000000000e-01 3.965022894813072e-01 -8.247451424800258e-02
3.650000000000000e-01 4.070967635990345e-01 -8.125119865972795e-02
3.700000000000000e-01 4.179456864461349e-01 -7.998476973786456e-02
3.750000000000000e-01 4.290558389525505e-01 -7.867458452928348e-02
3.800000000000000e-01 4.404341653252637e-01 -7.731994524650218e-02
3.850000000000000e-01 4.520877773886537e-01 -7.592042830316936e-02
3.900000000000000e-01 4.640239590296172e-01 -7.447555837374646e-02
3.950000000000000e-01 4.762501707502353e-01 -7.298493385079322e-02
4.000000000000000e-01 4.887740543308307e-01 -7.144830683098111e-02
4.050000000000000e-01 5.016034376063282e-01 -6.986557053811392e-02
4.100000000000000e-01 5.147463393589066e-01 -6.823656423623357e-02
4.150000000000000e-01 5.282109743299990e-01 -6.656139839707666e-02
4.200000000000000e-01 5.420057583547735e-01 -6.484028275477885e-02
4.250000000000000e-01 5.561393136223041e-01 -6.307351534717962e-02
4.300000000000000e-01 5.706204740647189e-01 -6.126148837433489e-02
4.350000000000000e-01 5.854582908786964e-01 -5.940489822719409e-02
4.400000000000000e-01 6.006620381827575e-01 -5.750447767827437e-02
4.450000000000000e-01 6.162412188138907e-01 -5.556111870115419e-02
4.500000000000000e-01 6.322055702671360e-01 -5.357588585749296e-02
4.550000000000000e-01 6.485650707818353e-01 -5.155012734405807e-02
4.600000000000000e-01 6.653299455783577e-01 -4.948523691881230e-02
4.650000000000000e-01 6.825106732491932e-01 -4.738282675286473e-02
4.700000000000000e-01 7.001179923084168e-01 -4.524470137119067e-02
4.750000000000000e-01 7.181629079036070e-01 -4.307295745769736e-02
4.800000000000000e-01 7.366566986944229e-01 -4.086977105866912e-02
4.850000000000000e-01 7.556109239021327e-01 -3.863755067123471e-02
4.900000000000000e-01 7.750374305345038e-01 -3.637889076731151e-02
4.950000000000000e-01 7.949483607905672e-01 -3.409671222201953e-02
5.000000000000000e-01 8.153561596498893e-01 -3.179406410916425e-02
5.050000000000000e-01 8.362735826510871e-01 -2.947422490982750e-02
5.100000000000000e-01 8.577137038644561e-01 -2.714062366604330e-02
5.150000000000000e-01 8.796899240636907e-01 -2.479702499973199e-02
5.200000000000000e-01 9.022159791018011e-01 -2.244738105655496e-02
5.250000000000000e-01 9.253059484964714e-01 -2.009593088539150e-02
5.300000000000000e-01 9.489742642302165e-01 -1.774705687353036e-02
5.350000000000000e-01 9.732357197708378e-01 -1.540541604413177e-02
5.400000000000000e-01 9.981054793178262e-01 -1.307584346136280e-02
5.450000000000000e-01 1.023599087280478e+00 -1.076351910674367e-02
5.500000000000000e-01 1.049732477993657e+00 -8.473817328606584e-03
5.550000000000000e-01 1.076521985677273e+00 -6.212454907566922e-03
5.600000000000001e-01 1.103984354645701e+00 -3.985353569506492e-03
5.650000000000001e-01 1.132136749773522e+00 -1.798743822894164e-03
5.700000000000001e-01 1.160996767224129e+00 3.409027588529928e-04
5.750000000000001e-01 1.190582445447902e+00 2.426821131922235e-03
5.800000000000000e-01 1.220912276456826e+00 4.451975739846790e-03
5.850000000000000e-01 1.252005217382601e+00 6.409046586950726e-03
5.900000000000000e-01 1.283880702325469e+00 8.290443442145020e-03
5.950000000000000e-01 1.316558654501151e+00 1.008831782764311e-02
6.000000000000000e-01 1.350059498693518e+00 1.179459031336513e-02
6.050000000000000e-01 1.384404174020732e+00 1.340098912753805e-02
6.100000000000000e-01 1.419614147022888e+00 1.489910615079463e-02
6.150000000000000e-01 1.455711425079295e+00 1.628047276846680e-02
6.200000000000000e-01 1.492718570163803e+00 1.753665961596780e-02
6.250000000000000e-01 1.530658712946775e+00 1.865940343312214e-02
6.300000000000000e-01 1.569555567252506e+00 1.964076371369077e-02
6.350000000000000e-01 1.609433444881138e+00 2.047331052768293e-02
6.400000000000000e-01 1.650317270804325e+00 2.115034306606907e-02
6.450000000000000e-01 1.692232598744148e+00 2.166613600958590e-02
6.500000000000000e-01 1.735205627145031e+00 2.201620788690442e-02
6.550000000000000e-01 1.779263215548615e+00 2.219760237715579e-02
6.600000000000000e-01 1.824432901381847e+00 2.220917037753593e-02
6.650000000000000e-01 1.870742917168772e+00 2.205183803948099e-02
6.700000000000000e-01 1.918222208176775e+00 2.172884434811785e-02
6.750000000000000e-01 1.966900450508319e+00 2.124593158952770e-02
6.800000000000000e-01 2.016808069649473e+00 2.061147347215673e-02
6.850000000000001e-01 2.067976259486829e+00 1.983652876715204e-02
6.900000000000001e-01 2.120437001804702e+00 1.893481288396329e-02
6.950000000000001e-01 2.174223086274785e+00 1.792258537904790e-02
7.000000000000001e-01 2.229368130950753e+00 1.681845749542544e-02
7.050000000000000e-01 2.285906603280654e+00 1.564312999510852e-02
7.100000000000000e-01 2.343873841650178e+00 1.441907751344688e-02
7.150000000000000e-01 2.403306077470301e+00 1.317020143894801e-02
7.200000000000000e-01 2.464240457823092e+00 1.192147914848735e-02
7.250000000000000e-01 2.526715068679855e+00 1.069864364442509e-02
7.300000000000000e-01 2.590768958706095e+00 9.527934428919608e-03
7.350000000000000e-01 2.656442163668210e+00 8.435967526749908e-03
7.400000000000000e-01 2.723775731457148e+00 7.449778881313876e-03
7.450000000000000e-01 2.792811747744667e+00 6.597098880153747e-03
7.500000000000000e-01 2.863593362288260e+00 5.906913486513700e-03
7.550000000000000e-01 2.936164815901156e+00 5.410355472293229e-03
7.600000000000000e-01 3.010571468104263e+00 5.141943142839166e-03
7.650000000000000e-01 3.086859825477351e+00 5.141139220539818e-03
7.700000000000000e-01 3.165077570727174e+00 5.454135221773511e-03
7.750000000000000e-01 3.245273592490716e+00 6.135674002431118e-03
7.800000000000000e-01 3.327498015892184e+00 7.250604882133074e-03
7.850000000000000e-01 3.411802233872832e+00 8.874725923034359e-03
7.900000000000000e-01 3.498238939313234e+00 1.109431775649286e-02
7.950000000000000e-01 3.586862157968046e+00 1.400363509952753e-02
8.000000000000000e-01 3.677727282233856e+00 1.769953341977027e-02
8.050000000000000e-01 3.770891105771243e+00 2.227242527405447e-02
8.100000000000001e-01 3.866411859002656e+00 2.779295772042349e-02
8.150000000000001e-01 3.964349245508326e+00 3.429426240338748e-02
8.200000000000001e-01 4.064764479342956e+00 4.175042591492967e-02
8.250000000000001e-01 4.167720323296481e+00 5.005298569783655e-02
8.300000000000001e-01 4.273281128122877e+00 5.898870602998878e-02
8.350000000000000e-01 4.381512872761445e+00 6.822341020944071e-02
8.400000000000000e-01 4.492483205575838e+00 7.729783442619784e-02
8.450000000000000e-01 4.606261486636447e+00 8.564175065572149e-02
8.500000000000000e-01 4.722918831072739e+00 9.261133637200253e-02
8.550000000000000e-01 4.842528153522501e+00 9.755144908220764e-02
8.600000000000000e-01 4.965164213705875e+00 9.987904706642808e-02
8.650000000000000e-01 5.090903663152626e+00 9.917720506240575e-02
8.700000000000000e-01 5.219825093111814e+00 9.528265487654948e-02
8.750000000000000e-01 5.352009083673925e+00 8.834592676304194e-02
8.800000000000000e-01 5.487538254136007e+00 7.884443805611356e-02
8.850000000000000e-01 5.626497314641444e+00 6.753671402497551e-02
8.900000000000000e-01 5.768973119126561e+00 5.535962598369202e-02
8.950000000000000e-01 5.915054719607133e+00 4.328668397574097e-02
9.000000000000000e-01 6.064833421838831e+00 3.217854657927434e-02
9.050000000000000e-01 6.218402842386253e+00 2.266143774416233e-02
9.100000000000000e-01 6.375858967136348e+00 1.506210956136070e-02
9.150000000000000e-01 6.537300211292723e+00 9.410990861923834e-03
9.200000000000000e-01 6.702827480888332e+00 5.504405417217867e-03
9.250000000000000e-01 6.872544235855034e+00 3.000407974359641e-03
9.300000000000000e-01 7.046556554689444e+00 1.517063342353069e-03
9.350000000000001e-01 7.224973200755413e+00 7.079827442963077e-04
9.400000000000001e-01 7.407905690264673e+00 3.033586144879825e-04
9.450000000000001e-01 7.595468361978146e+00 1.186845873431750e-04
9.500000000000001e-01 7.787778448671316e+00 4.214924577210337e-05
9.550000000000001e-01 7.984956150408610e+00 1.350368075602372e-05
9.600000000000000e-01 8.187124709672272e+00 3.877388674020048e-06
9.650000000000000e-01 8.394410488393007e+00 9.909478798600765e-07
9.700000000000000e-01 8.606943046930221e+00 2.237822873439731e-07
9.750000000000000e-01 8.824855225051540e+00 4.431989897789521e-08
9.800000000000000e-01 9.048283224961922e+00 7.648536465126561e-09
9.850000000000000e-01 9.277366696434507e+00 1.151736604933081e-09
9.900000000000000e-01 9.512248824096272e+00 1.588775421788677e-10
9.950000000000000e-01 9.753076416923058e+00 3.152561553164831e-11
1.000000000000000e+00 1.000000000000000e+01 -1.155412677825407e-11
