0.000000000000000e+00 0.000000000000000e+00 -1.490789590838813e-04
5.000000000000000e-03 3.369477419287315e-03 -1.526796206698774e-04
1.000000000000000e-02 6.741060871647481e-03 -1.498708573022408e-04
1.500000000000000e-02 1.011685770649257e-02 -1.493997704660919e-04
2.000000000000000e-02 1.349897790673588e-02 -1.506205181736421e-04
2.500000000000000e-02 1.688953540759990e-02 -1.496218486121933e-04
3.000000000000000e-02 2.029064941789469e-02 -1.508445473461404e-04
3.500000000000000e-02 2.370444574459234e-02 -1.492492886920503e-04
4.000000000000000e-02 2.713305812152553e-02 -1.508378310800899e-04
4.500000000000000e-02 3.057862954304063e-02 -1.494448511935124e-04
5.000000000000000e-02 3.404331360343898e-02 -1.507187904782937e-04
5.500000000000000e-02 3.752927584304335e-02 -1.497036917557346e-04
6.000000000000000e-02 4.103869510173117e-02 -1.505909532053499e-04
6.500000000000000e-02 4.457376488078044e-02 -1.498862727896572e-04
7.000000000000001e-02 4.813669471387935e-02 -1.505564731887781e-04
7.500000000000000e-02 5.172971154815675e-02 -1.499671153696097e-04
8.000000000000000e-02 5.535506113609672e-02 -1.506314439206463e-04
8.500000000000001e-02 5.901500943920686e-02 -1.500038268196609e-04
9.000000000000000e-02 6.271184404431801e-02 -1.507678324616375e-04
9.500000000000000e-02 6.644787559340060e-02 -1.501034057903767e-04
1.000000000000000e-01 7.022543922779090e-02 -1.506862769142547e-04
1.050000000000000e-01 7.404689604773053e-02 -1.502284843200510e-04
1.100000000000000e-01 7.791463458813094e-02 -1.507719493740322e-04
1.150000000000000e-01 8.183107231148547e-02 -1.503538773961770e-04
1.200000000000000e-01 8.579865711886202e-02 -1.508005491543612e-04
1.250000000000000e-01 8.981986887992111e-02 -1.507014606994672e-04
1.300000000000000e-01 9.389722098291493e-02 -1.507959916796916e-04
1.350000000000000e-01 9.803326190563690e-02 -1.509776253137265e-04
1.400000000000000e-01 1.022305768083033e-01 -1.508900599966131e-04
1.450000000000000e-01 1.064917891493625e-01 -1.512266745818651e-04
1.500000000000000e-01 1.108195623252418e-01 -1.509170839194147e-04
1.550000000000000e-01 1.152166013350572e-01 -1.513399866150870e-04
1.600000000000000e-01 1.196856544713255e-01 -1.510293639903545e-04
1.650000000000000e-01 1.242295150377370e-01 -1.515325748746521e-04
1.700000000000000e-01 1.288510230950609e-01 -1.512366521004063e-04
1.750000000000000e-01 1.335530672362758e-01 -1.516339188646050e-04
1.800000000000000e-01 1.383385863920344e-01 -1.514543615366253e-04
1.850000000000000e-01 1.432105716675912e-01 -1.518710523538269e-04
1.900000000000000e-01 1.481720682123397e-01 -1.516510020996839e-04
1.950000000000000e-01 1.532261771231311e-01 -1.520680777051433e-04
2.000000000000000e-01 1.583760573825595e-01 -1.518346590049941e-04
2.050000000000000e-01 1.636249278334301e-01 -1.522539702667944e-04
2.100000000000000e-01 1.689760691906397e-01 -1.521381695446441e-04
2.150000000000000e-01 1.744328260917313e-01 -1.524843467366647e-04
2.200000000000000e-01 1.799986091874004e-01 -1.524656537198742e-04
2.250000000000000e-01 1.856768972732633e-01 -1.527443944927756e-04
2.300000000000000e-01 1.914712394642179e-01 -1.528967730096076e-04
2.350000000000000e-01 1.973852574127551e-01 -1.530342200659521e-04
2.400000000000000e-01 2.034226475726105e-01 -1.532600789462816e-04
2.450000000000000e-01 2.095871835091678e-01 -1.533069742468667e-04
2.500000000000000e-01 2.158827182580599e-01 -1.536037350301273e-04
2.550000000000000e-01 2.223131867334419e-01 -1.536902654085524e-04
2.600000000000000e-01 2.288826081874405e-01 -1.540113784255320e-04
2.650000000000000e-01 2.355950887223172e-01 -1.540272945426736e-04
2.700000000000000e-01 2.424548238569160e-01 -1.543963486713090e-04
2.750000000000000e-01 2.494661011489995e-01 -1.544531787751756e-04
2.800000000000000e-01 2.566333028751116e-01 -1.548352815727049e-04
2.850000000000000e-01 2.639609087696434e-01 -1.549376662148005e-04
2.900000000000000e-01 2.714534988248126e-01 -1.552883404727021e-04
2.950000000000000e-01 2.791157561533084e-01 -1.555199110383284e-04
3.000000000000000e-01 2.869524699153886e-01 -1.557594995627327e-04
3.050000000000000e-01 2.949685383122613e-01 -1.560863586999865e-04
3.100000000000000e-01 3.031689716476197e-01 -1.562806019074204e-04
3.150000000000000e-01 3.115588954592450e-01 -1.566773206959432e-04
3.200000000000000e-01 3.201435537226349e-01 -1.567955152671242e-04
3.250000000000000e-01 3.289283121286580e-01 -1.571865100712229e-04
3.300000000000000e-01 3.379186614372866e-01 -1.573758457573020e-04
3.350000000000000e-01 3.471202209094989e-01 -1.578027844967175e-04
3.400000000000000e-01 3.565387418195016e-01 -1.580143819496588e-04
3.450000000000000e-01 3.661801110494620e-01 -1.584419709499121e-04
3.500000000000000e-01 3.760503547690021e-01 -1.587407770047451e-04
3.550000000000000e-01 3.861556422017504e-01 -1.590603786702628e-04
3.600000000000000e-01 3.965022894813072e-01 -1.594140773332618e-04
3.650000000000000e-01 4.070967635990345e-01 -1.596912341932351e-04
3.700000000000000e-01 4.179456864461349e-01 -1.600517566324996e-04
3.750000000000000e-01 4.290558389525505e-01 -1.603497842059838e-04
3.800000000000000e-01 4.404341653252637e-01 -1.607476815531888e-04
3.850000000000000e-01 4.520877773886537e-01 -1.610372533032875e-04
3.900000000000000e-01 4.640239590296172e-01 -1.613767569903995e-04
3.950000000000000e-01 4.762501707502353e-01 -1.617092389534770e-04
4.000000000000000e-01 4.887740543308307e-01 -1.620171088311775e-04
4.050000000000000e-01 5.016034376063282e-01 -1.623429850678219e-04
4.100000000000000e-01 5.147463393589066e-01 -1.625955368769266e-04
4.150000000000000e-01 5.282109743299990e-01 -1.628951577710012e-04
4.200000000000000e-01 5.420057583547735e-01 -1.631504222347073e-04
4.250000000000000e-01 5.561393136223041e-01 -1.634298467832909e-04
4.300000000000000e-01 5.706204740647189e-01 -1.636528209008627e-04
4.350000000000000e-01 5.854582908786964e-01 -1.638991394454810e-04
4.400000000000000e-01 6.006620381827575e-01 -1.640384774977597e-04
4.450000000000000e-01 6.162412188138907e-01 -1.642366088700037e-04
4.500000000000000e-01 6.322055702671360e-01 -1.643470379086168e-04
4.550000000000000e-01 6.485650707818353e-01 -1.644731506158116e-04
4.600000000000000e-01 6.653299455783577e-01 -1.646036992964445e-04
4.650000000000000e-01 6.825106732491932e-01 -1.646127686498511e-04
4.700000000000000e-01 7.001179923084168e-01 -1.646953818445837e-04
4.750000000000000e-01 7.181629079036070e-01 -1.646727041242486e-04
4.800000000000000e-01 7.366566986944229e-01 -1.646715836301670e-04
4.850000000000000e-01 7.556109239021327e-01 -1.647258824325530e-04
4.900000000000000e-01 7.750374305345038e-01 -1.646165805742190e-04
4.950000000000000e-01 7.949483607905672e-01 -1.646300454474698e-04
5.000000000000000e-01 8.153561596498893e-01 -1.646289313203448e-04
5.050000000000000e-01 8.362735826510871e-01 -1.646643880293397e-04
5.100000000000000e-01 8.577137038644561e-01 -1.647418108585970e-04
5.150000000000000e-01 8.796899240636907e-01 -1.648827098664817e-04
5.200000000000000e-01 9.022159791018011e-01 -1.651878650778170e-04
5.250000000000000e-01 9.253059484964714e-01 -1.655857656614408e-04
5.300000000000000e-01 9.489742642302165e-01 -1.662039322639951e-04
5.350000000000000e-01 9.732357197708378e-01 -1.671011543506795e-04
5.400000000000000e-01 9.981054793178262e-01 -1.682641303234047e-04
5.450000000000000e-01 1.023599087280478e+00 -1.699105826577628e-04
5.500000000000000e-01 1.049732477993657e+00 -1.720144431541408e-04
5.550000000000000e-01 1.076521985677273e+00 -1.747730851969512e-04
5.600000000000001e-01 1.103984354645701e+00 -1.783413083687983e-04
5.650000000000001e-01 1.132136749773522e+00 -1.828254038346510e-04
5.700000000000001e-01 1.160996767224129e+00 -1.885255586795670e-04
5.750000000000001e-01 1.190582445447902e+00 -1.956551787667247e-04
5.800000000000000e-01 1.220912276456826e+00 -2.044851049431988e-04
5.850000000000000e-01 1.252005217382601e+00 -2.154835381485807e-04
5.900000000000000e-01 1.283880702325469e+00 -2.289820862715510e-04
5.950000000000000e-01 1.316558654501151e+00 -2.455661477231230e-04
6.000000000000000e-01 1.350059498693518e+00 -2.658934762178316e-04
6.050000000000000e-01 1.384404174020732e+00 -2.906521581266291e-04
6.100000000000000e-01 1.419614147022888e+00 -3.208078009784127e-04
6.150000000000000e-01 1.455711425079295e+00 -3.574702110111403e-04
6.200000000000000e-01 1.492718570163803e+00 -4.018615182960226e-04
6.250000000000000e-01 1.530658712946775e+00 -4.556343264886036e-04
6.300000000000000e-01 1.569555567252506e+00 -5.206241312393913e-04
6.350000000000000e-01 1.609433444881138e+00 -5.990032676474793e-04
6.400000000000000e-01 1.650317270804325e+00 -6.934595707522350e-04
6.450000000000000e-01 1.692232598744148e+00 -8.070937307644076e-04
6.500000000000000e-01 1.735205627145031e+00 -9.434746808033859e-04
6.550000000000000e-01 1.779263215548615e+00 -1.106924439781152e-03
6.600000000000000e-01 1.824432901381847e+00 -1.302331100652150e-03
6.650000000000000e-01 1.870742917168772e+00 -1.535235620616899e-03
6.700000000000000e-01 1.918222208176775e+00 -1.811971568030442e-03
6.750000000000000e-01 1.966900450508319e+00 -2.139548405385918e-03
6.800000000000000e-01 2.016808069649473e+00 -2.525394006071286e-03
6.850000000000001e-01 2.067976259486829e+00 -2.977347001537835e-03
6.900000000000001e-01 2.120437001804702e+00 -3.503240839583434e-03
6.950000000000001e-01 2.174223086274785e+00 -4.110251915640608e-03
7.000000000000001e-01 2.229368130950753e+00 -4.804089927229844e-03
7.050000000000000e-01 2.285906603280654e+00 -5.588002716393979e-03
7.100000000000000e-01 2.343873841650178e+00 -6.461277743554305e-03
7.150000000000000e-01 2.403306077470301e+00 -7.417605234839580e-03
7.200000000000000e-01 2.464240457823092e+00 -8.443106825347119e-03
7.250000000000000e-01 2.526715068679855e+00 -9.513870039677172e-03
7.300000000000000e-01 2.590768958706095e+00 -1.059325046101018e-02
7.350000000000000e-01 2.656442163668210e+00 -1.163010986822528e-02
7.400000000000000e-01 2.723775731457148e+00 -1.255902838309281e-02
7.450000000000000e-01 2.792811747744667e+00 -1.330296165276734e-02
7.500000000000000e-01 2.863593362288260e+00 -1.377806166477103e-02
7.550000000000000e-01 2.936164815901156e+00 -1.389966040154972e-02
7.600000000000000e-01 3.010571468104263e+00 -1.358791672122897e-02
7.650000000000000e-01 3.086859825477351e+00 -1.277162703149181e-02
7.700000000000000e-01 3.165077570727174e+00 -1.138930663026333e-02
7.750000000000000e-01 3.245273592490716e+00 -9.387596745234546e-03
7.800000000000000e-01 3.327498015892184e+00 -6.717785309414887e-03
7.850000000000000e-01 3.411802233872832e+00 -3.331864915611964e-03
7.900000000000000e-01 3.498238939313234e+00 8.203684755260849e-04
7.950000000000000e-01 3.586862157968046e+00 5.791697206502146e-03
8.000000000000000e-01 3.677727282233856e+00 1.163434588329422e-02
8.050000000000000e-01 3.770891105771243e+00 1.839225304338799e-02
8.100000000000001e-01 3.866411859002656e+00 2.608805878008138e-02
8.150000000000001e-01 3.964349245508326e+00 3.470440364282974e-02
8.200000000000001e-01 4.064764479342956e+00 4.416075424690782e-02
8.250000000000001e-01 4.167720323296481e+00 5.428883726576214e-02
8.300000000000001e-01 4.273281128122877e+00 6.481173239312250e-02
8.350000000000000e-01 4.381512872761445e+00 7.533249668829804e-02
8.400000000000000e-01 4.492483205575838e+00 8.533794300861153e-02
8.450000000000000e-01 4.606261486636447e+00 9.422196068166165e-02
8.500000000000000e-01 4.722918831072739e+00 1.013308002392257e-01
8.550000000000000e-01 4.842528153522501e+00 1.060297363656751e-01
8.600000000000000e-01 4.965164213705875e+00 1.077861025919266e-01
8.650000000000000e-01 5.090903663152626e+00 1.062580563150525e-01
8.700000000000000e-01 5.219825093111814e+00 1.013729146075391e-01
8.750000000000000e-01 5.352009083673925e+00 9.337579884945911e-02
8.800000000000000e-01 5.487538254136007e+00 8.283106166931448e-02
8.850000000000000e-01 5.626497314641444e+00 7.056687399778157e-02
8.900000000000000e-01 5.768973119126561e+00 5.756659549123518e-02
8.950000000000000e-01 5.915054719607133e+00 4.482576223460753e-02
9.000000000000000e-01 6.064833421838831e+00 3.320549001778722e-02
9.050000000000000e-01 6.218402842386253e+00 2.331664343019310e-02
9.100000000000000e-01 6.375858967136348e+00 1.546161149345655e-02
9.150000000000000e-01 6.537300211292723e+00 9.643680214093007e-03
9.200000000000000e-01 6.702827480888332e+00 5.633823929111712e-03
9.250000000000000e-01 6.872544235855034e+00 3.069124411972579e-03
9.300000000000000e-01 7.046556554689444e+00 1.551887742413349e-03
9.350000000000001e-01 7.224973200755413e+00 7.248253151268693e-04
9.400000000000001e-01 7.407905690264673e+00 3.111318623052262e-04
9.450000000000001e-01 7.595468361978146e+00 1.221079712902419e-04
9.500000000000001e-01 7.787778448671316e+00 4.358796756688476e-05
9.550000000000001e-01 7.984956150408610e+00 1.408070174360000e-05
9.600000000000000e-01 8.187124709672272e+00 4.098264433841576e-06
9.650000000000000e-01 8.394410488393007e+00 1.071658948839314e-06
9.700000000000000e-01 8.606943046930221e+00 2.519467154039207e-07
9.750000000000000e-01 8.824855225051540e+00 5.374484397687587e-08
9.800000000000000e-01 9.048283224961922e+00 1.073019744594781e-08
9.850000000000000e-01 9.277366696434507e+00 2.470253080319321e-09
9.900000000000000e-01 9.512248824096272e+00 1.324509034971043e-09
9.950000000000000e-01 9.753076416923058e+00 4.061376768632644e-09
1.000000000000000e+00 1.000000000000000e+01 1.225493498350736e-06
