0.000000000000000e+00 0.000000000000000e+00 -1.097006009241194e-01
5.000000000000000e-03 3.369477419287315e-03 -1.097042648178421e-01
1.000000000000000e-02 6.741060871647481e-03 -1.097034368365100e-01
1.500000000000000e-02 1.011685770649257e-02 -1.096976940845438e-01
2.000000000000000e-02 1.349897790673588e-02 -1.096883444217664e-01
2.500000000000000e-02 1.688953540759990e-02 -1.096763634842006e-01
3.000000000000000e-02 2.029064941789469e-02 -1.096616132416985e-01
3.500000000000000e-02 2.370444574459234e-02 -1.096438906691656e-01
4.000000000000000e-02 2.713305812152553e-02 -1.096235257218359e-01
4.500000000000000e-02 3.057862954304063e-02 -1.095999775641653e-01
5.000000000000000e-02 3.404331360343898e-02 -1.095733484287974e-01
5.500000000000000e-02 3.752927584304335e-02 -1.095437922442292e-01
6.000000000000000e-02 4.103869510173117e-02 -1.095108099400506e-01
6.500000000000000e-02 4.457376488078044e-02 -1.094746315564453e-01
7.000000000000001e-02 4.813669471387935e-02 -1.094351162376026e-01
7.500000000000000e-02 5.172971154815675e-02 -1.093923025925637e-01
8.000000000000000e-02 5.535506113609672e-02 -1.093458448758419e-01
8.500000000000001e-02 5.901500943920686e-02 -1.092958360966867e-01
9.000000000000000e-02 6.271184404431801e-02 -1.092420717197069e-01
9.500000000000000e-02 6.644787559340060e-02 -1.091843755684122e-01
1.000000000000000e-01 7.022543922779090e-02 -1.091225423061275e-01
1.050000000000000e-01 7.404689604773053e-02 -1.090565966882377e-01
1.100000000000000e-01 7.791463458813094e-02 -1.089862083710248e-01
1.150000000000000e-01 8.183107231148547e-02 -1.089113537961987e-01
1.200000000000000e-01 8.579865711886202e-02 -1.088317935654865e-01
1.250000000000000e-01 8.981986887992111e-02 -1.087473855588425e-01
1.300000000000000e-01 9.389722098291493e-02 -1.086578172799666e-01
1.350000000000000e-01 9.803326190563690e-02 -1.085628197268229e-01
1.400000000000000e-01 1.022305768083033e-01 -1.084624157249033e-01
1.450000000000000e-01 1.064917891493625e-01 -1.083561229349302e-01
1.500000000000000e-01 1.108195623252418e-01 -1.082438099552594e-01
1.550000000000000e-01 1.152166013350572e-01 -1.081250845742694e-01
1.600000000000000e-01 1.196856544713255e-01 -1.079998263972569e-01
1.650000000000000e-01 1.242295150377370e-01 -1.078676445363267e-01
1.700000000000000e-01 1.288510230950609e-01 -1.077281431439220e-01
1.750000000000000e-01 1.335530672362758e-01 -1.075811784125243e-01
1.800000000000000e-01 1.383385863920344e-01 -1.074260858496412e-01
1.850000000000000e-01 1.432105716675912e-01 -1.072628624745936e-01
1.900000000000000e-01 1.481720682123397e-01 -1.070908622341767e-01
1.950000000000000e-01 1.532261771231311e-01 -1.069097633608278e-01
2.000000000000000e-01 1.583760573825595e-01 -1.067192607580228e-01
2.050000000000000e-01 1.636249278334301e-01 -1.065185777962652e-01
2.100000000000000e-01 1.689760691906397e-01 -1.063076220627827e-01
2.150000000000000e-01 1.744328260917313e-01 -1.060855781551114e-01
2.200000000000000e-01 1.799986091874004e-01 -1.058521350589272e-01
2.250000000000000e-01 1.856768972732633e-01 -1.056067460033150e-01
2.300000000000000e-01 1.914712394642179e-01 -1.053486351651606e-01
2.350000000000000e-01 1.973852574127551e-01 -1.050775118479137e-01
2.400000000000000e-01 2.034226475726105e-01 -1.047924720128864e-01
2.450000000000000e-01 2.095871835091678e-01 -1.044930453689789e-01
2.500000000000000e-01 2.158827182580599e-01 -1.041786240838962e-01
2.550000000000000e-01 2.223131867334419e-01 -1.038482610801841e-01
2.600000000000000e-01 2.288826081874405e-01 -1.035013854786033e-01
2.650000000000000e-01 2.355950887223172e-01 -1.031372043281364e-01
2.700000000000000e-01 2.424548238569160e-01 -1.027550027454932e-01
2.750000000000000e-01 2.494661011489995e-01 -1.023538187363822e-01
2.800000000000000e-01 2.566333028751116e-01 -1.019328487455535e-01
2.850000000000000e-01 2.639609087696434e-01 -1.014912999512055e-01
2.900000000000000e-01 2.714534988248126e-01 -1.010280942441389e-01
2.950000000000000e-01 2.791157561533084e-01 -1.005424157199755e-01
3.000000000000000e-01 2.869524699153886e-01 -1.000332394035192e-01
3.050000000000000e-01 2.949685383122613e-01 -9.949950405625820e-02
3.100000000000000e-01 3.031689716476197e-01 -9.894028941111967e-02
3.150000000000000e-01 3.115588954592450e-01 -9.835439120675632e-02
3.200000000000000e-01 3.201435537226349e-01 -9.774080008374125e-02
3.250000000000000e-01 3.289283121286580e-01 -9.709839159895098e-02
3.300000000000000e-01 3.379186614372866e-01 -9.642593284301695e-02
3.350000000000000e-01 3.471202209094989e-01 -9.572237255864727e-02
3.400000000000000e-01 3.565387418195016e-01 -9.498643577986693e-02
3.450000000000000e-01 3.661801110494620e-01 -9.421691761410021e-02
3.500000000000000e-01 3.760503547690021e-01 -9.341267677652126e-02
3.550000000000000e-01 3.861556422017504e-01 -9.257237859947000e-02
3.600000000000000e-01 3.965022894813072e-01 -9.169484687344810e-02
3.650000000000000e-01 4.070967635990345e-01 -9.077887680220724e-02
3.700000000000000e-01 4.179456864461349e-01 -8.982314160001616e-02
3.750000000000000e-01 4.290558389525505e-01 -8.882652238681911e-02
3.800000000000000e-01 4.404341653252637e-01 -8.778779417956223e-02
3.850000000000000e-01 4.520877773886537e-01 -8.670573149683261e-02
3.900000000000000e-01 4.640239590296172e-01 -8.557927566518786e-02
3.950000000000000e-01 4.762501707502353e-01 -8.440730379963252e-02
4.000000000000000e-01 4.887740543308307e-01 -8.318871016787249e-02
4.050000000000000e-01 5.016034376063282e-01 -8.192261013273612e-02
4.100000000000000e-01 5.147463393589066e-01 -8.060803359005790e-02
4.150000000000000e-01 5.282109743299990e-01 -7.924411995839808e-02
4.200000000000000e-01 5.420057583547735e-01 -7.783018831874747e-02
4.250000000000000e-01 5.561393136223041e-01 -7.636558545927122e-02
4.300000000000000e-01 5.706204740647189e-01 -7.484971162857125e-02
4.350000000000000e-01 5.854582908786964e-01 -7.328225111070406e-02
4.400000000000000e-01 6.006620381827575e-01 -7.166291299321619e-02
4.450000000000000e-01 6.162412188138907e-01 -6.999152886663985e-02
4.500000000000000e-01 6.322055702671360e-01 -6.826815528571437e-02
4.550000000000000e-01 6.485650707818353e-01 -6.649304684199490e-02
4.600000000000000e-01 6.653299455783577e-01 -6.466649599652090e-02
4.650000000000000e-01 6.825106732491932e-01 -6.278908800880871e-02
4.700000000000000e-01 7.001179923084168e-01 -6.086161948921895e-02
4.750000000000000e-01 7.181629079036070e-01 -5.888505010408829e-02
4.800000000000000e-01 7.366566986944229e-01 -5.686047823932922e-02
4.850000000000000e-01 7.556109239021327e-01 -5.478935347343603e-02
4.900000000000000e-01 7.750374305345038e-01 -5.267330465979741e-02
4.950000000000000e-01 7.949483607905672e-01 -5.051415326841363e-02
5.000000000000000e-01 8.153561596498893e-01 -4.831391045679512e-02
5.050000000000000e-01 8.362735826510871e-01 -4.607494550977156e-02
5.100000000000000e-01 8.577137038644561e-01 -4.379981128643588e-02
5.150000000000000e-01 8.796899240636907e-01 -4.149127934475952e-02
5.200000000000000e-01 9.022159791018011e-01 -3.915230567967421e-02
5.250000000000000e-01 9.253059484964714e-01 -3.678619871676099e-02
5.300000000000000e-01 9.489742642302165e-01 -3.439647928532133e-02
5.350000000000000e-01 9.732357197708378e-01 -3.198691680446553e-02
5.400000000000000e-01 9.981054793178262e-01 -2.956143696270329e-02
5.450000000000000e-01 1.023599087280478e+00 -2.712428041483236e-02
5.500000000000000e-01 1.049732477993657e+00 -2.467992105597694e-02
5.550000000000000e-01 1.076521985677273e+00 -2.223315826781301e-02
5.600000000000001e-01 1.103984354645701e+00 -1.978897710264376e-02
5.650000000000001e-01 1.132136749773522e+00 -1.735264079055344e-02
5.700000000000001e-01 1.160996767224129e+00 -1.492962146051464e-02
5.750000000000001e-01 1.190582445447902e+00 -1.252574621849963e-02
5.800000000000000e-01 1.220912276456826e+00 -1.014709443020965e-02
5.850000000000000e-01 1.252005217382601e+00 -7.800137560114907e-03
5.900000000000000e-01 1.283880702325469e+00 -5.491620751192883e-03
5.950000000000000e-01 1.316558654501151e+00 -3.228672091459829e-03
6.000000000000000e-01 1.350059498693518e+00 -1.018740319564313e-03
6.050000000000000e-01 1.384404174020732e+00 1.130338532970643e-03
6.100000000000000e-01 1.419614147022888e+00 3.210358269846468e-03
6.150000000000000e-01 1.455711425079295e+00 5.212717900859679e-03
6.200000000000000e-01 1.492718570163803e+00 7.128433978051676e-03
6.250000000000000e-01 1.530658712946775e+00 8.948154546148097e-03
6.300000000000000e-01 1.569555567252506e+00 1.066219903121671e-02
6.350000000000000e-01 1.609433444881138e+00 1.226062096823992e-02
6.400000000000000e-01 1.650317270804325e+00 1.373330395780340e-02
6.450000000000000e-01 1.692232598744148e+00 1.507009626890406e-02
6.500000000000000e-01 1.735205627145031e+00 1.626099127003954e-02
6.550000000000000e-01 1.779263215548615e+00 1.729635878192920e-02
6.600000000000000e-01 1.824432901381847e+00 1.816723019211598e-02
6.650000000000000e-01 1.870742917168772e+00 1.886563619030439e-02
6.700000000000000e-01 1.918222208176775e+00 1.938499081651889e-02
6.750000000000000e-01 1.966900450508319e+00 1.972050937440273e-02
6.800000000000000e-01 2.016808069649473e+00 1.986964142353124e-02
6.850000000000001e-01 2.067976259486829e+00 1.983249455458852e-02
6.900000000000001e-01 2.120437001804702e+00 1.961222116427866e-02
6.950000000000001e-01 2.174223086274785e+00 1.921534005652458e-02
7.000000000000001e-01 2.229368130950753e+00 1.865196806253264e-02
7.050000000000000e-01 2.285906603280654e+00 1.793594401053580e-02
7.100000000000000e-01 2.343873841650178e+00 1.708483759944658e-02
7.150000000000000e-01 2.403306077470301e+00 1.611984780519542e-02
7.200000000000000e-01 2.464240457823092e+00 1.506560792832500e-02
7.250000000000000e-01 2.526715068679855e+00 1.394992601733398e-02
7.300000000000000e-01 2.590768958706095e+00 1.280349940530867e-02
7.350000000000000e-01 2.656442163668210e+00 1.165965026136116e-02
7.400000000000000e-01 2.723775731457148e+00 1.055413546311330e-02
7.450000000000000e-01 2.792811747744667e+00 9.525088564172824e-03
7.500000000000000e-01 2.863593362288260e+00 8.613153009226203e-03
7.550000000000000e-01 2.936164815901156e+00 7.861861258194975e-03
7.600000000000000e-01 3.010571468104263e+00 7.318299386108024e-03
7.650000000000000e-01 3.086859825477351e+00 7.034064586979358e-03
7.700000000000000e-01 3.165077570727174e+00 7.066466641906682e-03
7.750000000000000e-01 3.245273592490716e+00 7.479837566540509e-03
7.800000000000000e-01 3.327498015892184e+00 8.346693345076648e-03
7.850000000000000e-01 3.411802233872832e+00 9.748341012031434e-03
7.900000000000000e-01 3.498238939313234e+00 1.177435588811147e-02
7.950000000000000e-01 3.586862157968046e+00 1.452019304282804e-02
8.000000000000000e-01 3.677727282233856e+00 1.808208601225002e-02
8.050000000000000e-01 3.770891105771243e+00 2.254838490454050e-02
8.100000000000001e-01 3.866411859002656e+00 2.798667251765556e-02
8.150000000000001e-01 3.964349245508326e+00 3.442645589959731e-02
8.200000000000001e-01 4.064764479342956e+00 4.183803384159313e-02
8.250000000000001e-01 4.167720323296481e+00 5.010931178299854e-02
8.300000000000001e-01 4.273281128122877e+00 5.902380128776075e-02
8.350000000000000e-01 4.381512872761445e+00 6.824457895426402e-02
8.400000000000000e-01 4.492483205575838e+00 7.731018201611151e-02
8.450000000000000e-01 4.606261486636447e+00 8.564870797837026e-02
8.500000000000000e-01 4.722918831072739e+00 9.261511913841604e-02
8.550000000000000e-01 4.842528153522501e+00 9.755343162854876e-02
8.600000000000000e-01 4.965164213705875e+00 9.988004759459697e-02
8.650000000000000e-01 5.090903663152626e+00 9.917769077799700e-02
8.700000000000000e-01 5.219825093111814e+00 9.528288146988524e-02
8.750000000000000e-01 5.352009083673925e+00 8.834602824836021e-02
8.800000000000000e-01 5.487538254136007e+00 7.884448165183155e-02
8.850000000000000e-01 5.626497314641444e+00 6.753673197145031e-02
8.900000000000000e-01 5.768973119126561e+00 5.535963305724390e-02
8.950000000000000e-01 5.915054719607133e+00 4.328668664301084e-02
9.000000000000000e-01 6.064833421838831e+00 3.217854754074529e-02
9.050000000000000e-01 6.218402842386253e+00 2.266143807524443e-02
9.100000000000000e-01 6.375858967136348e+00 1.506210967019823e-02
9.150000000000000e-01 6.537300211292723e+00 9.410990896059375e-03
9.200000000000000e-01 6.702827480888332e+00 5.504405427427261e-03
9.250000000000000e-01 6.872544235855034e+00 3.000407977274444e-03
9.300000000000000e-01 7.046556554689444e+00 1.517063343152636e-03
9.350000000000001e-01 7.224973200755413e+00 7.079827445441528e-04
9.400000000000001e-01 7.407905690264673e+00 3.033586146204758e-04
9.450000000000001e-01 7.595468361978146e+00 1.186845876433486e-04
9.500000000000001e-01 7.787778448671316e+00 4.214924631663501e-05
9.550000000000001e-01 7.984956150408610e+00 1.350368211798643e-05
9.600000000000000e-01 8.187124709672272e+00 3.877391107137243e-06
9.650000000000000e-01 8.394410488393007e+00 9.909518032519536e-07
9.700000000000000e-01 8.606943046930221e+00 2.237881219496542e-07
9.750000000000000e-01 8.824855225051540e+00 4.432470946716065e-08
9.800000000000000e-01 9.048283224961922e+00 7.650865739332650e-09
9.850000000000000e-01 9.277366696434507e+00 1.151620363590554e-09
9.900000000000000e-01 9.512248824096272e+00 1.555131445528841e-10
9.950000000000000e-01 9.753076416923058e+00 3.166916895767642e-11
1.000000000000000e+00 1.000000000000000e+01 -1.033018015993722e-11
