0.000000000000000e+00 0.000000000000000e+00 -2.259833215740088e-03
5.000000000000000e-03 3.369477419287315e-03 -2.263433880625343e-03
1.000000000000000e-02 6.741060871647481e-03 -2.263068825558317e-03
1.500000000000000e-02 1.011685770649257e-02 -2.263987782529456e-03
2.000000000000000e-02 1.349897790673588e-02 -2.265048015434408e-03
2.500000000000000e-02 1.688953540759990e-02 -2.266136129937101e-03
3.000000000000000e-02 2.029064941789469e-02 -2.266935331028017e-03
3.500000000000000e-02 2.370444574459234e-02 -2.268367074604858e-03
4.000000000000000e-02 2.713305812152553e-02 -2.270065275899133e-03
4.500000000000000e-02 3.057862954304063e-02 -2.271743314871046e-03
5.000000000000000e-02 3.404331360343898e-02 -2.273925551570196e-03
5.500000000000000e-02 3.752927584304335e-02 -2.276097300293667e-03
6.000000000000000e-02 4.103869510173117e-02 -2.278548663478046e-03
6.500000000000000e-02 4.457376488078044e-02 -2.281455065143849e-03
7.000000000000001e-02 4.813669471387935e-02 -2.284259055099168e-03
7.500000000000000e-02 5.172971154815675e-02 -2.287558310987856e-03
8.000000000000000e-02 5.535506113609672e-02 -2.290853205556252e-03
8.500000000000001e-02 5.901500943920686e-02 -2.294643835284649e-03
9.000000000000000e-02 6.271184404431801e-02 -2.298442566413568e-03
9.500000000000000e-02 6.644787559340060e-02 -2.302801177029919e-03
1.000000000000000e-01 7.022543922779090e-02 -2.307439363784325e-03
1.050000000000000e-01 7.404689604773053e-02 -2.312433462213369e-03
1.100000000000000e-01 7.791463458813094e-02 -2.317633346916273e-03
1.150000000000000e-01 8.183107231148547e-02 -2.323400908786400e-03
1.200000000000000e-01 8.579865711886202e-02 -2.329228088841135e-03
1.250000000000000e-01 8.981986887992111e-02 -2.335785150584996e-03
1.300000000000000e-01 9.389722098291493e-02 -2.342330028709573e-03
1.350000000000000e-01 9.803326190563690e-02 -2.349638597423875e-03
1.400000000000000e-01 1.022305768083033e-01 -2.357117611232977e-03
1.450000000000000e-01 1.064917891493625e-01 -2.365233174964359e-03
1.500000000000000e-01 1.108195623252418e-01 -2.373658088721415e-03
1.550000000000000e-01 1.152166013350572e-01 -2.382657522859470e-03
1.600000000000000e-01 1.196856544713255e-01 -2.392074093981712e-03
1.650000000000000e-01 1.242295150377370e-01 -2.402188911269750e-03
1.700000000000000e-01 1.288510230950609e-01 -2.412750346194343e-03
1.750000000000000e-01 1.335530672362758e-01 -2.423957855619482e-03
1.800000000000000e-01 1.383385863920344e-01 -2.435863627090543e-03
1.850000000000000e-01 1.432105716675912e-01 -2.448326044934634e-03
1.900000000000000e-01 1.481720682123397e-01 -2.461639343301306e-03
1.950000000000000e-01 1.532261771231311e-01 -2.475540401057587e-03
2.000000000000000e-01 1.583760573825595e-01 -2.490323327162598e-03
2.050000000000000e-01 1.636249278334301e-01 -2.505865263732348e-03
2.100000000000000e-01 1.689760691906397e-01 -2.522214432737168e-03
2.150000000000000e-01 1.744328260917313e-01 -2.539488801934791e-03
2.200000000000000e-01 1.799986091874004e-01 -2.557745077848641e-03
2.250000000000000e-01 1.856768972732633e-01 -2.577015064641576e-03
2.300000000000000e-01 1.914712394642179e-01 -2.597240259853955e-03
2.350000000000000e-01 1.973852574127551e-01 -2.618799623161790e-03
2.400000000000000e-01 2.034226475726105e-01 -2.641317141395931e-03
2.450000000000000e-01 2.095871835091678e-01 -2.665327655477416e-03
2.500000000000000e-01 2.158827182580599e-01 -2.690396895061709e-03
2.550000000000000e-01 2.223131867334419e-01 -2.717039980424247e-03
2.600000000000000e-01 2.288826081874405e-01 -2.745001728379234e-03
2.650000000000000e-01 2.355950887223172e-01 -2.774653433284310e-03
2.700000000000000e-01 2.424548238569160e-01 -2.805850669358468e-03
2.750000000000000e-01 2.494661011489995e-01 -2.838835496528206e-03
2.800000000000000e-01 2.566333028751116e-01 -2.873722131295036e-03
2.850000000000000e-01 2.639609087696434e-01 -2.910400612172950e-03
2.900000000000000e-01 2.714534988248126e-01 -2.949325394009542e-03
2.950000000000000e-01 2.791157561533084e-01 -2.990289177769574e-03
3.000000000000000e-01 2.869524699153886e-01 -3.033695971768245e-03
3.050000000000000e-01 2.949685383122613e-01 -3.079473772974005e-03
3.100000000000000e-01 3.031689716476197e-01 -3.127813637968459e-03
3.150000000000000e-01 3.115588954592450e-01 -3.179034756054545e-03
3.200000000000000e-01 3.201435537226349e-01 -3.233009774133217e-03
3.250000000000000e-01 3.289283121286580e-01 -3.290318869352354e-03
3.300000000000000e-01 3.379186614372866e-01 -3.350707651653534e-03
3.350000000000000e-01 3.471202209094989e-01 -3.414770479186272e-03
3.400000000000000e-01 3.565387418195016e-01 -3.482437855087995e-03
3.450000000000000e-01 3.661801110494620e-01 -3.554071184305094e-03
3.500000000000000e-01 3.760503547690021e-01 -3.629977975424525e-03
3.550000000000000e-01 3.861556422017504e-01 -3.710244142729585e-03
3.600000000000000e-01 3.965022894813072e-01 -3.795394828523726e-03
3.650000000000000e-01 4.070967635990345e-01 -3.885515652245933e-03
3.700000000000000e-01 4.179456864461349e-01 -3.980997889677358e-03
3.750000000000000e-01 4.290558389525505e-01 -4.082271816187145e-03
3.800000000000000e-01 4.404341653252637e-01 -4.189558894628351e-03
3.850000000000000e-01 4.520877773886537e-01 -4.303441058046721e-03
3.900000000000000e-01 4.640239590296172e-01 -4.424186082566711e-03
3.950000000000000e-01 4.762501707502353e-01 -4.552326930236915e-03
4.000000000000000e-01 4.887740543308307e-01 -4.688247741055231e-03
4.050000000000000e-01 5.016034376063282e-01 -4.832642350388234e-03
4.100000000000000e-01 5.147463393589066e-01 -4.985921058318125e-03
4.150000000000000e-01 5.282109743299990e-01 -5.148659966229777e-03
4.200000000000000e-01 5.420057583547735e-01 -5.321614997337012e-03
4.250000000000000e-01 5.561393136223041e-01 -5.505326762399078e-03
4.300000000000000e-01 5.706204740647189e-01 -5.700545800953049e-03
4.350000000000000e-01 5.854582908786964e-01 -5.908073412534460e-03
4.400000000000000e-01 6.006620381827575e-01 -6.128591798592725e-03
4.450000000000000e-01 6.162412188138907e-01 -6.363101378374635e-03
4.500000000000000e-01 6.322055702671360e-01 -6.612339536581679e-03
4.550000000000000e-01 6.485650707818353e-01 -6.877347727162724e-03
4.600000000000000e-01 6.653299455783577e-01 -7.159093397654069e-03
4.650000000000000e-01 6.825106732491932e-01 -7.458554815513244e-03
4.700000000000000e-01 7.001179923084168e-01 -7.776885486765691e-03
4.750000000000000e-01 7.181629079036070e-01 -8.115156933349585e-03
4.800000000000000e-01 7.366566986944229e-01 -8.474483926359579e-03
4.850000000000000e-01 7.556109239021327e-01 -8.856149597490103e-03
4.900000000000000e-01 7.750374305345038e-01 -9.261211166276737e-03
4.950000000000000e-01 7.949483607905672e-01 -9.690963342756041e-03
5.000000000000000e-01 8.153561596498893e-01 -1.014657319076151e-02
5.050000000000000e-01 8.362735826510871e-01 -1.062914201650477e-02
5.100000000000000e-01 8.577137038644561e-01 -1.113983040369692e-02
5.150000000000000e-01 8.796899240636907e-01 -1.167963684295647e-02
5.200000000000000e-01 9.022159791018011e-01 -1.224937753270451e-02
5.250000000000000e-01 9.253059484964714e-01 -1.284988109721354e-02
5.300000000000000e-01 9.489742642302165e-01 -1.348156569371618e-02
5.350000000000000e-01 9.732357197708378e-01 -1.414464882026129e-02
5.400000000000000e-01 9.981054793178262e-01 -1.483905433466278e-02
5.450000000000000e-01 1.023599087280478e+00 -1.556416778225698e-02
5.500000000000000e-01 1.049732477993657e+00 -1.631886423203854e-02
5.550000000000000e-01 1.076521985677273e+00 -1.710150223847373e-02
5.600000000000001e-01 1.103984354645701e+00 -1.790953956850131e-02
5.650000000000001e-01 1.132136749773522e+00 -1.873961945629417e-02
5.700000000000001e-01 1.160996767224129e+00 -1.958745206435054e-02
5.750000000000001e-01 1.190582445447902e+00 -2.044751401362055e-02
5.800000000000000e-01 1.220912276456826e+00 -2.131299060380012e-02
5.850000000000000e-01 1.252005217382601e+00 -2.217578199916658e-02
5.900000000000000e-01 1.283880702325469e+00 -2.302621548806826e-02
5.950000000000000e-01 1.316558654501151e+00 -2.385299620316592e-02
6.000000000000000e-01 1.350059498693518e+00 -2.464334454481706e-02
6.050000000000000e-01 1.384404174020732e+00 -2.538296447349242e-02
6.100000000000000e-01 1.419614147022888e+00 -2.605611016733896e-02
6.150000000000000e-01 1.455711425079295e+00 -2.664596865090749e-02
6.200000000000000e-01 1.492718570163803e+00 -2.713509779811000e-02
6.250000000000000e-01 1.530658712946775e+00 -2.750580500351714e-02
6.300000000000000e-01 1.569555567252506e+00 -2.774076166778683e-02
6.350000000000000e-01 1.609433444881138e+00 -2.782379694756187e-02
6.400000000000000e-01 1.650317270804325e+00 -2.774059154023009e-02
6.450000000000000e-01 1.692232598744148e+00 -2.747925427448161e-02
6.500000000000000e-01 1.735205627145031e+00 -2.703089318043712e-02
6.550000000000000e-01 1.779263215548615e+00 -2.639014921813645e-02
6.600000000000000e-01 1.824432901381847e+00 -2.555544027081210e-02
6.650000000000000e-01 1.870742917168772e+00 -2.452898002396912e-02
6.700000000000000e-01 1.918222208176775e+00 -2.331660437919919e-02
6.750000000000000e-01 1.966900450508319e+00 -2.192756799909542e-02
6.800000000000000e-01 2.016808069649473e+00 -2.037415989864447e-02
6.850000000000001e-01 2.067976259486829e+00 -1.867126112546898e-02
6.900000000000001e-01 2.120437001804702e+00 -1.683576145097972e-02
6.950000000000001e-01 2.174223086274785e+00 -1.488608006142578e-02
7.000000000000001e-01 2.229368130950753e+00 -1.284168950226218e-02
7.050000000000000e-01 2.285906603280654e+00 -1.072279008888781e-02
7.100000000000000e-01 2.343873841650178e+00 -8.549935278154208e-03
7.150000000000000e-01 2.403306077470301e+00 -6.343812216916909e-03
7.200000000000000e-01 2.464240457823092e+00 -4.124931754972610e-03
7.250000000000000e-01 2.526715068679855e+00 -1.913442463971909e-03
7.300000000000000e-01 2.590768958706095e+00 2.711723700697609e-04
7.350000000000000e-01 2.656442163668210e+00 2.410416893544958e-03
7.400000000000000e-01 2.723775731457148e+00 4.487312424734425e-03
7.450000000000000e-01 2.792811747744667e+00 6.487171686950285e-03
7.500000000000000e-01 2.863593362288260e+00 8.398790958948127e-03
7.550000000000000e-01 2.936164815901156e+00 1.021618972415912e-02
7.600000000000000e-01 3.010571468104263e+00 1.194103168339220e-02
7.650000000000000e-01 3.086859825477351e+00 1.358574653723403e-02
7.700000000000000e-01 3.165077570727174e+00 1.517719573053637e-02
7.750000000000000e-01 3.245273592490716e+00 1.676048267283821e-02
7.800000000000000e-01 3.327498015892184e+00 1.840226738994308e-02
7.850000000000000e-01 3.411802233872832e+00 2.019276292617408e-02
7.900000000000000e-01 3.498238939313234e+00 2.224550530362147e-02
7.950000000000000e-01 3.586862157968046e+00 2.469400137487746e-02
8.000000000000000e-01 3.677727282233856e+00 2.768445151320077e-02
8.050000000000000e-01 3.770891105771243e+00 3.136391388274030e-02
8.100000000000001e-01 3.866411859002656e+00 3.586356686619289e-02
8.150000000000001e-01 3.964349245508326e+00 4.127722582345586e-02
8.200000000000001e-01 4.064764479342956e+00 4.763607997786105e-02
8.250000000000001e-01 4.167720323296481e+00 5.488178245293918e-02
8.300000000000001e-01 4.273281128122877e+00 6.284147814907913e-02
8.350000000000000e-01 4.381512872761445e+00 7.120984556998501e-02
8.400000000000000e-01 4.492483205575838e+00 7.954432824577876e-02
8.450000000000000e-01 4.606261486636447e+00 8.727985844662500e-02
8.500000000000000e-01 4.722918831072739e+00 9.376791387906412e-02
8.550000000000000e-01 4.842528153522501e+00 9.834124956485245e-02
8.600000000000000e-01 4.965164213705875e+00 1.004001187753907e-01
8.650000000000000e-01 5.090903663152626e+00 9.950899121961547e-02
8.700000000000000e-01 5.219825093111814e+00 9.548634139066274e-02
8.750000000000000e-01 5.352009083673925e+00 8.846637313917410e-02
8.800000000000000e-01 5.487538254136007e+00 7.891298057929602e-02
8.850000000000000e-01 5.626497314641444e+00 6.757421936466231e-02
8.900000000000000e-01 5.768973119126561e+00 5.537934338164858e-02
8.950000000000000e-01 5.915054719607133e+00 4.329663600848555e-02
9.000000000000000e-01 6.064833421838831e+00 3.218336591675183e-02
9.050000000000000e-01 6.218402842386253e+00 2.266367548177070e-02
9.100000000000000e-01 6.375858967136348e+00 1.506310527625497e-02
9.150000000000000e-01 6.537300211292723e+00 9.411415234845753e-03
9.200000000000000e-01 6.702827480888332e+00 5.504578580121747e-03
9.250000000000000e-01 6.872544235855034e+00 3.000475598382938e-03
9.300000000000000e-01 7.046556554689444e+00 1.517088611522398e-03
9.350000000000001e-01 7.224973200755413e+00 7.079917816766995e-04
9.400000000000001e-01 7.407905690264673e+00 3.033617142732662e-04
9.450000000000001e-01 7.595468361978146e+00 1.186856139097242e-04
9.500000000000001e-01 7.787778448671316e+00 4.214958323148874e-05
9.550000000000001e-01 7.984956150408610e+00 1.350379685149280e-05
9.600000000000000e-01 8.187124709672272e+00 3.877434748795165e-06
9.650000000000000e-01 8.394410488393007e+00 9.909708220167903e-07
9.700000000000000e-01 8.606943046930221e+00 2.237938184700488e-07
9.750000000000000e-01 8.824855225051540e+00 4.432608065047694e-08
9.800000000000000e-01 9.048283224961922e+00 7.651821437365794e-09
9.850000000000000e-01 9.277366696434507e+00 1.152542337478538e-09
9.900000000000000e-01 9.512248824096272e+00 1.580000558926838e-10
9.950000000000000e-01 9.753076416923058e+00 3.304377669664399e-11
1.000000000000000e+00 1.000000000000000e+01 -2.411157271680011e-10
