0.000000000000000e+00 0.000000000000000e+00 -2.351155003003773e-04
5.000000000000000e-03 3.369477419287315e-03 -2.387161618893489e-04
1.000000000000000e-02 6.741060871647481e-03 -2.355809058845567e-04
1.500000000000000e-02 1.011685770649257e-02 -2.372806763830244e-04
2.000000000000000e-02 1.349897790673588e-02 -2.354430403231178e-04
2.500000000000000e-02 1.688953540759990e-02 -2.375436002302036e-04
3.000000000000000e-02 2.029064941789469e-02 -2.357656875795193e-04
3.500000000000000e-02 2.370444574459234e-02 -2.377284345453426e-04
4.000000000000000e-02 2.713305812152553e-02 -2.361179161930303e-04
4.500000000000000e-02 3.057862954304063e-02 -2.375629086492064e-04
5.000000000000000e-02 3.404331360343898e-02 -2.365560957858215e-04
5.500000000000000e-02 3.752927584304335e-02 -2.377365119904200e-04
6.000000000000000e-02 4.103869510173117e-02 -2.369227788089515e-04
6.500000000000000e-02 4.457376488078044e-02 -2.379499792098679e-04
7.000000000000001e-02 4.813669471387935e-02 -2.372847875271038e-04
7.500000000000000e-02 5.172971154815675e-02 -2.381672973609996e-04
8.000000000000000e-02 5.535506113609672e-02 -2.378043432649345e-04
8.500000000000001e-02 5.901500943920686e-02 -2.386229484709422e-04
9.000000000000000e-02 6.271184404431801e-02 -2.384020438175855e-04
9.500000000000000e-02 6.644787559340060e-02 -2.390531284070398e-04
1.000000000000000e-01 7.022543922779090e-02 -2.389273447373671e-04
1.050000000000000e-01 7.404689604773053e-02 -2.392795817602729e-04
1.100000000000000e-01 7.791463458813094e-02 -2.394830160041568e-04
1.150000000000000e-01 8.183107231148547e-02 -2.397818555729543e-04
1.200000000000000e-01 8.579865711886202e-02 -2.402503361222251e-04
1.250000000000000e-01 8.981986887992111e-02 -2.404511671452524e-04
1.300000000000000e-01 9.389722098291493e-02 -2.410556731509801e-04
1.350000000000000e-01 9.803326190563690e-02 -2.412662523502578e-04
1.400000000000000e-01 1.022305768083033e-01 -2.419162591992834e-04
1.450000000000000e-01 1.064917891493625e-01 -2.421051509856293e-04
1.500000000000000e-01 1.108195623252418e-01 -2.428353438071332e-04
1.550000000000000e-01 1.152166013350572e-01 -2.431126527080734e-04
1.600000000000000e-01 1.196856544713255e-01 -2.438762488912910e-04
1.650000000000000e-01 1.242295150377370e-01 -2.441827722636576e-04
1.700000000000000e-01 1.288510230950609e-01 -2.450779588664984e-04
1.750000000000000e-01 1.335530672362758e-01 -2.454529250524617e-04
1.800000000000000e-01 1.383385863920344e-01 -2.463482838132270e-04
1.850000000000000e-01 1.432105716675912e-01 -2.469323826744563e-04
1.900000000000000e-01 1.481720682123397e-01 -2.477075535264073e-04
1.950000000000000e-01 1.532261771231311e-01 -2.485648326688148e-04
2.000000000000000e-01 1.583760573825595e-01 -2.492718281099596e-04
2.050000000000000e-01 1.636249278334301e-01 -2.503436484590253e-04
2.100000000000000e-01 1.689760691906397e-01 -2.510921133876982e-04
2.150000000000000e-01 1.744328260917313e-01 -2.522720086271459e-04
2.200000000000000e-01 1.799986091874004e-01 -2.531135172095277e-04
2.250000000000000e-01 1.856768972732633e-01 -2.544315288239155e-04
2.300000000000000e-01 1.914712394642179e-01 -2.553828746546124e-04
2.350000000000000e-01 1.973852574127551e-01 -2.568436798710318e-04
2.400000000000000e-01 2.034226475726105e-01 -2.579493106830042e-04
2.450000000000000e-01 2.095871835091678e-01 -2.595299572252912e-04
2.500000000000000e-01 2.158827182580599e-01 -2.608671646977994e-04
2.550000000000000e-01 2.223131867334419e-01 -2.624861231113297e-04
2.600000000000000e-01 2.288826081874405e-01 -2.641623299881151e-04
2.650000000000000e-01 2.355950887223172e-01 -2.658940761347428e-04
2.700000000000000e-01 2.424548238569160e-01 -2.677722421587558e-04
2.750000000000000e-01 2.494661011489995e-01 -2.696539932212860e-04
2.800000000000000e-01 2.566333028751116e-01 -2.718515921611617e-04
2.850000000000000e-01 2.639609087696434e-01 -2.739205895541372e-04
2.900000000000000e-01 2.714534988248126e-01 -2.763986676225522e-04
2.950000000000000e-01 2.791157561533084e-01 -2.787593253067973e-04
3.000000000000000e-01 2.869524699153886e-01 -2.815184459529326e-04
3.050000000000000e-01 2.949685383122613e-01 -2.843248768733894e-04
3.100000000000000e-01 3.031689716476197e-01 -2.872979913675855e-04
3.150000000000000e-01 3.115588954592450e-01 -2.905388732190511e-04
3.200000000000000e-01 3.201435537226349e-01 -2.938237695614469e-04
3.250000000000000e-01 3.289283121286580e-01 -2.975020123289039e-04
3.300000000000000e-01 3.379186614372866e-01 -3.012108036286579e-04
3.350000000000000e-01 3.471202209094989e-01 -3.054615970811802e-04
3.400000000000000e-01 3.565387418195016e-01 -3.097523386880614e-04
3.450000000000000e-01 3.661801110494620e-01 -3.144694971650386e-04
3.500000000000000e-01 3.760503547690021e-01 -3.194385720561153e-04
3.550000000000000e-01 3.861556422017504e-01 -3.247734562380428e-04
3.600000000000000e-01 3.965022894813072e-01 -3.305123621099272e-04
3.650000000000000e-01 4.070967635990345e-01 -3.365710235375354e-04
3.700000000000000e-01 4.179456864461349e-01 -3.431709772931229e-04
3.750000000000000e-01 4.290558389525505e-01 -3.501738390825775e-04
3.800000000000000e-01 4.404341653252637e-01 -3.577594132582056e-04
3.850000000000000e-01 4.520877773886537e-01 -3.658909676088338e-04
3.900000000000000e-01 4.640239590296172e-01 -3.746051807142018e-04
3.950000000000000e-01 4.762501707502353e-01 -3.840330723757507e-04
4.000000000000000e-01 4.887740543308307e-01 -3.941495894301017e-04
4.050000000000000e-01 5.016034376063282e-01 -4.051232116959674e-04
4.100000000000000e-01 5.147463393589066e-01 -4.169593371255695e-04
4.150000000000000e-01 5.282109743299990e-01 -4.297997980841534e-04
4.200000000000000e-01 5.420057583547735e-01 -4.436131611651770e-04
4.250000000000000e-01 5.561393136223041e-01 -4.586839618653258e-04
4.300000000000000e-01 5.706204740647189e-01 -4.749602742051328e-04
4.350000000000000e-01 5.854582908786964e-01 -4.927080206811233e-04
4.400000000000000e-01 6.006620381827575e-01 -5.120594045943978e-04
4.450000000000000e-01 6.162412188138907e-01 -5.330115882210762e-04
4.500000000000000e-01 6.322055702671360e-01 -5.559741431914108e-04
4.550000000000000e-01 6.485650707818353e-01 -5.810449082533373e-04
4.600000000000000e-01 6.653299455783577e-01 -6.084007193387996e-04
4.650000000000000e-01 6.825106732491932e-01 -6.384243283724274e-04
4.700000000000000e-01 7.001179923084168e-01 -6.712685130893174e-04
4.750000000000000e-01 7.181629079036070e-01 -7.073941745671430e-04
4.800000000000000e-01 7.366566986944229e-01 -7.470331462689390e-04
4.850000000000000e-01 7.556109239021327e-01 -7.906667217285017e-04
4.900000000000000e-01 7.750374305345038e-01 -8.387609428873962e-04
4.950000000000000e-01 7.949483607905672e-01 -8.917484245499242e-04
5.000000000000000e-01 8.153561596498893e-01 -9.502952649864179e-04
5.050000000000000e-01 8.362735826510871e-01 -1.014993675677521e-03
5.100000000000000e-01 8.577137038644561e-01 -1.086537883615385e-03
5.150000000000000e-01 8.796899240636907e-01 -1.165836882283269e-03
5.200000000000000e-01 9.022159791018011e-01 -1.253660888467697e-03
5.250000000000000e-01 9.253059484964714e-01 -1.351129740984607e-03
5.300000000000000e-01 9.489742642302165e-01 -1.459339539810085e-03
5.350000000000000e-01 9.732357197708378e-01 -1.579509503514913e-03
5.400000000000000e-01 9.981054793178262e-01 -1.713120490855553e-03
5.450000000000000e-01 1.023599087280478e+00 -1.861687071943345e-03
5.500000000000000e-01 1.049732477993657e+00 -2.026907583411895e-03
5.550000000000000e-01 1.076521985677273e+00 -2.210789749460757e-03
5.600000000000001e-01 1.103984354645701e+00 -2.415324367855947e-03
5.650000000000001e-01 1.132136749773522e+00 -2.642866214697065e-03
5.700000000000001e-01 1.160996767224129e+00 -2.895945907463421e-03
5.750000000000001e-01 1.190582445447902e+00 -3.177209399961526e-03
5.800000000000000e-01 1.220912276456826e+00 -3.489595450831260e-03
5.850000000000000e-01 1.252005217382601e+00 -3.836243282191901e-03
5.900000000000000e-01 1.283880702325469e+00 -4.220301416779604e-03
5.950000000000000e-01 1.316558654501151e+00 -4.645196059030609e-03
6.000000000000000e-01 1.350059498693518e+00 -5.114336296434346e-03
6.050000000000000e-01 1.384404174020732e+00 -5.631022702477434e-03
6.100000000000000e-01 1.419614147022888e+00 -6.198469458108809e-03
6.150000000000000e-01 1.455711425079295e+00 -6.819597344074876e-03
6.200000000000000e-01 1.492718570163803e+00 -7.496666123165440e-03
6.250000000000000e-01 1.530658712946775e+00 -8.231272676058428e-03
6.300000000000000e-01 1.569555567252506e+00 -9.023946567757053e-03
6.350000000000000e-01 1.609433444881138e+00 -9.873691950323791e-03
6.400000000000000e-01 1.650317270804325e+00 -1.077765182933165e-02
6.450000000000000e-01 1.692232598744148e+00 -1.173073512627353e-02
6.500000000000000e-01 1.735205627145031e+00 -1.272492201087265e-02
6.550000000000000e-01 1.779263215548615e+00 -1.374878792642976e-02
6.600000000000000e-01 1.824432901381847e+00 -1.478711664579931e-02
6.650000000000000e-01 1.870742917168772e+00 -1.582045052323478e-02
6.700000000000000e-01 1.918222208176775e+00 -1.682478332785974e-02
6.750000000000000e-01 1.966900450508319e+00 -1.777178160397923e-02
6.800000000000000e-01 2.016808069649473e+00 -1.862948871473112e-02
6.850000000000001e-01 2.067976259486829e+00 -1.936344285542580e-02
6.900000000000001e-01 2.120437001804702e+00 -1.993836840761648e-02
6.950000000000001e-01 2.174223086274785e+00 -2.032038050274877e-02
7.000000000000001e-01 2.229368130950753e+00 -2.047932037386092e-02
7.050000000000000e-01 2.285906603280654e+00 -2.039078689023394e-02
7.100000000000000e-01 2.343873841650178e+00 -2.003762177758438e-02
7.150000000000000e-01 2.403306077470301e+00 -1.941075193407549e-02
7.200000000000000e-01 2.464240457823092e+00 -1.850922703742337e-02
7.250000000000000e-01 2.526715068679855e+00 -1.733947021763818e-02
7.300000000000000e-01 2.590768958706095e+00 -1.591379056965917e-02
7.350000000000000e-01 2.656442163668210e+00 -1.424850588261296e-02
7.400000000000000e-01 2.723775731457148e+00 -1.236182576893196e-02
7.450000000000000e-01 2.792811747744667e+00 -1.027175418688604e-02
7.500000000000000e-01 2.863593362288260e+00 -7.993991091259466e-03
7.550000000000000e-01 2.936164815901156e+00 -5.540031306393464e-03
7.600000000000000e-01 3.010571468104263e+00 -2.915317073564518e-03
7.650000000000000e-01 3.086859825477351e+00 -1.176538252402124e-04
7.700000000000000e-01 3.165077570727174e+00 2.864225139567290e-03
7.750000000000000e-01 3.245273592490716e+00 6.051696630956241e-03
7.800000000000000e-01 3.327498015892184e+00 9.476855023863022e-03
7.850000000000000e-01 3.411802233872832e+00 1.318251071343523e-02
7.900000000000000e-01 3.498238939313234e+00 1.722152563681635e-02
7.950000000000000e-01 3.586862157968046e+00 2.165525779487529e-02
8.000000000000000e-01 3.677727282233856e+00 2.655059755818945e-02
8.050000000000000e-01 3.770891105771243e+00 3.197461065212061e-02
8.100000000000001e-01 3.866411859002656e+00 3.798549007387285e-02
8.150000000000001e-01 3.964349245508326e+00 4.461865676925479e-02
8.200000000000001e-01 4.064764479342956e+00 5.186767118618902e-02
8.250000000000001e-01 4.167720323296481e+00 5.966110805802185e-02
8.300000000000001e-01 4.273281128122877e+00 6.783846315937601e-02
8.350000000000000e-01 4.381512872761445e+00 7.613010175387275e-02
8.400000000000000e-01 4.492483205575838e+00 8.414773507189227e-02
8.450000000000000e-01 4.606261486636447e+00 9.139236589172382e-02
8.500000000000000e-01 4.722918831072739e+00 9.728548048025604e-02
8.550000000000000e-01 4.842528153522501e+00 1.012259861292602e-01
8.600000000000000e-01 4.965164213705875e+00 1.026699038928332e-01
8.650000000000000e-01 5.090903663152626e+00 1.012227935314443e-01
8.700000000000000e-01 5.219825093111814e+00 9.672797296843638e-02
8.750000000000000e-01 5.352009083673925e+00 8.932928440790751e-02
8.800000000000000e-01 5.487538254136007e+00 7.948805682376418e-02
8.850000000000000e-01 5.626497314641444e+00 6.794158231741568e-02
8.900000000000000e-01 5.768973119126561e+00 5.560419420412882e-02
8.950000000000000e-01 5.915054719607133e+00 4.342844467332168e-02
9.000000000000000e-01 6.064833421838831e+00 3.225733892029402e-02
9.050000000000000e-01 6.218402842386253e+00 2.270340595557260e-02
9.100000000000000e-01 6.375858967136348e+00 1.508352035181944e-02
9.150000000000000e-01 6.537300211292723e+00 9.421448124626511e-03
9.200000000000000e-01 6.702827480888332e+00 5.509293085482985e-03
9.250000000000000e-01 6.872544235855034e+00 3.002593397219032e-03
9.300000000000000e-01 7.046556554689444e+00 1.517997880593096e-03
9.350000000000001e-01 7.224973200755413e+00 7.083648543703437e-04
9.400000000000001e-01 7.407905690264673e+00 3.035079781793537e-04
9.450000000000001e-01 7.595468361978146e+00 1.187404007442294e-04
9.500000000000001e-01 7.787778448671316e+00 4.216918423458095e-05
9.550000000000001e-01 7.984956150408610e+00 1.351049553523532e-05
9.600000000000000e-01 8.187124709672272e+00 3.879621665399003e-06
9.650000000000000e-01 8.394410488393007e+00 9.916537636742620e-07
9.700000000000000e-01 8.606943046930221e+00 2.240033125543104e-07
9.750000000000000e-01 8.824855225051540e+00 4.438709911989835e-08
9.800000000000000e-01 9.048283224961922e+00 7.662525109304119e-09
9.850000000000000e-01 9.277366696434507e+00 1.152874358713911e-09
9.900000000000000e-01 9.512248824096272e+00 1.602734042634252e-10
9.950000000000000e-01 9.753076416923058e+00 1.238838165045126e-12
1.000000000000000e+00 1.000000000000000e+01 -1.051450444577817e-08
