0.000000000000000e+00 0.000000000000000e+00 -1.525118694734581e-04
5.000000000000000e-03 3.369477419287315e-03 -1.561125310595959e-04
1.000000000000000e-02 6.741060871647481e-03 -1.552956219812326e-04
1.500000000000000e-02 1.011685770649257e-02 -1.576244489891646e-04
2.000000000000000e-02 1.349897790673588e-02 -1.551855718082859e-04
2.500000000000000e-02 1.688953540759990e-02 -1.568684497074432e-04
3.000000000000000e-02 2.029064941789469e-02 -1.551176489900885e-04
3.500000000000000e-02 2.370444574459234e-02 -1.565879444688531e-04
4.000000000000000e-02 2.713305812152553e-02 -1.548046100960708e-04
4.500000000000000e-02 3.057862954304063e-02 -1.564602617613127e-04
5.000000000000000e-02 3.404331360343898e-02 -1.550755722927850e-04
5.500000000000000e-02 3.752927584304335e-02 -1.562836202026150e-04
6.000000000000000e-02 4.103869510173117e-02 -1.552657652408694e-04
6.500000000000000e-02 4.457376488078044e-02 -1.563542369749363e-04
7.000000000000001e-02 4.813669471387935e-02 -1.553450768397868e-04
7.500000000000000e-02 5.172971154815675e-02 -1.561951700797851e-04
8.000000000000000e-02 5.535506113609672e-02 -1.553460133397384e-04
8.500000000000001e-02 5.901500943920686e-02 -1.560008470578064e-04
9.000000000000000e-02 6.271184404431801e-02 -1.554825261913512e-04
9.500000000000000e-02 6.644787559340060e-02 -1.561163521300726e-04
1.000000000000000e-01 7.022543922779090e-02 -1.555893533746796e-04
1.050000000000000e-01 7.404689604773053e-02 -1.561046018376702e-04
1.100000000000000e-01 7.791463458813094e-02 -1.557195745763120e-04
1.150000000000000e-01 8.183107231148547e-02 -1.561680094941763e-04
1.200000000000000e-01 8.579865711886202e-02 -1.560089331787198e-04
1.250000000000000e-01 8.981986887992111e-02 -1.563024307366411e-04
1.300000000000000e-01 9.389722098291493e-02 -1.562982478807639e-04
1.350000000000000e-01 9.803326190563690e-02 -1.563420094924944e-04
1.400000000000000e-01 1.022305768083033e-01 -1.565572101373011e-04
1.450000000000000e-01 1.064917891493625e-01 -1.565187090512008e-04
1.500000000000000e-01 1.108195623252418e-01 -1.567196471798747e-04
1.550000000000000e-01 1.152166013350572e-01 -1.566541048085375e-04
1.600000000000000e-01 1.196856544713255e-01 -1.568910963680966e-04
1.650000000000000e-01 1.242295150377370e-01 -1.567094055065201e-04
1.700000000000000e-01 1.288510230950609e-01 -1.570080413736496e-04
1.750000000000000e-01 1.335530672362758e-01 -1.568716521226194e-04
1.800000000000000e-01 1.383385863920344e-01 -1.572120089719076e-04
1.850000000000000e-01 1.432105716675912e-01 -1.570423479801673e-04
1.900000000000000e-01 1.481720682123397e-01 -1.574175880625523e-04
1.950000000000000e-01 1.532261771231311e-01 -1.572989667717131e-04
2.000000000000000e-01 1.583760573825595e-01 -1.575856127418208e-04
2.050000000000000e-01 1.636249278334301e-01 -1.575551492533738e-04
2.100000000000000e-01 1.689760691906397e-01 -1.578373703528493e-04
2.150000000000000e-01 1.744328260917313e-01 -1.579212117879087e-04
2.200000000000000e-01 1.799986091874004e-01 -1.581015344575085e-04
2.250000000000000e-01 1.856768972732633e-01 -1.582568869312815e-04
2.300000000000000e-01 1.914712394642179e-01 -1.584190515861588e-04
2.350000000000000e-01 1.973852574127551e-01 -1.586479539987279e-04
2.400000000000000e-01 2.034226475726105e-01 -1.586970084255850e-04
2.450000000000000e-01 2.095871835091678e-01 -1.590586869015975e-04
2.500000000000000e-01 2.158827182580599e-01 -1.590413183900166e-04
2.550000000000000e-01 2.223131867334419e-01 -1.593743750023293e-04
2.600000000000000e-01 2.288826081874405e-01 -1.593835828652662e-04
2.650000000000000e-01 2.355950887223172e-01 -1.597663971917560e-04
2.700000000000000e-01 2.424548238569160e-01 -1.598112788215751e-04
2.750000000000000e-01 2.494661011489995e-01 -1.601462476933574e-04
2.800000000000000e-01 2.566333028751116e-01 -1.602886768449939e-04
2.850000000000000e-01 2.639609087696434e-01 -1.606440571725844e-04
2.900000000000000e-01 2.714534988248126e-01 -1.608514758784438e-04
2.950000000000000e-01 2.791157561533084e-01 -1.611857221321068e-04
3.000000000000000e-01 2.869524699153886e-01 -1.614200712420403e-04
3.050000000000000e-01 2.949685383122613e-01 -1.616476520747772e-04
3.100000000000000e-01 3.031689716476197e-01 -1.620217131685478e-04
3.150000000000000e-01 3.115588954592450e-01 -1.622231437601332e-04
3.200000000000000e-01 3.201435537226349e-01 -1.625556003589873e-04
3.250000000000000e-01 3.289283121286580e-01 -1.628183019131430e-04
3.300000000000000e-01 3.379186614372866e-01 -1.631901959116334e-04
3.350000000000000e-01 3.471202209094989e-01 -1.634881206967455e-04
3.400000000000000e-01 3.565387418195016e-01 -1.638687236611130e-04
3.450000000000000e-01 3.661801110494620e-01 -1.641915343934546e-04
3.500000000000000e-01 3.760503547690021e-01 -1.645371143289911e-04
3.550000000000000e-01 3.861556422017504e-01 -1.649235570785960e-04
3.600000000000000e-01 3.965022894813072e-01 -1.652331076552360e-04
3.650000000000000e-01 4.070967635990345e-01 -1.656388855993601e-04
3.700000000000000e-01 4.179456864461349e-01 -1.659818021581632e-04
3.750000000000000e-01 4.290558389525505e-01 -1.663964187612039e-04
3.800000000000000e-01 4.404341653252637e-01 -1.667278249334692e-04
3.850000000000000e-01 4.520877773886537e-01 -1.671319899247435e-04
3.900000000000000e-01 4.640239590296172e-01 -1.675231977855272e-04
3.950000000000000e-01 4.762501707502353e-01 -1.679473723703801e-04
4.000000000000000e-01 4.887740543308307e-01 -1.683018672865838e-04
4.050000000000000e-01 5.016034376063282e-01 -1.687080946513446e-04
4.100000000000000e-01 5.147463393589066e-01 -1.690523454291098e-04
4.150000000000000e-01 5.282109743299990e-01 -1.694531858300809e-04
4.200000000000000e-01 5.420057583547735e-01 -1.698318338721073e-04
4.250000000000000e-01 5.561393136223041e-01 -1.702006038383532e-04
4.300000000000000e-01 5.706204740647189e-01 -1.706182053137974e-04
4.350000000000000e-01 5.854582908786964e-01 -1.709388283503349e-04
4.400000000000000e-01 6.006620381827575e-01 -1.713395513444793e-04
4.450000000000000e-01 6.162412188138907e-01 -1.716752059809946e-04
4.500000000000000e-01 6.322055702671360e-01 -1.720365899395302e-04
4.550000000000000e-01 6.485650707818353e-01 -1.724684692399855e-04
4.600000000000000e-01 6.653299455783577e-01 -1.727698304979687e-04
4.650000000000000e-01 6.825106732491932e-01 -1.732276153416210e-04
4.700000000000000e-01 7.001179923084168e-01 -1.735685086580011e-04
4.750000000000000e-01 7.181629079036070e-01 -1.740013793958715e-04
4.800000000000000e-01 7.366566986944229e-01 -1.745373992280051e-04
4.850000000000000e-01 7.556109239021327e-01 -1.750170302372520e-04
4.900000000000000e-01 7.750374305345038e-01 -1.756105121954795e-04
4.950000000000000e-01 7.949483607905672e-01 -1.762909777532547e-04
5.000000000000000e-01 8.153561596498893e-01 -1.771095925489040e-04
5.050000000000000e-01 8.362735826510871e-01 -1.780602322237549e-04
5.100000000000000e-01 8.577137038644561e-01 -1.791702029019100e-04
5.150000000000000e-01 8.796899240636907e-01 -1.805916524047685e-04
5.200000000000000e-01 9.022159791018011e-01 -1.822219511910810e-04
5.250000000000000e-01 9.253059484964714e-01 -1.842720307181412e-04
5.300000000000000e-01 9.489742642302165e-01 -1.867536247244388e-04
5.350000000000000e-01 9.732357197708378e-01 -1.897527228553151e-04
5.400000000000000e-01 9.981054793178262e-01 -1.934650265027133e-04
5.450000000000000e-01 1.023599087280478e+00 -1.979373717645867e-04
5.500000000000000e-01 1.049732477993657e+00 -2.033972067408978e-04
5.550000000000000e-01 1.076521985677273e+00 -2.100621387654442e-04
5.600000000000001e-01 1.103984354645701e+00 -2.180817366389120e-04
5.650000000000001e-01 1.132136749773522e+00 -2.278658928104408e-04
5.700000000000001e-01 1.160996767224129e+00 -2.396585110392234e-04
5.750000000000001e-01 1.190582445447902e+00 -2.538879362923679e-04
5.800000000000000e-01 1.220912276456826e+00 -2.710870884119566e-04
5.850000000000000e-01 1.252005217382601e+00 -2.917485035925436e-04
5.900000000000000e-01 1.283880702325469e+00 -3.165951544573803e-04
5.950000000000000e-01 1.316558654501151e+00 -3.464694725771712e-04
6.000000000000000e-01 1.350059498693518e+00 -3.822342243473863e-04
6.050000000000000e-01 1.384404174020732e+00 -4.251222731341567e-04
6.100000000000000e-01 1.419614147022888e+00 -4.764494545401736e-04
6.150000000000000e-01 1.455711425079295e+00 -5.377654280178844e-04
6.200000000000000e-01 1.492718570163803e+00 -6.110157554407798e-04
6.250000000000000e-01 1.530658712946775e+00 -6.983960693620789e-04
6.300000000000000e-01 1.569555567252506e+00 -8.024389230496196e-04
6.350000000000000e-01 1.609433444881138e+00 -9.262628209059780e-04
6.400000000000000e-01 1.650317270804325e+00 -1.073341082861646e-03
6.450000000000000e-01 1.692232598744148e+00 -1.247696191936396e-03
6.500000000000000e-01 1.735205627145031e+00 -1.454021874916853e-03
6.550000000000000e-01 1.779263215548615e+00 -1.697565973968709e-03
6.600000000000000e-01 1.824432901381847e+00 -1.984115525513451e-03
6.650000000000000e-01 1.870742917168772e+00 -2.320171257119692e-03
6.700000000000000e-01 1.918222208176775e+00 -2.712640509791114e-03
6.750000000000000e-01 1.966900450508319e+00 -3.168647528199329e-03
6.800000000000000e-01 2.016808069649473e+00 -3.695353764174182e-03
6.850000000000001e-01 2.067976259486829e+00 -4.299513375562646e-03
6.900000000000001e-01 2.120437001804702e+00 -4.986641803922584e-03
6.950000000000001e-01 2.174223086274785e+00 -5.760258656193500e-03
7.000000000000001e-01 2.229368130950753e+00 -6.620803492424374e-03
7.050000000000000e-01 2.285906603280654e+00 -7.564244776938054e-03
7.100000000000000e-01 2.343873841650178e+00 -8.580444485793606e-03
7.150000000000000e-01 2.403306077470301e+00 -9.651393224247353e-03
7.200000000000000e-01 2.464240457823092e+00 -1.074911564328830e-02
7.250000000000000e-01 2.526715068679855e+00 -1.183384479731552e-02
7.300000000000000e-01 2.590768958706095e+00 -1.285342943719055e-02
7.350000000000000e-01 2.656442163668210e+00 -1.374472114416269e-02
7.400000000000000e-01 2.723775731457148e+00 -1.443698155117418e-02
7.450000000000000e-01 2.792811747744667e+00 -1.485676117903775e-02
7.500000000000000e-01 2.863593362288260e+00 -1.493325001372628e-02
7.550000000000000e-01 2.936164815901156e+00 -1.460279543553701e-02
7.600000000000000e-01 3.010571468104263e+00 -1.381142946495693e-02
7.650000000000000e-01 3.086859825477351e+00 -1.251486122350661e-02
7.700000000000000e-01 3.165077570727174e+00 -1.067606775232183e-02
7.750000000000000e-01 3.245273592490716e+00 -8.261309170665799e-03
7.800000000000000e-01 3.327498015892184e+00 -5.235640194508603e-03
7.850000000000000e-01 3.411802233872832e+00 -1.559202493717221e-03
7.900000000000000e-01 3.498238939313234e+00 2.814686132005014e-03
7.950000000000000e-01 3.586862157968046e+00 7.938603852017856e-03
8.000000000000000e-01 3.677727282233856e+00 1.386652083629313e-02
8.050000000000000e-01 3.770891105771243e+00 2.064466398180691e-02
8.100000000000001e-01 3.866411859002656e+00 2.829721439993768e-02
8.150000000000001e-01 3.964349245508326e+00 3.680699169565743e-02
8.200000000000001e-01 4.064764479342956e+00 4.609295313727749e-02
8.250000000000001e-01 4.167720323296481e+00 5.598776476231693e-02
8.300000000000001e-01 4.273281128122877e+00 6.621976078187598e-02
8.350000000000000e-01 4.381512872761445e+00 7.640386053509292e-02
8.400000000000000e-01 4.492483205575838e+00 8.604587340660157e-02
8.450000000000000e-01 4.606261486636447e+00 9.456416387274885e-02
8.500000000000000e-01 4.722918831072739e+00 1.013315610751295e-01
8.550000000000000e-01 4.842528153522501e+00 1.057379185844125e-01
8.600000000000000e-01 4.965164213705875e+00 1.072693556321256e-01
8.650000000000000e-01 5.090903663152626e+00 1.055943265187764e-01
8.700000000000000e-01 5.219825093111814e+00 1.006408233954676e-01
8.750000000000000e-01 5.352009083673925e+00 9.264560631203154e-02
8.800000000000000e-01 5.487538254136007e+00 8.215777129848088e-02
8.850000000000000e-01 5.626497314641444e+00 6.998653867701296e-02
8.900000000000000e-01 5.768973119126561e+00 5.709612904204014e-02
8.950000000000000e-01 5.915054719607133e+00 4.446574594358266e-02
9.000000000000000e-01 6.064833421838831e+00 3.294485091909902e-02
9.050000000000000e-01 6.218402842386253e+00 2.313786030925639e-02
9.100000000000000e-01 6.375858967136348e+00 1.534529716979595e-02
9.150000000000000e-01 6.537300211292723e+00 9.571852399096071e-03
9.200000000000000e-01 6.702827480888332e+00 5.591696398391347e-03
9.250000000000000e-01 6.872544235855034e+00 3.045645970817698e-03
9.300000000000000e-01 7.046556554689444e+00 1.539448627123558e-03
9.350000000000001e-01 7.224973200755413e+00 7.185578057502894e-04
9.400000000000001e-01 7.407905690264673e+00 3.081275744104309e-04
9.450000000000001e-01 7.595468361978146e+00 1.207374798657727e-04
9.500000000000001e-01 7.787778448671316e+00 4.299279702337734e-05
9.550000000000001e-01 7.984956150408610e+00 1.383456664114049e-05
9.600000000000000e-01 8.187124709672272e+00 4.001301882842467e-06
9.650000000000000e-01 8.394410488393007e+00 1.035259140789005e-06
9.700000000000000e-01 8.606943046930221e+00 2.389182865685927e-07
9.750000000000000e-01 8.824855225051540e+00 4.928015209172023e-08
9.800000000000000e-01 9.048283224961922e+00 9.237783293698849e-09
9.850000000000000e-01 9.277366696434507e+00 1.823635603801184e-09
9.900000000000000e-01 9.512248824096272e+00 7.586451437828746e-10
9.950000000000000e-01 9.753076416923058e+00 2.124251116576398e-09
1.000000000000000e+00 1.000000000000000e+01 6.365493874885341e-07
