0.000000000000000e+00 0.000000000000000e+00 3.329316858892663e-01
3.125000000000000e-03 3.369263549427258e-03 3.329279047460370e-01
6.250000000000000e-03 6.739349689698711e-03 3.329252385004638e-01
9.375000000000001e-03 1.011108121249049e-02 3.329080702682204e-01
1.250000000000000e-02 1.348528131119160e-02 3.328827267780005e-01
1.562500000000000e-02 1.686277378188298e-02 3.328490408579436e-01
1.875000000000000e-02 2.024438322446370e-02 3.328075015326701e-01
2.187500000000000e-02 2.363093524397333e-02 3.327581673927060e-01
2.500000000000000e-02 2.702325665215984e-02 3.327010485759924e-01
2.812500000000000e-02 3.042217566934200e-02 3.326361155704994e-01
3.125000000000000e-02 3.382852212661575e-02 3.325633210844661e-01
3.437500000000000e-02 3.724312766845378e-02 3.324826055318215e-01
3.750000000000001e-02 4.066682595574785e-02 3.323938996217091e-01
4.062500000000000e-02 4.410045286934348e-02 3.322971254856961e-01
4.375000000000000e-02 4.754484671411652e-02 3.321921972212474e-01
4.687500000000000e-02 5.100084842364160e-02 3.320790211552278e-01
5.000000000000000e-02 5.446930176550237e-02 3.319574959643390e-01
5.312500000000001e-02 5.795105354729364e-02 3.318275127168386e-01
5.625000000000000e-02 6.144695382336569e-02 3.316889548681249e-01
5.937500000000000e-02 6.495785610236132e-02 3.315416982275128e-01
6.250000000000000e-02 6.848461755559625e-02 3.313856109058776e-01
6.562500000000000e-02 7.202809922633362e-02 3.312205532498018e-01
6.875000000000001e-02 7.558916624000402e-02 3.310463777656029e-01
7.187500000000001e-02 7.916868801542200e-02 3.308629290353429e-01
7.500000000000001e-02 8.276753847705080e-02 3.306700436262754e-01
7.812500000000000e-02 8.638659626836727e-02 3.304675499945342e-01
8.125000000000000e-02 9.002674496637868e-02 3.302552683838210e-01
8.437500000000001e-02 9.368887329734420e-02 3.300330107195490e-01
8.750000000000001e-02 9.737387535375355e-02 3.298005804987872e-01
9.062500000000001e-02 1.010826508126157e-01 3.295577726763744e-01
9.375000000000000e-02 1.048161051551108e-01 3.293043735474635e-01
9.687500000000000e-02 1.085751498876601e-01 3.290401606267119e-01
1.000000000000000e-01 1.123607027644654e-01 3.287649025244471e-01
1.031250000000000e-01 1.161736880115753e-01 3.284783588199605e-01
1.062500000000000e-01 1.200150365525305e-01 3.281802799322567e-01
1.093750000000000e-01 1.238856862356450e-01 3.278704069884712e-01
1.125000000000000e-01 1.277865820629775e-01 3.275484716902482e-01
1.156250000000000e-01 1.317186764210495e-01 3.272141961783774e-01
1.187500000000000e-01 1.356829293133661e-01 3.268672928959530e-01
1.218750000000000e-01 1.396803085947971e-01 3.265074644504470e-01
1.250000000000000e-01 1.437117902078738e-01 3.261344034749997e-01
1.281250000000000e-01 1.477783584210617e-01 3.257477924893248e-01
1.312500000000000e-01 1.518810060690650e-01 3.253473037606323e-01
1.343750000000000e-01 1.560207347952229e-01 3.249325991649876e-01
1.375000000000000e-01 1.601985552960564e-01 3.245033300495853e-01
1.406250000000000e-01 1.644154875680252e-01 3.240591370964445e-01
1.437500000000000e-01 1.686725611565558e-01 3.235996501880198e-01
1.468750000000000e-01 1.729708154074000e-01 3.231244882753235e-01
1.500000000000000e-01 1.773112997203869e-01 3.226332592492002e-01
1.531250000000000e-01 1.816950738056289e-01 3.221255598153115e-01
1.562500000000000e-01 1.861232079422458e-01 3.216009753736246e-01
1.593750000000000e-01 1.905967832396682e-01 3.210590799030877e-01
1.625000000000000e-01 1.951168919015860e-01 3.204994358522905e-01
1.656250000000000e-01 1.996846374926046e-01 3.199215940369741e-01
1.687500000000000e-01 2.043011352076760e-01 3.193250935452501e-01
1.718750000000000e-01 2.089675121443681e-01 3.187094616515032e-01
1.750000000000000e-01 2.136849075780412e-01 3.180742137399823e-01
1.781250000000000e-01 2.184544732399964e-01 3.174188532391584e-01
1.812500000000000e-01 2.232773735986666e-01 3.167428715679668e-01
1.843750000000000e-01 2.281547861439151e-01 3.160457480951656e-01
1.875000000000000e-01 2.330879016745160e-01 3.153269501130583e-01
1.906250000000000e-01 2.380779245888810e-01 3.145859328269556e-01
1.937500000000000e-01 2.431260731791094e-01 3.138221393617902e-01
1.968750000000000e-01 2.482335799284277e-01 3.130350007873678e-01
2.000000000000000e-01 2.534016918120952e-01 3.122239361638837e-01
2.031250000000000e-01 2.586316706018478e-01 3.113883526093389e-01
2.062500000000000e-01 2.639247931739538e-01 3.105276453906327e-01
2.093750000000000e-01 2.692823518209576e-01 3.096411980401645e-01
2.125000000000000e-01 2.747056545671873e-01 3.087283824998962e-01
2.156250000000000e-01 2.801960254881028e-01 3.077885592949380e-01
2.187500000000000e-01 2.857548050335636e-01 3.068210777387093e-01
2.218750000000000e-01 2.913833503550930e-01 3.058252761720003e-01
2.250000000000000e-01 2.970830356372213e-01 3.048004822381993e-01
2.281250000000000e-01 3.028552524329863e-01 3.037460131971607e-01
2.312500000000000e-01 3.087014100036755e-01 3.026611762802236e-01
2.343750000000000e-01 3.146229356628902e-01 3.015452690890141e-01
2.375000000000000e-01 3.206212751250189e-01 3.003975800408250e-01
2.406250000000000e-01 3.266978928582008e-01 2.992173888633475e-01
2.437500000000000e-01 3.328542724418705e-01 2.980039671417573e-01
2.468750000000000e-01 3.390919169289667e-01 2.967565789211880e-01
2.500000000000000e-01 3.454123492128958e-01 2.954744813677020e-01
2.531250000000000e-01 3.518171123993401e-01 2.941569254910716e-01
2.562500000000000e-01 3.583077701830001e-01 2.928031569326264e-01
2.593750000000000e-01 3.648859072293631e-01 2.914124168216100e-01
2.625000000000000e-01 3.715531295615936e-01 2.899839427035495e-01
2.656250000000000e-01 3.783110649526354e-01 2.885169695441734e-01
2.687500000000000e-01 3.851613633226258e-01 2.870107308125265e-01
2.718750000000000e-01 3.921056971417164e-01 2.854644596469030e-01
2.750000000000000e-01 3.991457618383991e-01 2.838773901073744e-01
2.781250000000000e-01 4.062832762134377e-01 2.822487585185784e-01
2.812500000000000e-01 4.135199828595055e-01 2.805778049065585e-01
2.843750000000000e-01 4.208576485866312e-01 2.788637745333372e-01
2.875000000000000e-01 4.282980648535585e-01 2.771059195329469e-01
2.906250000000000e-01 4.358430482051222e-01 2.753035006525426e-01
2.937500000000000e-01 4.434944407157500e-01 2.734557891021479e-01
2.968750000000000e-01 4.512541104391968e-01 2.715620685165322e-01
3.000000000000000e-01 4.591239518646220e-01 2.696216370324145e-01
3.031250000000000e-01 4.671058863791195e-01 2.676338094842969e-01
3.062500000000000e-01 4.752018627368176e-01 2.655979197216660e-01
3.093750000000000e-01 4.834138575346580e-01 2.635133230503847e-01
3.125000000000000e-01 4.917438756949728e-01 2.613793988005392e-01
3.156250000000000e-01 5.001939509549778e-01 2.591955530228378e-01
3.187500000000000e-01 5.087661463633005e-01 2.569612213151313e-01
3.218750000000000e-01 5.174625547836644e-01 2.546758717802789e-01
3.250000000000000e-01 5.262852994058529e-01 2.523390081159723e-01
3.281250000000000e-01 5.352365342640750e-01 2.499501728366345e-01
3.312500000000000e-01 5.443184447628656e-01 2.475089506268253e-01
3.343750000000000e-01 5.535332482106405e-01 2.450149718248295e-01
3.375000000000000e-01 5.628831943610435e-01 2.424679160344032e-01
3.406250000000000e-01 5.723705659622137e-01 2.398675158617026e-01
3.437500000000000e-01 5.819976793141081e-01 2.372135607734744e-01
3.468750000000000e-01 5.917668848340161e-01 2.345059010715639e-01
3.500000000000000e-01 6.016805676304035e-01 2.317444519776398e-01
3.531250000000000e-01 6.117411480852264e-01 2.289291978208297e-01
3.562500000000000e-01 6.219510824448572e-01 2.260601963195780e-01
3.593750000000000e-01 6.323128634197650e-01 2.231375829476970e-01
3.625000000000000e-01 6.428290207931012e-01 2.201615753729736e-01
3.656250000000000e-01 6.535021220383342e-01 2.171324779551471e-01
3.687500000000000e-01 6.643347729460869e-01 2.140506862882911e-01
3.718750000000000e-01 6.753296182603294e-01 2.109166917708446e-01
3.750000000000000e-01 6.864893423240808e-01 2.077310861846274e-01
3.781250000000000e-01 6.978166697347804e-01 2.044945662621590e-01
3.812500000000000e-01 7.093143660094854e-01 2.012079382194871e-01
3.843750000000000e-01 7.209852382600603e-01 1.978721222296109e-01
3.875000000000000e-01 7.328321358785219e-01 1.944881568093152e-01
3.906250000000000e-01 7.448579512327029e-01 1.910572030898983e-01
3.937500000000000e-01 7.570656203724140e-01 1.875805489400056e-01
3.968750000000000e-01 7.694581237462648e-01 1.840596129063168e-01
4.000000000000000e-01 7.820384869293291e-01 1.804959479355041e-01
4.031250000000000e-01 7.948097813618253e-01 1.768912448384208e-01
4.062500000000000e-01 8.077751250989945e-01 1.732473354551810e-01
4.093750000000000e-01 8.209376835723596e-01 1.695661954774242e-01
4.125000000000000e-01 8.343006703625532e-01 1.658499468818486e-01
4.156250000000000e-01 8.478673479838968e-01 1.621008599269649e-01
4.187500000000000e-01 8.616410286809313e-01 1.583213546630876e-01
4.218750000000000e-01 8.756250752370857e-01 1.545140019037478e-01
4.250000000000000e-01 8.898229017956865e-01 1.506815236052257e-01
4.281250000000000e-01 9.042379746935050e-01 1.468267925996163e-01
4.312500000000000e-01 9.188738133070491e-01 1.429528316259524e-01
4.343750000000000e-01 9.337339909118028e-01 1.390628116033781e-01
4.375000000000000e-01 9.488221355546261e-01 1.351600490903675e-01
4.406250000000000e-01 9.641419309395265e-01 1.312480028744755e-01
4.437500000000000e-01 9.796971173270190e-01 1.273302696382507e-01
4.468750000000000e-01 9.954914924472941e-01 1.234105786488108e-01
4.500000000000000e-01 1.011528912427417e+00 1.194927854212358e-01
4.531250000000000e-01 1.027813292732786e+00 1.155808643094961e-01
4.562500000000000e-01 1.044348609123070e+00 1.116788999832425e-01
4.593750000000000e-01 1.061138898622882e+00 1.077910777544396e-01
4.625000000000000e-01 1.078188260507393e+00 1.039216727247533e-01
4.656250000000000e-01 1.095500857303154e+00 1.000750377328311e-01
4.687500000000000e-01 1.113080915804360e+00 9.625559009021262e-02
4.718750000000000e-01 1.130932728104805e+00 9.246779710572597e-02
4.750000000000000e-01 1.149060652645771e+00 8.871616041084283e-02
4.781250000000000e-01 1.167469115280130e+00 8.500519911262171e-02
4.812500000000000e-01 1.186162610352890e+00 8.133943181657798e-02
4.843750000000000e-01 1.205145701798475e+00 7.772335757895259e-02
4.875000000000000e-01 1.224423024254985e+00 7.416143586636136e-02
4.906250000000000e-01 1.243999284195726e+00 7.065806562043089e-02
4.937500000000000e-01 1.263879261078271e+00 6.721756354559490e-02
4.968750000000000e-01 1.284067808511348e+00 6.384414175936208e-02
5.000000000000000e-01 1.304569855439823e+00 6.054188496566419e-02
5.031250000000000e-01 1.325390407348082e+00 5.731472733298368e-02
5.062500000000000e-01 1.346534547482100e+00 5.416642927920434e-02
5.093750000000000e-01 1.368007438090487e+00 5.110055438405744e-02
5.125000000000001e-01 1.389814321684837e+00 4.812044666700641e-02
5.156250000000000e-01 1.411960522319654e+00 4.522920848282867e-02
5.187500000000000e-01 1.434451446892208e+00 4.242967929841945e-02
5.218750000000000e-01 1.457292586462593e+00 3.972441562190568e-02
5.250000000000000e-01 1.480489517594354e+00 3.711567235848530e-02
5.281250000000001e-01 1.504047903715979e+00 3.460538586609422e-02
5.312500000000000e-01 1.527973496503592e+00 3.219515897770675e-02
5.343750000000000e-01 1.552272137285215e+00 2.988624824555693e-02
5.375000000000000e-01 1.576949758466886e+00 2.767955364574669e-02
5.406250000000000e-01 1.602012384981041e+00 2.557561095955812e-02
5.437500000000001e-01 1.627466135757470e+00 2.357458702049170e-02
5.468750000000000e-01 1.653317225217225e+00 2.167627798383813e-02
5.500000000000000e-01 1.679571964789851e+00 1.988011073883628e-02
5.531250000000000e-01 1.706236764454286e+00 1.818514754266129e-02
5.562500000000000e-01 1.733318134303830e+00 1.659009391119026e-02
5.593750000000001e-01 1.760822686135563e+00 1.509330975438467e-02
5.625000000000000e-01 1.788757135064574e+00 1.369282369496212e-02
5.656250000000000e-01 1.817128301163438e+00 1.238635045864970e-02
5.687500000000000e-01 1.845943111127301e+00 1.117131117362247e-02
5.718750000000000e-01 1.875208599965003e+00 1.004485636673882e-02
5.750000000000001e-01 1.904931912716643e+00 9.003891395933262e-03
5.781250000000000e-01 1.935120306198011e+00 8.045104012734184e-03
5.812500000000000e-01 1.965781150772311e+00 7.164993707484086e-03
5.843750000000000e-01 1.996921932149593e+00 6.359902453613358e-03
5.875000000000000e-01 2.028550253214365e+00 5.626046437399998e-03
5.906250000000001e-01 2.060673835881802e+00 4.959548337121927e-03
5.937500000000000e-01 2.093300522983012e+00 4.356469701349935e-03
5.968750000000000e-01 2.126438280179837e+00 3.812842971171267e-03
6.000000000000001e-01 2.160095197909630e+00 3.324702695981839e-03
6.031250000000000e-01 2.194279493360494e+00 2.888115507501118e-03
6.062500000000001e-01 2.228999512477486e+00 2.499208441886404e-03
6.093750000000000e-01 2.264263732000228e+00 2.154195234961489e-03
6.125000000000000e-01 2.300080761532477e+00 1.849400259955159e-03
6.156250000000001e-01 2.336459345644116e+00 1.581279829737041e-03
6.187500000000000e-01 2.373408366006099e+00 1.346440644943130e-03
6.218750000000001e-01 2.410936843558884e+00 1.141655233888899e-03
6.250000000000000e-01 2.449053940714840e+00 9.638742978017098e-04
6.281250000000000e-01 2.487768963595221e+00 8.102359435066931e-04
6.312500000000001e-01 2.527091364302215e+00 6.780718530307242e-04
6.343750000000000e-01 2.567030743226622e+00 5.649105034182611e-04
6.375000000000001e-01 2.607596851391758e+00 4.684776082822180e-04
6.406250000000000e-01 2.648799592834118e+00 3.866940033773656e-04
6.437500000000000e-01 2.690649027021411e+00 3.176712402475920e-04
6.468750000000001e-01 2.733155371308524e+00 2.597051836396131e-04
6.500000000000000e-01 2.776329003432049e+00 2.112679292375092e-04
6.531250000000001e-01 2.820180464043967e+00 1.709983681950341e-04
6.562500000000000e-01 2.864720459285089e+00 1.376917242611616e-04
6.593750000000000e-01 2.909959863398929e+00 1.102883788044636e-04
6.625000000000001e-01 2.955909721386590e+00 8.786227994204226e-05
6.656250000000000e-01 3.002581251703353e+00 6.960920578180523e-05
6.687500000000001e-01 3.049985848997626e+00 5.483512022014571e-05
6.718750000000000e-01 3.098135086892879e+00 4.294482462858489e-05
6.750000000000000e-01 3.147040720813310e+00 3.343107192912041e-05
6.781250000000001e-01 3.196714690853871e+00 2.586427269898851e-05
6.812500000000000e-01 3.247169124695383e+00 1.988288755538171e-05
6.843750000000001e-01 3.298416340565477e+00 1.518456737091728e-05
6.875000000000000e-01 3.350468850246008e+00 1.151807376889207e-05
6.906250000000000e-01 3.403339362127777e+00 8.675987423290894e-06
6.937500000000001e-01 3.457040784313211e+00 6.488191206259629e-06
6.968750000000000e-01 3.511586227767823e+00 4.816099167786814e-06
7.000000000000001e-01 3.566989009521205e+00 3.547590450497571e-06
7.031250000000000e-01 3.623262655918307e+00 2.592599118382320e-06
7.062500000000000e-01 3.680420905921852e+00 1.879305986853017e-06
7.093750000000001e-01 3.738477714466631e+00 1.350876310705814e-06
7.125000000000000e-01 3.797447255866536e+00 9.626870484488054e-07
7.156250000000001e-01 3.857343927275175e+00 6.799888512435558e-07
7.187500000000000e-01 3.918182352200844e+00 4.759504661638205e-07
7.218750000000000e-01 3.979977384076828e+00 3.300365211826685e-07
7.250000000000001e-01 4.042744109887770e+00 2.266733797328407e-07
7.281250000000000e-01 4.106497853853101e+00 1.541616968475309e-07
7.312500000000001e-01 4.171254181168399e+00 1.037983198934620e-07
7.343750000000000e-01 4.237028901805528e+00 6.917414555219852e-08
7.375000000000000e-01 4.303838074372613e+00 4.561839564529341e-08
7.406250000000001e-01 4.371698010034643e+00 2.976345463939276e-08
7.437500000000000e-01 4.440625276495786e+00 1.920788223411009e-08
7.468750000000001e-01 4.510636702044332e+00 1.225844529523532e-08
7.500000000000000e-01 4.581749379661216e+00 7.734981110764389e-09
7.531250000000000e-01 4.653980671193226e+00 4.824591230823296e-09
7.562500000000001e-01 4.727348211591802e+00 2.974061412664387e-09
7.593750000000000e-01 4.801869913218528e+00 1.811505270568990e-09
7.625000000000001e-01 4.877563970218381e+00 1.090041783502522e-09
7.656250000000000e-01 4.954448862961714e+00 6.478520462396665e-10
7.687500000000000e-01 5.032543362556198e+00 3.802373730161695e-10
7.718750000000001e-01 5.111866535429675e+00 2.203430070469668e-10
7.750000000000000e-01 5.192437747985146e+00 1.260465145537821e-10
7.781250000000001e-01 5.274276671329015e+00 7.116619675518975e-11
7.812500000000000e-01 5.357403286073669e+00 3.965109956730720e-11
7.843750000000000e-01 5.441837887215693e+00 2.179745448971656e-11
7.875000000000001e-01 5.527601089090773e+00 1.182114406388225e-11
7.906250000000000e-01 5.614713830406605e+00 6.323455871211837e-12
7.937500000000001e-01 5.703197379355005e+00 3.336053914597059e-12
7.968750000000000e-01 5.793073338804412e+00 1.735570007142729e-12
8.000000000000000e-01 5.884363651574169e+00 8.902941671478103e-13
8.031250000000001e-01 5.977090605791737e+00 4.502608847115161e-13
8.062500000000000e-01 6.071276840334257e+00 2.244898143790452e-13
8.093750000000001e-01 6.166945350355728e+00 1.103313433260431e-13
8.125000000000000e-01 6.264119492901173e+00 5.344967172949406e-14
8.156250000000000e-01 6.362822992609162e+00 2.552202809619598e-14
8.187500000000001e-01 6.463079947504072e+00 1.201145816032657e-14
8.218750000000000e-01 6.564914834879517e+00 5.571594654266457e-15
8.250000000000001e-01 6.668352517274371e+00 2.547216534212513e-15
8.281250000000000e-01 6.773418248542846e+00 1.147785496692143e-15
8.312500000000000e-01 6.880137680020114e+00 5.097728582921386e-16
8.343750000000001e-01 6.988536866784961e+00 2.231685804622745e-16
8.375000000000000e-01 7.098642274021019e+00 9.630651478710690e-17
8.406250000000001e-01 7.210480783478133e+00 4.097104715067563e-17
8.437500000000000e-01 7.324079700035414e+00 1.718447518719552e-17
8.468750000000000e-01 7.439466758367605e+00 7.106875981124054e-18
8.500000000000001e-01 7.556670129716381e+00 2.898385631898414e-18
8.531250000000000e-01 7.675718428768239e+00 1.165806263912310e-18
8.562500000000001e-01 7.796640720640633e+00 4.625440642487064e-19
8.593750000000000e-01 7.919466527978115e+00 1.810530174966925e-19
8.625000000000000e-01 8.044225838160141e+00 6.992930564698139e-20
8.656250000000001e-01 8.170949110622363e+00 2.665591002654881e-20
8.687500000000000e-01 8.299667284293170e+00 1.002983134974497e-20
8.718750000000001e-01 8.430411785147284e+00 3.726054134389955e-21
8.750000000000000e-01 8.563214533878281e+00 1.366954385474884e-21
8.781250000000000e-01 8.698107953691880e+00 4.953431420377023e-22
8.812500000000001e-01 8.835124978221932e+00 1.773402021616937e-22
8.843750000000000e-01 8.974299059571019e+00 6.274255372397224e-23
8.875000000000001e-01 9.115664176477637e+00 2.194215323638647e-23
8.906250000000000e-01 9.259254842611947e+00 7.586985204664133e-24
8.937500000000000e-01 9.405106115002161e+00 2.594451243012174e-24
8.968750000000001e-01 9.553253602593529e+00 8.776544855265435e-25
9.000000000000000e-01 9.703733474942130e+00 2.937790364359078e-25
9.031250000000001e-01 9.856582471045494e+00 9.733211357420643e-26
9.062500000000000e-01 1.001183790831228e+01 3.192639756125066e-26
9.093750000000000e-01 1.016953769167313e+01 1.037106691028277e-26
9.125000000000001e-01 1.032972032283505e+01 3.337327827099935e-27
9.156250000000000e-01 1.049242490968134e+01 1.064140465109853e-27
9.187500000000001e-01 1.065769117581972e+01 3.363154375194578e-28
9.218750000000000e-01 1.082555947028058e+01 1.053818116128216e-28
9.250000000000000e-01 1.099607077736805e+01 3.274754513340503e-29
9.281250000000001e-01 1.116926672666618e+01 1.009506389182988e-29
9.312500000000000e-01 1.134518960320255e+01 3.088013902238758e-30
9.343750000000001e-01 1.152388235777201e+01 9.375865250759563e-31
9.375000000000000e-01 1.170538861742293e+01 2.826355646580995e-31
9.406250000000000e-01 1.188975269610854e+01 8.461477525210707e-32
9.437500000000001e-01 1.207701960550600e+01 2.516455333152294e-32
9.468750000000000e-01 1.226723506600578e+01 7.436601778382895e-33
9.500000000000001e-01 1.246044551787411e+01 2.184336979789190e-33
9.531250000000000e-01 1.265669813259115e+01 6.378827960409342e-34
9.562500000000000e-01 1.285604082436773e+01 1.852479131946778e-34
9.593750000000001e-01 1.305852226184337e+01 5.351439761723691e-35
9.625000000000000e-01 1.326419187996850e+01 1.538172813012743e-35
9.656250000000001e-01 1.347309989207381e+01 4.400151491054234e-36
9.687500000000000e-01 1.368529730212962e+01 1.253047315484509e-36
9.718750000000000e-01 1.390083591719824e+01 3.553141107033504e-37
9.750000000000001e-01 1.411976836008246e+01 1.003480219253719e-37
9.781250000000000e-01 1.434214808217320e+01 2.823327118977462e-38
9.812500000000001e-01 1.456802937649935e+01 7.915394831105288e-39
9.843750000000000e-01 1.479746739098328e+01 2.211796944173646e-39
9.875000000000000e-01 1.503051814190487e+01 6.161235014689491e-40
9.906250000000001e-01 1.526723852757770e+01 1.712014882721229e-40
9.937500000000000e-01 1.550768634224049e+01 4.724086553258495e-41
9.968750000000001e-01 1.575192029016732e+01 1.382774638850342e-41
1.000000000000000e+00 1.600000000000000e+01 1.212973968189768e-42
