0.000000000000000e+00 0.000000000000000e+00 -3.119881666500575e-04
5.000000000000000e-03 3.369477419287315e-03 -3.155888282427004e-04
1.000000000000000e-02 6.741060871647481e-03 -3.147171942470668e-04
1.500000000000000e-02 1.011685770649257e-02 -3.154836521076779e-04
2.000000000000000e-02 1.349897790673588e-02 -3.152638695244716e-04
2.500000000000000e-02 1.688953540759990e-02 -3.156758767287628e-04
3.000000000000000e-02 2.029064941789469e-02 -3.153445689355012e-04
3.500000000000000e-02 2.370444574459234e-02 -3.159615377438805e-04
4.000000000000000e-02 2.713305812152553e-02 -3.159077282744816e-04
4.500000000000000e-02 3.057862954304063e-02 -3.166416348291545e-04
5.000000000000000e-02 3.404331360343898e-02 -3.165078409635701e-04
5.500000000000000e-02 3.752927584304335e-02 -3.175194249193188e-04
6.000000000000000e-02 4.103869510173117e-02 -3.170072569124740e-04
6.500000000000000e-02 4.457376488078044e-02 -3.178913934398953e-04
7.000000000000001e-02 4.813669471387935e-02 -3.177989423731406e-04
7.500000000000000e-02 5.172971154815675e-02 -3.184266384641508e-04
8.000000000000000e-02 5.535506113609672e-02 -3.186173441165261e-04
8.500000000000001e-02 5.901500943920686e-02 -3.191147470811151e-04
9.000000000000000e-02 6.271184404431801e-02 -3.194688579832050e-04
9.500000000000000e-02 6.644787559340060e-02 -3.200150605337948e-04
1.000000000000000e-01 7.022543922779090e-02 -3.204131034866317e-04
1.050000000000000e-01 7.404689604773053e-02 -3.209739656998124e-04
1.100000000000000e-01 7.791463458813094e-02 -3.215111234808521e-04
1.150000000000000e-01 8.183107231148547e-02 -3.222199651739055e-04
1.200000000000000e-01 8.579865711886202e-02 -3.227517814521670e-04
1.250000000000000e-01 8.981986887992111e-02 -3.234656794759116e-04
1.300000000000000e-01 9.389722098291493e-02 -3.242397368992034e-04
1.350000000000000e-01 9.803326190563690e-02 -3.249187344766533e-04
1.400000000000000e-01 1.022305768083033e-01 -3.260083895697527e-04
1.450000000000000e-01 1.064917891493625e-01 -3.267673435665193e-04
1.500000000000000e-01 1.108195623252418e-01 -3.278724605163100e-04
1.550000000000000e-01 1.152166013350572e-01 -3.288154484325026e-04
1.600000000000000e-01 1.196856544713255e-01 -3.299403107957752e-04
1.650000000000000e-01 1.242295150377370e-01 -3.310331216441596e-04
1.700000000000000e-01 1.288510230950609e-01 -3.321896086785190e-04
1.750000000000000e-01 1.335530672362758e-01 -3.334647643746665e-04
1.800000000000000e-01 1.383385863920344e-01 -3.347640046197880e-04
1.850000000000000e-01 1.432105716675912e-01 -3.362030992016779e-04
1.900000000000000e-01 1.481720682123397e-01 -3.376602070331389e-04
1.950000000000000e-01 1.532261771231311e-01 -3.392023051591082e-04
2.000000000000000e-01 1.583760573825595e-01 -3.408084931211434e-04
2.050000000000000e-01 1.636249278334301e-01 -3.427073567090086e-04
2.100000000000000e-01 1.689760691906397e-01 -3.444364880804349e-04
2.150000000000000e-01 1.744328260917313e-01 -3.465799617028159e-04
2.200000000000000e-01 1.799986091874004e-01 -3.485196338366828e-04
2.250000000000000e-01 1.856768972732633e-01 -3.508910689624017e-04
2.300000000000000e-01 1.914712394642179e-01 -3.531023476592384e-04
2.350000000000000e-01 1.973852574127551e-01 -3.556415862226474e-04
2.400000000000000e-01 2.034226475726105e-01 -3.581784002971733e-04
2.450000000000000e-01 2.095871835091678e-01 -3.609799177798616e-04
2.500000000000000e-01 2.158827182580599e-01 -3.638126912450305e-04
2.550000000000000e-01 2.223131867334419e-01 -3.669074001737880e-04
2.600000000000000e-01 2.288826081874405e-01 -3.702217931514731e-04
2.650000000000000e-01 2.355950887223172e-01 -3.736502223706569e-04
2.700000000000000e-01 2.424548238569160e-01 -3.774037876838085e-04
2.750000000000000e-01 2.494661011489995e-01 -3.812050519878315e-04
2.800000000000000e-01 2.566333028751116e-01 -3.854581592728085e-04
2.850000000000000e-01 2.639609087696434e-01 -3.897592249065991e-04
2.900000000000000e-01 2.714534988248126e-01 -3.944463775666107e-04
2.950000000000000e-01 2.791157561533084e-01 -3.993459339029837e-04
3.000000000000000e-01 2.869524699153886e-01 -4.045760207403792e-04
3.050000000000000e-01 2.949685383122613e-01 -4.101741936926089e-04
3.100000000000000e-01 3.031689716476197e-01 -4.160064562624378e-04
3.150000000000000e-01 3.115588954592450e-01 -4.224232750791858e-04
3.200000000000000e-01 3.201435537226349e-01 -4.289769801843834e-04
3.250000000000000e-01 3.289283121286580e-01 -4.361914573324123e-04
3.300000000000000e-01 3.379186614372866e-01 -4.436889471074999e-04
3.350000000000000e-01 3.471202209094989e-01 -4.518654024129520e-04
3.400000000000000e-01 3.565387418195016e-01 -4.604225378309661e-04
3.450000000000000e-01 3.661801110494620e-01 -4.695747548453256e-04
3.500000000000000e-01 3.760503547690021e-01 -4.794273346633170e-04
3.550000000000000e-01 3.861556422017504e-01 -4.898267984485607e-04
3.600000000000000e-01 3.965022894813072e-01 -5.011239175403115e-04
3.650000000000000e-01 4.070967635990345e-01 -5.130326374642146e-04
3.700000000000000e-01 4.179456864461349e-01 -5.258937949658318e-04
3.750000000000000e-01 4.290558389525505e-01 -5.396275319722576e-04
3.800000000000000e-01 4.404341653252637e-01 -5.542797206855167e-04
3.850000000000000e-01 4.520877773886537e-01 -5.701428233100908e-04
3.900000000000000e-01 4.640239590296172e-01 -5.870202452647156e-04
3.950000000000000e-01 4.762501707502353e-01 -6.053174853584912e-04
4.000000000000000e-01 4.887740543308307e-01 -6.248847791279463e-04
4.050000000000000e-01 5.016034376063282e-01 -6.459828786058603e-04
4.100000000000000e-01 5.147463393589066e-01 -6.687101934087680e-04
4.150000000000000e-01 5.282109743299990e-01 -6.932057958877692e-04
4.200000000000000e-01 5.420057583547735e-01 -7.196868614032956e-04
4.250000000000000e-01 5.561393136223041e-01 -7.482801852594264e-04
4.300000000000000e-01 5.706204740647189e-01 -7.791848579392479e-04
4.350000000000000e-01 5.854582908786964e-01 -8.126109835413728e-04
4.400000000000000e-01 6.006620381827575e-01 -8.489116113893336e-04
4.450000000000000e-01 6.162412188138907e-01 -8.882621514962411e-04
4.500000000000000e-01 6.322055702671360e-01 -9.308887279100231e-04
4.550000000000000e-01 6.485650707818353e-01 -9.773391619443230e-04
4.600000000000000e-01 6.653299455783577e-01 -1.027777199722148e-03
4.650000000000000e-01 6.825106732491932e-01 -1.082737418903000e-03
4.700000000000000e-01 7.001179923084168e-01 -1.142628288405070e-03
4.750000000000000e-01 7.181629079036070e-01 -1.207934129633641e-03
4.800000000000000e-01 7.366566986944229e-01 -1.279289441957937e-03
4.850000000000000e-01 7.556109239021327e-01 -1.357225169550458e-03
4.900000000000000e-01 7.750374305345038e-01 -1.442481204503667e-03
4.950000000000000e-01 7.949483607905672e-01 -1.535844907677552e-03
5.000000000000000e-01 8.153561596498893e-01 -1.638059083701647e-03
5.050000000000000e-01 8.362735826510871e-01 -1.750197835685666e-03
5.100000000000000e-01 8.577137038644561e-01 -1.873175232084528e-03
5.150000000000000e-01 8.796899240636907e-01 -2.008180112431731e-03
5.200000000000000e-01 9.022159791018011e-01 -2.156499195366111e-03
5.250000000000000e-01 9.253059484964714e-01 -2.319437785050945e-03
5.300000000000000e-01 9.489742642302165e-01 -2.498566774237055e-03
5.350000000000000e-01 9.732357197708378e-01 -2.695555615683437e-03
5.400000000000000e-01 9.981054793178262e-01 -2.912120234776383e-03
5.450000000000000e-01 1.023599087280478e+00 -3.150338214200854e-03
5.500000000000000e-01 1.049732477993657e+00 -3.412247843519408e-03
5.550000000000000e-01 1.076521985677273e+00 -3.700121386044522e-03
5.600000000000001e-01 1.103984354645701e+00 -4.016442149736153e-03
5.650000000000001e-01 1.132136749773522e+00 -4.363722392660765e-03
5.700000000000001e-01 1.160996767224129e+00 -4.744622341988781e-03
5.750000000000001e-01 1.190582445447902e+00 -5.161997871355390e-03
5.800000000000000e-01 1.220912276456826e+00 -5.618565378063108e-03
5.850000000000000e-01 1.252005217382601e+00 -6.117142893349610e-03
5.900000000000000e-01 1.283880702325469e+00 -6.660463348600907e-03
5.950000000000000e-01 1.316558654501151e+00 -7.250959401497089e-03
6.000000000000000e-01 1.350059498693518e+00 -7.890752867711450e-03
6.050000000000000e-01 1.384404174020732e+00 -8.581554808555842e-03
6.100000000000000e-01 1.419614147022888e+00 -9.324215862385769e-03
6.150000000000000e-01 1.455711425079295e+00 -1.011868417893470e-02
6.200000000000000e-01 1.492718570163803e+00 -1.096372643896566e-02
6.250000000000000e-01 1.530658712946775e+00 -1.185647056811330e-02
6.300000000000000e-01 1.569555567252506e+00 -1.279205525583534e-02
6.350000000000000e-01 1.609433444881138e+00 -1.376340413971045e-02
6.400000000000000e-01 1.650317270804325e+00 -1.476067306176048e-02
6.450000000000000e-01 1.692232598744148e+00 -1.577083113790589e-02
6.500000000000000e-01 1.735205627145031e+00 -1.677746391445751e-02
6.550000000000000e-01 1.779263215548615e+00 -1.776059773253189e-02
6.600000000000000e-01 1.824432901381847e+00 -1.869660266290855e-02
6.650000000000000e-01 1.870742917168772e+00 -1.955856566667997e-02
6.700000000000000e-01 1.918222208176775e+00 -2.031715018853630e-02
6.750000000000000e-01 1.966900450508319e+00 -2.094173252483468e-02
6.800000000000000e-01 2.016808069649473e+00 -2.140186730694959e-02
6.850000000000001e-01 2.067976259486829e+00 -2.166909548718951e-02
6.900000000000001e-01 2.120437001804702e+00 -2.171882990645631e-02
6.950000000000001e-01 2.174223086274785e+00 -2.153193838544894e-02
7.000000000000001e-01 2.229368130950753e+00 -2.109582061222317e-02
7.050000000000000e-01 2.285906603280654e+00 -2.040499119139766e-02
7.100000000000000e-01 2.343873841650178e+00 -1.946108323197145e-02
7.150000000000000e-01 2.403306077470301e+00 -1.827229506609897e-02
7.200000000000000e-01 2.464240457823092e+00 -1.685226107839367e-02
7.250000000000000e-01 2.526715068679855e+00 -1.521864019907890e-02
7.300000000000000e-01 2.590768958706095e+00 -1.339151833272740e-02
7.350000000000000e-01 2.656442163668210e+00 -1.139185800756134e-02
7.400000000000000e-01 2.723775731457148e+00 -9.239937429987561e-03
7.450000000000000e-01 2.792811747744667e+00 -6.953942669451471e-03
7.500000000000000e-01 2.863593362288260e+00 -4.548537950549492e-03
7.550000000000000e-01 2.936164815901156e+00 -2.033593049741425e-03
7.600000000000000e-01 3.010571468104263e+00 5.871385059100861e-04
7.650000000000000e-01 3.086859825477351e+00 3.317238373823838e-03
7.700000000000000e-01 3.165077570727174e+00 6.168849755909211e-03
7.750000000000000e-01 3.245273592490716e+00 9.163827134369569e-03
7.800000000000000e-01 3.327498015892184e+00 1.233487664533476e-02
7.850000000000000e-01 3.411802233872832e+00 1.572663647604219e-02
7.900000000000000e-01 3.498238939313234e+00 1.939649115025557e-02
7.950000000000000e-01 3.586862157968046e+00 2.341449872634103e-02
8.000000000000000e-01 3.677727282233856e+00 2.786132883719282e-02
8.050000000000000e-01 3.770891105771243e+00 3.282273958778562e-02
8.100000000000001e-01 3.866411859002656e+00 3.837913631207907e-02
8.150000000000001e-01 3.964349245508326e+00 4.458931096488482e-02
8.200000000000001e-01 4.064764479342956e+00 5.146857234939286e-02
8.250000000000001e-01 4.167720323296481e+00 5.896301988040865e-02
8.300000000000001e-01 4.273281128122877e+00 6.692348283148249e-02
8.350000000000000e-01 4.381512872761445e+00 7.508437391543218e-02
8.400000000000000e-01 4.492483205575838e+00 8.305401390973859e-02
8.450000000000000e-01 4.606261486636447e+00 9.032333972886780e-02
8.500000000000000e-01 4.722918831072739e+00 9.629866824230990e-02
8.550000000000000e-01 4.842528153522501e+00 1.003608077015915e-01
8.600000000000000e-01 4.965164213705875e+00 1.019471947579767e-01
8.650000000000000e-01 5.090903663152626e+00 1.006466140545684e-01
8.700000000000000e-01 5.219825093111814e+00 9.628915534915621e-02
8.750000000000000e-01 5.352009083673925e+00 8.900988826758378e-02
8.800000000000000e-01 5.487538254136007e+00 7.926584917349130e-02
8.850000000000000e-01 5.626497314641444e+00 6.779381959432433e-02
8.900000000000000e-01 5.768973119126561e+00 5.551028680907318e-02
8.950000000000000e-01 5.915054719607133e+00 4.337141573453047e-02
9.000000000000000e-01 6.064833421838831e+00 3.222425064150701e-02
9.050000000000000e-01 6.218402842386253e+00 2.268506769003753e-02
9.100000000000000e-01 6.375858967136348e+00 1.507381361344259e-02
9.150000000000000e-01 6.537300211292723e+00 9.416541844613980e-03
9.200000000000000e-01 6.702827480888332e+00 5.506925326780647e-03
9.250000000000000e-01 6.872544235855034e+00 3.001502507384146e-03
9.300000000000000e-01 7.046556554689444e+00 1.517518096260052e-03
9.350000000000001e-01 7.224973200755413e+00 7.081634328654503e-04
9.400000000000001e-01 7.407905690264673e+00 3.034272658229741e-04
9.450000000000001e-01 7.595468361978146e+00 1.187095303245718e-04
9.500000000000001e-01 7.787778448671316e+00 4.215791540071183e-05
9.550000000000001e-01 7.984956150408610e+00 1.350656886426707e-05
9.600000000000000e-01 8.187124709672272e+00 3.878314187299929e-06
9.650000000000000e-01 8.394410488393007e+00 9.912380946192838e-07
9.700000000000000e-01 8.606943046930221e+00 2.238769786038854e-07
9.750000000000000e-01 8.824855225051540e+00 4.435047606454631e-08
9.800000000000000e-01 9.048283224961922e+00 7.653677476808367e-09
9.850000000000000e-01 9.277366696434507e+00 1.152421403683388e-09
9.900000000000000e-01 9.512248824096272e+00 1.622661231380145e-10
9.950000000000000e-01 9.753076416923058e+00 1.933286747952036e-11
1.000000000000000e+00 1.000000000000000e+01 -4.641476584472313e-09
