0.000000000000000e+00 0.000000000000000e+00 -1.093171049523372e-04
5.000000000000000e-03 3.369477419287315e-03 -1.129177665371198e-04
1.000000000000000e-02 6.741060871647481e-03 -1.133059934883631e-04
1.500000000000000e-02 1.011685770649257e-02 -1.142252969341519e-04
2.000000000000000e-02 1.349897790673588e-02 -1.127281894701517e-04
2.500000000000000e-02 1.688953540759990e-02 -1.130757420508432e-04
3.000000000000000e-02 2.029064941789469e-02 -1.131157481157302e-04
3.500000000000000e-02 2.370444574459234e-02 -1.136308919455887e-04
4.000000000000000e-02 2.713305812152553e-02 -1.128651330945614e-04
4.500000000000000e-02 3.057862954304063e-02 -1.139600078192133e-04
5.000000000000000e-02 3.404331360343898e-02 -1.129719259837315e-04
5.500000000000000e-02 3.752927584304335e-02 -1.141394892198576e-04
6.000000000000000e-02 4.103869510173117e-02 -1.130914695565248e-04
6.500000000000000e-02 4.457376488078044e-02 -1.142676840229265e-04
7.000000000000001e-02 4.813669471387935e-02 -1.131961271059113e-04
7.500000000000000e-02 5.172971154815675e-02 -1.144537869868203e-04
8.000000000000000e-02 5.535506113609672e-02 -1.133662337194243e-04
8.500000000000001e-02 5.901500943920686e-02 -1.145541085860219e-04
9.000000000000000e-02 6.271184404431801e-02 -1.135209183697764e-04
9.500000000000000e-02 6.644787559340060e-02 -1.146144362959696e-04
1.000000000000000e-01 7.022543922779090e-02 -1.137942130855495e-04
1.050000000000000e-01 7.404689604773053e-02 -1.144873288666480e-04
1.100000000000000e-01 7.791463458813094e-02 -1.140643160563556e-04
1.150000000000000e-01 8.183107231148547e-02 -1.144678616402220e-04
1.200000000000000e-01 8.579865711886202e-02 -1.141804452196656e-04
1.250000000000000e-01 8.981986887992111e-02 -1.145776524766341e-04
1.300000000000000e-01 9.389722098291493e-02 -1.143486263553893e-04
1.350000000000000e-01 9.803326190563690e-02 -1.146792562862953e-04
1.400000000000000e-01 1.022305768083033e-01 -1.144956807890986e-04
1.450000000000000e-01 1.064917891493625e-01 -1.147178294334511e-04
1.500000000000000e-01 1.108195623252418e-01 -1.145877755167932e-04
1.550000000000000e-01 1.152166013350572e-01 -1.146699013104853e-04
1.600000000000000e-01 1.196856544713255e-01 -1.147846614270097e-04
1.650000000000000e-01 1.242295150377370e-01 -1.147969539793586e-04
1.700000000000000e-01 1.288510230950609e-01 -1.149723121228672e-04
1.750000000000000e-01 1.335530672362758e-01 -1.150075752562250e-04
1.800000000000000e-01 1.383385863920344e-01 -1.151430533129714e-04
1.850000000000000e-01 1.432105716675912e-01 -1.151461503321046e-04
1.900000000000000e-01 1.481720682123397e-01 -1.154247153906889e-04
1.950000000000000e-01 1.532261771231311e-01 -1.153231259524469e-04
2.000000000000000e-01 1.583760573825595e-01 -1.157455308282614e-04
2.050000000000000e-01 1.636249278334301e-01 -1.155732922891440e-04
2.100000000000000e-01 1.689760691906397e-01 -1.160749075410712e-04
2.150000000000000e-01 1.744328260917313e-01 -1.158749518300223e-04
2.200000000000000e-01 1.799986091874004e-01 -1.163216532255747e-04
2.250000000000000e-01 1.856768972732633e-01 -1.162614573836203e-04
2.300000000000000e-01 1.914712394642179e-01 -1.166090983968526e-04
2.350000000000000e-01 1.973852574127551e-01 -1.166371433042576e-04
2.400000000000000e-01 2.034226475726105e-01 -1.169045448637425e-04
2.450000000000000e-01 2.095871835091678e-01 -1.170157300517288e-04
2.500000000000000e-01 2.158827182580599e-01 -1.171735459982409e-04
2.550000000000000e-01 2.223131867334419e-01 -1.173268837247504e-04
2.600000000000000e-01 2.288826081874405e-01 -1.175325469293724e-04
2.650000000000000e-01 2.355950887223172e-01 -1.177353009187635e-04
2.700000000000000e-01 2.424548238569160e-01 -1.179089366677613e-04
2.750000000000000e-01 2.494661011489995e-01 -1.182066644532896e-04
2.800000000000000e-01 2.566333028751116e-01 -1.182997414638369e-04
2.850000000000000e-01 2.639609087696434e-01 -1.187319646872841e-04
2.900000000000000e-01 2.714534988248126e-01 -1.187457980693303e-04
2.950000000000000e-01 2.791157561533084e-01 -1.192333604218570e-04
3.000000000000000e-01 2.869524699153886e-01 -1.192982623980747e-04
3.050000000000000e-01 2.949685383122613e-01 -1.197944364983618e-04
3.100000000000000e-01 3.031689716476197e-01 -1.199055386520690e-04
3.150000000000000e-01 3.115588954592450e-01 -1.203130631504052e-04
3.200000000000000e-01 3.201435537226349e-01 -1.204585118028484e-04
3.250000000000000e-01 3.289283121286580e-01 -1.208188390171757e-04
3.300000000000000e-01 3.379186614372866e-01 -1.210513062504384e-04
3.350000000000000e-01 3.471202209094989e-01 -1.213554273294554e-04
3.400000000000000e-01 3.565387418195016e-01 -1.217023595179115e-04
3.450000000000000e-01 3.661801110494620e-01 -1.219551051640907e-04
3.500000000000000e-01 3.760503547690021e-01 -1.223627459645142e-04
3.550000000000000e-01 3.861556422017504e-01 -1.225811427684514e-04
3.600000000000000e-01 3.965022894813072e-01 -1.230712671039928e-04
3.650000000000000e-01 4.070967635990345e-01 -1.232415486764489e-04
3.700000000000000e-01 4.179456864461349e-01 -1.236875393894087e-04
3.750000000000000e-01 4.290558389525505e-01 -1.239233986172451e-04
3.800000000000000e-01 4.404341653252637e-01 -1.242699651109716e-04
3.850000000000000e-01 4.520877773886537e-01 -1.245661633051216e-04
3.900000000000000e-01 4.640239590296172e-01 -1.248459463170180e-04
3.950000000000000e-01 4.762501707502353e-01 -1.252029330008260e-04
4.000000000000000e-01 4.887740543308307e-01 -1.253841440961943e-04
4.050000000000000e-01 5.016034376063282e-01 -1.257870267280659e-04
4.100000000000000e-01 5.147463393589066e-01 -1.259015942370800e-04
4.150000000000000e-01 5.282109743299990e-01 -1.262309517680297e-04
4.200000000000000e-01 5.420057583547735e-01 -1.263722196188024e-04
4.250000000000000e-01 5.561393136223041e-01 -1.266238417109575e-04
4.300000000000000e-01 5.706204740647189e-01 -1.267386655372555e-04
4.350000000000000e-01 5.854582908786964e-01 -1.268049336358080e-04
4.400000000000000e-01 6.006620381827575e-01 -1.269428266745137e-04
4.450000000000000e-01 6.162412188138907e-01 -1.269142774358461e-04
4.500000000000000e-01 6.322055702671360e-01 -1.269868944053660e-04
4.550000000000000e-01 6.485650707818353e-01 -1.268747741672436e-04
4.600000000000000e-01 6.653299455783577e-01 -1.267831055702308e-04
4.650000000000000e-01 6.825106732491932e-01 -1.266052437473611e-04
4.700000000000000e-01 7.001179923084168e-01 -1.263182601240735e-04
4.750000000000000e-01 7.181629079036070e-01 -1.260468251346572e-04
4.800000000000000e-01 7.366566986944229e-01 -1.256266891115035e-04
4.850000000000000e-01 7.556109239021327e-01 -1.252075662892205e-04
4.900000000000000e-01 7.750374305345038e-01 -1.246473153051278e-04
4.950000000000000e-01 7.949483607905672e-01 -1.240272647352503e-04
5.000000000000000e-01 8.153561596498893e-01 -1.232813298190031e-04
5.050000000000000e-01 8.362735826510871e-01 -1.224941921975618e-04
5.100000000000000e-01 8.577137038644561e-01 -1.215897882239236e-04
5.150000000000000e-01 8.796899240636907e-01 -1.206093803406275e-04
5.200000000000000e-01 9.022159791018011e-01 -1.195387252844068e-04
5.250000000000000e-01 9.253059484964714e-01 -1.182993547434381e-04
5.300000000000000e-01 9.489742642302165e-01 -1.170964831611229e-04
5.350000000000000e-01 9.732357197708378e-01 -1.157600645125738e-04
5.400000000000000e-01 9.981054793178262e-01 -1.142837092821448e-04
5.450000000000000e-01 1.023599087280478e+00 -1.128332960086192e-04
5.500000000000000e-01 1.049732477993657e+00 -1.112483812690685e-04
5.550000000000000e-01 1.076521985677273e+00 -1.096680657036434e-04
5.600000000000001e-01 1.103984354645701e+00 -1.080135319463271e-04
5.650000000000001e-01 1.132136749773522e+00 -1.063419890183408e-04
5.700000000000001e-01 1.160996767224129e+00 -1.047027104847918e-04
5.750000000000001e-01 1.190582445447902e+00 -1.030239233009514e-04
5.800000000000000e-01 1.220912276456826e+00 -1.014276505973747e-04
5.850000000000000e-01 1.252005217382601e+00 -9.988359121728556e-05
5.900000000000000e-01 1.283880702325469e+00 -9.839216123587543e-05
5.950000000000000e-01 1.316558654501151e+00 -9.707721431099832e-05
6.000000000000000e-01 1.350059498693518e+00 -9.584250828544666e-05
6.050000000000000e-01 1.384404174020732e+00 -9.481330342438974e-05
6.100000000000000e-01 1.419614147022888e+00 -9.400234153424458e-05
6.150000000000000e-01 1.455711425079295e+00 -9.338780800868495e-05
6.200000000000000e-01 1.492718570163803e+00 -9.309560445113010e-05
6.250000000000000e-01 1.530658712946775e+00 -9.311161948786449e-05
6.300000000000000e-01 1.569555567252506e+00 -9.345772780158812e-05
6.350000000000000e-01 1.609433444881138e+00 -9.427978634147181e-05
6.400000000000000e-01 1.650317270804325e+00 -9.553871349673314e-05
6.450000000000000e-01 1.692232598744148e+00 -9.735401130399638e-05
6.500000000000000e-01 1.735205627145031e+00 -9.986256318392895e-05
6.550000000000000e-01 1.779263215548615e+00 -1.031148069713495e-04
6.600000000000000e-01 1.824432901381847e+00 -1.073081156677935e-04
6.650000000000000e-01 1.870742917168772e+00 -1.127021531665069e-04
6.700000000000000e-01 1.918222208176775e+00 -1.194985280528686e-04
6.750000000000000e-01 1.966900450508319e+00 -1.281251746392649e-04
6.800000000000000e-01 2.016808069649473e+00 -1.390950661242535e-04
6.850000000000001e-01 2.067976259486829e+00 -1.530189076493620e-04
6.900000000000001e-01 2.120437001804702e+00 -1.707655887913030e-04
6.950000000000001e-01 2.174223086274785e+00 -1.934525351693184e-04
7.000000000000001e-01 2.229368130950753e+00 -2.224395385347768e-04
7.050000000000000e-01 2.285906603280654e+00 -2.595504754806887e-04
7.100000000000000e-01 2.343873841650178e+00 -3.069601384910563e-04
7.150000000000000e-01 2.403306077470301e+00 -3.672648916852128e-04
7.200000000000000e-01 2.464240457823092e+00 -4.437043818223435e-04
7.250000000000000e-01 2.526715068679855e+00 -5.400143636522188e-04
7.300000000000000e-01 2.590768958706095e+00 -6.599310101507466e-04
7.350000000000000e-01 2.656442163668210e+00 -8.071908697431052e-04
7.400000000000000e-01 2.723775731457148e+00 -9.853301935680472e-04
7.450000000000000e-01 2.792811747744667e+00 -1.196334228523964e-03
7.500000000000000e-01 2.863593362288260e+00 -1.438167701514273e-03
7.550000000000000e-01 2.936164815901156e+00 -1.702354731374035e-03
7.600000000000000e-01 3.010571468104263e+00 -1.971531601783668e-03
7.650000000000000e-01 3.086859825477351e+00 -2.215609787422435e-03
7.700000000000000e-01 3.165077570727174e+00 -2.384763954622976e-03
7.750000000000000e-01 3.245273592490716e+00 -2.399763408369552e-03
7.800000000000000e-01 3.327498015892184e+00 -2.143045659485107e-03
7.850000000000000e-01 3.411802233872832e+00 -1.455667527611143e-03
7.900000000000000e-01 3.498238939313234e+00 -1.438125491311854e-04
7.950000000000000e-01 3.586862157968046e+00 2.004791765826579e-03
8.000000000000000e-01 3.677727282233856e+00 5.197582738026878e-03
8.050000000000000e-01 3.770891105771243e+00 9.611712033716692e-03
8.100000000000001e-01 3.866411859002656e+00 1.537036258487363e-02
8.150000000000001e-01 3.964349245508326e+00 2.252217791296967e-02
8.200000000000001e-01 4.064764479342956e+00 3.102303691208240e-02
8.250000000000001e-01 4.167720323296481e+00 4.071950140667623e-02
8.300000000000001e-01 4.273281128122877e+00 5.133529519887753e-02
8.350000000000000e-01 4.381512872761445e+00 6.246379319759218e-02
8.400000000000000e-01 4.492483205575838e+00 7.357024230311696e-02
8.450000000000000e-01 4.606261486636447e+00 8.400765265019187e-02
8.500000000000000e-01 4.722918831072739e+00 9.305149086974561e-02
8.550000000000000e-01 4.842528153522501e+00 9.995806310802118e-02
8.600000000000000e-01 4.965164213705875e+00 1.040477562314323e-01
8.650000000000000e-01 5.090903663152626e+00 1.048057896407844e-01
8.700000000000000e-01 5.219825093111814e+00 1.019829750090569e-01
8.750000000000000e-01 5.352009083673925e+00 9.567173295841924e-02
8.800000000000000e-01 5.487538254136007e+00 8.633252738504205e-02
8.850000000000000e-01 5.626497314641444e+00 7.475443592040799e-02
8.900000000000000e-01 5.768973119126561e+00 6.194936857180103e-02
8.950000000000000e-01 5.915054719607133e+00 4.899825112824051e-02
9.000000000000000e-01 6.064833421838831e+00 3.688317105992878e-02
9.050000000000000e-01 6.218402842386253e+00 2.634578191669497e-02
9.100000000000000e-01 6.375858967136348e+00 1.780556419205826e-02
9.150000000000000e-01 6.537300211292723e+00 1.135326326086618e-02
9.200000000000000e-01 6.702827480888332e+00 6.811640673424928e-03
9.250000000000000e-01 6.872544235855034e+00 3.836774034447514e-03
9.300000000000000e-01 7.046556554689444e+00 2.025726697776781e-03
9.350000000000001e-01 7.224973200755413e+00 1.002070823017584e-03
9.400000000000001e-01 7.407905690264673e+00 4.650129819444072e-04
9.450000000000001e-01 7.595468361978146e+00 2.031805903043570e-04
9.500000000000001e-01 7.787778448671316e+00 8.415614313391897e-05
9.550000000000001e-01 7.984956150408610e+00 3.337177589802548e-05
9.600000000000000e-01 8.187124709672272e+00 1.282018844261167e-05
9.650000000000000e-01 8.394410488393007e+00 4.823291366703755e-06
9.700000000000000e-01 8.606943046930221e+00 1.788518617325745e-06
9.750000000000000e-01 8.824855225051540e+00 6.573351657723369e-07
9.800000000000000e-01 9.048283224961922e+00 2.439737696007207e-07
9.850000000000000e-01 9.277366696434507e+00 1.281032867421668e-07
9.900000000000000e-01 9.512248824096272e+00 1.309449949413206e-07
9.950000000000000e-01 9.753076416923058e+00 4.650130717705560e-07
1.000000000000000e+00 1.000000000000000e+01 1.415043248405330e-04
