0.000000000000000e+00 0.000000000000000e+00 -1.074932773523225e-04
5.000000000000000e-03 3.369477419287315e-03 -1.110939389370231e-04
1.000000000000000e-02 6.741060871647481e-03 -1.120850472631647e-04
1.500000000000000e-02 1.011685770649257e-02 -1.114777153218572e-04
2.000000000000000e-02 1.349897790673588e-02 -1.120271614246491e-04
2.500000000000000e-02 1.688953540759990e-02 -1.111834198581637e-04
3.000000000000000e-02 2.029064941789469e-02 -1.121277172634253e-04
3.500000000000000e-02 2.370444574459234e-02 -1.107425544005257e-04
4.000000000000000e-02 2.713305812152553e-02 -1.119910240674592e-04
4.500000000000000e-02 3.057862954304063e-02 -1.109984113419575e-04
5.000000000000000e-02 3.404331360343898e-02 -1.117989168442095e-04
5.500000000000000e-02 3.752927584304335e-02 -1.111722479593550e-04
6.000000000000000e-02 4.103869510173117e-02 -1.114677961295190e-04
6.500000000000000e-02 4.457376488078044e-02 -1.109931395609485e-04
7.000000000000001e-02 4.813669471387935e-02 -1.116267873340297e-04
7.500000000000000e-02 5.172971154815675e-02 -1.110020253430961e-04
8.000000000000000e-02 5.535506113609672e-02 -1.116655487786403e-04
8.500000000000001e-02 5.901500943920686e-02 -1.110403767843712e-04
9.000000000000000e-02 6.271184404431801e-02 -1.116575073557594e-04
9.500000000000000e-02 6.644787559340060e-02 -1.110582439752776e-04
1.000000000000000e-01 7.022543922779090e-02 -1.117195059698625e-04
1.050000000000000e-01 7.404689604773053e-02 -1.112074334660242e-04
1.100000000000000e-01 7.791463458813094e-02 -1.117335062005478e-04
1.150000000000000e-01 8.183107231148547e-02 -1.113971570391025e-04
1.200000000000000e-01 8.579865711886202e-02 -1.117351969631878e-04
1.250000000000000e-01 8.981986887992111e-02 -1.115275422881729e-04
1.300000000000000e-01 9.389722098291493e-02 -1.118666898087196e-04
1.350000000000000e-01 9.803326190563690e-02 -1.117219491354605e-04
1.400000000000000e-01 1.022305768083033e-01 -1.120259393477057e-04
1.450000000000000e-01 1.064917891493625e-01 -1.119126602829090e-04
1.500000000000000e-01 1.108195623252418e-01 -1.121008422668306e-04
1.550000000000000e-01 1.152166013350572e-01 -1.122266835964576e-04
1.600000000000000e-01 1.196856544713255e-01 -1.122294853304223e-04
1.650000000000000e-01 1.242295150377370e-01 -1.124217552063900e-04
1.700000000000000e-01 1.288510230950609e-01 -1.123859917639618e-04
1.750000000000000e-01 1.335530672362758e-01 -1.126502396623677e-04
1.800000000000000e-01 1.383385863920344e-01 -1.125945333265534e-04
1.850000000000000e-01 1.432105716675912e-01 -1.129022283065527e-04
1.900000000000000e-01 1.481720682123397e-01 -1.127886705433900e-04
1.950000000000000e-01 1.532261771231311e-01 -1.131526805256593e-04
2.000000000000000e-01 1.583760573825595e-01 -1.129334914671986e-04
2.050000000000000e-01 1.636249278334301e-01 -1.133507499301856e-04
2.100000000000000e-01 1.689760691906397e-01 -1.132019813801242e-04
2.150000000000000e-01 1.744328260917313e-01 -1.135493664902547e-04
2.200000000000000e-01 1.799986091874004e-01 -1.134776562087495e-04
2.250000000000000e-01 1.856768972732633e-01 -1.138254047797960e-04
2.300000000000000e-01 1.914712394642179e-01 -1.137707294831553e-04
2.350000000000000e-01 1.973852574127551e-01 -1.140885266244139e-04
2.400000000000000e-01 2.034226475726105e-01 -1.140732215176668e-04
2.450000000000000e-01 2.095871835091678e-01 -1.144160432665001e-04
2.500000000000000e-01 2.158827182580599e-01 -1.145172068880158e-04
2.550000000000000e-01 2.223131867334419e-01 -1.148232418480872e-04
2.600000000000000e-01 2.288826081874405e-01 -1.149566813622103e-04
2.650000000000000e-01 2.355950887223172e-01 -1.151920565907709e-04
2.700000000000000e-01 2.424548238569160e-01 -1.154397036807089e-04
2.750000000000000e-01 2.494661011489995e-01 -1.156627150401270e-04
2.800000000000000e-01 2.566333028751116e-01 -1.158986716359721e-04
2.850000000000000e-01 2.639609087696434e-01 -1.160897318791577e-04
2.900000000000000e-01 2.714534988248126e-01 -1.163865633869330e-04
2.950000000000000e-01 2.791157561533084e-01 -1.164791605884298e-04
3.000000000000000e-01 2.869524699153886e-01 -1.168505771639343e-04
3.050000000000000e-01 2.949685383122613e-01 -1.170350414164266e-04
3.100000000000000e-01 3.031689716476197e-01 -1.173824062085490e-04
3.150000000000000e-01 3.115588954592450e-01 -1.175956639974819e-04
3.200000000000000e-01 3.201435537226349e-01 -1.179052290564951e-04
3.250000000000000e-01 3.289283121286580e-01 -1.181839116151736e-04
3.300000000000000e-01 3.379186614372866e-01 -1.185375609081349e-04
3.350000000000000e-01 3.471202209094989e-01 -1.188234587849862e-04
3.400000000000000e-01 3.565387418195016e-01 -1.191716258126941e-04
3.450000000000000e-01 3.661801110494620e-01 -1.195118383885530e-04
3.500000000000000e-01 3.760503547690021e-01 -1.197340506205537e-04
3.550000000000000e-01 3.861556422017504e-01 -1.201215655919550e-04
3.600000000000000e-01 3.965022894813072e-01 -1.203820717104452e-04
3.650000000000000e-01 4.070967635990345e-01 -1.207308263262705e-04
3.700000000000000e-01 4.179456864461349e-01 -1.210054944809503e-04
3.750000000000000e-01 4.290558389525505e-01 -1.213734179321206e-04
3.800000000000000e-01 4.404341653252637e-01 -1.216621714420695e-04
3.850000000000000e-01 4.520877773886537e-01 -1.220323550355899e-04
3.900000000000000e-01 4.640239590296172e-01 -1.223097684410156e-04
3.950000000000000e-01 4.762501707502353e-01 -1.226120269082357e-04
4.000000000000000e-01 4.887740543308307e-01 -1.228895341283725e-04
4.050000000000000e-01 5.016034376063282e-01 -1.231533117551043e-04
4.100000000000000e-01 5.147463393589066e-01 -1.233785756770128e-04
4.150000000000000e-01 5.282109743299990e-01 -1.236531611182737e-04
4.200000000000000e-01 5.420057583547735e-01 -1.238388911073672e-04
4.250000000000000e-01 5.561393136223041e-01 -1.239969304233382e-04
4.300000000000000e-01 5.706204740647189e-01 -1.241523660921463e-04
4.350000000000000e-01 5.854582908786964e-01 -1.242824923481291e-04
4.400000000000000e-01 6.006620381827575e-01 -1.243917105716130e-04
4.450000000000000e-01 6.162412188138907e-01 -1.243870847814200e-04
4.500000000000000e-01 6.322055702671360e-01 -1.244006384739530e-04
4.550000000000000e-01 6.485650707818353e-01 -1.243017031508039e-04
4.600000000000000e-01 6.653299455783577e-01 -1.242009662722662e-04
4.650000000000000e-01 6.825106732491932e-01 -1.240358601178829e-04
4.700000000000000e-01 7.001179923084168e-01 -1.237705164569020e-04
4.750000000000000e-01 7.181629079036070e-01 -1.235294566752368e-04
4.800000000000000e-01 7.366566986944229e-01 -1.230610833416128e-04
4.850000000000000e-01 7.556109239021327e-01 -1.226622431220671e-04
4.900000000000000e-01 7.750374305345038e-01 -1.220637190884194e-04
4.950000000000000e-01 7.949483607905672e-01 -1.214414085491312e-04
5.000000000000000e-01 8.153561596498893e-01 -1.207814329728507e-04
5.050000000000000e-01 8.362735826510871e-01 -1.199144693484755e-04
5.100000000000000e-01 8.577137038644561e-01 -1.190717501430199e-04
5.150000000000000e-01 8.796899240636907e-01 -1.180368887263695e-04
5.200000000000000e-01 9.022159791018011e-01 -1.169460465191144e-04
5.250000000000000e-01 9.253059484964714e-01 -1.158294899666945e-04
5.300000000000000e-01 9.489742642302165e-01 -1.145238235699371e-04
5.350000000000000e-01 9.732357197708378e-01 -1.131893220714526e-04
5.400000000000000e-01 9.981054793178262e-01 -1.117484629815306e-04
5.450000000000000e-01 1.023599087280478e+00 -1.102917183144321e-04
5.500000000000000e-01 1.049732477993657e+00 -1.087098292745374e-04
5.550000000000000e-01 1.076521985677273e+00 -1.070903499730031e-04
5.600000000000001e-01 1.103984354645701e+00 -1.054799000504802e-04
5.650000000000001e-01 1.132136749773522e+00 -1.037804022815550e-04
5.700000000000001e-01 1.160996767224129e+00 -1.021238694567642e-04
5.750000000000001e-01 1.190582445447902e+00 -1.004679187060019e-04
5.800000000000000e-01 1.220912276456826e+00 -9.881690437843864e-05
5.850000000000000e-01 1.252005217382601e+00 -9.728212321208219e-05
5.900000000000000e-01 1.283880702325469e+00 -9.575843412671088e-05
5.950000000000000e-01 1.316558654501151e+00 -9.438573657089869e-05
6.000000000000000e-01 1.350059498693518e+00 -9.313896619214688e-05
6.050000000000000e-01 1.384404174020732e+00 -9.201475054125007e-05
6.100000000000000e-01 1.419614147022888e+00 -9.112659838245819e-05
6.150000000000000e-01 1.455711425079295e+00 -9.041965324160456e-05
6.200000000000000e-01 1.492718570163803e+00 -8.994471761804720e-05
6.250000000000000e-01 1.530658712946775e+00 -8.979134644847331e-05
6.300000000000000e-01 1.569555567252506e+00 -8.988112494699241e-05
6.350000000000000e-01 1.609433444881138e+00 -9.033987276999132e-05
6.400000000000000e-01 1.650317270804325e+00 -9.118771954375351e-05
6.450000000000000e-01 1.692232598744148e+00 -9.241187142787598e-05
6.500000000000000e-01 1.735205627145031e+00 -9.414299002740136e-05
6.550000000000000e-01 1.779263215548615e+00 -9.642862751117065e-05
6.600000000000000e-01 1.824432901381847e+00 -9.930455726947279e-05
6.650000000000000e-01 1.870742917168772e+00 -1.029813822227037e-04
6.700000000000000e-01 1.918222208176775e+00 -1.075746363840406e-04
6.750000000000000e-01 1.966900450508319e+00 -1.132864011379901e-04
6.800000000000000e-01 2.016808069649473e+00 -1.204617272576893e-04
6.850000000000001e-01 2.067976259486829e+00 -1.294752899762850e-04
6.900000000000001e-01 2.120437001804702e+00 -1.408262637649473e-04
6.950000000000001e-01 2.174223086274785e+00 -1.552455256671475e-04
7.000000000000001e-01 2.229368130950753e+00 -1.735687441549220e-04
7.050000000000000e-01 2.285906603280654e+00 -1.969427669336738e-04
7.100000000000000e-01 2.343873841650178e+00 -2.268240606251198e-04
7.150000000000000e-01 2.403306077470301e+00 -2.648604277877190e-04
7.200000000000000e-01 2.464240457823092e+00 -3.130594933254809e-04
7.250000000000000e-01 2.526715068679855e+00 -3.739600524787229e-04
7.300000000000000e-01 2.590768958706095e+00 -4.501189602862015e-04
7.350000000000000e-01 2.656442163668210e+00 -5.437666879161034e-04
7.400000000000000e-01 2.723775731457148e+00 -6.568605396581289e-04
7.450000000000000e-01 2.792811747744667e+00 -7.905899737680766e-04
7.500000000000000e-01 2.863593362288260e+00 -9.433699130516439e-04
7.550000000000000e-01 2.936164815901156e+00 -1.108185386543590e-03
7.600000000000000e-01 3.010571468104263e+00 -1.270156760617617e-03
7.650000000000000e-01 3.086859825477351e+00 -1.403953864142582e-03
7.700000000000000e-01 3.165077570727174e+00 -1.468919766882200e-03
7.750000000000000e-01 3.245273592490716e+00 -1.400627386378451e-03
7.800000000000000e-01 3.327498015892184e+00 -1.100392169521354e-03
7.850000000000000e-01 3.411802233872832e+00 -4.276608863483618e-04
7.900000000000000e-01 3.498238939313234e+00 7.992967040406105e-04
7.950000000000000e-01 3.586862157968046e+00 2.791387836242573e-03
8.000000000000000e-01 3.677727282233856e+00 5.766459896692024e-03
8.050000000000000e-01 3.770891105771243e+00 9.921227732776657e-03
8.100000000000001e-01 3.866411859002656e+00 1.540271370748004e-02
8.150000000000001e-01 3.964349245508326e+00 2.228275438334959e-02
8.200000000000001e-01 4.064764479342956e+00 3.053635036589099e-02
8.250000000000001e-01 4.167720323296481e+00 4.002343569857323e-02
8.300000000000001e-01 4.273281128122877e+00 5.047501713915431e-02
8.350000000000000e-01 4.381512872761445e+00 6.148655643860747e-02
8.400000000000000e-01 4.492483205575838e+00 7.252234013274461e-02
8.450000000000000e-01 4.606261486636447e+00 8.293414326714221e-02
8.500000000000000e-01 4.722918831072739e+00 9.199784059305983e-02
8.550000000000000e-01 4.842528153522501e+00 9.897151894271400e-02
8.600000000000000e-01 4.965164213705875e+00 1.031762578631024e-01
8.650000000000000e-01 5.090903663152626e+00 1.040936291707443e-01
8.700000000000000e-01 5.219825093111814e+00 1.014642717938676e-01
8.750000000000000e-01 5.352009083673925e+00 9.536397306252173e-02
8.800000000000000e-01 5.487538254136007e+00 8.623249155090962e-02
8.850000000000000e-01 5.626497314641444e+00 7.483802249217639e-02
8.900000000000000e-01 5.768973119126561e+00 6.217559074419439e-02
8.950000000000000e-01 5.915054719607133e+00 4.931646703854942e-02
9.000000000000000e-01 6.064833421838831e+00 3.724171423344989e-02
9.050000000000000e-01 6.218402842386253e+00 2.669984587072680e-02
9.100000000000000e-01 6.375858967136348e+00 1.812256179753365e-02
9.150000000000000e-01 6.537300211292723e+00 1.161478952486849e-02
9.200000000000000e-01 6.702827480888332e+00 7.012253026398675e-03
9.250000000000000e-01 6.872544235855034e+00 3.980644259482473e-03
9.300000000000000e-01 7.046556554689444e+00 2.122542264259166e-03
9.350000000000001e-01 7.224973200755413e+00 1.063364812791231e-03
9.400000000000001e-01 7.407905690264673e+00 5.015938371571966e-04
9.450000000000001e-01 7.595468361978146e+00 2.237937342542771e-04
9.500000000000001e-01 7.787778448671316e+00 9.513770275369468e-05
9.550000000000001e-01 7.984956150408610e+00 3.890904679772765e-05
9.600000000000000e-01 8.187124709672272e+00 1.546533599330114e-05
9.650000000000000e-01 8.394410488393007e+00 6.020280405873040e-06
9.700000000000000e-01 8.606943046930221e+00 2.300644688272919e-06
9.750000000000000e-01 8.824855225051540e+00 8.546696666004058e-07
9.800000000000000e-01 9.048283224961922e+00 2.979292130465404e-07
9.850000000000000e-01 9.277366696434507e+00 4.156679288720305e-08
9.900000000000000e-01 9.512248824096272e+00 -1.147046926396650e-07
9.950000000000000e-01 9.753076416923058e+00 -6.531258003987964e-07
1.000000000000000e+00 1.000000000000000e+01 -2.066442407377843e-04
