0.000000000000000e+00 0.000000000000000e+00 -1.055041073801465e-03
5.000000000000000e-03 3.369477419287315e-03 -1.058641735700604e-03
1.000000000000000e-02 6.741060871647481e-03 -1.055531598587076e-03
1.500000000000000e-02 1.011685770649257e-02 -1.058458756159572e-03
2.000000000000000e-02 1.349897790673588e-02 -1.056194260042847e-03
2.500000000000000e-02 1.688953540759990e-02 -1.058882707863590e-03
3.000000000000000e-02 2.029064941789469e-02 -1.057662639272963e-03
3.500000000000000e-02 2.370444574459234e-02 -1.060017288708075e-03
4.000000000000000e-02 2.713305812152553e-02 -1.059086092032703e-03
4.500000000000000e-02 3.057862954304063e-02 -1.061088513384135e-03
5.000000000000000e-02 3.404331360343898e-02 -1.061162811755261e-03
5.500000000000000e-02 3.752927584304335e-02 -1.063051263286169e-03
6.000000000000000e-02 4.103869510173117e-02 -1.063341066804017e-03
6.500000000000000e-02 4.457376488078044e-02 -1.065592457275225e-03
7.000000000000001e-02 4.813669471387935e-02 -1.066325058864503e-03
7.500000000000000e-02 5.172971154815675e-02 -1.068581826213172e-03
8.000000000000000e-02 5.535506113609672e-02 -1.069921001094398e-03
8.500000000000001e-02 5.901500943920686e-02 -1.072170059820204e-03
9.000000000000000e-02 6.271184404431801e-02 -1.074008407233285e-03
9.500000000000000e-02 6.644787559340060e-02 -1.076343661885039e-03
1.000000000000000e-01 7.022543922779090e-02 -1.078656522271962e-03
1.050000000000000e-01 7.404689604773053e-02 -1.081111371012533e-03
1.100000000000000e-01 7.791463458813094e-02 -1.084052120128916e-03
1.150000000000000e-01 8.183107231148547e-02 -1.086654405959328e-03
1.200000000000000e-01 8.579865711886202e-02 -1.089881968331826e-03
1.250000000000000e-01 8.981986887992111e-02 -1.092818971530004e-03
1.300000000000000e-01 9.389722098291493e-02 -1.096493006619609e-03
1.350000000000000e-01 9.803326190563690e-02 -1.099879211745752e-03
1.400000000000000e-01 1.022305768083033e-01 -1.103933940573714e-03
1.450000000000000e-01 1.064917891493625e-01 -1.107759051515400e-03
1.500000000000000e-01 1.108195623252418e-01 -1.112379576203250e-03
1.550000000000000e-01 1.152166013350572e-01 -1.116739516352145e-03
1.600000000000000e-01 1.196856544713255e-01 -1.121782063630741e-03
1.650000000000000e-01 1.242295150377370e-01 -1.126837746178257e-03
1.700000000000000e-01 1.288510230950609e-01 -1.132249178001313e-03
1.750000000000000e-01 1.335530672362758e-01 -1.138087062383244e-03
1.800000000000000e-01 1.383385863920344e-01 -1.144020643794489e-03
1.850000000000000e-01 1.432105716675912e-01 -1.150592131156184e-03
1.900000000000000e-01 1.481720682123397e-01 -1.157175010131398e-03
1.950000000000000e-01 1.532261771231311e-01 -1.164529111711226e-03
2.000000000000000e-01 1.583760573825595e-01 -1.171791258602640e-03
2.050000000000000e-01 1.636249278334301e-01 -1.179955336037345e-03
2.100000000000000e-01 1.689760691906397e-01 -1.188144411848366e-03
2.150000000000000e-01 1.744328260917313e-01 -1.197213056901646e-03
2.200000000000000e-01 1.799986091874004e-01 -1.206483968175686e-03
2.250000000000000e-01 1.856768972732633e-01 -1.216542849567618e-03
2.300000000000000e-01 1.914712394642179e-01 -1.226922328511524e-03
2.350000000000000e-01 1.973852574127551e-01 -1.238028788999714e-03
2.400000000000000e-01 2.034226475726105e-01 -1.249755292543025e-03
2.450000000000000e-01 2.095871835091678e-01 -1.261996385271459e-03
2.500000000000000e-01 2.158827182580599e-01 -1.275110457863827e-03
2.550000000000000e-01 2.223131867334419e-01 -1.288783680586460e-03
2.600000000000000e-01 2.288826081874405e-01 -1.303413010207340e-03
2.650000000000000e-01 2.355950887223172e-01 -1.318726332569710e-03
2.700000000000000e-01 2.424548238569160e-01 -1.335074742382308e-03
2.750000000000000e-01 2.494661011489995e-01 -1.352231216635083e-03
2.800000000000000e-01 2.566333028751116e-01 -1.370438253647393e-03
2.850000000000000e-01 2.639609087696434e-01 -1.389714220751355e-03
2.900000000000000e-01 2.714534988248126e-01 -1.409994107288737e-03
2.950000000000000e-01 2.791157561533084e-01 -1.431601824095818e-03
3.000000000000000e-01 2.869524699153886e-01 -1.454323516908751e-03
3.050000000000000e-01 2.949685383122613e-01 -1.478564518531799e-03
3.100000000000000e-01 3.031689716476197e-01 -1.504041956836864e-03
3.150000000000000e-01 3.115588954592450e-01 -1.531173142664353e-03
3.200000000000000e-01 3.201435537226349e-01 -1.559879246038035e-03
3.250000000000000e-01 3.289283121286580e-01 -1.590347575982829e-03
3.300000000000000e-01 3.379186614372866e-01 -1.622624969473691e-03
3.350000000000000e-01 3.471202209094989e-01 -1.656860407836623e-03
3.400000000000000e-01 3.565387418195016e-01 -1.693181544334430e-03
3.450000000000000e-01 3.661801110494620e-01 -1.731756815877522e-03
3.500000000000000e-01 3.760503547690021e-01 -1.772720973315363e-03
3.550000000000000e-01 3.861556422017504e-01 -1.816250644633011e-03
3.600000000000000e-01 3.965022894813072e-01 -1.862532253618683e-03
3.650000000000000e-01 4.070967635990345e-01 -1.911702389090162e-03
3.700000000000000e-01 4.179456864461349e-01 -1.964032448909253e-03
3.750000000000000e-01 4.290558389525505e-01 -2.019699667709304e-03
3.800000000000000e-01 4.404341653252637e-01 -2.078972605127132e-03
3.850000000000000e-01 4.520877773886537e-01 -2.142178465747165e-03
3.900000000000000e-01 4.640239590296172e-01 -2.209400228392171e-03
3.950000000000000e-01 4.762501707502353e-01 -2.281210453838522e-03
4.000000000000000e-01 4.887740543308307e-01 -2.357657247531790e-03
4.050000000000000e-01 5.016034376063282e-01 -2.439310301531551e-03
4.100000000000000e-01 5.147463393589066e-01 -2.526562118995227e-03
4.150000000000000e-01 5.282109743299990e-01 -2.619629437173951e-03
4.200000000000000e-01 5.420057583547735e-01 -2.719137653355311e-03
4.250000000000000e-01 5.561393136223041e-01 -2.825534840162818e-03
4.300000000000000e-01 5.706204740647189e-01 -2.939328344459208e-03
4.350000000000000e-01 5.854582908786964e-01 -3.061122936994109e-03
4.400000000000000e-01 6.006620381827575e-01 -3.191451996114287e-03
4.450000000000000e-01 6.162412188138907e-01 -3.331131783964126e-03
4.500000000000000e-01 6.322055702671360e-01 -3.480709297467863e-03
4.550000000000000e-01 6.485650707818353e-01 -3.641084123274467e-03
4.600000000000000e-01 6.653299455783577e-01 -3.813053000707292e-03
4.650000000000000e-01 6.825106732491932e-01 -3.997469940828132e-03
4.700000000000000e-01 7.001179923084168e-01 -4.195382279984690e-03
4.750000000000000e-01 7.181629079036070e-01 -4.407754953638246e-03
4.800000000000000e-01 7.366566986944229e-01 -4.635695594260300e-03
4.850000000000000e-01 7.556109239021327e-01 -4.880459897098334e-03
4.900000000000000e-01 7.750374305345038e-01 -5.143167229104719e-03
4.950000000000000e-01 7.949483607905672e-01 -5.425275527051169e-03
5.000000000000000e-01 8.153561596498893e-01 -5.728113354539157e-03
5.050000000000000e-01 8.362735826510871e-01 -6.053138509292360e-03
5.100000000000000e-01 8.577137038644561e-01 -6.401948693614191e-03
5.150000000000000e-01 8.796899240636907e-01 -6.776072246618288e-03
5.200000000000000e-01 9.022159791018011e-01 -7.177126756169066e-03
5.250000000000000e-01 9.253059484964714e-01 -7.606847905226225e-03
5.300000000000000e-01 9.489742642302165e-01 -8.066768945873919e-03
5.350000000000000e-01 9.732357197708378e-01 -8.558586968846869e-03
5.400000000000000e-01 9.981054793178262e-01 -9.083858166753384e-03
5.450000000000000e-01 1.023599087280478e+00 -9.643960000974398e-03
5.500000000000000e-01 1.049732477993657e+00 -1.024019777332570e-02
5.550000000000000e-01 1.076521985677273e+00 -1.087362037780608e-02
5.600000000000001e-01 1.103984354645701e+00 -1.154482419295787e-02
5.650000000000001e-01 1.132136749773522e+00 -1.225414710619839e-02
5.700000000000001e-01 1.160996767224129e+00 -1.300129390624741e-02
5.750000000000001e-01 1.190582445447902e+00 -1.378523404877863e-02
5.800000000000000e-01 1.220912276456826e+00 -1.460419049740909e-02
5.850000000000000e-01 1.252005217382601e+00 -1.545537607076522e-02
5.900000000000000e-01 1.283880702325469e+00 -1.633468908144876e-02
5.950000000000000e-01 1.316558654501151e+00 -1.723674362946175e-02
6.000000000000000e-01 1.350059498693518e+00 -1.815456442912892e-02
6.050000000000000e-01 1.384404174020732e+00 -1.907928801975774e-02
6.100000000000000e-01 1.419614147022888e+00 -2.000011813574568e-02
6.150000000000000e-01 1.455711425079295e+00 -2.090424789327548e-02
6.200000000000000e-01 1.492718570163803e+00 -2.177665076468484e-02
6.250000000000000e-01 1.530658712946775e+00 -2.260017045816666e-02
6.300000000000000e-01 1.569555567252506e+00 -2.335584669368255e-02
6.350000000000000e-01 1.609433444881138e+00 -2.402321000217325e-02
6.400000000000000e-01 1.650317270804325e+00 -2.458076791198841e-02
6.450000000000000e-01 1.692232598744148e+00 -2.500683882257129e-02
6.500000000000000e-01 1.735205627145031e+00 -2.528053013516666e-02
6.550000000000000e-01 1.779263215548615e+00 -2.538264843744628e-02
6.600000000000000e-01 1.824432901381847e+00 -2.529662898807996e-02
6.650000000000000e-01 1.870742917168772e+00 -2.500949633713390e-02
6.700000000000000e-01 1.918222208176775e+00 -2.451260590069672e-02
6.750000000000000e-01 1.966900450508319e+00 -2.380205365591032e-02
6.800000000000000e-01 2.016808069649473e+00 -2.287874187541008e-02
6.850000000000001e-01 2.067976259486829e+00 -2.174827523265330e-02
6.900000000000001e-01 2.120437001804702e+00 -2.042060227474047e-02
6.950000000000001e-01 2.174223086274785e+00 -1.890948572380062e-02
7.000000000000001e-01 2.229368130950753e+00 -1.723173269640875e-02
7.050000000000000e-01 2.285906603280654e+00 -1.540644236016500e-02
7.100000000000000e-01 2.343873841650178e+00 -1.345423479543873e-02
7.150000000000000e-01 2.403306077470301e+00 -1.139662275222425e-02
7.200000000000000e-01 2.464240457823092e+00 -9.255367731996289e-03
7.250000000000000e-01 2.526715068679855e+00 -7.051988783658927e-03
7.300000000000000e-01 2.590768958706095e+00 -4.807197305165997e-03
7.350000000000000e-01 2.656442163668210e+00 -2.540455831993757e-03
7.400000000000000e-01 2.723775731457148e+00 -2.694134158944094e-04
7.450000000000000e-01 2.792811747744667e+00 1.990679983307157e-03
7.500000000000000e-01 2.863593362288260e+00 4.227783545836662e-03
7.550000000000000e-01 2.936164815901156e+00 6.434129061537643e-03
7.600000000000000e-01 3.010571468104263e+00 8.607724155458775e-03
7.650000000000000e-01 3.086859825477351e+00 1.075442028722511e-02
7.700000000000000e-01 3.165077570727174e+00 1.289065450354205e-02
7.750000000000000e-01 3.245273592490716e+00 1.504678736997310e-02
7.800000000000000e-01 3.327498015892184e+00 1.727068080283410e-02
7.850000000000000e-01 3.411802233872832e+00 1.963080097895905e-02
7.900000000000000e-01 3.498238939313234e+00 2.221780985082249e-02
7.950000000000000e-01 3.586862157968046e+00 2.514341995492097e-02
8.000000000000000e-01 3.677727282233856e+00 2.853529802371750e-02
8.050000000000000e-01 3.770891105771243e+00 3.252702585796634e-02
8.100000000000001e-01 3.866411859002656e+00 3.724255297134719e-02
8.150000000000001e-01 3.964349245508326e+00 4.277521504827521e-02
8.200000000000001e-01 4.064764479342956e+00 4.916229209246625e-02
8.250000000000001e-01 4.167720323296481e+00 5.635728685521801e-02
8.300000000000001e-01 4.273281128122877e+00 6.420358197097487e-02
8.350000000000000e-01 4.381512872761445e+00 7.241467582453495e-02
8.400000000000000e-01 4.492483205575838e+00 8.056737577882549e-02
8.450000000000000e-01 4.606261486636447e+00 8.811453010299417e-02
8.500000000000000e-01 4.722918831072739e+00 9.442244317536097e-02
8.550000000000000e-01 4.842528153522501e+00 9.883456484957724e-02
8.600000000000000e-01 4.965164213705875e+00 1.007573878805058e-01
8.650000000000000e-01 5.090903663152626e+00 9.975752072214446e-02
8.700000000000000e-01 5.219825093111814e+00 9.565232891876543e-02
8.750000000000000e-01 5.352009083673925e+00 8.857275671571155e-02
8.800000000000000e-01 5.487538254136007e+00 7.897837727349452e-02
8.850000000000000e-01 5.626497314641444e+00 6.761275838845944e-02
8.900000000000000e-01 5.768973119126561e+00 5.540110530393817e-02
8.950000000000000e-01 5.915054719607133e+00 4.330840510948514e-02
9.000000000000000e-01 6.064833421838831e+00 3.218945916894757e-02
9.050000000000000e-01 6.218402842386253e+00 2.266669431721489e-02
9.100000000000000e-01 6.375858967136348e+00 1.506453599442989e-02
9.150000000000000e-01 6.537300211292723e+00 9.412063644265448e-03
9.200000000000000e-01 6.702827480888332e+00 5.504859510112235e-03
9.250000000000000e-01 6.872544235855034e+00 3.000591928436598e-03
9.300000000000000e-01 7.046556554689444e+00 1.517134642179658e-03
9.350000000000001e-01 7.224973200755413e+00 7.080091837787798e-04
9.400000000000001e-01 7.407905690264673e+00 3.033680002260618e-04
9.450000000000001e-01 7.595468361978146e+00 1.186877829886587e-04
9.500000000000001e-01 7.787778448671316e+00 4.215029739203882e-05
9.550000000000001e-01 7.984956150408610e+00 1.350402084680889e-05
9.600000000000000e-01 8.187124709672272e+00 3.877500182747329e-06
9.650000000000000e-01 8.394410488393007e+00 9.909891587984359e-07
9.700000000000000e-01 8.606943046930221e+00 2.238007049390241e-07
9.750000000000000e-01 8.824855225051540e+00 4.432843956238751e-08
9.800000000000000e-01 9.048283224961922e+00 7.651764829746617e-09
9.850000000000000e-01 9.277366696434507e+00 1.152779654205383e-09
9.900000000000000e-01 9.512248824096272e+00 1.588098437440252e-10
9.950000000000000e-01 9.753076416923058e+00 3.145102629316633e-11
1.000000000000000e+00 1.000000000000000e+01 -6.570897237991960e-10
