0.000000000000000e+00 0.000000000000000e+00 -1.214312454176187e-04
5.000000000000000e-03 3.369477419287315e-03 -1.250319070027376e-04
1.000000000000000e-02 6.741060871647481e-03 -1.251959715983245e-04
1.500000000000000e-02 1.011685770649257e-02 -1.269557890838896e-04
2.000000000000000e-02 1.349897790673588e-02 -1.255225454116063e-04
2.500000000000000e-02 1.688953540759990e-02 -1.269827677964879e-04
3.000000000000000e-02 2.029064941789469e-02 -1.257286123471247e-04
3.500000000000000e-02 2.370444574459234e-02 -1.270181571023185e-04
4.000000000000000e-02 2.713305812152553e-02 -1.259899492637204e-04
4.500000000000000e-02 3.057862954304063e-02 -1.267711593351402e-04
5.000000000000000e-02 3.404331360343898e-02 -1.258808977428505e-04
5.500000000000000e-02 3.752927584304335e-02 -1.269283555783128e-04
6.000000000000000e-02 4.103869510173117e-02 -1.256977533902588e-04
6.500000000000000e-02 4.457376488078044e-02 -1.268187096800452e-04
7.000000000000001e-02 4.813669471387935e-02 -1.257624539881709e-04
7.500000000000000e-02 5.172971154815675e-02 -1.267768742626615e-04
8.000000000000000e-02 5.535506113609672e-02 -1.258367093156783e-04
8.500000000000001e-02 5.901500943920686e-02 -1.265242667614732e-04
9.000000000000000e-02 6.271184404431801e-02 -1.259765310057965e-04
9.500000000000000e-02 6.644787559340060e-02 -1.264947064633683e-04
1.000000000000000e-01 7.022543922779090e-02 -1.260870268490096e-04
1.050000000000000e-01 7.404689604773053e-02 -1.265944283529266e-04
1.100000000000000e-01 7.791463458813094e-02 -1.261833950524866e-04
1.150000000000000e-01 8.183107231148547e-02 -1.266160241195874e-04
1.200000000000000e-01 8.579865711886202e-02 -1.263321443584880e-04
1.250000000000000e-01 8.981986887992111e-02 -1.267081089009009e-04
1.300000000000000e-01 9.389722098291493e-02 -1.265092477182933e-04
1.350000000000000e-01 9.803326190563690e-02 -1.267861825849104e-04
1.400000000000000e-01 1.022305768083033e-01 -1.267848465900144e-04
1.450000000000000e-01 1.064917891493625e-01 -1.270250634503604e-04
1.500000000000000e-01 1.108195623252418e-01 -1.270483490763529e-04
1.550000000000000e-01 1.152166013350572e-01 -1.271452495685432e-04
1.600000000000000e-01 1.196856544713255e-01 -1.272702021918927e-04
1.650000000000000e-01 1.242295150377370e-01 -1.272823344562577e-04
1.700000000000000e-01 1.288510230950609e-01 -1.274911862174664e-04
1.750000000000000e-01 1.335530672362758e-01 -1.274767408025214e-04
1.800000000000000e-01 1.383385863920344e-01 -1.276585419405161e-04
1.850000000000000e-01 1.432105716675912e-01 -1.276596893985996e-04
1.900000000000000e-01 1.481720682123397e-01 -1.278786396108262e-04
1.950000000000000e-01 1.532261771231311e-01 -1.277712263749913e-04
2.000000000000000e-01 1.583760573825595e-01 -1.280987454721289e-04
2.050000000000000e-01 1.636249278334301e-01 -1.279685663106308e-04
2.100000000000000e-01 1.689760691906397e-01 -1.282907573751322e-04
2.150000000000000e-01 1.744328260917313e-01 -1.282412629348838e-04
2.200000000000000e-01 1.799986091874004e-01 -1.285369350514253e-04
2.250000000000000e-01 1.856768972732633e-01 -1.286091552921713e-04
2.300000000000000e-01 1.914712394642179e-01 -1.288451278342445e-04
2.350000000000000e-01 1.973852574127551e-01 -1.289668916984707e-04
2.400000000000000e-01 2.034226475726105e-01 -1.291419854010832e-04
2.450000000000000e-01 2.095871835091678e-01 -1.292863464669982e-04
2.500000000000000e-01 2.158827182580599e-01 -1.295242012318023e-04
2.550000000000000e-01 2.223131867334419e-01 -1.297350656450900e-04
2.600000000000000e-01 2.288826081874405e-01 -1.299174029527839e-04
2.650000000000000e-01 2.355950887223172e-01 -1.301891753562181e-04
2.700000000000000e-01 2.424548238569160e-01 -1.303109297894902e-04
2.750000000000000e-01 2.494661011489995e-01 -1.306239464716108e-04
2.800000000000000e-01 2.566333028751116e-01 -1.306699253193836e-04
2.850000000000000e-01 2.639609087696434e-01 -1.310456351645423e-04
2.900000000000000e-01 2.714534988248126e-01 -1.311460214440436e-04
2.950000000000000e-01 2.791157561533084e-01 -1.314817768986661e-04
3.000000000000000e-01 2.869524699153886e-01 -1.316674984949046e-04
3.050000000000000e-01 2.949685383122613e-01 -1.319907557172898e-04
3.100000000000000e-01 3.031689716476197e-01 -1.322129126982572e-04
3.150000000000000e-01 3.115588954592450e-01 -1.325720725128366e-04
3.200000000000000e-01 3.201435537226349e-01 -1.328147700386552e-04
3.250000000000000e-01 3.289283121286580e-01 -1.331683189608178e-04
3.300000000000000e-01 3.379186614372866e-01 -1.334520247134815e-04
3.350000000000000e-01 3.471202209094989e-01 -1.337138346173761e-04
3.400000000000000e-01 3.565387418195016e-01 -1.340606709326518e-04
3.450000000000000e-01 3.661801110494620e-01 -1.343298421158180e-04
3.500000000000000e-01 3.760503547690021e-01 -1.346447742580472e-04
3.550000000000000e-01 3.861556422017504e-01 -1.349580100869604e-04
3.600000000000000e-01 3.965022894813072e-01 -1.352865995563430e-04
3.650000000000000e-01 4.070967635990345e-01 -1.356135677011786e-04
3.700000000000000e-01 4.179456864461349e-01 -1.359517951852156e-04
3.750000000000000e-01 4.290558389525505e-01 -1.362457047123179e-04
3.800000000000000e-01 4.404341653252637e-01 -1.365686828248927e-04
3.850000000000000e-01 4.520877773886537e-01 -1.368832692611152e-04
3.900000000000000e-01 4.640239590296172e-01 -1.371677656764009e-04
3.950000000000000e-01 4.762501707502353e-01 -1.374664239443227e-04
4.000000000000000e-01 4.887740543308307e-01 -1.377548003302130e-04
4.050000000000000e-01 5.016034376063282e-01 -1.380053072626054e-04
4.100000000000000e-01 5.147463393589066e-01 -1.382256279746575e-04
4.150000000000000e-01 5.282109743299990e-01 -1.384719695426413e-04
4.200000000000000e-01 5.420057583547735e-01 -1.386738712109741e-04
4.250000000000000e-01 5.561393136223041e-01 -1.389003858041430e-04
4.300000000000000e-01 5.706204740647189e-01 -1.389863260620429e-04
4.350000000000000e-01 5.854582908786964e-01 -1.391481815134587e-04
4.400000000000000e-01 6.006620381827575e-01 -1.391558527369538e-04
4.450000000000000e-01 6.162412188138907e-01 -1.392174478806871e-04
4.500000000000000e-01 6.322055702671360e-01 -1.391952747170593e-04
4.550000000000000e-01 6.485650707818353e-01 -1.391105469934757e-04
4.600000000000000e-01 6.653299455783577e-01 -1.390510393763206e-04
4.650000000000000e-01 6.825106732491932e-01 -1.388017710262707e-04
4.700000000000000e-01 7.001179923084168e-01 -1.386040999793747e-04
4.750000000000000e-01 7.181629079036070e-01 -1.382489794856128e-04
4.800000000000000e-01 7.366566986944229e-01 -1.378525518610571e-04
4.850000000000000e-01 7.556109239021327e-01 -1.374504377955928e-04
4.900000000000000e-01 7.750374305345038e-01 -1.368323835529137e-04
4.950000000000000e-01 7.949483607905672e-01 -1.362715985264847e-04
5.000000000000000e-01 8.153561596498893e-01 -1.354941744068109e-04
5.050000000000000e-01 8.362735826510871e-01 -1.346882047496365e-04
5.100000000000000e-01 8.577137038644561e-01 -1.338465027890802e-04
5.150000000000000e-01 8.796899240636907e-01 -1.328397665802588e-04
5.200000000000000e-01 9.022159791018011e-01 -1.317614956623164e-04
5.250000000000000e-01 9.253059484964714e-01 -1.305923636433964e-04
5.300000000000000e-01 9.489742642302165e-01 -1.293906488327469e-04
5.350000000000000e-01 9.732357197708378e-01 -1.280678340444643e-04
5.400000000000000e-01 9.981054793178262e-01 -1.266683181640323e-04
5.450000000000000e-01 1.023599087280478e+00 -1.252788737552231e-04
5.500000000000000e-01 1.049732477993657e+00 -1.237642045631453e-04
5.550000000000000e-01 1.076521985677273e+00 -1.222903914145341e-04
5.600000000000001e-01 1.103984354645701e+00 -1.207796250220461e-04
5.650000000000001e-01 1.132136749773522e+00 -1.192756119573397e-04
5.700000000000001e-01 1.160996767224129e+00 -1.178596106451641e-04
5.750000000000001e-01 1.190582445447902e+00 -1.164696282597559e-04
5.800000000000000e-01 1.220912276456826e+00 -1.152253055733525e-04
5.850000000000000e-01 1.252005217382601e+00 -1.141500574889394e-04
5.900000000000000e-01 1.283880702325469e+00 -1.132366918147126e-04
5.950000000000000e-01 1.316558654501151e+00 -1.126580287878533e-04
6.000000000000000e-01 1.350059498693518e+00 -1.123749350190038e-04
6.050000000000000e-01 1.384404174020732e+00 -1.125235132487834e-04
6.100000000000000e-01 1.419614147022888e+00 -1.132322597518384e-04
6.150000000000000e-01 1.455711425079295e+00 -1.145435270160627e-04
6.200000000000000e-01 1.492718570163803e+00 -1.166707153822088e-04
6.250000000000000e-01 1.530658712946775e+00 -1.197959110458129e-04
6.300000000000000e-01 1.569555567252506e+00 -1.240652422293836e-04
6.350000000000000e-01 1.609433444881138e+00 -1.298590875902664e-04
6.400000000000000e-01 1.650317270804325e+00 -1.374712202522125e-04
6.450000000000000e-01 1.692232598744148e+00 -1.473146666985398e-04
6.500000000000000e-01 1.735205627145031e+00 -1.600180959150834e-04
6.550000000000000e-01 1.779263215548615e+00 -1.762445399423063e-04
6.600000000000000e-01 1.824432901381847e+00 -1.968433999263010e-04
6.650000000000000e-01 1.870742917168772e+00 -2.230325720421260e-04
6.700000000000000e-01 1.918222208176775e+00 -2.561821509304482e-04
6.750000000000000e-01 1.966900450508319e+00 -2.980563488359758e-04
6.800000000000000e-01 2.016808069649473e+00 -3.509508932587519e-04
6.850000000000001e-01 2.067976259486829e+00 -4.176431660135277e-04
6.900000000000001e-01 2.120437001804702e+00 -5.015101164885694e-04
6.950000000000001e-01 2.174223086274785e+00 -6.067776065227044e-04
7.000000000000001e-01 2.229368130950753e+00 -7.384572311271534e-04
7.050000000000000e-01 2.285906603280654e+00 -9.024794369551556e-04
7.100000000000000e-01 2.343873841650178e+00 -1.105725700493372e-03
7.150000000000000e-01 2.403306077470301e+00 -1.355835671869437e-03
7.200000000000000e-01 2.464240457823092e+00 -1.660935119955577e-03
7.250000000000000e-01 2.526715068679855e+00 -2.029371121286531e-03
7.300000000000000e-01 2.590768958706095e+00 -2.468589964306455e-03
7.350000000000000e-01 2.656442163668210e+00 -2.983288112184839e-03
7.400000000000000e-01 2.723775731457148e+00 -3.573339211649512e-03
7.450000000000000e-01 2.792811747744667e+00 -4.231567264775872e-03
7.500000000000000e-01 2.863593362288260e+00 -4.940181695742278e-03
7.550000000000000e-01 2.936164815901156e+00 -5.665246622002656e-03
7.600000000000000e-01 3.010571468104263e+00 -6.349752612547555e-03
7.650000000000000e-01 3.086859825477351e+00 -6.907606234879623e-03
7.700000000000000e-01 3.165077570727174e+00 -7.221377880483215e-03
7.750000000000000e-01 3.245273592490716e+00 -7.145845029664214e-03
7.800000000000000e-01 3.327498015892184e+00 -6.517211732587963e-03
7.850000000000000e-01 3.411802233872832e+00 -5.165834462997827e-03
7.900000000000000e-01 3.498238939313234e+00 -2.929428711648064e-03
7.950000000000000e-01 3.586862157968046e+00 3.356639891063067e-04
8.000000000000000e-01 3.677727282233856e+00 4.745869188686138e-03
8.050000000000000e-01 3.770891105771243e+00 1.038310194588844e-02
8.100000000000001e-01 3.866411859002656e+00 1.728639749133905e-02
8.150000000000001e-01 3.964349245508326e+00 2.544037146973155e-02
8.200000000000001e-01 4.064764479342956e+00 3.476000531376190e-02
8.250000000000001e-01 4.167720323296481e+00 4.507252192103704e-02
8.300000000000001e-01 4.273281128122877e+00 5.609848534601893e-02
8.350000000000000e-01 4.381512872761445e+00 6.743575719314336e-02
8.400000000000000e-01 4.492483205575838e+00 7.855287659149290e-02
8.450000000000000e-01 4.606261486636447e+00 8.880062822195625e-02
8.500000000000000e-01 4.722918831072739e+00 9.745030141101538e-02
8.550000000000000e-01 4.842528153522501e+00 1.037624004410108e-01
8.600000000000000e-01 4.965164213705875e+00 1.070814153314251e-01
8.650000000000000e-01 5.090903663152626e+00 1.069429518716775e-01
8.700000000000000e-01 5.219825093111814e+00 1.031720727041165e-01
8.750000000000000e-01 5.352009083673925e+00 9.594852829475413e-02
8.800000000000000e-01 5.487538254136007e+00 8.581748689202155e-02
8.850000000000000e-01 5.626497314641444e+00 7.363415195291680e-02
8.900000000000000e-01 5.768973119126561e+00 6.044615318583654e-02
8.950000000000000e-01 5.915054719607133e+00 4.733507028461390e-02
9.000000000000000e-01 6.064833421838831e+00 3.525205219140917e-02
9.050000000000000e-01 6.218402842386253e+00 2.488640434955470e-02
9.100000000000000e-01 6.375858967136348e+00 1.659737602957226e-02
9.150000000000000e-01 6.537300211292723e+00 1.042039089052518e-02
9.200000000000000e-01 6.702827480888332e+00 6.136585014557806e-03
9.250000000000000e-01 6.872544235855034e+00 3.377484361388276e-03
9.300000000000000e-01 7.046556554689444e+00 1.731243940353352e-03
9.350000000000001e-01 7.224973200755413e+00 8.238275494021499e-04
9.400000000000001e-01 7.407905690264673e+00 3.630252815056253e-04
9.450000000000001e-01 7.595468361978146e+00 1.479519648059515e-04
9.500000000000001e-01 7.787778448671316e+00 5.582311490851087e-05
9.550000000000001e-01 7.984956150408610e+00 1.958966645901417e-05
9.600000000000000e-01 8.187124709672272e+00 6.458420075860146e-06
9.650000000000000e-01 8.394410488393007e+00 2.034263907134184e-06
9.700000000000000e-01 8.606943046930221e+00 6.259743464131468e-07
9.750000000000000e-01 8.824855225051540e+00 1.929602161166401e-07
9.800000000000000e-01 9.048283224961922e+00 6.141551987918150e-08
9.850000000000000e-01 9.277366696434507e+00 2.696350531303322e-08
9.900000000000000e-01 9.512248824096272e+00 2.432269775773582e-08
9.950000000000000e-01 9.753076416923058e+00 8.349610650073737e-08
1.000000000000000e+00 1.000000000000000e+01 2.535236366373201e-05
