0.000000000000000e+00 0.000000000000000e+00 -1.292678573714267e-02
5.000000000000000e-03 3.369477419287315e-03 -1.293038688117243e-02
1.000000000000000e-02 6.741060871647481e-03 -1.293248066789792e-02
1.500000000000000e-02 1.011685770649257e-02 -1.293471241647864e-02
2.000000000000000e-02 1.349897790673588e-02 -1.293609467960420e-02
2.500000000000000e-02 1.688953540759990e-02 -1.293935220169739e-02
3.000000000000000e-02 2.029064941789469e-02 -1.294348602590030e-02
3.500000000000000e-02 2.370444574459234e-02 -1.294761116548105e-02
4.000000000000000e-02 2.713305812152553e-02 -1.295308837490048e-02
4.500000000000000e-02 3.057862954304063e-02 -1.295902725428659e-02
5.000000000000000e-02 3.404331360343898e-02 -1.296582676898017e-02
5.500000000000000e-02 3.752927584304335e-02 -1.297361285435343e-02
6.000000000000000e-02 4.103869510173117e-02 -1.298176240030725e-02
6.500000000000000e-02 4.457376488078044e-02 -1.299108667708125e-02
7.000000000000001e-02 4.813669471387935e-02 -1.300097862816875e-02
7.500000000000000e-02 5.172971154815675e-02 -1.301203741341034e-02
8.000000000000000e-02 5.535506113609672e-02 -1.302373081203127e-02
8.500000000000001e-02 5.901500943920686e-02 -1.303650921212583e-02
9.000000000000000e-02 6.271184404431801e-02 -1.305028852624019e-02
9.500000000000000e-02 6.644787559340060e-02 -1.306505253554207e-02
1.000000000000000e-01 7.022543922779090e-02 -1.308071777070502e-02
1.050000000000000e-01 7.404689604773053e-02 -1.309775523471857e-02
1.100000000000000e-01 7.791463458813094e-02 -1.311547915435579e-02
1.150000000000000e-01 8.183107231148547e-02 -1.313477951587877e-02
1.200000000000000e-01 8.579865711886202e-02 -1.315496228824692e-02
1.250000000000000e-01 8.981986887992111e-02 -1.317660658845128e-02
1.300000000000000e-01 9.389722098291493e-02 -1.319944790876720e-02
1.350000000000000e-01 9.803326190563690e-02 -1.322375718154324e-02
1.400000000000000e-01 1.022305768083033e-01 -1.324928450317246e-02
1.450000000000000e-01 1.064917891493625e-01 -1.327652953129695e-02
1.500000000000000e-01 1.108195623252418e-01 -1.330518691380126e-02
1.550000000000000e-01 1.152166013350572e-01 -1.333558582822165e-02
1.600000000000000e-01 1.196856544713255e-01 -1.336765699776578e-02
1.650000000000000e-01 1.242295150377370e-01 -1.340152174184107e-02
1.700000000000000e-01 1.288510230950609e-01 -1.343716967974794e-02
1.750000000000000e-01 1.335530672362758e-01 -1.347490434921129e-02
1.800000000000000e-01 1.383385863920344e-01 -1.351453897621047e-02
1.850000000000000e-01 1.432105716675912e-01 -1.355644232962227e-02
1.900000000000000e-01 1.481720682123397e-01 -1.360046273724893e-02
1.950000000000000e-01 1.532261771231311e-01 -1.364691327500459e-02
2.000000000000000e-01 1.583760573825595e-01 -1.369583517083458e-02
2.050000000000000e-01 1.636249278334301e-01 -1.374734329239980e-02
2.100000000000000e-01 1.689760691906397e-01 -1.380160509479655e-02
2.150000000000000e-01 1.744328260917313e-01 -1.385873169693210e-02
2.200000000000000e-01 1.799986091874004e-01 -1.391880713048807e-02
2.250000000000000e-01 1.856768972732633e-01 -1.398199776381005e-02
2.300000000000000e-01 1.914712394642179e-01 -1.404848818135263e-02
2.350000000000000e-01 1.973852574127551e-01 -1.411843164612646e-02
2.400000000000000e-01 2.034226475726105e-01 -1.419194773037115e-02
2.450000000000000e-01 2.095871835091678e-01 -1.426941856267371e-02
2.500000000000000e-01 2.158827182580599e-01 -1.435071184047986e-02
2.550000000000000e-01 2.223131867334419e-01 -1.443631908349769e-02
2.600000000000000e-01 2.288826081874405e-01 -1.452614492807843e-02
2.650000000000000e-01 2.355950887223172e-01 -1.462076295912785e-02
2.700000000000000e-01 2.424548238569160e-01 -1.472003045848033e-02
2.750000000000000e-01 2.494661011489995e-01 -1.482445938290867e-02
2.800000000000000e-01 2.566333028751116e-01 -1.493416035659300e-02
2.850000000000000e-01 2.639609087696434e-01 -1.504939501103100e-02
2.900000000000000e-01 2.714534988248126e-01 -1.517058700142577e-02
2.950000000000000e-01 2.791157561533084e-01 -1.529774957986483e-02
3.000000000000000e-01 2.869524699153886e-01 -1.543142988423537e-02
3.050000000000000e-01 2.949685383122613e-01 -1.557175834605603e-02
3.100000000000000e-01 3.031689716476197e-01 -1.571907537670620e-02
3.150000000000000e-01 3.115588954592450e-01 -1.587389057018319e-02
3.200000000000000e-01 3.201435537226349e-01 -1.603623880463159e-02
3.250000000000000e-01 3.289283121286580e-01 -1.620685622517155e-02
3.300000000000000e-01 3.379186614372866e-01 -1.638573315049822e-02
3.350000000000000e-01 3.471202209094989e-01 -1.657351718983420e-02
3.400000000000000e-01 3.565387418195016e-01 -1.677052282847797e-02
3.450000000000000e-01 3.661801110494620e-01 -1.697711050155740e-02
3.500000000000000e-01 3.760503547690021e-01 -1.719385493837213e-02
3.550000000000000e-01 3.861556422017504e-01 -1.742102749985527e-02
3.600000000000000e-01 3.965022894813072e-01 -1.765910172670478e-02
3.650000000000000e-01 4.070967635990345e-01 -1.790863070380946e-02
3.700000000000000e-01 4.179456864461349e-01 -1.817003164169849e-02
3.750000000000000e-01 4.290558389525505e-01 -1.844377918913357e-02
3.800000000000000e-01 4.404341653252637e-01 -1.873024905594181e-02
3.850000000000000e-01 4.520877773886537e-01 -1.903014321733547e-02
3.900000000000000e-01 4.640239590296172e-01 -1.934373023482669e-02
3.950000000000000e-01 4.762501707502353e-01 -1.967159695329083e-02
4.000000000000000e-01 4.887740543308307e-01 -2.001420895179017e-02
4.050000000000000e-01 5.016034376063282e-01 -2.037195600154817e-02
4.100000000000000e-01 5.147463393589066e-01 -2.074535962470781e-02
4.150000000000000e-01 5.282109743299990e-01 -2.113477408293123e-02
4.200000000000000e-01 5.420057583547735e-01 -2.154056100222235e-02
4.250000000000000e-01 5.561393136223041e-01 -2.196314730185880e-02
4.300000000000000e-01 5.706204740647189e-01 -2.240266514725019e-02
4.350000000000000e-01 5.854582908786964e-01 -2.285946644476030e-02
4.400000000000000e-01 6.006620381827575e-01 -2.333360581186474e-02
4.450000000000000e-01 6.162412188138907e-01 -2.382510946565010e-02
4.500000000000000e-01 6.322055702671360e-01 -2.433396791124875e-02
4.550000000000000e-01 6.485650707818353e-01 -2.485989503733644e-02
4.600000000000000e-01 6.653299455783577e-01 -2.540252889681895e-02
4.650000000000000e-01 6.825106732491932e-01 -2.596138132773652e-02
4.700000000000000e-01 7.001179923084168e-01 -2.653556666051127e-02
4.750000000000000e-01 7.181629079036070e-01 -2.712416564583261e-02
4.800000000000000e-01 7.366566986944229e-01 -2.772586885759584e-02
4.850000000000000e-01 7.556109239021327e-01 -2.833901153254258e-02
4.900000000000000e-01 7.750374305345038e-01 -2.896170407387285e-02
4.950000000000000e-01 7.949483607905672e-01 -2.959156694983985e-02
5.000000000000000e-01 8.153561596498893e-01 -3.022573840172191e-02
5.050000000000000e-01 8.362735826510871e-01 -3.086102064896518e-02
5.100000000000000e-01 8.577137038644561e-01 -3.149355368477068e-02
5.150000000000000e-01 8.796899240636907e-01 -3.211890918993355e-02
5.200000000000000e-01 9.022159791018011e-01 -3.273216364799231e-02
5.250000000000000e-01 9.253059484964714e-01 -3.332764694700387e-02
5.300000000000000e-01 9.489742642302165e-01 -3.389901149574820e-02
5.350000000000000e-01 9.732357197708378e-01 -3.443935715820966e-02
5.400000000000000e-01 9.981054793178262e-01 -3.494105126424105e-02
5.450000000000000e-01 1.023599087280478e+00 -3.539578165486341e-02
5.500000000000000e-01 1.049732477993657e+00 -3.579478808704283e-02
5.550000000000000e-01 1.076521985677273e+00 -3.612880121160728e-02
5.600000000000001e-01 1.103984354645701e+00 -3.638811829023017e-02
5.650000000000001e-01 1.132136749773522e+00 -3.656291372112152e-02
5.700000000000001e-01 1.160996767224129e+00 -3.664340196974303e-02
5.750000000000001e-01 1.190582445447902e+00 -3.661991807279570e-02
5.800000000000000e-01 1.220912276456826e+00 -3.648324959972255e-02
5.850000000000000e-01 1.252005217382601e+00 -3.622498490415581e-02
5.900000000000000e-01 1.283880702325469e+00 -3.583765342915262e-02
5.950000000000000e-01 1.316558654501151e+00 -3.531492927497556e-02
6.000000000000000e-01 1.350059498693518e+00 -3.465194051553437e-02
6.050000000000000e-01 1.384404174020732e+00 -3.384551021529177e-02
6.100000000000000e-01 1.419614147022888e+00 -3.289417101553958e-02
6.150000000000000e-01 1.455711425079295e+00 -3.179824456802764e-02
6.200000000000000e-01 1.492718570163803e+00 -3.055991698788962e-02
6.250000000000000e-01 1.530658712946775e+00 -2.918329043335597e-02
6.300000000000000e-01 1.569555567252506e+00 -2.767420786869394e-02
6.350000000000000e-01 1.609433444881138e+00 -2.604012537604457e-02
6.400000000000000e-01 1.650317270804325e+00 -2.428995600324598e-02
6.450000000000000e-01 1.692232598744148e+00 -2.243400862143786e-02
6.500000000000000e-01 1.735205627145031e+00 -2.048377120667952e-02
6.550000000000000e-01 1.779263215548615e+00 -1.845176087326435e-02
6.600000000000000e-01 1.824432901381847e+00 -1.635129371760278e-02
6.650000000000000e-01 1.870742917168772e+00 -1.419640952418630e-02
6.700000000000000e-01 1.918222208176775e+00 -1.200174484147593e-02
6.750000000000000e-01 1.966900450508319e+00 -9.782548350389388e-03
6.800000000000000e-01 2.016808069649473e+00 -7.554568923869485e-03
6.850000000000001e-01 2.067976259486829e+00 -5.334107227285740e-03
6.900000000000001e-01 2.120437001804702e+00 -3.137945492062074e-03
6.950000000000001e-01 2.174223086274785e+00 -9.834100750431454e-04
7.000000000000001e-01 2.229368130950753e+00 1.111657918857535e-03
7.050000000000000e-01 2.285906603280654e+00 3.128903417662353e-03
7.100000000000000e-01 2.343873841650178e+00 5.049563923814066e-03
7.150000000000000e-01 2.403306077470301e+00 6.854673673834857e-03
7.200000000000000e-01 2.464240457823092e+00 8.525458100640567e-03
7.250000000000000e-01 2.526715068679855e+00 1.004397610963568e-02
7.300000000000000e-01 2.590768958706095e+00 1.139409398388110e-02
7.350000000000000e-01 2.656442163668210e+00 1.256285142369755e-02
7.400000000000000e-01 2.723775731457148e+00 1.354224853286361e-02
7.450000000000000e-01 2.792811747744667e+00 1.433142160403055e-02
7.500000000000000e-01 2.863593362288260e+00 1.493910363914286e-02
7.550000000000000e-01 2.936164815901156e+00 1.538619688754671e-02
7.600000000000000e-01 3.010571468104263e+00 1.570823832811310e-02
7.650000000000000e-01 3.086859825477351e+00 1.595752308379261e-02
7.700000000000000e-01 3.165077570727174e+00 1.620465812527404e-02
7.750000000000000e-01 3.245273592490716e+00 1.653932747203832e-02
7.800000000000000e-01 3.327498015892184e+00 1.707003354216302e-02
7.850000000000000e-01 3.411802233872832e+00 1.792251894371806e-02
7.900000000000000e-01 3.498238939313234e+00 1.923647063232094e-02
7.950000000000000e-01 3.586862157968046e+00 2.115999092444797e-02
8.000000000000000e-01 3.677727282233856e+00 2.384123700767507e-02
8.050000000000000e-01 3.770891105771243e+00 2.741664780836552e-02
8.100000000000001e-01 3.866411859002656e+00 3.199536793096073e-02
8.150000000000001e-01 3.964349245508326e+00 3.763991629758832e-02
8.200000000000001e-01 4.064764479342956e+00 4.434389208366508e-02
8.250000000000001e-01 4.167720323296481e+00 5.200858330783886e-02
8.300000000000001e-01 4.273281128122877e+00 6.042168267591886e-02
8.350000000000000e-01 4.381512872761445e+00 6.924272366750843e-02
8.400000000000000e-01 4.492483205575838e+00 7.800095056414945e-02
8.450000000000000e-01 4.606261486636447e+00 8.611157670678415e-02
8.500000000000000e-01 4.722918831072739e+00 9.291513131775270e-02
8.550000000000000e-01 4.842528153522501e+00 9.774134093003599e-02
8.600000000000000e-01 4.965164213705875e+00 9.999367028662547e-02
8.650000000000000e-01 5.090903663152626e+00 9.924395479904795e-02
8.700000000000000e-01 5.219825093111814e+00 9.532011952666108e-02
8.750000000000000e-01 5.352009083673925e+00 8.836617512498737e-02
8.800000000000000e-01 5.487538254136007e+00 7.885496672043789e-02
8.850000000000000e-01 5.626497314641444e+00 6.754197674806187e-02
8.900000000000000e-01 5.768973119126561e+00 5.536215272647146e-02
8.950000000000000e-01 5.915054719607133e+00 4.328784838542778e-02
9.000000000000000e-01 6.064833421838831e+00 3.217906127189339e-02
9.050000000000000e-01 6.218402842386253e+00 2.266165582272982e-02
9.100000000000000e-01 6.375858967136348e+00 1.506219808291096e-02
9.150000000000000e-01 6.537300211292723e+00 9.411025267502062e-03
9.200000000000000e-01 6.702827480888332e+00 5.504418215506551e-03
9.250000000000000e-01 6.872544235855034e+00 3.000412529588724e-03
9.300000000000000e-01 7.046556554689444e+00 1.517064894070747e-03
9.350000000000001e-01 7.224973200755413e+00 7.079832525204349e-04
9.400000000000001e-01 7.407905690264673e+00 3.033587778076838e-04
9.450000000000001e-01 7.595468361978146e+00 1.186846442652217e-04
9.500000000000001e-01 7.787778448671316e+00 4.214927404933014e-05
9.550000000000001e-01 7.984956150408610e+00 1.350370234008947e-05
9.600000000000000e-01 8.187124709672272e+00 3.877410646061846e-06
9.650000000000000e-01 8.394410488393007e+00 9.909661459781175e-07
9.700000000000000e-01 8.606943046930221e+00 2.237939005628644e-07
9.750000000000000e-01 8.824855225051540e+00 4.432573988266379e-08
9.800000000000000e-01 9.048283224961922e+00 7.646839153686668e-09
9.850000000000000e-01 9.277366696434507e+00 1.150500924129480e-09
9.900000000000000e-01 9.512248824096272e+00 1.642947153532170e-10
9.950000000000000e-01 9.753076416923058e+00 3.422530559338521e-11
1.000000000000000e+00 1.000000000000000e+01 8.666992567104699e-12
