0.000000000000000e+00 0.000000000000000e+00 -1.446228277907660e-04
5.000000000000000e-03 3.369477419287315e-03 -1.482234893766122e-04
1.000000000000000e-02 6.741060871647481e-03 -1.489666429737872e-04
1.500000000000000e-02 1.011685770649257e-02 -1.480062252203173e-04
2.000000000000000e-02 1.349897790673588e-02 -1.491408491649395e-04
2.500000000000000e-02 1.688953540759990e-02 -1.481529393542541e-04
3.000000000000000e-02 2.029064941789469e-02 -1.495252243045405e-04
3.500000000000000e-02 2.370444574459234e-02 -1.486476407976792e-04
4.000000000000000e-02 2.713305812152553e-02 -1.496501251488446e-04
4.500000000000000e-02 3.057862954304063e-02 -1.486835185127922e-04
5.000000000000000e-02 3.404331360343898e-02 -1.498737803574927e-04
5.500000000000000e-02 3.752927584304335e-02 -1.489047798796864e-04
6.000000000000000e-02 4.103869510173117e-02 -1.500453333566171e-04
6.500000000000000e-02 4.457376488078044e-02 -1.491357834353899e-04
7.000000000000001e-02 4.813669471387935e-02 -1.500847317951784e-04
7.500000000000000e-02 5.172971154815675e-02 -1.492798468017465e-04
8.000000000000000e-02 5.535506113609672e-02 -1.500372360819380e-04
8.500000000000001e-02 5.901500943920686e-02 -1.493890858742368e-04
9.000000000000000e-02 6.271184404431801e-02 -1.499524716887794e-04
9.500000000000000e-02 6.644787559340060e-02 -1.494835096688281e-04
1.000000000000000e-01 7.022543922779090e-02 -1.501399601416200e-04
1.050000000000000e-01 7.404689604773053e-02 -1.496539170831210e-04
1.100000000000000e-01 7.791463458813094e-02 -1.501573778648915e-04
1.150000000000000e-01 8.183107231148547e-02 -1.499182679414934e-04
1.200000000000000e-01 8.579865711886202e-02 -1.501562983376756e-04
1.250000000000000e-01 8.981986887992111e-02 -1.500304066075802e-04
1.300000000000000e-01 9.389722098291493e-02 -1.501383887466825e-04
1.350000000000000e-01 9.803326190563690e-02 -1.502237000362579e-04
1.400000000000000e-01 1.022305768083033e-01 -1.500827482713436e-04
1.450000000000000e-01 1.064917891493625e-01 -1.504044307295245e-04
1.500000000000000e-01 1.108195623252418e-01 -1.502270283965773e-04
1.550000000000000e-01 1.152166013350572e-01 -1.506718109997397e-04
1.600000000000000e-01 1.196856544713255e-01 -1.503746942701436e-04
1.650000000000000e-01 1.242295150377370e-01 -1.507760860105181e-04
1.700000000000000e-01 1.288510230950609e-01 -1.505176782424534e-04
1.750000000000000e-01 1.335530672362758e-01 -1.509685014051645e-04
1.800000000000000e-01 1.383385863920344e-01 -1.507325394751686e-04
1.850000000000000e-01 1.432105716675912e-01 -1.511808492855489e-04
1.900000000000000e-01 1.481720682123397e-01 -1.509427801835764e-04
1.950000000000000e-01 1.532261771231311e-01 -1.514423214937536e-04
2.000000000000000e-01 1.583760573825595e-01 -1.512314008062352e-04
2.050000000000000e-01 1.636249278334301e-01 -1.516242652347823e-04
2.100000000000000e-01 1.689760691906397e-01 -1.515246187689653e-04
2.150000000000000e-01 1.744328260917313e-01 -1.518546636876431e-04
2.200000000000000e-01 1.799986091874004e-01 -1.518220151681590e-04
2.250000000000000e-01 1.856768972732633e-01 -1.520721767502348e-04
2.300000000000000e-01 1.914712394642179e-01 -1.521592210526017e-04
2.350000000000000e-01 1.973852574127551e-01 -1.522875590152474e-04
2.400000000000000e-01 2.034226475726105e-01 -1.525388114722771e-04
2.450000000000000e-01 2.095871835091678e-01 -1.525926534082062e-04
2.500000000000000e-01 2.158827182580599e-01 -1.529206910554940e-04
2.550000000000000e-01 2.223131867334419e-01 -1.529899776260198e-04
2.600000000000000e-01 2.288826081874405e-01 -1.533172813728447e-04
2.650000000000000e-01 2.355950887223172e-01 -1.533665676790076e-04
2.700000000000000e-01 2.424548238569160e-01 -1.537361709771570e-04
2.750000000000000e-01 2.494661011489995e-01 -1.537498423869396e-04
2.800000000000000e-01 2.566333028751116e-01 -1.542006040666273e-04
2.850000000000000e-01 2.639609087696434e-01 -1.542695699717517e-04
2.900000000000000e-01 2.714534988248126e-01 -1.546140970470523e-04
2.950000000000000e-01 2.791157561533084e-01 -1.548404566822128e-04
3.000000000000000e-01 2.869524699153886e-01 -1.550362469182185e-04
3.050000000000000e-01 2.949685383122613e-01 -1.553882354376419e-04
3.100000000000000e-01 3.031689716476197e-01 -1.555874307286547e-04
3.150000000000000e-01 3.115588954592450e-01 -1.559724550808807e-04
3.200000000000000e-01 3.201435537226349e-01 -1.560929375438680e-04
3.250000000000000e-01 3.289283121286580e-01 -1.565323996271328e-04
3.300000000000000e-01 3.379186614372866e-01 -1.566763153560470e-04
3.350000000000000e-01 3.471202209094989e-01 -1.571337977668530e-04
3.400000000000000e-01 3.565387418195016e-01 -1.573229045897014e-04
3.450000000000000e-01 3.661801110494620e-01 -1.577385331830546e-04
3.500000000000000e-01 3.760503547690021e-01 -1.580363588463102e-04
3.550000000000000e-01 3.861556422017504e-01 -1.583597822392422e-04
3.600000000000000e-01 3.965022894813072e-01 -1.587097982680268e-04
3.650000000000000e-01 4.070967635990345e-01 -1.589760719149046e-04
3.700000000000000e-01 4.179456864461349e-01 -1.593688327279757e-04
3.750000000000000e-01 4.290558389525505e-01 -1.595939063214609e-04
3.800000000000000e-01 4.404341653252637e-01 -1.600367543259121e-04
3.850000000000000e-01 4.520877773886537e-01 -1.603339251110644e-04
3.900000000000000e-01 4.640239590296172e-01 -1.606791949892709e-04
3.950000000000000e-01 4.762501707502353e-01 -1.609857036237071e-04
4.000000000000000e-01 4.887740543308307e-01 -1.612592316019691e-04
4.050000000000000e-01 5.016034376063282e-01 -1.616165847875577e-04
4.100000000000000e-01 5.147463393589066e-01 -1.618284539569628e-04
4.150000000000000e-01 5.282109743299990e-01 -1.621604434064603e-04
4.200000000000000e-01 5.420057583547735e-01 -1.623852407749890e-04
4.250000000000000e-01 5.561393136223041e-01 -1.626676046493496e-04
4.300000000000000e-01 5.706204740647189e-01 -1.628800564666257e-04
4.350000000000000e-01 5.854582908786964e-01 -1.630829510911175e-04
4.400000000000000e-01 6.006620381827575e-01 -1.632423844525856e-04
4.450000000000000e-01 6.162412188138907e-01 -1.633953197933277e-04
4.500000000000000e-01 6.322055702671360e-01 -1.635208120310371e-04
4.550000000000000e-01 6.485650707818353e-01 -1.636251755430416e-04
4.600000000000000e-01 6.653299455783577e-01 -1.637092035477775e-04
4.650000000000000e-01 6.825106732491932e-01 -1.637079428532641e-04
4.700000000000000e-01 7.001179923084168e-01 -1.637423685031695e-04
4.750000000000000e-01 7.181629079036070e-01 -1.637024663252334e-04
4.800000000000000e-01 7.366566986944229e-01 -1.636714417977956e-04
4.850000000000000e-01 7.556109239021327e-01 -1.636695287171870e-04
4.900000000000000e-01 7.750374305345038e-01 -1.634966776262621e-04
4.950000000000000e-01 7.949483607905672e-01 -1.634676127218817e-04
5.000000000000000e-01 8.153561596498893e-01 -1.634067871282628e-04
5.050000000000000e-01 8.362735826510871e-01 -1.633401915707102e-04
5.100000000000000e-01 8.577137038644561e-01 -1.633452970016408e-04
5.150000000000000e-01 8.796899240636907e-01 -1.633815877107071e-04
5.200000000000000e-01 9.022159791018011e-01 -1.635595909264081e-04
5.250000000000000e-01 9.253059484964714e-01 -1.638283488482080e-04
5.300000000000000e-01 9.489742642302165e-01 -1.642750880650030e-04
5.350000000000000e-01 9.732357197708378e-01 -1.649935796161901e-04
5.400000000000000e-01 9.981054793178262e-01 -1.659362439084421e-04
5.450000000000000e-01 1.023599087280478e+00 -1.673236808877650e-04
5.500000000000000e-01 1.049732477993657e+00 -1.691414781311472e-04
5.550000000000000e-01 1.076521985677273e+00 -1.715445738862714e-04
5.600000000000001e-01 1.103984354645701e+00 -1.747126123768589e-04
5.650000000000001e-01 1.132136749773522e+00 -1.787263133533585e-04
5.700000000000001e-01 1.160996767224129e+00 -1.838625476556891e-04
5.750000000000001e-01 1.190582445447902e+00 -1.903496406485225e-04
5.800000000000000e-01 1.220912276456826e+00 -1.984108221835909e-04
5.850000000000000e-01 1.252005217382601e+00 -2.085064006640193e-04
5.900000000000000e-01 1.283880702325469e+00 -2.209562012612164e-04
5.950000000000000e-01 1.316558654501151e+00 -2.362891335297581e-04
6.000000000000000e-01 1.350059498693518e+00 -2.551531872492620e-04
6.050000000000000e-01 1.384404174020732e+00 -2.781943505242395e-04
6.100000000000000e-01 1.419614147022888e+00 -3.063130107458136e-04
6.150000000000000e-01 1.455711425079295e+00 -3.405907166384786e-04
6.200000000000000e-01 1.492718570163803e+00 -3.821770123075350e-04
6.250000000000000e-01 1.530658712946775e+00 -4.326407970961364e-04
6.300000000000000e-01 1.569555567252506e+00 -4.937589052471810e-04
6.350000000000000e-01 1.609433444881138e+00 -5.675979651165371e-04
6.400000000000000e-01 1.650317270804325e+00 -6.567322324599909e-04
6.450000000000000e-01 1.692232598744148e+00 -7.641679917160623e-04
6.500000000000000e-01 1.735205627145031e+00 -8.933380897570965e-04
6.550000000000000e-01 1.779263215548615e+00 -1.048420757852329e-03
6.600000000000000e-01 1.824432901381847e+00 -1.234187114024083e-03
6.650000000000000e-01 1.870742917168772e+00 -1.456039938798917e-03
6.700000000000000e-01 1.918222208176775e+00 -1.720177235194443e-03
6.750000000000000e-01 1.966900450508319e+00 -2.033530554144444e-03
6.800000000000000e-01 2.016808069649473e+00 -2.403488869842742e-03
6.850000000000001e-01 2.067976259486829e+00 -2.837900475991582e-03
6.900000000000001e-01 2.120437001804702e+00 -3.344727681150700e-03
6.950000000000001e-01 2.174223086274785e+00 -3.931430560188983e-03
7.000000000000001e-01 2.229368130950753e+00 -4.604175455517778e-03
7.050000000000000e-01 2.285906603280654e+00 -5.366894091810709e-03
7.100000000000000e-01 2.343873841650178e+00 -6.219824693226422e-03
7.150000000000000e-01 2.403306077470301e+00 -7.157888843762257e-03
7.200000000000000e-01 2.464240457823092e+00 -8.168761301182714e-03
7.250000000000000e-01 2.526715068679855e+00 -9.230437415041389e-03
7.300000000000000e-01 2.590768958706095e+00 -1.030841637080986e-02
7.350000000000000e-01 2.656442163668210e+00 -1.135361418408708e-02
7.400000000000000e-01 2.723775731457148e+00 -1.230212352628913e-02
7.450000000000000e-01 2.792811747744667e+00 -1.307744135651315e-02
7.500000000000000e-01 2.863593362288260e+00 -1.359501801195321e-02
7.550000000000000e-01 2.936164815901156e+00 -1.376822771415040e-02
7.600000000000000e-01 3.010571468104263e+00 -1.351428251310429e-02
7.650000000000000e-01 3.086859825477351e+00 -1.275850812563119e-02
7.700000000000000e-01 3.165077570727174e+00 -1.143594800901062e-02
7.750000000000000e-01 3.245273592490716e+00 -9.490208529288849e-03
7.800000000000000e-01 3.327498015892184e+00 -6.870247247254884e-03
7.850000000000000e-01 3.411802233872832e+00 -3.526506660370503e-03
7.900000000000000e-01 3.498238939313234e+00 5.920592182782934e-04
7.950000000000000e-01 3.586862157968046e+00 5.538519667877096e-03
8.000000000000000e-01 3.677727282233856e+00 1.136500721598754e-02
8.050000000000000e-01 3.770891105771243e+00 1.811517777445339e-02
8.100000000000001e-01 3.866411859002656e+00 2.581139415687904e-02
8.150000000000001e-01 3.964349245508326e+00 3.443617776329413e-02
8.200000000000001e-01 4.064764479342956e+00 4.390905388135628e-02
8.250000000000001e-01 4.167720323296481e+00 5.406180013131631e-02
8.300000000000001e-01 4.273281128122877e+00 6.461718748695999e-02
8.350000000000000e-01 4.381512872761445e+00 7.517723368601878e-02
8.400000000000000e-01 4.492483205575838e+00 8.522677677461210e-02
8.450000000000000e-01 4.606261486636447e+00 9.415687032898321e-02
8.500000000000000e-01 4.722918831072739e+00 1.013104143632992e-01
8.550000000000000e-01 4.842528153522501e+00 1.060493289915855e-01
8.600000000000000e-01 4.965164213705875e+00 1.078381223729466e-01
8.650000000000000e-01 5.090903663152626e+00 1.063330879640093e-01
8.700000000000000e-01 5.219825093111814e+00 1.014608886581629e-01
8.750000000000000e-01 5.352009083673925e+00 9.346722537853054e-02
8.800000000000000e-01 5.487538254136007e+00 8.291806593857363e-02
8.850000000000000e-01 5.626497314641444e+00 7.064386027303922e-02
8.900000000000000e-01 5.768973119126561e+00 5.763045518980558e-02
8.950000000000000e-01 5.915054719607133e+00 4.487565262096548e-02
9.000000000000000e-01 6.064833421838831e+00 3.324230550064614e-02
9.050000000000000e-01 6.218402842386253e+00 2.334235195163008e-02
9.100000000000000e-01 6.375858967136348e+00 1.547862184644607e-02
9.150000000000000e-01 6.537300211292723e+00 9.654354664092304e-03
9.200000000000000e-01 6.702827480888332e+00 5.640181453198041e-03
9.250000000000000e-01 6.872544235855034e+00 3.072720227876650e-03
9.300000000000000e-01 7.046556554689444e+00 1.553820124943357e-03
9.350000000000001e-01 7.224973200755413e+00 7.258124344210238e-04
9.400000000000001e-01 7.407905690264673e+00 3.116113804326207e-04
9.450000000000001e-01 7.595468361978146e+00 1.223295690576946e-04
9.500000000000001e-01 7.787778448671316e+00 4.368542366478187e-05
9.550000000000001e-01 7.984956150408610e+00 1.412150431665938e-05
9.600000000000000e-01 8.187124709672272e+00 4.114532872856789e-06
9.650000000000000e-01 8.394410488393007e+00 1.077838555415796e-06
9.700000000000000e-01 8.606943046930221e+00 2.541843153161573e-07
9.750000000000000e-01 8.824855225051540e+00 5.452047921308708e-08
9.800000000000000e-01 9.048283224961922e+00 1.099238628822999e-08
9.850000000000000e-01 9.277366696434507e+00 2.585054227072388e-09
9.900000000000000e-01 9.512248824096272e+00 1.425294325511160e-09
9.950000000000000e-01 9.753076416923058e+00 4.405475625171471e-09
1.000000000000000e+00 1.000000000000000e+01 1.330058637869664e-06
