0.000000000000000e+00 0.000000000000000e+00 -1.174065295561626e-04
5.000000000000000e-03 3.369477419287315e-03 -1.210071911411792e-04
1.000000000000000e-02 6.741060871647481e-03 -1.232012618600159e-04
1.500000000000000e-02 1.011685770649257e-02 -1.233809694517049e-04
2.000000000000000e-02 1.349897790673588e-02 -1.230465149854906e-04
2.500000000000000e-02 1.688953540759990e-02 -1.232829229427732e-04
3.000000000000000e-02 2.029064941789469e-02 -1.227646982591510e-04
3.500000000000000e-02 2.370444574459234e-02 -1.235176686356980e-04
4.000000000000000e-02 2.713305812152553e-02 -1.226284752956751e-04
4.500000000000000e-02 3.057862954304063e-02 -1.235917692203948e-04
5.000000000000000e-02 3.404331360343898e-02 -1.227111969711109e-04
5.500000000000000e-02 3.752927584304335e-02 -1.237707352117142e-04
6.000000000000000e-02 4.103869510173117e-02 -1.229952906306139e-04
6.500000000000000e-02 4.457376488078044e-02 -1.242010772801298e-04
7.000000000000001e-02 4.813669471387935e-02 -1.229961622186250e-04
7.500000000000000e-02 5.172971154815675e-02 -1.241923547903744e-04
8.000000000000000e-02 5.535506113609672e-02 -1.232132391946023e-04
8.500000000000001e-02 5.901500943920686e-02 -1.243056996106871e-04
9.000000000000000e-02 6.271184404431801e-02 -1.234401703563153e-04
9.500000000000000e-02 6.644787559340060e-02 -1.242579716701374e-04
1.000000000000000e-01 7.022543922779090e-02 -1.236248817720144e-04
1.050000000000000e-01 7.404689604773053e-02 -1.241813122701640e-04
1.100000000000000e-01 7.791463458813094e-02 -1.238707930088235e-04
1.150000000000000e-01 8.183107231148547e-02 -1.242315057586929e-04
1.200000000000000e-01 8.579865711886202e-02 -1.240056946542016e-04
1.250000000000000e-01 8.981986887992111e-02 -1.243263759046630e-04
1.300000000000000e-01 9.389722098291493e-02 -1.241162621903508e-04
1.350000000000000e-01 9.803326190563690e-02 -1.243805484462775e-04
1.400000000000000e-01 1.022305768083033e-01 -1.242332709813891e-04
1.450000000000000e-01 1.064917891493625e-01 -1.243616979305586e-04
1.500000000000000e-01 1.108195623252418e-01 -1.243836154575128e-04
1.550000000000000e-01 1.152166013350572e-01 -1.244020424772196e-04
1.600000000000000e-01 1.196856544713255e-01 -1.245672399030123e-04
1.650000000000000e-01 1.242295150377370e-01 -1.246025932706058e-04
1.700000000000000e-01 1.288510230950609e-01 -1.247047575346403e-04
1.750000000000000e-01 1.335530672362758e-01 -1.247317520675712e-04
1.800000000000000e-01 1.383385863920344e-01 -1.249475795427934e-04
1.850000000000000e-01 1.432105716675912e-01 -1.248960677532913e-04
1.900000000000000e-01 1.481720682123397e-01 -1.252625901353614e-04
1.950000000000000e-01 1.532261771231311e-01 -1.250799164142670e-04
2.000000000000000e-01 1.583760573825595e-01 -1.255369918419837e-04
2.050000000000000e-01 1.636249278334301e-01 -1.253857616874840e-04
2.100000000000000e-01 1.689760691906397e-01 -1.258296501690767e-04
2.150000000000000e-01 1.744328260917313e-01 -1.257191807045470e-04
2.200000000000000e-01 1.799986091874004e-01 -1.260701576136667e-04
2.250000000000000e-01 1.856768972732633e-01 -1.260958091884227e-04
2.300000000000000e-01 1.914712394642179e-01 -1.263281366240975e-04
2.350000000000000e-01 1.973852574127551e-01 -1.264283381997527e-04
2.400000000000000e-01 2.034226475726105e-01 -1.265949744777078e-04
2.450000000000000e-01 2.095871835091678e-01 -1.267421936549901e-04
2.500000000000000e-01 2.158827182580599e-01 -1.269089260592034e-04
2.550000000000000e-01 2.223131867334419e-01 -1.270840754061425e-04
2.600000000000000e-01 2.288826081874405e-01 -1.272694212624260e-04
2.650000000000000e-01 2.355950887223172e-01 -1.275295678416475e-04
2.700000000000000e-01 2.424548238569160e-01 -1.276176951883112e-04
2.750000000000000e-01 2.494661011489995e-01 -1.280269911874137e-04
2.800000000000000e-01 2.566333028751116e-01 -1.280367406805819e-04
2.850000000000000e-01 2.639609087696434e-01 -1.284924681556309e-04
2.900000000000000e-01 2.714534988248126e-01 -1.285448754801358e-04
2.950000000000000e-01 2.791157561533084e-01 -1.290295907473030e-04
3.000000000000000e-01 2.869524699153886e-01 -1.291277639154842e-04
3.050000000000000e-01 2.949685383122613e-01 -1.295166559178566e-04
3.100000000000000e-01 3.031689716476197e-01 -1.296502757341491e-04
3.150000000000000e-01 3.115588954592450e-01 -1.299983272003990e-04
3.200000000000000e-01 3.201435537226349e-01 -1.302114282957615e-04
3.250000000000000e-01 3.289283121286580e-01 -1.305089360136114e-04
3.300000000000000e-01 3.379186614372866e-01 -1.308328129267642e-04
3.350000000000000e-01 3.471202209094989e-01 -1.310798633353861e-04
3.400000000000000e-01 3.565387418195016e-01 -1.314768393684789e-04
3.450000000000000e-01 3.661801110494620e-01 -1.316925568484015e-04
3.500000000000000e-01 3.760503547690021e-01 -1.321695221489928e-04
3.550000000000000e-01 3.861556422017504e-01 -1.323405479503292e-04
3.600000000000000e-01 3.965022894813072e-01 -1.327862052005091e-04
3.650000000000000e-01 4.070967635990345e-01 -1.330224754102158e-04
3.700000000000000e-01 4.179456864461349e-01 -1.333735563857683e-04
3.750000000000000e-01 4.290558389525505e-01 -1.336746229305193e-04
3.800000000000000e-01 4.404341653252637e-01 -1.339670283351793e-04
3.850000000000000e-01 4.520877773886537e-01 -1.343380501119833e-04
3.900000000000000e-01 4.640239590296172e-01 -1.345392267925330e-04
3.950000000000000e-01 4.762501707502353e-01 -1.349679219139277e-04
4.000000000000000e-01 4.887740543308307e-01 -1.351102866950557e-04
4.050000000000000e-01 5.016034376063282e-01 -1.354753623292904e-04
4.100000000000000e-01 5.147463393589066e-01 -1.356536773449312e-04
4.150000000000000e-01 5.282109743299990e-01 -1.359558855621643e-04
4.200000000000000e-01 5.420057583547735e-01 -1.361232278747752e-04
4.250000000000000e-01 5.561393136223041e-01 -1.362502295038019e-04
4.300000000000000e-01 5.706204740647189e-01 -1.364588269673668e-04
4.350000000000000e-01 5.854582908786964e-01 -1.365037209745258e-04
4.400000000000000e-01 6.006620381827575e-01 -1.366662666780761e-04
4.450000000000000e-01 6.162412188138907e-01 -1.366440532161705e-04
4.500000000000000e-01 6.322055702671360e-01 -1.366567004822530e-04
4.550000000000000e-01 6.485650707818353e-01 -1.365910017189169e-04
4.600000000000000e-01 6.653299455783577e-01 -1.364206761319687e-04
4.650000000000000e-01 6.825106732491932e-01 -1.362850222741126e-04
4.700000000000000e-01 7.001179923084168e-01 -1.359967770617067e-04
4.750000000000000e-01 7.181629079036070e-01 -1.357298437528082e-04
4.800000000000000e-01 7.366566986944229e-01 -1.353219419333632e-04
4.850000000000000e-01 7.556109239021327e-01 -1.348625411788183e-04
4.900000000000000e-01 7.750374305345038e-01 -1.342912565015294e-04
4.950000000000000e-01 7.949483607905672e-01 -1.336739985433839e-04
5.000000000000000e-01 8.153561596498893e-01 -1.329544283592530e-04
5.050000000000000e-01 8.362735826510871e-01 -1.321559907326847e-04
5.100000000000000e-01 8.577137038644561e-01 -1.312670444457229e-04
5.150000000000000e-01 8.796899240636907e-01 -1.302168334943413e-04
5.200000000000000e-01 9.022159791018011e-01 -1.291964254792078e-04
5.250000000000000e-01 9.253059484964714e-01 -1.280406609065070e-04
5.300000000000000e-01 9.489742642302165e-01 -1.267354512765329e-04
5.350000000000000e-01 9.732357197708378e-01 -1.254536354373102e-04
5.400000000000000e-01 9.981054793178262e-01 -1.240240029348382e-04
5.450000000000000e-01 1.023599087280478e+00 -1.225854149005318e-04
5.500000000000000e-01 1.049732477993657e+00 -1.210644954212650e-04
5.550000000000000e-01 1.076521985677273e+00 -1.195066304692548e-04
5.600000000000001e-01 1.103984354645701e+00 -1.179696697820563e-04
5.650000000000001e-01 1.132136749773522e+00 -1.163799765236476e-04
5.700000000000001e-01 1.160996767224129e+00 -1.148574570499436e-04
5.750000000000001e-01 1.190582445447902e+00 -1.133855982838567e-04
5.800000000000000e-01 1.220912276456826e+00 -1.119607625816462e-04
5.850000000000000e-01 1.252005217382601e+00 -1.107226789908803e-04
5.900000000000000e-01 1.283880702325469e+00 -1.095891528724965e-04
5.950000000000000e-01 1.316558654501151e+00 -1.086968119720718e-04
6.000000000000000e-01 1.350059498693518e+00 -1.080899704276952e-04
6.050000000000000e-01 1.384404174020732e+00 -1.077744748243284e-04
6.100000000000000e-01 1.419614147022888e+00 -1.079132260197195e-04
6.150000000000000e-01 1.455711425079295e+00 -1.085502283498132e-04
6.200000000000000e-01 1.492718570163803e+00 -1.097661636830348e-04
6.250000000000000e-01 1.530658712946775e+00 -1.117902152396315e-04
6.300000000000000e-01 1.569555567252506e+00 -1.146876866606185e-04
6.350000000000000e-01 1.609433444881138e+00 -1.187045815141702e-04
6.400000000000000e-01 1.650317270804325e+00 -1.241395271582180e-04
6.450000000000000e-01 1.692232598744148e+00 -1.312422683217589e-04
6.500000000000000e-01 1.735205627145031e+00 -1.404616336612579e-04
6.550000000000000e-01 1.779263215548615e+00 -1.523721607220845e-04
6.600000000000000e-01 1.824432901381847e+00 -1.675534176328874e-04
6.650000000000000e-01 1.870742917168772e+00 -1.869214038282775e-04
6.700000000000000e-01 1.918222208176775e+00 -2.115946040954410e-04
6.750000000000000e-01 1.966900450508319e+00 -2.429017022125676e-04
6.800000000000000e-01 2.016808069649473e+00 -2.826154856541345e-04
6.850000000000001e-01 2.067976259486829e+00 -3.329939596468981e-04
6.900000000000001e-01 2.120437001804702e+00 -3.967317061256360e-04
6.950000000000001e-01 2.174223086274785e+00 -4.772440801864845e-04
7.000000000000001e-01 2.229368130950753e+00 -5.786891064514313e-04
7.050000000000000e-01 2.285906603280654e+00 -7.060257027453162e-04
7.100000000000000e-01 2.343873841650178e+00 -8.651377969646650e-04
7.150000000000000e-01 2.403306077470301e+00 -1.062781361477717e-03
7.200000000000000e-01 2.464240457823092e+00 -1.306259480876279e-03
7.250000000000000e-01 2.526715068679855e+00 -1.603327100599281e-03
7.300000000000000e-01 2.590768958706095e+00 -1.961631175140549e-03
7.350000000000000e-01 2.656442163668210e+00 -2.387219535863213e-03
7.400000000000000e-01 2.723775731457148e+00 -2.882400541704862e-03
7.450000000000000e-01 2.792811747744667e+00 -3.443671105718044e-03
7.500000000000000e-01 2.863593362288260e+00 -4.059008609680571e-03
7.550000000000000e-01 2.936164815901156e+00 -4.703435060593273e-03
7.600000000000000e-01 3.010571468104263e+00 -5.332309828226123e-03
7.650000000000000e-01 3.086859825477351e+00 -5.873794673413714e-03
7.700000000000000e-01 3.165077570727174e+00 -6.223348094869377e-03
7.750000000000000e-01 3.245273592490716e+00 -6.243427735854979e-03
7.800000000000000e-01 3.327498015892184e+00 -5.769886568200833e-03
7.850000000000000e-01 3.411802233872832e+00 -4.624087310034317e-03
7.900000000000000e-01 3.498238939313234e+00 -2.627897639172623e-03
7.950000000000000e-01 3.586862157968046e+00 3.816427477235193e-04
8.000000000000000e-01 3.677727282233856e+00 4.540016379057511e-03
8.050000000000000e-01 3.770891105771243e+00 9.945162325649647e-03
8.100000000000001e-01 3.866411859002656e+00 1.664773139520258e-02
8.150000000000001e-01 3.964349245508326e+00 2.463935152165610e-02
8.200000000000001e-01 4.064764479342956e+00 3.383793614686091e-02
8.250000000000001e-01 4.167720323296481e+00 4.407065891915105e-02
8.300000000000001e-01 4.273281128122877e+00 5.505669072681472e-02
8.350000000000000e-01 4.381512872761445e+00 6.639290411715761e-02
8.400000000000000e-01 4.492483205575838e+00 7.754820643658480e-02
8.450000000000000e-01 4.606261486636447e+00 8.787449442717891e-02
8.500000000000000e-01 4.722918831072739e+00 9.664286301012735e-02
8.550000000000000e-01 4.842528153522501e+00 1.031098729509600e-01
8.600000000000000e-01 4.965164213705875e+00 1.066108142681268e-01
8.650000000000000e-01 5.090903663152626e+00 1.066670718154303e-01
8.700000000000000e-01 5.219825093111814e+00 1.030864286000003e-01
8.750000000000000e-01 5.352009083673925e+00 9.603132820695420e-02
8.800000000000000e-01 5.487538254136007e+00 8.603279912031706e-02
8.850000000000000e-01 5.626497314641444e+00 7.393758043934129e-02
8.900000000000000e-01 5.768973119126561e+00 6.079172374471844e-02
8.950000000000000e-01 5.915054719607133e+00 4.768177269898203e-02
9.000000000000000e-01 6.064833421838831e+00 3.556865056260893e-02
9.050000000000000e-01 6.218402842386253e+00 2.515368571588257e-02
9.100000000000000e-01 6.375858967136348e+00 1.680777298300077e-02
9.150000000000000e-01 6.537300211292723e+00 1.057561089978512e-02
9.200000000000000e-01 6.702827480888332e+00 6.244266946793240e-03
9.250000000000000e-01 6.872544235855034e+00 3.447894819852338e-03
9.300000000000000e-01 7.046556554689444e+00 1.774713379015523e-03
9.350000000000001e-01 7.224973200755413e+00 8.492007783667152e-04
9.400000000000001e-01 7.407905690264673e+00 3.770437243262561e-04
9.450000000000001e-01 7.595468361978146e+00 1.552898709578042e-04
9.500000000000001e-01 7.787778448671316e+00 5.946526578417206e-05
9.550000000000001e-01 7.984956150408610e+00 2.130514664950372e-05
9.600000000000000e-01 8.187124709672272e+00 7.225704778004933e-06
9.650000000000000e-01 8.394410488393007e+00 2.360395788003316e-06
9.700000000000000e-01 8.606943046930221e+00 7.578311261999452e-07
9.750000000000000e-01 8.824855225051540e+00 2.440042955921188e-07
9.800000000000000e-01 9.048283224961922e+00 8.078321977517957e-08
9.850000000000000e-01 9.277366696434507e+00 3.695947246492861e-08
9.900000000000000e-01 9.512248824096272e+00 3.422199758579738e-08
9.950000000000000e-01 9.753076416923058e+00 1.182088876556076e-07
1.000000000000000e+00 1.000000000000000e+01 3.590432354832636e-05
