0.000000000000000e+00 0.000000000000000e+00 -3.879858034459567e-02
5.000000000000000e-03 3.369477419287315e-03 -3.880218950486843e-02
1.000000000000000e-02 6.741060871647481e-03 -3.880113859514094e-02
1.500000000000000e-02 1.011685770649257e-02 -3.880596956872053e-02
2.000000000000000e-02 1.349897790673588e-02 -3.880719883201751e-02
2.500000000000000e-02 1.688953540759990e-02 -3.881288172659452e-02
3.000000000000000e-02 2.029064941789469e-02 -3.881654834406396e-02
3.500000000000000e-02 2.370444574459234e-02 -3.882399003166950e-02
4.000000000000000e-02 2.713305812152553e-02 -3.882996437785873e-02
4.500000000000000e-02 3.057862954304063e-02 -3.883889596217081e-02
5.000000000000000e-02 3.404331360343898e-02 -3.884751600735275e-02
5.500000000000000e-02 3.752927584304335e-02 -3.885817656584865e-02
6.000000000000000e-02 4.103869510173117e-02 -3.886922171887836e-02
6.500000000000000e-02 4.457376488078044e-02 -3.888188241055516e-02
7.000000000000001e-02 4.813669471387935e-02 -3.889538360358051e-02
7.500000000000000e-02 5.172971154815675e-02 -3.891015146907094e-02
8.000000000000000e-02 5.535506113609672e-02 -3.892622113769980e-02
8.500000000000001e-02 5.901500943920686e-02 -3.894326113949455e-02
9.000000000000000e-02 6.271184404431801e-02 -3.896203101707148e-02
9.500000000000000e-02 6.644787559340060e-02 -3.898161803394919e-02
1.000000000000000e-01 7.022543922779090e-02 -3.900311028606866e-02
1.050000000000000e-01 7.404689604773053e-02 -3.902555668929167e-02
1.100000000000000e-01 7.791463458813094e-02 -3.904983297535351e-02
1.150000000000000e-01 8.183107231148547e-02 -3.907540204120449e-02
1.200000000000000e-01 8.579865711886202e-02 -3.910258316402510e-02
1.250000000000000e-01 8.981986887992111e-02 -3.913152892127557e-02
1.300000000000000e-01 9.389722098291493e-02 -3.916201774811386e-02
1.350000000000000e-01 9.803326190563690e-02 -3.919465383110154e-02
1.400000000000000e-01 1.022305768083033e-01 -3.922851255690770e-02
1.450000000000000e-01 1.064917891493625e-01 -3.926495831286500e-02
1.500000000000000e-01 1.108195623252418e-01 -3.930290099643659e-02
1.550000000000000e-01 1.152166013350572e-01 -3.934334313946383e-02
1.600000000000000e-01 1.196856544713255e-01 -3.938561508641571e-02
1.650000000000000e-01 1.242295150377370e-01 -3.943048445494189e-02
1.700000000000000e-01 1.288510230950609e-01 -3.947749137526510e-02
1.750000000000000e-01 1.335530672362758e-01 -3.952709758701558e-02
1.800000000000000e-01 1.383385863920344e-01 -3.957925252814176e-02
1.850000000000000e-01 1.432105716675912e-01 -3.963394634543665e-02
1.900000000000000e-01 1.481720682123397e-01 -3.969167334663148e-02
1.950000000000000e-01 1.532261771231311e-01 -3.975207531763387e-02
2.000000000000000e-01 1.583760573825595e-01 -3.981575371499742e-02
2.050000000000000e-01 1.636249278334301e-01 -3.988243353877084e-02
2.100000000000000e-01 1.689760691906397e-01 -3.995250158023907e-02
2.150000000000000e-01 1.744328260917313e-01 -4.002599472075283e-02
2.200000000000000e-01 1.799986091874004e-01 -4.010288710933632e-02
2.250000000000000e-01 1.856768972732633e-01 -4.018374037861543e-02
2.300000000000000e-01 1.914712394642179e-01 -4.026819865111664e-02
2.350000000000000e-01 1.973852574127551e-01 -4.035696783720785e-02
2.400000000000000e-01 2.034226475726105e-01 -4.044966231586009e-02
2.450000000000000e-01 2.095871835091678e-01 -4.054686207272304e-02
2.500000000000000e-01 2.158827182580599e-01 -4.064848053286451e-02
2.550000000000000e-01 2.223131867334419e-01 -4.075476155356448e-02
2.600000000000000e-01 2.288826081874405e-01 -4.086591832616051e-02
2.650000000000000e-01 2.355950887223172e-01 -4.098200394967419e-02
2.700000000000000e-01 2.424548238569160e-01 -4.110336657123228e-02
2.750000000000000e-01 2.494661011489995e-01 -4.123002809015332e-02
2.800000000000000e-01 2.566333028751116e-01 -4.136221514552545e-02
2.850000000000000e-01 2.639609087696434e-01 -4.150012852202696e-02
2.900000000000000e-01 2.714534988248126e-01 -4.164382027798614e-02
2.950000000000000e-01 2.791157561533084e-01 -4.179362739067373e-02
3.000000000000000e-01 2.869524699153886e-01 -4.194958921760369e-02
3.050000000000000e-01 2.949685383122613e-01 -4.211193881824364e-02
3.100000000000000e-01 3.031689716476197e-01 -4.228069842462473e-02
3.150000000000000e-01 3.115588954592450e-01 -4.245615282326719e-02
3.200000000000000e-01 3.201435537226349e-01 -4.263823648127707e-02
3.250000000000000e-01 3.289283121286580e-01 -4.282725549244619e-02
3.300000000000000e-01 3.379186614372866e-01 -4.302321659358076e-02
3.350000000000000e-01 3.471202209094989e-01 -4.322604832733954e-02
3.400000000000000e-01 3.565387418195016e-01 -4.343599789166946e-02
3.450000000000000e-01 3.661801110494620e-01 -4.365294939090818e-02
3.500000000000000e-01 3.760503547690021e-01 -4.387683781675782e-02
3.550000000000000e-01 3.861556422017504e-01 -4.410771079225811e-02
3.600000000000000e-01 3.965022894813072e-01 -4.434529773591797e-02
3.650000000000000e-01 4.070967635990345e-01 -4.458957475542196e-02
3.700000000000000e-01 4.179456864461349e-01 -4.484017363664955e-02
3.750000000000000e-01 4.290558389525505e-01 -4.509685695523672e-02
3.800000000000000e-01 4.404341653252637e-01 -4.535926653195667e-02
3.850000000000000e-01 4.520877773886537e-01 -4.562684290518710e-02
3.900000000000000e-01 4.640239590296172e-01 -4.589912071820215e-02
3.950000000000000e-01 4.762501707502353e-01 -4.617537893102734e-02
4.000000000000000e-01 4.887740543308307e-01 -4.645479166143347e-02
4.050000000000000e-01 5.016034376063282e-01 -4.673654177478818e-02
4.100000000000000e-01 5.147463393589066e-01 -4.701943817978247e-02
4.150000000000000e-01 5.282109743299990e-01 -4.730233549881344e-02
4.200000000000000e-01 5.420057583547735e-01 -4.758384221916132e-02
4.250000000000000e-01 5.561393136223041e-01 -4.786229545057138e-02
4.300000000000000e-01 5.706204740647189e-01 -4.813600385681513e-02
4.350000000000000e-01 5.854582908786964e-01 -4.840292003842479e-02
4.400000000000000e-01 6.006620381827575e-01 -4.866077073352741e-02
4.450000000000000e-01 6.162412188138907e-01 -4.890716851250897e-02
4.500000000000000e-01 6.322055702671360e-01 -4.913930112202759e-02
4.550000000000000e-01 6.485650707818353e-01 -4.935416385423110e-02
4.600000000000000e-01 6.653299455783577e-01 -4.954854959616169e-02
4.650000000000000e-01 6.825106732491932e-01 -4.971880977122504e-02
4.700000000000000e-01 7.001179923084168e-01 -4.986112308077997e-02
4.750000000000000e-01 7.181629079036070e-01 -4.997142015015721e-02
4.800000000000000e-01 7.366566986944229e-01 -5.004523556297714e-02
4.850000000000000e-01 7.556109239021327e-01 -5.007794492995749e-02
4.900000000000000e-01 7.750374305345038e-01 -5.006474030466568e-02
4.950000000000000e-01 7.949483607905672e-01 -5.000048557228798e-02
5.000000000000000e-01 8.153561596498893e-01 -4.987997803093095e-02
5.050000000000000e-01 8.362735826510871e-01 -4.969796795148265e-02
5.100000000000000e-01 8.577137038644561e-01 -4.944905462997044e-02
5.150000000000000e-01 8.796899240636907e-01 -4.912790493244498e-02
5.200000000000000e-01 9.022159791018011e-01 -4.872938476474182e-02
5.250000000000000e-01 9.253059484964714e-01 -4.824847295580077e-02
5.300000000000000e-01 9.489742642302165e-01 -4.768040401732066e-02
5.350000000000000e-01 9.732357197708378e-01 -4.702090551662163e-02
5.400000000000000e-01 9.981054793178262e-01 -4.626615309943224e-02
5.450000000000000e-01 1.023599087280478e+00 -4.541281992633221e-02
5.500000000000000e-01 1.049732477993657e+00 -4.445826986478823e-02
5.550000000000000e-01 1.076521985677273e+00 -4.340067945503256e-02
5.600000000000001e-01 1.103984354645701e+00 -4.223894376772429e-02
5.650000000000001e-01 1.132136749773522e+00 -4.097278145188563e-02
5.700000000000001e-01 1.160996767224129e+00 -3.960283797500948e-02
5.750000000000001e-01 1.190582445447902e+00 -3.813073101013536e-02
5.800000000000000e-01 1.220912276456826e+00 -3.655891411430141e-02
5.850000000000000e-01 1.252005217382601e+00 -3.489073027675334e-02
5.900000000000000e-01 1.283880702325469e+00 -3.313042030319298e-02
5.950000000000000e-01 1.316558654501151e+00 -3.128314935737005e-02
6.000000000000000e-01 1.350059498693518e+00 -2.935483582336283e-02
6.050000000000000e-01 1.384404174020732e+00 -2.735212942500536e-02
6.100000000000000e-01 1.419614147022888e+00 -2.528234811589453e-02
6.150000000000000e-01 1.455711425079295e+00 -2.315353525591769e-02
6.200000000000000e-01 1.492718570163803e+00 -2.097432750576542e-02
6.250000000000000e-01 1.530658712946775e+00 -1.875393620525416e-02
6.300000000000000e-01 1.569555567252506e+00 -1.650202886900959e-02
6.350000000000000e-01 1.609433444881138e+00 -1.422877879717927e-02
6.400000000000000e-01 1.650317270804325e+00 -1.194480794473216e-02
6.450000000000000e-01 1.692232598744148e+00 -9.661283441128444e-03
6.500000000000000e-01 1.735205627145031e+00 -7.389835439142137e-03
6.550000000000000e-01 1.779263215548615e+00 -5.142654977166947e-03
6.600000000000000e-01 1.824432901381847e+00 -2.932439463617609e-03
6.650000000000000e-01 1.870742917168772e+00 -7.724797154970267e-04
6.700000000000000e-01 1.918222208176775e+00 1.323347089561787e-03
6.750000000000000e-01 1.966900450508319e+00 3.340532961005357e-03
6.800000000000000e-01 2.016808069649473e+00 5.263960316780941e-03
6.850000000000001e-01 2.067976259486829e+00 7.077950499330070e-03
6.900000000000001e-01 2.120437001804702e+00 8.766395065832039e-03
6.950000000000001e-01 2.174223086274785e+00 1.031298345673538e-02
7.000000000000001e-01 2.229368130950753e+00 1.170156630871463e-02
7.050000000000000e-01 2.285906603280654e+00 1.291668307272909e-02
7.100000000000000e-01 2.343873841650178e+00 1.394427993870132e-02
7.150000000000000e-01 2.403306077470301e+00 1.477262733947964e-02
7.200000000000000e-01 2.464240457823092e+00 1.539342383348622e-02
7.250000000000000e-01 2.526715068679855e+00 1.580304507904334e-02
7.300000000000000e-01 2.590768958706095e+00 1.600387034266639e-02
7.350000000000000e-01 2.656442163668210e+00 1.600560196337179e-02
7.400000000000000e-01 2.723775731457148e+00 1.582649192121408e-02
7.450000000000000e-01 2.792811747744667e+00 1.549440591673639e-02
7.500000000000000e-01 2.863593362288260e+00 1.504768465738670e-02
7.550000000000000e-01 2.936164815901156e+00 1.453579411252643e-02
7.600000000000000e-01 3.010571468104263e+00 1.401977822099536e-02
7.650000000000000e-01 3.086859825477351e+00 1.357252682999120e-02
7.700000000000000e-01 3.165077570727174e+00 1.327884067195231e-02
7.750000000000000e-01 3.245273592490716e+00 1.323521161354572e-02
7.800000000000000e-01 3.327498015892184e+00 1.354914269252623e-02
7.850000000000000e-01 3.411802233872832e+00 1.433771446971669e-02
7.900000000000000e-01 3.498238939313234e+00 1.572497133775833e-02
7.950000000000000e-01 3.586862157968046e+00 1.783756975454326e-02
8.000000000000000e-01 3.677727282233856e+00 2.079802923629444e-02
8.050000000000000e-01 3.770891105771243e+00 2.471490626929359e-02
8.100000000000001e-01 3.866411859002656e+00 2.966934509083221e-02
8.150000000000001e-01 3.964349245508326e+00 3.569783923593729e-02
8.200000000000001e-01 4.064764479342956e+00 4.277175134099247e-02
8.250000000000001e-01 4.167720323296481e+00 5.077522932769620e-02
8.300000000000001e-01 4.273281128122877e+00 5.948456922709520e-02
8.350000000000000e-01 4.381512872761445e+00 6.855359625790804e-02
8.400000000000000e-01 4.492483205575838e+00 7.751085948883453e-02
8.450000000000000e-01 4.606261486636447e+00 8.577477575717284e-02
8.500000000000000e-01 4.722918831072739e+00 9.269165667272534e-02
8.550000000000000e-01 4.842528153522501e+00 9.759829466368086e-02
8.600000000000000e-01 4.965164213705875e+00 9.990541242435838e-02
8.650000000000000e-01 5.090903663152626e+00 9.919151047502939e-02
8.700000000000000e-01 5.219825093111814e+00 9.529013072968419e-02
8.750000000000000e-01 5.352009083673925e+00 8.834968618260518e-02
8.800000000000000e-01 5.487538254136007e+00 7.884625567288908e-02
8.850000000000000e-01 5.626497314641444e+00 6.753755822334925e-02
8.900000000000000e-01 5.768973119126561e+00 5.536000234517340e-02
8.950000000000000e-01 5.915054719607133e+00 4.328684491491377e-02
9.000000000000000e-01 6.064833421838831e+00 3.217861254406818e-02
9.050000000000000e-01 6.218402842386253e+00 2.266146364271495e-02
9.100000000000000e-01 6.375858967136348e+00 1.506211929537610e-02
9.150000000000000e-01 6.537300211292723e+00 9.410994362406984e-03
9.200000000000000e-01 6.702827480888332e+00 5.504406621088418e-03
9.250000000000000e-01 6.872544235855034e+00 3.000408370335137e-03
9.300000000000000e-01 7.046556554689444e+00 1.517063467102142e-03
9.350000000000001e-01 7.224973200755413e+00 7.079827827862647e-04
9.400000000000001e-01 7.407905690264673e+00 3.033586272457508e-04
9.450000000000001e-01 7.595468361978146e+00 1.186845945285911e-04
9.500000000000001e-01 7.787778448671316e+00 4.214925353788401e-05
9.550000000000001e-01 7.984956150408610e+00 1.350369161664025e-05
9.600000000000000e-01 8.187124709672272e+00 3.877403999454727e-06
9.650000000000000e-01 8.394410488393007e+00 9.909636066453570e-07
9.700000000000000e-01 8.606943046930221e+00 2.237970509057091e-07
9.750000000000000e-01 8.824855225051540e+00 4.432786379079870e-08
9.800000000000000e-01 9.048283224961922e+00 7.644857034967028e-09
9.850000000000000e-01 9.277366696434507e+00 1.149395168144975e-09
9.900000000000000e-01 9.512248824096272e+00 1.653406861192136e-10
9.950000000000000e-01 9.753076416923058e+00 3.303252655379290e-11
1.000000000000000e+00 1.000000000000000e+01 -8.190643741222759e-12
