0.000000000000000e+00 0.000000000000000e+00 3.328091200942118e-01
3.125000000000000e-03 3.369263549427258e-03 3.328053372097289e-01
6.250000000000000e-03 6.739349689698711e-03 3.328028917584964e-01
9.375000000000001e-03 1.011108121249049e-02 3.327862396405668e-01
1.250000000000000e-02 1.348528131119160e-02 3.327634462993339e-01
1.562500000000000e-02 1.686277378188298e-02 3.327305926318846e-01
1.875000000000000e-02 2.024438322446370e-02 3.326897396669904e-01
2.187500000000000e-02 2.363093524397333e-02 3.326407061567048e-01
2.500000000000000e-02 2.702325665215984e-02 3.325837589950434e-01
2.812500000000000e-02 3.042217566934200e-02 3.325189070034061e-01
3.125000000000000e-02 3.382852212661575e-02 3.324461419950686e-01
3.437500000000000e-02 3.724312766845378e-02 3.323654203480249e-01
3.750000000000001e-02 4.066682595574785e-02 3.322766824074884e-01
4.062500000000000e-02 4.410045286934348e-02 3.321798558768407e-01
4.375000000000000e-02 4.754484671411652e-02 3.320748583580356e-01
4.687500000000000e-02 5.100084842364160e-02 3.319615984515281e-01
5.000000000000000e-02 5.446930176550237e-02 3.318399763515708e-01
5.312500000000001e-02 5.795105354729364e-02 3.317098841559729e-01
5.625000000000000e-02 6.144695382336569e-02 3.315712060232279e-01
5.937500000000000e-02 6.495785610236132e-02 3.314238182402307e-01
6.250000000000000e-02 6.848461755559625e-02 3.312675892350914e-01
6.562500000000000e-02 7.202809922633362e-02 3.311023795545491e-01
6.875000000000001e-02 7.558916624000402e-02 3.309280418173763e-01
7.187500000000001e-02 7.916868801542200e-02 3.307444206507809e-01
7.500000000000001e-02 8.276753847705080e-02 3.305513526142121e-01
7.812500000000000e-02 8.638659626836727e-02 3.303486661133683e-01
8.125000000000000e-02 9.002674496637868e-02 3.301361813063503e-01
8.437500000000001e-02 9.368887329734420e-02 3.299137100032922e-01
8.750000000000001e-02 9.737387535375355e-02 3.296810555603695e-01
9.062500000000001e-02 1.010826508126157e-01 3.294380127689307e-01
9.375000000000000e-02 1.048161051551108e-01 3.291843677402982e-01
9.687500000000000e-02 1.085751498876601e-01 3.289198977866544e-01
1.000000000000000e-01 1.123607027644654e-01 3.286443712984489e-01
1.031250000000000e-01 1.161736880115753e-01 3.283575476186339e-01
1.062500000000000e-01 1.200150365525305e-01 3.280591769140644e-01
1.093750000000000e-01 1.238856862356450e-01 3.277490000443929e-01
1.125000000000000e-01 1.277865820629775e-01 3.274267484287409e-01
1.156250000000000e-01 1.317186764210495e-01 3.270921439105345e-01
1.187500000000000e-01 1.356829293133661e-01 3.267448986207051e-01
1.218750000000000e-01 1.396803085947971e-01 3.263847148397718e-01
1.250000000000000e-01 1.437117902078738e-01 3.260112848590206e-01
1.281250000000000e-01 1.477783584210617e-01 3.256242908412741e-01
1.312500000000000e-01 1.518810060690650e-01 3.252234046815918e-01
1.343750000000000e-01 1.560207347952229e-01 3.248082878683821e-01
1.375000000000000e-01 1.601985552960564e-01 3.243785913453662e-01
1.406250000000000e-01 1.644154875680252e-01 3.239339553749431e-01
1.437500000000000e-01 1.686725611565558e-01 3.234740094034151e-01
1.468750000000000e-01 1.729708154074000e-01 3.229983719287031e-01
1.500000000000000e-01 1.773112997203869e-01 3.225066503711656e-01
1.531250000000000e-01 1.816950738056289e-01 3.219984409481192e-01
1.562500000000000e-01 1.861232079422458e-01 3.214733285528013e-01
1.593750000000000e-01 1.905967832396682e-01 3.209308866385064e-01
1.625000000000000e-01 1.951168919015860e-01 3.203706771086802e-01
1.656250000000000e-01 1.996846374926046e-01 3.197922502138080e-01
1.687500000000000e-01 2.043011352076760e-01 3.191951444560092e-01
1.718750000000000e-01 2.089675121443681e-01 3.185788865022469e-01
1.750000000000000e-01 2.136849075780412e-01 3.179429911072313e-01
1.781250000000000e-01 2.184544732399964e-01 3.172869610470148e-01
1.812500000000000e-01 2.232773735986666e-01 3.166102870644704e-01
1.843750000000000e-01 2.281547861439151e-01 3.159124478278203e-01
1.875000000000000e-01 2.330879016745160e-01 3.151929099035100e-01
1.906250000000000e-01 2.380779245888810e-01 3.144511277447593e-01
1.937500000000000e-01 2.431260731791094e-01 3.136865436972499e-01
1.968750000000000e-01 2.482335799284277e-01 3.128985880233763e-01
2.000000000000000e-01 2.534016918120952e-01 3.120866789467452e-01
2.031250000000000e-01 2.586316706018478e-01 3.112502227184998e-01
2.062500000000000e-01 2.639247931739538e-01 3.103886137072894e-01
2.093750000000000e-01 2.692823518209576e-01 3.095012345146888e-01
2.125000000000000e-01 2.747056545671873e-01 3.085874561180221e-01
2.156250000000000e-01 2.801960254881028e-01 3.076466380426537e-01
2.187500000000000e-01 2.857548050335636e-01 3.066781285658143e-01
2.218750000000000e-01 2.913833503550930e-01 3.056812649542296e-01
2.250000000000000e-01 2.970830356372213e-01 3.046553737378939e-01
2.281250000000000e-01 3.028552524329863e-01 3.035997710223942e-01
2.312500000000000e-01 3.087014100036755e-01 3.025137628423341e-01
2.343750000000000e-01 3.146229356628902e-01 3.013966455584566e-01
2.375000000000000e-01 3.206212751250189e-01 3.002477063013027e-01
2.406250000000000e-01 3.266978928582008e-01 2.990662234641339e-01
2.437500000000000e-01 3.328542724418705e-01 2.978514672481401e-01
2.468750000000000e-01 3.390919169289667e-01 2.966027002629867e-01
2.500000000000000e-01 3.454123492128958e-01 2.953191781857714e-01
2.531250000000000e-01 3.518171123993401e-01 2.940001504817332e-01
2.562500000000000e-01 3.583077701830001e-01 2.926448611899767e-01
2.593750000000000e-01 3.648859072293631e-01 2.912525497776247e-01
2.625000000000000e-01 3.715531295615936e-01 2.898224520659643e-01
2.656250000000000e-01 3.783110649526354e-01 2.883538012320745e-01
2.687500000000000e-01 3.851613633226258e-01 2.868458288896226e-01
2.718750000000000e-01 3.921056971417164e-01 2.852977662524641e-01
2.750000000000000e-01 3.991457618383991e-01 2.837088453848265e-01
2.781250000000000e-01 4.062832762134377e-01 2.820783005417741e-01
2.812500000000000e-01 4.135199828595055e-01 2.804053696037522e-01
2.843750000000000e-01 4.208576485866312e-01 2.786892956089239e-01
2.875000000000000e-01 4.282980648535585e-01 2.769293283870740e-01
2.906250000000000e-01 4.358430482051222e-01 2.751247262987189e-01
2.937500000000000e-01 4.434944407157500e-01 2.732747580830345e-01
2.968750000000000e-01 4.512541104391968e-01 2.713787048181384e-01
3.000000000000000e-01 4.591239518646220e-01 2.694358619970073e-01
3.031250000000000e-01 4.671058863791195e-01 2.674455417223840e-01
3.062500000000000e-01 4.752018627368176e-01 2.654070750235049e-01
3.093750000000000e-01 4.834138575346580e-01 2.633198142975821e-01
3.125000000000000e-01 4.917438756949728e-01 2.611831358783881e-01
3.156250000000000e-01 5.001939509549778e-01 2.589964427341900e-01
3.187500000000000e-01 5.087661463633005e-01 2.567591672967803e-01
3.218750000000000e-01 5.174625547836644e-01 2.544707744229290e-01
3.250000000000000e-01 5.262852994058529e-01 2.521307644891412e-01
3.281250000000000e-01 5.352365342640750e-01 2.497386766200141e-01
3.312500000000000e-01 5.443184447628656e-01 2.472940920498984e-01
3.343750000000000e-01 5.535332482106405e-01 2.447966376168256e-01
3.375000000000000e-01 5.628831943610435e-01 2.422459893870004e-01
3.406250000000000e-01 5.723705659622137e-01 2.396418764072455e-01
3.437500000000000e-01 5.819976793141081e-01 2.369840845818988e-01
3.468750000000000e-01 5.917668848340161e-01 2.342724606696718e-01
3.500000000000000e-01 6.016805676304035e-01 2.315069163948812e-01
3.531250000000000e-01 6.117411480852264e-01 2.286874326663203e-01
3.562500000000000e-01 6.219510824448572e-01 2.258140638957071e-01
3.593750000000000e-01 6.323128634197650e-01 2.228869424063787e-01
3.625000000000000e-01 6.428290207931012e-01 2.199062829213285e-01
3.656250000000000e-01 6.535021220383342e-01 2.168723871182717e-01
3.687500000000000e-01 6.643347729460869e-01 2.137856482376040e-01
3.718750000000000e-01 6.753296182603294e-01 2.106465557275066e-01
3.750000000000000e-01 6.864893423240808e-01 2.074556999085104e-01
3.781250000000000e-01 6.978166697347804e-01 2.042137766379365e-01
3.812500000000000e-01 7.093143660094854e-01 2.009215919525026e-01
3.843750000000000e-01 7.209852382600603e-01 1.975800666653735e-01
3.875000000000000e-01 7.328321358785219e-01 1.941902408915424e-01
3.906250000000000e-01 7.448579512327029e-01 1.907532784732565e-01
3.937500000000000e-01 7.570656203724140e-01 1.872704712746853e-01
3.968750000000000e-01 7.694581237462648e-01 1.837432433126287e-01
4.000000000000000e-01 7.820384869293291e-01 1.801731546874877e-01
4.031250000000000e-01 7.948097813618253e-01 1.765619052760823e-01
4.062500000000000e-01 8.077751250989945e-01 1.729113381453380e-01
4.093750000000000e-01 8.209376835723596e-01 1.692234426430497e-01
4.125000000000000e-01 8.343006703625532e-01 1.655003571193386e-01
4.156250000000000e-01 8.478673479838968e-01 1.617443712295875e-01
4.187500000000000e-01 8.616410286809313e-01 1.579579277670593e-01
4.218750000000000e-01 8.756250752370857e-01 1.541436239706540e-01
4.250000000000000e-01 8.898229017956865e-01 1.503042122507513e-01
4.281250000000000e-01 9.042379746935050e-01 1.464426002736397e-01
4.312500000000000e-01 9.188738133070491e-01 1.425618503427850e-01
4.343750000000000e-01 9.337339909118028e-01 1.386651780131442e-01
4.375000000000000e-01 9.488221355546261e-01 1.347559498731180e-01
4.406250000000000e-01 9.641419309395265e-01 1.308376804274650e-01
4.437500000000000e-01 9.796971173270190e-01 1.269140280137882e-01
4.468750000000000e-01 9.954914924472941e-01 1.229887896852555e-01
4.500000000000000e-01 1.011528912427417e+00 1.190658949930936e-01
4.531250000000000e-01 1.027813292732786e+00 1.151493986042344e-01
4.562500000000000e-01 1.044348609123070e+00 1.112434716928030e-01
4.593750000000000e-01 1.061138898622882e+00 1.073523920487458e-01
4.625000000000000e-01 1.078188260507393e+00 1.034805328533429e-01
4.656250000000000e-01 1.095500857303154e+00 9.963235007985255e-02
4.687500000000000e-01 1.113080915804360e+00 9.581236848814638e-02
4.718750000000000e-01 1.130932728104805e+00 9.202516619544308e-02
4.750000000000000e-01 1.149060652645771e+00 8.827535782105941e-02
4.781250000000000e-01 1.167469115280130e+00 8.456757622175408e-02
4.812500000000000e-01 1.186162610352890e+00 8.090645285575676e-02
4.843750000000000e-01 1.205145701798475e+00 7.729659683783142e-02
4.875000000000000e-01 1.224423024254985e+00 7.374257277465764e-02
4.906250000000000e-01 1.243999284195726e+00 7.024887749889300e-02
4.937500000000000e-01 1.263879261078271e+00 6.681991585124858e-02
4.968750000000000e-01 1.284067808511348e+00 6.345997569186522e-02
5.000000000000000e-01 1.304569855439823e+00 6.017320235450015e-02
5.031250000000000e-01 1.325390407348082e+00 5.696357278857951e-02
5.062500000000000e-01 1.346534547482100e+00 5.383486966384480e-02
5.093750000000000e-01 1.368007438090487e+00 5.079065573899766e-02
5.125000000000001e-01 1.389814321684837e+00 4.783424881829675e-02
5.156250000000000e-01 1.411960522319654e+00 4.496869763722399e-02
5.187500000000000e-01 1.434451446892208e+00 4.219675902919178e-02
5.218750000000000e-01 1.457292586462593e+00 3.952087672885288e-02
5.250000000000000e-01 1.480489517594354e+00 3.694316216331264e-02
5.281250000000001e-01 1.504047903715979e+00 3.446537757001445e-02
5.312500000000000e-01 1.527973496503592e+00 3.208892175918995e-02
5.343750000000000e-01 1.552272137285215e+00 2.981481880976231e-02
5.375000000000000e-01 1.576949758466886e+00 2.764370995093201e-02
5.406250000000000e-01 1.602012384981041e+00 2.557584883808513e-02
5.437500000000001e-01 1.627466135757470e+00 2.361110038215006e-02
5.468750000000000e-01 1.653317225217225e+00 2.174894323712823e-02
5.500000000000000e-01 1.679571964789851e+00 1.998847599247809e-02
5.531250000000000e-01 1.706236764454286e+00 1.832842705658580e-02
5.562500000000000e-01 1.733318134303830e+00 1.676716815596017e-02
5.593750000000001e-01 1.760822686135563e+00 1.530273131328704e-02
5.625000000000000e-01 1.788757135064574e+00 1.393282910726045e-02
5.656250000000000e-01 1.817128301163438e+00 1.265487795933208e-02
5.687500000000000e-01 1.845943111127301e+00 1.146602413829394e-02
5.718750000000000e-01 1.875208599965003e+00 1.036317212403150e-02
5.750000000000001e-01 1.904931912716643e+00 9.343014927925173e-03
5.781250000000000e-01 1.935120306198011e+00 8.402065930303274e-03
5.812500000000000e-01 1.965781150772311e+00 7.536691766106109e-03
5.843750000000000e-01 1.996921932149593e+00 6.743145769521818e-03
5.875000000000000e-01 2.028550253214365e+00 6.017601477720525e-03
5.906250000000001e-01 2.060673835881802e+00 5.356185693763877e-03
5.937500000000000e-01 2.093300522983012e+00 4.755010619875133e-03
5.968750000000000e-01 2.126438280179837e+00 4.210204594877066e-03
6.000000000000001e-01 2.160095197909630e+00 3.717941003698152e-03
6.031250000000000e-01 2.194279493360494e+00 3.274464971992962e-03
6.062500000000001e-01 2.228999512477486e+00 2.876117514219479e-03
6.093750000000000e-01 2.264263732000228e+00 2.519356867595409e-03
6.125000000000000e-01 2.300080761532477e+00 2.200776815363915e-03
6.156250000000001e-01 2.336459345644116e+00 1.917121878474435e-03
6.187500000000000e-01 2.373408366006099e+00 1.665299332513970e-03
6.218750000000001e-01 2.410936843558884e+00 1.442388083681835e-03
6.250000000000000e-01 2.449053940714840e+00 1.245644510891019e-03
6.281250000000000e-01 2.487768963595221e+00 1.072505447893027e-03
6.312500000000001e-01 2.527091364302215e+00 9.205885371259347e-04
6.343750000000000e-01 2.567030743226622e+00 7.876902336648868e-04
6.375000000000001e-01 2.607596851391758e+00 6.717817716726401e-04
6.406250000000000e-01 2.648799592834118e+00 5.710034262418054e-04
6.437500000000000e-01 2.690649027021411e+00 4.836574103622214e-04
6.468750000000001e-01 2.733155371308524e+00 4.081997405545680e-04
6.500000000000000e-01 2.776329003432049e+00 3.432313867929200e-04
6.531250000000001e-01 2.820180464043967e+00 2.874889945984198e-04
6.562500000000000e-01 2.864720459285089e+00 2.398354319712043e-04
6.593750000000000e-01 2.909959863398929e+00 1.992503737507972e-04
6.625000000000001e-01 2.955909721386590e+00 1.648210937378934e-04
6.656250000000000e-01 3.002581251703353e+00 1.357335930247582e-04
6.687500000000001e-01 3.049985848997626e+00 1.112641537139411e-04
6.718750000000000e-01 3.098135086892879e+00 9.077137235235360e-05
6.750000000000000e-01 3.147040720813310e+00 7.368869822310642e-05
6.781250000000001e-01 3.196714690853871e+00 5.951747878876685e-05
6.812500000000000e-01 3.247169124695383e+00 4.782049816529862e-05
6.843750000000001e-01 3.298416340565477e+00 3.821598412091659e-05
6.875000000000000e-01 3.350468850246008e+00 3.037205393624668e-05
6.906250000000000e-01 3.403339362127777e+00 2.400156846396195e-05
6.937500000000001e-01 3.457040784313211e+00 1.885736569567054e-05
6.968750000000000e-01 3.511586227767823e+00 1.472784889841957e-05
7.000000000000001e-01 3.566989009521205e+00 1.143290886147649e-05
7.031250000000000e-01 3.623262655918307e+00 8.820164137067423e-06
7.062500000000000e-01 3.680420905921852e+00 6.761506755141469e-06
7.093750000000001e-01 3.738477714466631e+00 5.149943387560027e-06
7.125000000000000e-01 3.797447255866536e+00 3.896723212835745e-06
7.156250000000001e-01 3.857343927275175e+00 2.928743862401608e-06
7.187500000000000e-01 3.918182352200844e+00 2.186226023112005e-06
7.218750000000000e-01 3.979977384076828e+00 1.620645814798348e-06
7.250000000000001e-01 4.042744109887770e+00 1.192912265396292e-06
7.281250000000000e-01 4.106497853853101e+00 8.717753579695021e-07
7.312500000000001e-01 4.171254181168399e+00 6.324484621699035e-07
7.343750000000000e-01 4.237028901805528e+00 4.554276596695412e-07
7.375000000000000e-01 4.303838074372613e+00 3.254896318617006e-07
7.406250000000001e-01 4.371698010034643e+00 2.308494379390447e-07
7.437500000000000e-01 4.440625276495786e+00 1.624596593633166e-07
7.468750000000001e-01 4.510636702044332e+00 1.134329716026745e-07
7.500000000000000e-01 4.581749379661216e+00 7.857115061367152e-08
7.531250000000000e-01 4.653980671193226e+00 5.398474308609597e-08
7.562500000000001e-01 4.727348211591802e+00 3.678903754643365e-08
7.593750000000000e-01 4.801869913218528e+00 2.486348524587584e-08
7.625000000000001e-01 4.877563970218381e+00 1.666326282458347e-08
7.656250000000000e-01 4.954448862961714e+00 1.107318328290723e-08
7.687500000000000e-01 5.032543362556198e+00 7.295601606886590e-09
7.718750000000001e-01 5.111866535429675e+00 4.765293470871510e-09
7.750000000000000e-01 5.192437747985146e+00 3.085488742575445e-09
7.781250000000001e-01 5.274276671329015e+00 1.980305335499321e-09
7.812500000000000e-01 5.357403286073669e+00 1.259751014873359e-09
7.843750000000000e-01 5.441837887215693e+00 7.942453006240943e-10
7.875000000000001e-01 5.527601089090773e+00 4.962695447766343e-10
7.906250000000000e-01 5.614713830406605e+00 3.072925637842128e-10
7.937500000000001e-01 5.703197379355005e+00 1.885555156587393e-10
7.968750000000000e-01 5.793073338804412e+00 1.146472110621016e-10
8.000000000000000e-01 5.884363651574169e+00 6.907361826643863e-11
8.031250000000001e-01 5.977090605791737e+00 4.123594582243242e-11
8.062500000000000e-01 6.071276840334257e+00 2.439206766396909e-11
8.093750000000001e-01 6.166945350355728e+00 1.429642279297741e-11
8.125000000000000e-01 6.264119492901173e+00 8.302576546402927e-12
8.156250000000000e-01 6.362822992609162e+00 4.777593878407735e-12
8.187500000000001e-01 6.463079947504072e+00 2.724106110048323e-12
8.218750000000000e-01 6.564914834879517e+00 1.539105606154973e-12
8.250000000000001e-01 6.668352517274371e+00 8.617021040737477e-13
8.281250000000000e-01 6.773418248542846e+00 4.780887400653782e-13
8.312500000000000e-01 6.880137680020114e+00 2.628720210359694e-13
8.343750000000001e-01 6.988536866784961e+00 1.432485057872232e-13
8.375000000000000e-01 7.098642274021019e+00 7.737036294159762e-14
8.406250000000001e-01 7.210480783478133e+00 4.142193056707265e-14
8.437500000000000e-01 7.324079700035414e+00 2.198330481635324e-14
8.468750000000000e-01 7.439466758367605e+00 1.156649239921802e-14
8.500000000000001e-01 7.556670129716381e+00 6.033909289928632e-15
8.531250000000000e-01 7.675718428768239e+00 3.121258902424015e-15
8.562500000000001e-01 7.796640720640633e+00 1.601191561875345e-15
8.593750000000000e-01 7.919466527978115e+00 8.146869858170668e-16
8.625000000000000e-01 8.044225838160141e+00 4.111748840120490e-16
8.656250000000001e-01 8.170949110622363e+00 2.058769437384832e-16
8.687500000000000e-01 8.299667284293170e+00 1.022807163669391e-16
8.718750000000001e-01 8.430411785147284e+00 5.042509526701508e-17
8.750000000000000e-01 8.563214533878281e+00 2.467350763215797e-17
8.781250000000000e-01 8.698107953691880e+00 1.198430017060483e-17
8.812500000000001e-01 8.835124978221932e+00 5.779103662079450e-18
8.843750000000000e-01 8.974299059571019e+00 2.767225533509791e-18
8.875000000000001e-01 9.115664176477637e+00 1.315942236655056e-18
8.906250000000000e-01 9.259254842611947e+00 6.215996618590282e-19
8.937500000000000e-01 9.405106115002161e+00 2.917032419580522e-19
8.968750000000001e-01 9.553253602593529e+00 1.360205120454687e-19
9.000000000000000e-01 9.703733474942130e+00 6.303437435815471e-20
9.031250000000001e-01 9.856582471045494e+00 2.903611966289755e-20
9.062500000000000e-01 1.001183790831228e+01 1.329740298886537e-20
9.093750000000000e-01 1.016953769167313e+01 6.055387529654632e-21
9.125000000000001e-01 1.032972032283505e+01 2.742484778826216e-21
9.156250000000000e-01 1.049242490968134e+01 1.235533290567465e-21
9.187500000000001e-01 1.065769117581972e+01 5.538009917025079e-22
9.218750000000000e-01 1.082555947028058e+01 2.470150397381142e-22
9.250000000000000e-01 1.099607077736805e+01 1.096591600334001e-22
9.281250000000001e-01 1.116926672666618e+01 4.846182537372013e-23
9.312500000000000e-01 1.134518960320255e+01 2.132403409706709e-23
9.343750000000001e-01 1.152388235777201e+01 9.344045938349029e-24
9.375000000000000e-01 1.170538861742293e+01 4.078284913577485e-24
9.406250000000000e-01 1.188975269610854e+01 1.773282150130953e-24
9.437500000000001e-01 1.207701960550600e+01 7.682739131591433e-25
9.468750000000000e-01 1.226723506600578e+01 3.317203487199470e-25
9.500000000000001e-01 1.246044551787411e+01 1.427661373530638e-25
9.531250000000000e-01 1.265669813259115e+01 6.125676755649035e-26
9.562500000000000e-01 1.285604082436773e+01 2.620817445427603e-26
9.593750000000001e-01 1.305852226184337e+01 1.118280268456522e-26
9.625000000000000e-01 1.326419187996850e+01 4.759621086288213e-27
9.656250000000001e-01 1.347309989207381e+01 2.021053350114126e-27
9.687500000000000e-01 1.368529730212962e+01 8.563314453012868e-28
9.718750000000000e-01 1.390083591719824e+01 3.621086703662746e-28
9.750000000000001e-01 1.411976836008246e+01 1.528417878599057e-28
9.781250000000000e-01 1.434214808217320e+01 6.440570893873829e-29
9.812500000000001e-01 1.456802937649935e+01 2.709906066046458e-29
9.843750000000000e-01 1.479746739098328e+01 1.138732561385618e-29
9.875000000000000e-01 1.503051814190487e+01 4.778484633966795e-30
9.906250000000001e-01 1.526723852757770e+01 2.005868936025900e-30
9.937500000000000e-01 1.550768634224049e+01 8.356161281808351e-31
9.968750000000001e-01 1.575192029016732e+01 3.627214717185531e-31
1.000000000000000e+00 1.600000000000000e+01 1.234543100258027e-31
