0.000000000000000e+00 0.000000000000000e+00 -1.641036616010409e-04
5.000000000000000e-03 3.369477419287315e-03 -1.677043231875830e-04
1.000000000000000e-02 6.741060871647481e-03 -1.714998383613854e-04
1.500000000000000e-02 1.011685770649257e-02 -1.699178775585120e-04
2.000000000000000e-02 1.349897790673588e-02 -1.707107776027853e-04
2.500000000000000e-02 1.688953540759990e-02 -1.696462146994399e-04
3.000000000000000e-02 2.029064941789469e-02 -1.707654448532951e-04
3.500000000000000e-02 2.370444574459234e-02 -1.694979603296596e-04
4.000000000000000e-02 2.713305812152553e-02 -1.708852102138838e-04
4.500000000000000e-02 3.057862954304063e-02 -1.697947052082077e-04
5.000000000000000e-02 3.404331360343898e-02 -1.709119414296007e-04
5.500000000000000e-02 3.752927584304335e-02 -1.699379133550708e-04
6.000000000000000e-02 4.103869510173117e-02 -1.708654633893785e-04
6.500000000000000e-02 4.457376488078044e-02 -1.701397600503018e-04
7.000000000000001e-02 4.813669471387935e-02 -1.708175945884025e-04
7.500000000000000e-02 5.172971154815675e-02 -1.703012119321586e-04
8.000000000000000e-02 5.535506113609672e-02 -1.708365150703751e-04
8.500000000000001e-02 5.901500943920686e-02 -1.702088529550529e-04
9.000000000000000e-02 6.271184404431801e-02 -1.709018358339435e-04
9.500000000000000e-02 6.644787559340060e-02 -1.703560117402099e-04
1.000000000000000e-01 7.022543922779090e-02 -1.710644665700222e-04
1.050000000000000e-01 7.404689604773053e-02 -1.707284131459808e-04
1.100000000000000e-01 7.791463458813094e-02 -1.710282087191773e-04
1.150000000000000e-01 8.183107231148547e-02 -1.709032541876438e-04
1.200000000000000e-01 8.579865711886202e-02 -1.710456815142529e-04
1.250000000000000e-01 8.981986887992111e-02 -1.712273677741096e-04
1.300000000000000e-01 9.389722098291493e-02 -1.710733667450854e-04
1.350000000000000e-01 9.803326190563690e-02 -1.715360607173574e-04
1.400000000000000e-01 1.022305768083033e-01 -1.711987139738792e-04
1.450000000000000e-01 1.064917891493625e-01 -1.716839708277824e-04
1.500000000000000e-01 1.108195623252418e-01 -1.713681838174084e-04
1.550000000000000e-01 1.152166013350572e-01 -1.718162058406260e-04
1.600000000000000e-01 1.196856544713255e-01 -1.715979348164013e-04
1.650000000000000e-01 1.242295150377370e-01 -1.720186196591860e-04
1.700000000000000e-01 1.288510230950609e-01 -1.718215804811563e-04
1.750000000000000e-01 1.335530672362758e-01 -1.723091049037684e-04
1.800000000000000e-01 1.383385863920344e-01 -1.720584055452492e-04
1.850000000000000e-01 1.432105716675912e-01 -1.725060410915313e-04
1.900000000000000e-01 1.481720682123397e-01 -1.723463716113744e-04
1.950000000000000e-01 1.532261771231311e-01 -1.727433446310956e-04
2.000000000000000e-01 1.583760573825595e-01 -1.727062990641434e-04
2.050000000000000e-01 1.636249278334301e-01 -1.730637831125645e-04
2.100000000000000e-01 1.689760691906397e-01 -1.731586641789744e-04
2.150000000000000e-01 1.744328260917313e-01 -1.733786976335141e-04
2.200000000000000e-01 1.799986091874004e-01 -1.736181199637757e-04
2.250000000000000e-01 1.856768972732633e-01 -1.737006673842809e-04
2.300000000000000e-01 1.914712394642179e-01 -1.740315051564793e-04
2.350000000000000e-01 1.973852574127551e-01 -1.741589690251313e-04
2.400000000000000e-01 2.034226475726105e-01 -1.745178855724603e-04
2.450000000000000e-01 2.095871835091678e-01 -1.745908406119284e-04
2.500000000000000e-01 2.158827182580599e-01 -1.749977742247235e-04
2.550000000000000e-01 2.223131867334419e-01 -1.750881035474909e-04
2.600000000000000e-01 2.288826081874405e-01 -1.755575645148747e-04
2.650000000000000e-01 2.355950887223172e-01 -1.756942890899131e-04
2.700000000000000e-01 2.424548238569160e-01 -1.761445278258729e-04
2.750000000000000e-01 2.494661011489995e-01 -1.764310856887440e-04
2.800000000000000e-01 2.566333028751116e-01 -1.767584711696804e-04
2.850000000000000e-01 2.639609087696434e-01 -1.771791708798425e-04
2.900000000000000e-01 2.714534988248126e-01 -1.774923130634638e-04
2.950000000000000e-01 2.791157561533084e-01 -1.780055398382358e-04
3.000000000000000e-01 2.869524699153886e-01 -1.782340209950561e-04
3.050000000000000e-01 2.949685383122613e-01 -1.787785572086893e-04
3.100000000000000e-01 3.031689716476197e-01 -1.790982447497271e-04
3.150000000000000e-01 3.115588954592450e-01 -1.797042685929573e-04
3.200000000000000e-01 3.201435537226349e-01 -1.800786890415105e-04
3.250000000000000e-01 3.289283121286580e-01 -1.807217336561931e-04
3.300000000000000e-01 3.379186614372866e-01 -1.812326595516941e-04
3.350000000000000e-01 3.471202209094989e-01 -1.818031394034785e-04
3.400000000000000e-01 3.565387418195016e-01 -1.824264798474918e-04
3.450000000000000e-01 3.661801110494620e-01 -1.829908791852524e-04
3.500000000000000e-01 3.760503547690021e-01 -1.836853443152589e-04
3.550000000000000e-01 3.861556422017504e-01 -1.843195353168919e-04
3.600000000000000e-01 3.965022894813072e-01 -1.851257559110112e-04
3.650000000000000e-01 4.070967635990345e-01 -1.858410688376545e-04
3.700000000000000e-01 4.179456864461349e-01 -1.866627282554181e-04
3.750000000000000e-01 4.290558389525505e-01 -1.875159067208929e-04
3.800000000000000e-01 4.404341653252637e-01 -1.883929033310280e-04
3.850000000000000e-01 4.520877773886537e-01 -1.893702618547774e-04
3.900000000000000e-01 4.640239590296172e-01 -1.903056296152293e-04
3.950000000000000e-01 4.762501707502353e-01 -1.913931101425452e-04
4.000000000000000e-01 4.887740543308307e-01 -1.924872149642608e-04
4.050000000000000e-01 5.016034376063282e-01 -1.937107925495788e-04
4.100000000000000e-01 5.147463393589066e-01 -1.949727559178758e-04
4.150000000000000e-01 5.282109743299990e-01 -1.963531632711015e-04
4.200000000000000e-01 5.420057583547735e-01 -1.977659733812310e-04
4.250000000000000e-01 5.561393136223041e-01 -1.993462449046556e-04
4.300000000000000e-01 5.706204740647189e-01 -2.010023753186067e-04
4.350000000000000e-01 5.854582908786964e-01 -2.028289803564856e-04
4.400000000000000e-01 6.006620381827575e-01 -2.048349106940461e-04
4.450000000000000e-01 6.162412188138907e-01 -2.069317431846697e-04
4.500000000000000e-01 6.322055702671360e-01 -2.093105347003967e-04
4.550000000000000e-01 6.485650707818353e-01 -2.118435939306234e-04
4.600000000000000e-01 6.653299455783577e-01 -2.146705712556719e-04
4.650000000000000e-01 6.825106732491932e-01 -2.178637566731791e-04
4.700000000000000e-01 7.001179923084168e-01 -2.212310672892960e-04
4.750000000000000e-01 7.181629079036070e-01 -2.251172509564581e-04
4.800000000000000e-01 7.366566986944229e-01 -2.294227267586831e-04
4.850000000000000e-01 7.556109239021327e-01 -2.342408189277579e-04
4.900000000000000e-01 7.750374305345038e-01 -2.396613473525398e-04
4.950000000000000e-01 7.949483607905672e-01 -2.457540534717681e-04
5.000000000000000e-01 8.153561596498893e-01 -2.527044474418820e-04
5.050000000000000e-01 8.362735826510871e-01 -2.605388785663014e-04
5.100000000000000e-01 8.577137038644561e-01 -2.694682500129518e-04
5.150000000000000e-01 8.796899240636907e-01 -2.796902692666527e-04
5.200000000000000e-01 9.022159791018011e-01 -2.913060535674699e-04
5.250000000000000e-01 9.253059484964714e-01 -3.046939405610439e-04
5.300000000000000e-01 9.489742642302165e-01 -3.200069004915811e-04
5.350000000000000e-01 9.732357197708378e-01 -3.376268150339341e-04
5.400000000000000e-01 9.981054793178262e-01 -3.579510121269324e-04
5.450000000000000e-01 1.023599087280478e+00 -3.813384267436135e-04
5.500000000000000e-01 1.049732477993657e+00 -4.083779436231979e-04
5.550000000000000e-01 1.076521985677273e+00 -4.396367591874161e-04
5.600000000000001e-01 1.103984354645701e+00 -4.757479823195668e-04
5.650000000000001e-01 1.132136749773522e+00 -5.176224258980813e-04
5.700000000000001e-01 1.160996767224129e+00 -5.660818560463699e-04
5.750000000000001e-01 1.190582445447902e+00 -6.222462893334330e-04
5.800000000000000e-01 1.220912276456826e+00 -6.873965384676512e-04
5.850000000000000e-01 1.252005217382601e+00 -7.628995623240187e-04
5.900000000000000e-01 1.283880702325469e+00 -8.504567869717027e-04
5.950000000000000e-01 1.316558654501151e+00 -9.520137297054685e-04
6.000000000000000e-01 1.350059498693518e+00 -1.069665684501492e-03
6.050000000000000e-01 1.384404174020732e+00 -1.206002130839862e-03
6.100000000000000e-01 1.419614147022888e+00 -1.363854390833126e-03
6.150000000000000e-01 1.455711425079295e+00 -1.546392201495280e-03
6.200000000000000e-01 1.492718570163803e+00 -1.757286932751100e-03
6.250000000000000e-01 1.530658712946775e+00 -2.000589688230266e-03
6.300000000000000e-01 1.569555567252506e+00 -2.280672684930722e-03
6.350000000000000e-01 1.609433444881138e+00 -2.602462251942395e-03
6.400000000000000e-01 1.650317270804325e+00 -2.971164018499733e-03
6.450000000000000e-01 1.692232598744148e+00 -3.392195226509754e-03
6.500000000000000e-01 1.735205627145031e+00 -3.871167341206228e-03
6.550000000000000e-01 1.779263215548615e+00 -4.413628118458540e-03
6.600000000000000e-01 1.824432901381847e+00 -5.024601618551228e-03
6.650000000000000e-01 1.870742917168772e+00 -5.708389876953403e-03
6.700000000000000e-01 1.918222208176775e+00 -6.467987320318682e-03
6.750000000000000e-01 1.966900450508319e+00 -7.304291006076249e-03
6.800000000000000e-01 2.016808069649473e+00 -8.215298578538114e-03
6.850000000000001e-01 2.067976259486829e+00 -9.195309348953776e-03
6.900000000000001e-01 2.120437001804702e+00 -1.023373530707083e-02
6.950000000000001e-01 2.174223086274785e+00 -1.131389228550173e-02
7.000000000000001e-01 2.229368130950753e+00 -1.241193076055055e-02
7.050000000000000e-01 2.285906603280654e+00 -1.349603318842118e-02
7.100000000000000e-01 2.343873841650178e+00 -1.452616747723462e-02
7.150000000000000e-01 2.403306077470301e+00 -1.545502592641235e-02
7.200000000000000e-01 2.464240457823092e+00 -1.623040797390209e-02
7.250000000000000e-01 2.526715068679855e+00 -1.679869600297086e-02
7.300000000000000e-01 2.590768958706095e+00 -1.710880034765984e-02
7.350000000000000e-01 2.656442163668210e+00 -1.711587657089715e-02
7.400000000000000e-01 2.723775731457148e+00 -1.678410155486948e-02
7.450000000000000e-01 2.792811747744667e+00 -1.608790126500369e-02
7.500000000000000e-01 2.863593362288260e+00 -1.501131928154585e-02
7.550000000000000e-01 2.936164815901156e+00 -1.354574860388337e-02
7.600000000000000e-01 3.010571468104263e+00 -1.168644147482146e-02
7.650000000000000e-01 3.086859825477351e+00 -9.428461265471364e-03
7.700000000000000e-01 3.165077570727174e+00 -6.762592365307196e-03
7.750000000000000e-01 3.245273592490716e+00 -3.671827204295947e-03
7.800000000000000e-01 3.327498015892184e+00 -1.287542250641249e-04
7.850000000000000e-01 3.411802233872832e+00 3.905565500513966e-03
7.900000000000000e-01 3.498238939313234e+00 8.480844188407397e-03
7.950000000000000e-01 3.586862157968046e+00 1.365410399066687e-02
8.000000000000000e-01 3.677727282233856e+00 1.948296614260021e-02
8.050000000000000e-01 3.770891105771243e+00 2.601532295181159e-02
8.100000000000001e-01 3.866411859002656e+00 3.327574579801362e-02
8.150000000000001e-01 3.964349245508326e+00 4.124942647241482e-02
8.200000000000001e-01 4.064764479342956e+00 4.986479014011043e-02
8.250000000000001e-01 4.167720323296481e+00 5.897611867922709e-02
8.300000000000001e-01 4.273281128122877e+00 6.834808829292936e-02
8.350000000000000e-01 4.381512872761445e+00 7.764524618534296e-02
8.400000000000000e-01 4.492483205575838e+00 8.643089542382350e-02
8.450000000000000e-01 4.606261486636447e+00 9.418082957132544e-02
8.500000000000000e-01 4.722918831072739e+00 1.003168711928391e-01
8.550000000000000e-01 4.842528153522501e+00 1.042624827531254e-01
8.600000000000000e-01 4.965164213705875e+00 1.055177394455451e-01
8.650000000000000e-01 5.090903663152626e+00 1.037444394013894e-01
8.700000000000000e-01 5.219825093111814e+00 9.884571982222469e-02
8.750000000000000e-01 5.352009083673925e+00 9.102055921801663e-02
8.800000000000000e-01 5.487538254136007e+00 8.077437338293438e-02
8.850000000000000e-01 5.626497314641444e+00 6.887405723989509e-02
8.900000000000000e-01 5.768973119126561e+00 5.624877839199891e-02
8.950000000000000e-01 5.915054719607133e+00 4.385343304893009e-02
9.000000000000000e-01 6.064833421838831e+00 3.252462502420785e-02
9.050000000000000e-01 6.218402842386253e+00 2.286376550006386e-02
9.100000000000000e-01 6.375858967136348e+00 1.517529757176566e-02
9.150000000000000e-01 6.537300211292723e+00 9.471554600335687e-03
9.200000000000000e-01 6.702827480888332e+00 5.535388809925169e-03
9.250000000000000e-01 6.872544235855034e+00 3.015558109558481e-03
9.300000000000000e-01 7.046556554689444e+00 1.524142313338581e-03
9.350000000000001e-01 7.224973200755413e+00 7.111429069951965e-04
9.400000000000001e-01 7.407905690264673e+00 3.047062616965481e-04
9.450000000000001e-01 7.595468361978146e+00 1.192335405525506e-04
9.500000000000001e-01 7.787778448671316e+00 4.236283122785822e-05
9.550000000000001e-01 7.984956150408610e+00 1.358306051616041e-05
9.600000000000000e-01 8.187124709672272e+00 3.905577480199917e-06
9.650000000000000e-01 8.394410488393007e+00 1.000515747881707e-06
9.700000000000000e-01 8.606943046930221e+00 2.268890464722495e-07
9.750000000000000e-01 8.824855225051540e+00 4.529018017343804e-08
9.800000000000000e-01 9.048283224961922e+00 7.943434228057865e-09
9.850000000000000e-01 9.277366696434507e+00 1.275835008553754e-09
9.900000000000000e-01 9.512248824096272e+00 2.802625320461310e-10
9.950000000000000e-01 9.753076416923058e+00 4.576475429183826e-10
1.000000000000000e+00 1.000000000000000e+01 1.289435021036353e-07
