0.000000000000000e+00 0.000000000000000e+00 -1.605614953487111e-04
5.000000000000000e-03 3.369477419287315e-03 -1.641621569350503e-04
1.000000000000000e-02 6.741060871647481e-03 -1.616777330084957e-04
1.500000000000000e-02 1.011685770649257e-02 -1.616649057499846e-04
2.000000000000000e-02 1.349897790673588e-02 -1.629694044903220e-04
2.500000000000000e-02 1.688953540759990e-02 -1.630922001820563e-04
3.000000000000000e-02 2.029064941789469e-02 -1.624997766175972e-04
3.500000000000000e-02 2.370444574459234e-02 -1.632491152357433e-04
4.000000000000000e-02 2.713305812152553e-02 -1.624029325097197e-04
4.500000000000000e-02 3.057862954304063e-02 -1.632187441894348e-04
5.000000000000000e-02 3.404331360343898e-02 -1.625456922654324e-04
5.500000000000000e-02 3.752927584304335e-02 -1.635547044653799e-04
6.000000000000000e-02 4.103869510173117e-02 -1.627788473360457e-04
6.500000000000000e-02 4.457376488078044e-02 -1.636466015183141e-04
7.000000000000001e-02 4.813669471387935e-02 -1.630518435898123e-04
7.500000000000000e-02 5.172971154815675e-02 -1.637673625642177e-04
8.000000000000000e-02 5.535506113609672e-02 -1.632013025439891e-04
8.500000000000001e-02 5.901500943920686e-02 -1.637463307557494e-04
9.000000000000000e-02 6.271184404431801e-02 -1.633574223673164e-04
9.500000000000000e-02 6.644787559340060e-02 -1.637131535407767e-04
1.000000000000000e-01 7.022543922779090e-02 -1.634833818619607e-04
1.050000000000000e-01 7.404689604773053e-02 -1.636554832933630e-04
1.100000000000000e-01 7.791463458813094e-02 -1.635945035909983e-04
1.150000000000000e-01 8.183107231148547e-02 -1.637229725740329e-04
1.200000000000000e-01 8.579865711886202e-02 -1.636930143070719e-04
1.250000000000000e-01 8.981986887992111e-02 -1.638077556009264e-04
1.300000000000000e-01 9.389722098291493e-02 -1.637807134820744e-04
1.350000000000000e-01 9.803326190563690e-02 -1.638834653767503e-04
1.400000000000000e-01 1.022305768083033e-01 -1.639291806664563e-04
1.450000000000000e-01 1.064917891493625e-01 -1.639612192314871e-04
1.500000000000000e-01 1.108195623252418e-01 -1.641088707334326e-04
1.550000000000000e-01 1.152166013350572e-01 -1.640709747548066e-04
1.600000000000000e-01 1.196856544713255e-01 -1.643068554418436e-04
1.650000000000000e-01 1.242295150377370e-01 -1.642620771771036e-04
1.700000000000000e-01 1.288510230950609e-01 -1.646096797437604e-04
1.750000000000000e-01 1.335530672362758e-01 -1.645136659858284e-04
1.800000000000000e-01 1.383385863920344e-01 -1.648693941891045e-04
1.850000000000000e-01 1.432105716675912e-01 -1.648063623940308e-04
1.900000000000000e-01 1.481720682123397e-01 -1.650735359456842e-04
1.950000000000000e-01 1.532261771231311e-01 -1.651262750560386e-04
2.000000000000000e-01 1.583760573825595e-01 -1.652287149312489e-04
2.050000000000000e-01 1.636249278334301e-01 -1.654040575629959e-04
2.100000000000000e-01 1.689760691906397e-01 -1.655217364779614e-04
2.150000000000000e-01 1.744328260917313e-01 -1.656361439821292e-04
2.200000000000000e-01 1.799986091874004e-01 -1.657984829953896e-04
2.250000000000000e-01 1.856768972732633e-01 -1.659472062785736e-04
2.300000000000000e-01 1.914712394642179e-01 -1.660772105686685e-04
2.350000000000000e-01 1.973852574127551e-01 -1.663888136119953e-04
2.400000000000000e-01 2.034226475726105e-01 -1.664150437951971e-04
2.450000000000000e-01 2.095871835091678e-01 -1.667783708831183e-04
2.500000000000000e-01 2.158827182580599e-01 -1.668192508141485e-04
2.550000000000000e-01 2.223131867334419e-01 -1.672646529048097e-04
2.600000000000000e-01 2.288826081874405e-01 -1.673457122478939e-04
2.650000000000000e-01 2.355950887223172e-01 -1.677120365895801e-04
2.700000000000000e-01 2.424548238569160e-01 -1.678321753798068e-04
2.750000000000000e-01 2.494661011489995e-01 -1.681587695882646e-04
2.800000000000000e-01 2.566333028751116e-01 -1.683390908297404e-04
2.850000000000000e-01 2.639609087696434e-01 -1.686439775281097e-04
2.900000000000000e-01 2.714534988248126e-01 -1.689110278887175e-04
2.950000000000000e-01 2.791157561533084e-01 -1.691814065649886e-04
3.000000000000000e-01 2.869524699153886e-01 -1.695595235758307e-04
3.050000000000000e-01 2.949685383122613e-01 -1.698128654179773e-04
3.100000000000000e-01 3.031689716476197e-01 -1.702765769012263e-04
3.150000000000000e-01 3.115588954592450e-01 -1.705010245358976e-04
3.200000000000000e-01 3.201435537226349e-01 -1.709883156857195e-04
3.250000000000000e-01 3.289283121286580e-01 -1.712806074424999e-04
3.300000000000000e-01 3.379186614372866e-01 -1.717045515491602e-04
3.350000000000000e-01 3.471202209094989e-01 -1.720831911355005e-04
3.400000000000000e-01 3.565387418195016e-01 -1.724858119741734e-04
3.450000000000000e-01 3.661801110494620e-01 -1.729708734017445e-04
3.500000000000000e-01 3.760503547690021e-01 -1.733254675908677e-04
3.550000000000000e-01 3.861556422017504e-01 -1.739240405991565e-04
3.600000000000000e-01 3.965022894813072e-01 -1.742659366706062e-04
3.650000000000000e-01 4.070967635990345e-01 -1.748612627556278e-04
3.700000000000000e-01 4.179456864461349e-01 -1.752957206668004e-04
3.750000000000000e-01 4.290558389525505e-01 -1.759119804014305e-04
3.800000000000000e-01 4.404341653252637e-01 -1.764153794076610e-04
3.850000000000000e-01 4.520877773886537e-01 -1.769351891719909e-04
3.900000000000000e-01 4.640239590296172e-01 -1.775810306963021e-04
3.950000000000000e-01 4.762501707502353e-01 -1.781136418361531e-04
4.000000000000000e-01 4.887740543308307e-01 -1.788423534900956e-04
4.050000000000000e-01 5.016034376063282e-01 -1.794332459637481e-04
4.100000000000000e-01 5.147463393589066e-01 -1.801481493595596e-04
4.150000000000000e-01 5.282109743299990e-01 -1.808595002961122e-04
4.200000000000000e-01 5.420057583547735e-01 -1.815402692032568e-04
4.250000000000000e-01 5.561393136223041e-01 -1.823797872238354e-04
4.300000000000000e-01 5.706204740647189e-01 -1.831348015382029e-04
4.350000000000000e-01 5.854582908786964e-01 -1.840631281103997e-04
4.400000000000000e-01 6.006620381827575e-01 -1.849540398397508e-04
4.450000000000000e-01 6.162412188138907e-01 -1.859347544519479e-04
4.500000000000000e-01 6.322055702671360e-01 -1.869755126217524e-04
4.550000000000000e-01 6.485650707818353e-01 -1.881057027263642e-04
4.600000000000000e-01 6.653299455783577e-01 -1.893520385989790e-04
4.650000000000000e-01 6.825106732491932e-01 -1.907067768654914e-04
4.700000000000000e-01 7.001179923084168e-01 -1.921902119364409e-04
4.750000000000000e-01 7.181629079036070e-01 -1.937889014499327e-04
4.800000000000000e-01 7.366566986944229e-01 -1.956779473992253e-04
4.850000000000000e-01 7.556109239021327e-01 -1.977595539481084e-04
4.900000000000000e-01 7.750374305345038e-01 -2.000322739176824e-04
4.950000000000000e-01 7.949483607905672e-01 -2.027392658600652e-04
5.000000000000000e-01 8.153561596498893e-01 -2.057425903455429e-04
5.050000000000000e-01 8.362735826510871e-01 -2.092418329281132e-04
5.100000000000000e-01 8.577137038644561e-01 -2.132578382640641e-04
5.150000000000000e-01 8.796899240636907e-01 -2.178882994626872e-04
5.200000000000000e-01 9.022159791018011e-01 -2.233143798001414e-04
5.250000000000000e-01 9.253059484964714e-01 -2.295764000782832e-04
5.300000000000000e-01 9.489742642302165e-01 -2.369141891386326e-04
5.350000000000000e-01 9.732357197708378e-01 -2.455094901237516e-04
5.400000000000000e-01 9.981054793178262e-01 -2.555176888417382e-04
5.450000000000000e-01 1.023599087280478e+00 -2.673294300946966e-04
5.500000000000000e-01 1.049732477993657e+00 -2.811356782127062e-04
5.550000000000000e-01 1.076521985677273e+00 -2.973724597154917e-04
5.600000000000001e-01 1.103984354645701e+00 -3.164885517111287e-04
5.650000000000001e-01 1.132136749773522e+00 -3.389213773205685e-04
5.700000000000001e-01 1.160996767224129e+00 -3.653465973711922e-04
5.750000000000001e-01 1.190582445447902e+00 -3.964509765849512e-04
5.800000000000000e-01 1.220912276456826e+00 -4.330006336559429e-04
5.850000000000000e-01 1.252005217382601e+00 -4.760741426457883e-04
5.900000000000000e-01 1.283880702325469e+00 -5.267183435605954e-04
5.950000000000000e-01 1.316558654501151e+00 -5.862790610877911e-04
6.000000000000000e-01 1.350059498693518e+00 -6.563605497198206e-04
6.050000000000000e-01 1.384404174020732e+00 -7.387037383213461e-04
6.100000000000000e-01 1.419614147022888e+00 -8.354150286584092e-04
6.150000000000000e-01 1.455711425079295e+00 -9.489913166274763e-04
6.200000000000000e-01 1.492718570163803e+00 -1.082139000700476e-03
6.250000000000000e-01 1.530658712946775e+00 -1.238116577782318e-03
6.300000000000000e-01 1.569555567252506e+00 -1.420619018777463e-03
6.350000000000000e-01 1.609433444881138e+00 -1.633733341318759e-03
6.400000000000000e-01 1.650317270804325e+00 -1.882110994555008e-03
6.450000000000000e-01 1.692232598744148e+00 -2.170964975633819e-03
6.500000000000000e-01 1.735205627145031e+00 -2.505834285456269e-03
6.550000000000000e-01 1.779263215548615e+00 -2.892742612474985e-03
6.600000000000000e-01 1.824432901381847e+00 -3.338012118269257e-03
6.650000000000000e-01 1.870742917168772e+00 -3.847931568369914e-03
6.700000000000000e-01 1.918222208176775e+00 -4.428491257098246e-03
6.750000000000000e-01 1.966900450508319e+00 -5.085083279364574e-03
6.800000000000000e-01 2.016808069649473e+00 -5.821693741057392e-03
6.850000000000001e-01 2.067976259486829e+00 -6.640128776317068e-03
6.900000000000001e-01 2.120437001804702e+00 -7.539143023165947e-03
6.950000000000001e-01 2.174223086274785e+00 -8.513318578384157e-03
7.000000000000001e-01 2.229368130950753e+00 -9.551622232869846e-03
7.050000000000000e-01 2.285906603280654e+00 -1.063601073493702e-02
7.100000000000000e-01 2.343873841650178e+00 -1.173999332813014e-02
7.150000000000000e-01 2.403306077470301e+00 -1.282744407924821e-02
7.200000000000000e-01 2.464240457823092e+00 -1.385234374763303e-02
7.250000000000000e-01 2.526715068679855e+00 -1.476013125890686e-02
7.300000000000000e-01 2.590768958706095e+00 -1.549071129384683e-02
7.350000000000000e-01 2.656442163668210e+00 -1.598261736494117e-02
7.400000000000000e-01 2.723775731457148e+00 -1.617757279390024e-02
7.450000000000000e-01 2.792811747744667e+00 -1.602450731241863e-02
7.500000000000000e-01 2.863593362288260e+00 -1.548209335226530e-02
7.550000000000000e-01 2.936164815901156e+00 -1.451921067960464e-02
7.600000000000000e-01 3.010571468104263e+00 -1.311324353838023e-02
7.650000000000000e-01 3.086859825477351e+00 -1.124671603637391e-02
7.700000000000000e-01 3.165077570727174e+00 -8.902946250031239e-03
7.750000000000000e-01 3.245273592490716e+00 -6.061622514759128e-03
7.800000000000000e-01 3.327498015892184e+00 -2.695029720603690e-03
7.850000000000000e-01 3.411802233872832e+00 1.234262796992218e-03
7.900000000000000e-01 3.498238939313234e+00 5.773749020134816e-03
7.950000000000000e-01 3.586862157968046e+00 1.097850248275438e-02
8.000000000000000e-01 3.677727282233856e+00 1.690516650347043e-02
8.050000000000000e-01 3.770891105771243e+00 2.360159433875255e-02
8.100000000000001e-01 3.866411859002656e+00 3.109213555970963e-02
8.150000000000001e-01 3.964349245508326e+00 3.935939797326000e-02
8.200000000000001e-01 4.064764479342956e+00 4.832435818748559e-02
8.250000000000001e-01 4.167720323296481e+00 5.782725448710883e-02
8.300000000000001e-01 4.273281128122877e+00 6.761208590001487e-02
8.350000000000000e-01 4.381512872761445e+00 7.731798082183999e-02
8.400000000000000e-01 4.492483205575838e+00 8.648140995777287e-02
8.450000000000000e-01 4.606261486636447e+00 9.455377157260535e-02
8.500000000000000e-01 4.722918831072739e+00 1.009383928540908e-01
8.550000000000000e-01 4.842528153522501e+00 1.050485642948107e-01
8.600000000000000e-01 4.965164213705875e+00 1.063835446195294e-01
8.650000000000000e-01 5.090903663152626e+00 1.046132047182986e-01
8.700000000000000e-01 5.219825093111814e+00 9.965579426809182e-02
8.750000000000000e-01 5.352009083673925e+00 9.172957073226662e-02
8.800000000000000e-01 5.487538254136007e+00 8.136008989397200e-02
8.850000000000000e-01 5.626497314641444e+00 6.933221628539435e-02
8.900000000000000e-01 5.768973119126561e+00 5.658877517566997e-02
8.950000000000000e-01 5.915054719607133e+00 4.409308637340722e-02
9.000000000000000e-01 6.064833421838831e+00 3.268520060782650e-02
9.050000000000000e-01 6.218402842386253e+00 2.296609298107842e-02
9.100000000000000e-01 6.375858967136348e+00 1.523733973624178e-02
9.150000000000000e-01 6.537300211292723e+00 9.507355216938098e-03
9.200000000000000e-01 6.702827480888332e+00 5.555054429726447e-03
9.250000000000000e-01 6.872544235855034e+00 3.025843725432396e-03
9.300000000000000e-01 7.046556554689444e+00 1.529265541991611e-03
9.350000000000001e-01 7.224973200755413e+00 7.135736021429581e-04
9.400000000000001e-01 7.407905690264673e+00 3.058049444280469e-04
9.450000000000001e-01 7.595468361978146e+00 1.197067488724488e-04
9.500000000000001e-01 7.787778448671316e+00 4.255707984782142e-05
9.550000000000001e-01 7.984956150408610e+00 1.365907076233410e-05
9.600000000000000e-01 8.187124709672272e+00 3.933936127254759e-06
9.650000000000000e-01 8.394410488393007e+00 1.010606306989342e-06
9.700000000000000e-01 8.606943046930221e+00 2.303137104966084e-07
9.750000000000000e-01 8.824855225051540e+00 4.640390435157368e-08
9.800000000000000e-01 9.048283224961922e+00 8.298600407935041e-09
9.850000000000000e-01 9.277366696434507e+00 1.424482184415520e-09
9.900000000000000e-01 9.512248824096272e+00 4.102643844003479e-10
9.950000000000000e-01 9.753076416923058e+00 9.183579163435643e-10
1.000000000000000e+00 1.000000000000000e+01 2.694323751340806e-07
