0.000000000000000e+00 0.000000000000000e+00 -1.825831310405835e-04
5.000000000000000e-03 3.369477419287315e-03 -1.861837926276984e-04
1.000000000000000e-02 6.741060871647481e-03 -1.876651001626371e-04
1.500000000000000e-02 1.011685770649257e-02 -1.876642778300895e-04
2.000000000000000e-02 1.349897790673588e-02 -1.876390675204769e-04
2.500000000000000e-02 1.688953540759990e-02 -1.868714167041263e-04
3.000000000000000e-02 2.029064941789469e-02 -1.880683986946032e-04
3.500000000000000e-02 2.370444574459234e-02 -1.869432762331594e-04
4.000000000000000e-02 2.713305812152553e-02 -1.876316277310731e-04
4.500000000000000e-02 3.057862954304063e-02 -1.867973657107224e-04
5.000000000000000e-02 3.404331360343898e-02 -1.875200639707213e-04
5.500000000000000e-02 3.752927584304335e-02 -1.868131703160245e-04
6.000000000000000e-02 4.103869510173117e-02 -1.875156556011090e-04
6.500000000000000e-02 4.457376488078044e-02 -1.867531460299920e-04
7.000000000000001e-02 4.813669471387935e-02 -1.876803888468992e-04
7.500000000000000e-02 5.172971154815675e-02 -1.870976427615774e-04
8.000000000000000e-02 5.535506113609672e-02 -1.876682659123557e-04
8.500000000000001e-02 5.901500943920686e-02 -1.872986787164673e-04
9.000000000000000e-02 6.271184404431801e-02 -1.877198304025478e-04
9.500000000000000e-02 6.644787559340060e-02 -1.875931801439689e-04
1.000000000000000e-01 7.022543922779090e-02 -1.877942717928875e-04
1.050000000000000e-01 7.404689604773053e-02 -1.878704338138788e-04
1.100000000000000e-01 7.791463458813094e-02 -1.880661664959252e-04
1.150000000000000e-01 8.183107231148547e-02 -1.882389272919969e-04
1.200000000000000e-01 8.579865711886202e-02 -1.883038257992414e-04
1.250000000000000e-01 8.981986887992111e-02 -1.885172586067792e-04
1.300000000000000e-01 9.389722098291493e-02 -1.885758317087584e-04
1.350000000000000e-01 9.803326190563690e-02 -1.888646400772728e-04
1.400000000000000e-01 1.022305768083033e-01 -1.887598445087914e-04
1.450000000000000e-01 1.064917891493625e-01 -1.892641579171052e-04
1.500000000000000e-01 1.108195623252418e-01 -1.890612740815930e-04
1.550000000000000e-01 1.152166013350572e-01 -1.895872859431824e-04
1.600000000000000e-01 1.196856544713255e-01 -1.894098512606727e-04
1.650000000000000e-01 1.242295150377370e-01 -1.898879334906603e-04
1.700000000000000e-01 1.288510230950609e-01 -1.897774282451042e-04
1.750000000000000e-01 1.335530672362758e-01 -1.902444888118596e-04
1.800000000000000e-01 1.383385863920344e-01 -1.902704360025121e-04
1.850000000000000e-01 1.432105716675912e-01 -1.907330633500425e-04
1.900000000000000e-01 1.481720682123397e-01 -1.908245952730878e-04
1.950000000000000e-01 1.532261771231311e-01 -1.912353017246757e-04
2.000000000000000e-01 1.583760573825595e-01 -1.914890345978947e-04
2.050000000000000e-01 1.636249278334301e-01 -1.918770004654307e-04
2.100000000000000e-01 1.689760691906397e-01 -1.921889988263837e-04
2.150000000000000e-01 1.744328260917313e-01 -1.925660829717624e-04
2.200000000000000e-01 1.799986091874004e-01 -1.929480239188080e-04
2.250000000000000e-01 1.856768972732633e-01 -1.932231922473154e-04
2.300000000000000e-01 1.914712394642179e-01 -1.937412863823026e-04
2.350000000000000e-01 1.973852574127551e-01 -1.940037144679978e-04
2.400000000000000e-01 2.034226475726105e-01 -1.946078632445330e-04
2.450000000000000e-01 2.095871835091678e-01 -1.949749457303391e-04
2.500000000000000e-01 2.158827182580599e-01 -1.955250411563910e-04
2.550000000000000e-01 2.223131867334419e-01 -1.960219970871284e-04
2.600000000000000e-01 2.288826081874405e-01 -1.966125341325238e-04
2.650000000000000e-01 2.355950887223172e-01 -1.971763412975764e-04
2.700000000000000e-01 2.424548238569160e-01 -1.978846535901022e-04
2.750000000000000e-01 2.494661011489995e-01 -1.985442424352758e-04
2.800000000000000e-01 2.566333028751116e-01 -1.991670157878178e-04
2.850000000000000e-01 2.639609087696434e-01 -1.999777767991937e-04
2.900000000000000e-01 2.714534988248126e-01 -2.006797295550180e-04
2.950000000000000e-01 2.791157561533084e-01 -2.015885942778570e-04
3.000000000000000e-01 2.869524699153886e-01 -2.023597976836459e-04
3.050000000000000e-01 2.949685383122613e-01 -2.033577162361139e-04
3.100000000000000e-01 3.031689716476197e-01 -2.042818339220631e-04
3.150000000000000e-01 3.115588954592450e-01 -2.053823052478165e-04
3.200000000000000e-01 3.201435537226349e-01 -2.064388475765332e-04
3.250000000000000e-01 3.289283121286580e-01 -2.076328613599218e-04
3.300000000000000e-01 3.379186614372866e-01 -2.088769708910130e-04
3.350000000000000e-01 3.471202209094989e-01 -2.101803600011227e-04
3.400000000000000e-01 3.565387418195016e-01 -2.115919473468367e-04
3.450000000000000e-01 3.661801110494620e-01 -2.131120119485182e-04
3.500000000000000e-01 3.760503547690021e-01 -2.146680601974432e-04
3.550000000000000e-01 3.861556422017504e-01 -2.163266067753000e-04
3.600000000000000e-01 3.965022894813072e-01 -2.181371738931746e-04
3.650000000000000e-01 4.070967635990345e-01 -2.200837370721262e-04
3.700000000000000e-01 4.179456864461349e-01 -2.221610933652990e-04
3.750000000000000e-01 4.290558389525505e-01 -2.243460857187438e-04
3.800000000000000e-01 4.404341653252637e-01 -2.267232016460151e-04
3.850000000000000e-01 4.520877773886537e-01 -2.292356672673519e-04
3.900000000000000e-01 4.640239590296172e-01 -2.319561166633834e-04
3.950000000000000e-01 4.762501707502353e-01 -2.348949648097456e-04
4.000000000000000e-01 4.887740543308307e-01 -2.380272252046129e-04
4.050000000000000e-01 5.016034376063282e-01 -2.415006347614554e-04
4.100000000000000e-01 5.147463393589066e-01 -2.451079273649147e-04
4.150000000000000e-01 5.282109743299990e-01 -2.491549316313235e-04
4.200000000000000e-01 5.420057583547735e-01 -2.534121887488025e-04
4.250000000000000e-01 5.561393136223041e-01 -2.581057553654692e-04
4.300000000000000e-01 5.706204740647189e-01 -2.632680631928313e-04
4.350000000000000e-01 5.854582908786964e-01 -2.687810918344214e-04
4.400000000000000e-01 6.006620381827575e-01 -2.749253961311055e-04
4.450000000000000e-01 6.162412188138907e-01 -2.815447585618337e-04
4.500000000000000e-01 6.322055702671360e-01 -2.888227102493725e-04
4.550000000000000e-01 6.485650707818353e-01 -2.969143423037721e-04
4.600000000000000e-01 6.653299455783577e-01 -3.057069849238382e-04
4.650000000000000e-01 6.825106732491932e-01 -3.154737352124850e-04
4.700000000000000e-01 7.001179923084168e-01 -3.262294035645700e-04
4.750000000000000e-01 7.181629079036070e-01 -3.382028215270153e-04
4.800000000000000e-01 7.366566986944229e-01 -3.514363284770913e-04
4.850000000000000e-01 7.556109239021327e-01 -3.661515911247309e-04
4.900000000000000e-01 7.750374305345038e-01 -3.825996812618210e-04
4.950000000000000e-01 7.949483607905672e-01 -4.008924785221664e-04
5.000000000000000e-01 8.153561596498893e-01 -4.213832440454080e-04
5.050000000000000e-01 8.362735826510871e-01 -4.443386917038169e-04
5.100000000000000e-01 8.577137038644561e-01 -4.700427879836213e-04
5.150000000000000e-01 8.796899240636907e-01 -4.990000573468281e-04
5.200000000000000e-01 9.022159791018011e-01 -5.315132374495086e-04
5.250000000000000e-01 9.253059484964714e-01 -5.681932900078353e-04
5.300000000000000e-01 9.489742642302165e-01 -6.095892680464130e-04
5.350000000000000e-01 9.732357197708378e-01 -6.563165074045666e-04
5.400000000000000e-01 9.981054793178262e-01 -7.092150833944536e-04
5.450000000000000e-01 1.023599087280478e+00 -7.690901163902664e-04
5.500000000000000e-01 1.049732477993657e+00 -8.369141117924964e-04
5.550000000000000e-01 1.076521985677273e+00 -9.138983036764127e-04
5.600000000000001e-01 1.103984354645701e+00 -1.001203299705221e-03
5.650000000000001e-01 1.132136749773522e+00 -1.100361487584412e-03
5.700000000000001e-01 1.160996767224129e+00 -1.213015390640614e-03
5.750000000000001e-01 1.190582445447902e+00 -1.340963561950227e-03
5.800000000000000e-01 1.220912276456826e+00 -1.486361347269942e-03
5.850000000000000e-01 1.252005217382601e+00 -1.651561963843800e-03
5.900000000000000e-01 1.283880702325469e+00 -1.839114436001670e-03
5.950000000000000e-01 1.316558654501151e+00 -2.052037223404594e-03
6.000000000000000e-01 1.350059498693518e+00 -2.293504379310611e-03
6.050000000000000e-01 1.384404174020732e+00 -2.567014506621148e-03
6.100000000000000e-01 1.419614147022888e+00 -2.876452157595669e-03
6.150000000000000e-01 1.455711425079295e+00 -3.225904184540083e-03
6.200000000000000e-01 1.492718570163803e+00 -3.619625789865499e-03
6.250000000000000e-01 1.530658712946775e+00 -4.062168872154584e-03
6.300000000000000e-01 1.569555567252506e+00 -4.558004278746804e-03
6.350000000000000e-01 1.609433444881138e+00 -5.111447481442381e-03
6.400000000000000e-01 1.650317270804325e+00 -5.726533415919612e-03
6.450000000000000e-01 1.692232598744148e+00 -6.406635308951871e-03
6.500000000000000e-01 1.735205627145031e+00 -7.153980734665556e-03
6.550000000000000e-01 1.779263215548615e+00 -7.969395091812334e-03
6.600000000000000e-01 1.824432901381847e+00 -8.851641443025476e-03
6.650000000000000e-01 1.870742917168772e+00 -9.796674686450084e-03
6.700000000000000e-01 1.918222208176775e+00 -1.079697400016890e-02
6.750000000000000e-01 1.966900450508319e+00 -1.184086690831982e-02
6.800000000000000e-01 2.016808069649473e+00 -1.291159583343172e-02
6.850000000000001e-01 2.067976259486829e+00 -1.398658944912437e-02
6.900000000000001e-01 2.120437001804702e+00 -1.503714321114745e-02
6.950000000000001e-01 2.174223086274785e+00 -1.602856601493183e-02
7.000000000000001e-01 2.229368130950753e+00 -1.692100181837298e-02
7.050000000000000e-01 2.285906603280654e+00 -1.767124188866863e-02
7.100000000000000e-01 2.343873841650178e+00 -1.823545671195061e-02
7.150000000000000e-01 2.403306077470301e+00 -1.857232169389368e-02
7.200000000000000e-01 2.464240457823092e+00 -1.864599459515523e-02
7.250000000000000e-01 2.526715068679855e+00 -1.842852045643389e-02
7.300000000000000e-01 2.590768958706095e+00 -1.790127451881158e-02
7.350000000000000e-01 2.656442163668210e+00 -1.705517613970180e-02
7.400000000000000e-01 2.723775731457148e+00 -1.588956877266709e-02
7.450000000000000e-01 2.792811747744667e+00 -1.441006792223689e-02
7.500000000000000e-01 2.863593362288260e+00 -1.262567728967032e-02
7.550000000000000e-01 2.936164815901156e+00 -1.054562557195233e-02
7.600000000000000e-01 3.010571468104263e+00 -8.176142239128522e-03
7.650000000000000e-01 3.086859825477351e+00 -5.517519922740985e-03
7.700000000000000e-01 3.165077570727174e+00 -2.561509988842695e-03
7.750000000000000e-01 3.245273592490716e+00 7.106036399892079e-04
7.800000000000000e-01 3.327498015892184e+00 4.329171708558456e-03
7.850000000000000e-01 3.411802233872832e+00 8.336072891588551e-03
7.900000000000000e-01 3.498238939313234e+00 1.278301742753781e-02
7.950000000000000e-01 3.586862157968046e+00 1.772782826152380e-02
8.000000000000000e-01 3.677727282233856e+00 2.322858582006296e-02
8.050000000000000e-01 3.770891105771243e+00 2.933555857646454e-02
8.100000000000001e-01 3.866411859002656e+00 3.608080369062203e-02
8.150000000000001e-01 3.964349245508326e+00 4.346511291690291e-02
8.200000000000001e-01 4.064764479342956e+00 5.144205324639534e-02
8.250000000000001e-01 4.167720323296481e+00 5.989955186599274e-02
8.300000000000001e-01 4.273281128122877e+00 6.864096295806653e-02
8.350000000000000e-01 4.381512872761445e+00 7.736953323066488e-02
8.400000000000000e-01 4.492483205575838e+00 8.568200058763054e-02
8.450000000000000e-01 4.606261486636447e+00 9.307789870035778e-02
8.500000000000000e-01 4.722918831072739e+00 9.899025853515434e-02
8.550000000000000e-01 4.842528153522501e+00 1.028403233993306e-01
8.600000000000000e-01 4.965164213705875e+00 1.041136203254751e-01
8.650000000000000e-01 5.090903663152626e+00 1.024479527165296e-01
8.700000000000000e-01 5.219825093111814e+00 9.771717434097955e-02
8.750000000000000e-01 5.352009083673925e+00 9.009032991924046e-02
8.800000000000000e-01 5.487538254136007e+00 8.004643674751696e-02
8.850000000000000e-01 5.626497314641444e+00 6.833245061563757e-02
8.900000000000000e-01 5.768973119126561e+00 5.586529046596615e-02
8.950000000000000e-01 5.915054719607133e+00 4.359488969107766e-02
9.000000000000000e-01 6.064833421838831e+00 3.235859925326393e-02
9.050000000000000e-01 6.218402842386253e+00 2.276219395459441e-02
9.100000000000000e-01 6.375858967136348e+00 1.511608863771472e-02
9.150000000000000e-01 6.537300211292723e+00 9.438664195473342e-03
9.200000000000000e-01 6.702827480888332e+00 5.517976407887381e-03
9.250000000000000e-01 6.872544235855034e+00 3.006772050951487e-03
9.300000000000000e-01 7.046556554689444e+00 1.519916455309546e-03
9.350000000000001e-01 7.224973200755413e+00 7.092053086619884e-04
9.400000000000001e-01 7.407905690264673e+00 3.038592553409507e-04
9.450000000000001e-01 7.595468361978146e+00 1.188804904484048e-04
9.500000000000001e-01 7.787778448671316e+00 4.222249397358146e-05
9.550000000000001e-01 7.984956150408610e+00 1.352985519936477e-05
9.600000000000000e-01 8.187124709672272e+00 3.886334184076395e-06
9.650000000000000e-01 8.394410488393007e+00 9.938752799073276e-07
9.700000000000000e-01 8.606943046930221e+00 2.247039452678741e-07
9.750000000000000e-01 8.824855225051540e+00 4.460036512841394e-08
9.800000000000000e-01 9.048283224961922e+00 7.728161199100337e-09
9.850000000000000e-01 9.277366696434507e+00 1.186559042138911e-09
9.900000000000000e-01 9.512248824096272e+00 2.015112680210056e-10
9.950000000000000e-01 9.753076416923058e+00 1.666648033273330e-10
1.000000000000000e+00 1.000000000000000e+01 4.014284962858058e-08
