0.000000000000000e+00 0.000000000000000e+00 -1.702375631925036e-04
5.000000000000000e-03 3.369477419287315e-03 -1.738382247792494e-04
1.000000000000000e-02 6.741060871647481e-03 -1.733774436399033e-04
1.500000000000000e-02 1.011685770649257e-02 -1.738443383129096e-04
2.000000000000000e-02 1.349897790673588e-02 -1.736832068517234e-04
2.500000000000000e-02 1.688953540759990e-02 -1.736979230794546e-04
3.000000000000000e-02 2.029064941789469e-02 -1.736044662315857e-04
3.500000000000000e-02 2.370444574459234e-02 -1.742942451388136e-04
4.000000000000000e-02 2.713305812152553e-02 -1.736703911942271e-04
4.500000000000000e-02 3.057862954304063e-02 -1.743544696040856e-04
5.000000000000000e-02 3.404331360343898e-02 -1.738797938319523e-04
5.500000000000000e-02 3.752927584304335e-02 -1.745361321075525e-04
6.000000000000000e-02 4.103869510173117e-02 -1.739569524729338e-04
6.500000000000000e-02 4.457376488078044e-02 -1.747295750100160e-04
7.000000000000001e-02 4.813669471387935e-02 -1.742319441546032e-04
7.500000000000000e-02 5.172971154815675e-02 -1.749141668654325e-04
8.000000000000000e-02 5.535506113609672e-02 -1.744813165956976e-04
8.500000000000001e-02 5.901500943920686e-02 -1.748375579419702e-04
9.000000000000000e-02 6.271184404431801e-02 -1.745848158279459e-04
9.500000000000000e-02 6.644787559340060e-02 -1.747631773938369e-04
1.000000000000000e-01 7.022543922779090e-02 -1.746800180459714e-04
1.050000000000000e-01 7.404689604773053e-02 -1.748422658264368e-04
1.100000000000000e-01 7.791463458813094e-02 -1.747828590692522e-04
1.150000000000000e-01 8.183107231148547e-02 -1.749332158996395e-04
1.200000000000000e-01 8.579865711886202e-02 -1.750073798328852e-04
1.250000000000000e-01 8.981986887992111e-02 -1.751261108493795e-04
1.300000000000000e-01 9.389722098291493e-02 -1.751138109214544e-04
1.350000000000000e-01 9.803326190563690e-02 -1.752278121413560e-04
1.400000000000000e-01 1.022305768083033e-01 -1.752640676969359e-04
1.450000000000000e-01 1.064917891493625e-01 -1.752813274447394e-04
1.500000000000000e-01 1.108195623252418e-01 -1.755430599831093e-04
1.550000000000000e-01 1.152166013350572e-01 -1.755546718614588e-04
1.600000000000000e-01 1.196856544713255e-01 -1.758485553239637e-04
1.650000000000000e-01 1.242295150377370e-01 -1.758484149048216e-04
1.700000000000000e-01 1.288510230950609e-01 -1.761747181608258e-04
1.750000000000000e-01 1.335530672362758e-01 -1.761524324023632e-04
1.800000000000000e-01 1.383385863920344e-01 -1.764756052995863e-04
1.850000000000000e-01 1.432105716675912e-01 -1.765795840477999e-04
1.900000000000000e-01 1.481720682123397e-01 -1.766852655349503e-04
1.950000000000000e-01 1.532261771231311e-01 -1.769013139760658e-04
2.000000000000000e-01 1.583760573825595e-01 -1.770543199765046e-04
2.050000000000000e-01 1.636249278334301e-01 -1.772333592734139e-04
2.100000000000000e-01 1.689760691906397e-01 -1.774276436846233e-04
2.150000000000000e-01 1.744328260917313e-01 -1.776157989540712e-04
2.200000000000000e-01 1.799986091874004e-01 -1.778131787681343e-04
2.250000000000000e-01 1.856768972732633e-01 -1.781239847187908e-04
2.300000000000000e-01 1.914712394642179e-01 -1.782480501366492e-04
2.350000000000000e-01 1.973852574127551e-01 -1.786684570903739e-04
2.400000000000000e-01 2.034226475726105e-01 -1.787900838509943e-04
2.450000000000000e-01 2.095871835091678e-01 -1.792766256149348e-04
2.500000000000000e-01 2.158827182580599e-01 -1.794427308507022e-04
2.550000000000000e-01 2.223131867334419e-01 -1.798900992365907e-04
2.600000000000000e-01 2.288826081874405e-01 -1.801142156410492e-04
2.650000000000000e-01 2.355950887223172e-01 -1.805230181347691e-04
2.700000000000000e-01 2.424548238569160e-01 -1.808133664635409e-04
2.750000000000000e-01 2.494661011489995e-01 -1.812345933244735e-04
2.800000000000000e-01 2.566333028751116e-01 -1.815889299593821e-04
2.850000000000000e-01 2.639609087696434e-01 -1.819939436262835e-04
2.900000000000000e-01 2.714534988248126e-01 -1.825100403551267e-04
2.950000000000000e-01 2.791157561533084e-01 -1.829166623209879e-04
3.000000000000000e-01 2.869524699153886e-01 -1.835189167467527e-04
3.050000000000000e-01 2.949685383122613e-01 -1.839334529209210e-04
3.100000000000000e-01 3.031689716476197e-01 -1.845960499465633e-04
3.150000000000000e-01 3.115588954592450e-01 -1.850959490597444e-04
3.200000000000000e-01 3.201435537226349e-01 -1.857297929964535e-04
3.250000000000000e-01 3.289283121286580e-01 -1.863343741342564e-04
3.300000000000000e-01 3.379186614372866e-01 -1.869919470302698e-04
3.350000000000000e-01 3.471202209094989e-01 -1.877459143252883e-04
3.400000000000000e-01 3.565387418195016e-01 -1.884014664414219e-04
3.450000000000000e-01 3.661801110494620e-01 -1.893214814390751e-04
3.500000000000000e-01 3.760503547690021e-01 -1.900186347550598e-04
3.550000000000000e-01 3.861556422017504e-01 -1.909843855961167e-04
3.600000000000000e-01 3.965022894813072e-01 -1.918261288867552e-04
3.650000000000000e-01 4.070967635990345e-01 -1.928938304387203e-04
3.700000000000000e-01 4.179456864461349e-01 -1.938829701054732e-04
3.750000000000000e-01 4.290558389525505e-01 -1.949349314318617e-04
3.800000000000000e-01 4.404341653252637e-01 -1.961567015109554e-04
3.850000000000000e-01 4.520877773886537e-01 -1.973194514945301e-04
3.900000000000000e-01 4.640239590296172e-01 -1.987395796452446e-04
3.950000000000000e-01 4.762501707502353e-01 -2.000789738692898e-04
4.000000000000000e-01 4.887740543308307e-01 -2.016161608647230e-04
4.050000000000000e-01 5.016034376063282e-01 -2.032249281255944e-04
4.100000000000000e-01 5.147463393589066e-01 -2.048852683257820e-04
4.150000000000000e-01 5.282109743299990e-01 -2.068074708929937e-04
4.200000000000000e-01 5.420057583547735e-01 -2.087343396591548e-04
4.250000000000000e-01 5.561393136223041e-01 -2.109621305667732e-04
4.300000000000000e-01 5.706204740647189e-01 -2.132667889742886e-04
4.350000000000000e-01 5.854582908786964e-01 -2.158028161713347e-04
4.400000000000000e-01 6.006620381827575e-01 -2.185635656575235e-04
4.450000000000000e-01 6.162412188138907e-01 -2.215689520483439e-04
4.500000000000000e-01 6.322055702671360e-01 -2.248961352199249e-04
4.550000000000000e-01 6.485650707818353e-01 -2.285317503684256e-04
4.600000000000000e-01 6.653299455783577e-01 -2.325254955408290e-04
4.650000000000000e-01 6.825106732491932e-01 -2.369098186426378e-04
4.700000000000000e-01 7.001179923084168e-01 -2.418620979146574e-04
4.750000000000000e-01 7.181629079036070e-01 -2.473338054556323e-04
4.800000000000000e-01 7.366566986944229e-01 -2.533531499142956e-04
4.850000000000000e-01 7.556109239021327e-01 -2.602121553947006e-04
4.900000000000000e-01 7.750374305345038e-01 -2.678139817454603e-04
4.950000000000000e-01 7.949483607905672e-01 -2.764084099126437e-04
5.000000000000000e-01 8.153561596498893e-01 -2.860879169782975e-04
5.050000000000000e-01 8.362735826510871e-01 -2.970024559003823e-04
5.100000000000000e-01 8.577137038644561e-01 -3.094173283376698e-04
5.150000000000000e-01 8.796899240636907e-01 -3.234590524071501e-04
5.200000000000000e-01 9.022159791018011e-01 -3.394526460922050e-04
5.250000000000000e-01 9.253059484964714e-01 -3.577027071961450e-04
5.300000000000000e-01 9.489742642302165e-01 -3.784720950903778e-04
5.350000000000000e-01 9.732357197708378e-01 -4.022935067879628e-04
5.400000000000000e-01 9.981054793178262e-01 -4.295140769323855e-04
5.450000000000000e-01 1.023599087280478e+00 -4.607301108571826e-04
5.500000000000000e-01 1.049732477993657e+00 -4.965914459972344e-04
5.550000000000000e-01 1.076521985677273e+00 -5.377442794224749e-04
5.600000000000001e-01 1.103984354645701e+00 -5.850934487647967e-04
5.650000000000001e-01 1.132136749773522e+00 -6.395985553154338e-04
5.700000000000001e-01 1.160996767224129e+00 -7.022998464300749e-04
5.750000000000001e-01 1.190582445447902e+00 -7.745912729881202e-04
5.800000000000000e-01 1.220912276456826e+00 -8.578630579394312e-04
5.850000000000000e-01 1.252005217382601e+00 -9.538134117375012e-04
5.900000000000000e-01 1.283880702325469e+00 -1.064434169157759e-03
5.950000000000000e-01 1.316558654501151e+00 -1.191870211983831e-03
6.000000000000000e-01 1.350059498693518e+00 -1.338623954724838e-03
6.050000000000000e-01 1.384404174020732e+00 -1.507605119546076e-03
6.100000000000000e-01 1.419614147022888e+00 -1.701905619856274e-03
6.150000000000000e-01 1.455711425079295e+00 -1.925121744895010e-03
6.200000000000000e-01 1.492718570163803e+00 -2.181232753443487e-03
6.250000000000000e-01 1.530658712946775e+00 -2.474504711252448e-03
6.300000000000000e-01 1.569555567252506e+00 -2.809610313195303e-03
6.350000000000000e-01 1.609433444881138e+00 -3.191603974353555e-03
6.400000000000000e-01 1.650317270804325e+00 -3.625605699784748e-03
6.450000000000000e-01 1.692232598744148e+00 -4.116881907884669e-03
6.500000000000000e-01 1.735205627145031e+00 -4.670607391417430e-03
6.550000000000000e-01 1.779263215548615e+00 -5.291459121357017e-03
6.600000000000000e-01 1.824432901381847e+00 -5.983263787801474e-03
6.650000000000000e-01 1.870742917168772e+00 -6.748654730748170e-03
6.700000000000000e-01 1.918222208176775e+00 -7.588254153537798e-03
6.750000000000000e-01 1.966900450508319e+00 -8.499924059860388e-03
6.800000000000000e-01 2.016808069649473e+00 -9.478002799119343e-03
6.850000000000001e-01 2.067976259486829e+00 -1.051235343425836e-02
6.900000000000001e-01 2.120437001804702e+00 -1.158717920950511e-02
6.950000000000001e-01 2.174223086274785e+00 -1.268006501558430e-02
7.000000000000001e-01 2.229368130950753e+00 -1.376128287050756e-02
7.050000000000000e-01 2.285906603280654e+00 -1.479356664702481e-02
7.100000000000000e-01 2.343873841650178e+00 -1.573282695471896e-02
7.150000000000000e-01 2.403306077470301e+00 -1.653017248319740e-02
7.200000000000000e-01 2.464240457823092e+00 -1.713505031371426e-02
7.250000000000000e-01 2.526715068679855e+00 -1.749891069548377e-02
7.300000000000000e-01 2.590768958706095e+00 -1.757877287664507e-02
7.350000000000000e-01 2.656442163668210e+00 -1.734007651631338e-02
7.400000000000000e-01 2.723775731457148e+00 -1.675823506325526e-02
7.450000000000000e-01 2.792811747744667e+00 -1.581856495495789e-02
7.500000000000000e-01 2.863593362288260e+00 -1.451456998976378e-02
7.550000000000000e-01 2.936164815901156e+00 -1.284501437265633e-02
7.600000000000000e-01 3.010571468104263e+00 -1.081022723958230e-02
7.650000000000000e-01 3.086859825477351e+00 -8.408224589972856e-03
7.700000000000000e-01 3.165077570727174e+00 -5.631017442081311e-03
7.750000000000000e-01 3.245273592490716e+00 -2.461607542288617e-03
7.800000000000000e-01 3.327498015892184e+00 1.128131419280470e-03
7.850000000000000e-01 3.411802233872832e+00 5.178130892776485e-03
7.900000000000000e-01 3.498238939313234e+00 9.738976973057071e-03
7.950000000000000e-01 3.586862157968046e+00 1.486817052499050e-02
8.000000000000000e-01 3.677727282233856e+00 2.062339376870307e-02
8.050000000000000e-01 3.770891105771243e+00 2.705260177312165e-02
8.100000000000001e-01 3.866411859002656e+00 3.418129759141642e-02
8.150000000000001e-01 3.964349245508326e+00 4.199755140731080e-02
8.200000000000001e-01 4.064764479342956e+00 5.043545124702083e-02
8.250000000000001e-01 4.167720323296481e+00 5.935790571393234e-02
8.300000000000001e-01 4.273281128122877e+00 6.854052825976364e-02
8.350000000000000e-01 4.381512872761445e+00 7.765977729883645e-02
8.400000000000000e-01 4.492483205575838e+00 8.629018765992116e-02
8.450000000000000e-01 4.606261486636447e+00 9.391653813814287e-02
8.500000000000000e-01 4.722918831072739e+00 9.996621477571263e-02
8.550000000000000e-01 4.842528153522501e+00 1.038642105599790e-01
8.600000000000000e-01 4.965164213705875e+00 1.051081148780033e-01
8.650000000000000e-01 5.090903663152626e+00 1.033538462384973e-01
8.700000000000000e-01 5.219825093111814e+00 9.849638387060267e-02
8.750000000000000e-01 5.352009083673925e+00 9.072566595195281e-02
8.800000000000000e-01 5.487538254136007e+00 8.053857696243899e-02
8.850000000000000e-01 5.626497314641444e+00 6.869509107668845e-02
8.900000000000000e-01 5.768973119126561e+00 5.611968131394476e-02
8.950000000000000e-01 5.915054719607133e+00 4.376485715021741e-02
9.000000000000000e-01 6.064833421838831e+00 3.246679038572442e-02
9.050000000000000e-01 6.218402842386253e+00 2.282781695141730e-02
9.100000000000000e-01 6.375858967136348e+00 1.515402103730355e-02
9.150000000000000e-01 6.537300211292723e+00 9.459561605884879e-03
9.200000000000000e-01 6.702827480888332e+00 5.528949647833331e-03
9.250000000000000e-01 6.872544235855034e+00 3.012264535715673e-03
9.300000000000000e-01 7.046556554689444e+00 1.522537217717739e-03
9.350000000000001e-01 7.224973200755413e+00 7.103975064395801e-04
9.400000000000001e-01 7.407905690264673e+00 3.043763518842155e-04
9.450000000000001e-01 7.595468361978146e+00 1.190943584903229e-04
9.500000000000001e-01 7.787778448671316e+00 4.230685212334301e-05
9.550000000000001e-01 7.984956150408610e+00 1.356159244008195e-05
9.600000000000000e-01 8.187124709672272e+00 3.897725475997965e-06
9.650000000000000e-01 8.394410488393007e+00 9.977755723681185e-07
9.700000000000000e-01 8.606943046930221e+00 2.259759149060750e-07
9.750000000000000e-01 8.824855225051540e+00 4.499249984943683e-08
9.800000000000000e-01 9.048283224961922e+00 7.837409400337724e-09
9.850000000000000e-01 9.277366696434507e+00 1.176190225741393e-09
9.900000000000000e-01 9.512248824096272e+00 1.115519446413490e-10
9.950000000000000e-01 9.753076416923058e+00 -2.562938206048885e-10
1.000000000000000e+00 1.000000000000000e+01 -9.199731387317558e-08
