0.000000000000000e+00 0.000000000000000e+00 -1.309002671161807e-02
5.000000000000000e-03 3.369477419287315e-03 -1.309362787245651e-02
1.000000000000000e-02 6.741060871647481e-03 -1.309521026108546e-02
1.500000000000000e-02 1.011685770649257e-02 -1.309780295847980e-02
2.000000000000000e-02 1.349897790673588e-02 -1.309891304055050e-02
2.500000000000000e-02 1.688953540759990e-02 -1.310249348326786e-02
3.000000000000000e-02 2.029064941789469e-02 -1.310639235280183e-02
3.500000000000000e-02 2.370444574459234e-02 -1.311083414353411e-02
4.000000000000000e-02 2.713305812152553e-02 -1.311634438089717e-02
4.500000000000000e-02 3.057862954304063e-02 -1.312250308188545e-02
5.000000000000000e-02 3.404331360343898e-02 -1.312905974425508e-02
5.500000000000000e-02 3.752927584304335e-02 -1.313699978770834e-02
6.000000000000000e-02 4.103869510173117e-02 -1.314514943218402e-02
6.500000000000000e-02 4.457376488078044e-02 -1.315457579939451e-02
7.000000000000001e-02 4.813669471387935e-02 -1.316449479028332e-02
7.500000000000000e-02 5.172971154815675e-02 -1.317564034942438e-02
8.000000000000000e-02 5.535506113609672e-02 -1.318744260228949e-02
8.500000000000001e-02 5.901500943920686e-02 -1.320029380093990e-02
9.000000000000000e-02 6.271184404431801e-02 -1.321414994582800e-02
9.500000000000000e-02 6.644787559340060e-02 -1.322893299163787e-02
1.000000000000000e-01 7.022543922779090e-02 -1.324480476536148e-02
1.050000000000000e-01 7.404689604773053e-02 -1.326192708118167e-02
1.100000000000000e-01 7.791463458813094e-02 -1.327985861985665e-02
1.150000000000000e-01 8.183107231148547e-02 -1.329920241933247e-02
1.200000000000000e-01 8.579865711886202e-02 -1.331958756901983e-02
1.250000000000000e-01 8.981986887992111e-02 -1.334135777391902e-02
1.300000000000000e-01 9.389722098291493e-02 -1.336436943601194e-02
1.350000000000000e-01 9.803326190563690e-02 -1.338880077947033e-02
1.400000000000000e-01 1.022305768083033e-01 -1.341451268182966e-02
1.450000000000000e-01 1.064917891493625e-01 -1.344193746090736e-02
1.500000000000000e-01 1.108195623252418e-01 -1.347076552234018e-02
1.550000000000000e-01 1.152166013350572e-01 -1.350141039642294e-02
1.600000000000000e-01 1.196856544713255e-01 -1.353366458740122e-02
1.650000000000000e-01 1.242295150377370e-01 -1.356782066481972e-02
1.700000000000000e-01 1.288510230950609e-01 -1.360364233811069e-02
1.750000000000000e-01 1.335530672362758e-01 -1.364164642238541e-02
1.800000000000000e-01 1.383385863920344e-01 -1.368155601036909e-02
1.850000000000000e-01 1.432105716675912e-01 -1.372374807941228e-02
1.900000000000000e-01 1.481720682123397e-01 -1.376802376736861e-02
1.950000000000000e-01 1.532261771231311e-01 -1.381479930866646e-02
2.000000000000000e-01 1.583760573825595e-01 -1.386405092310808e-02
2.050000000000000e-01 1.636249278334301e-01 -1.391587978114707e-02
2.100000000000000e-01 1.689760691906397e-01 -1.397052239682246e-02
2.150000000000000e-01 1.744328260917313e-01 -1.402798760940091e-02
2.200000000000000e-01 1.799986091874004e-01 -1.408848310271974e-02
2.250000000000000e-01 1.856768972732633e-01 -1.415206292336939e-02
2.300000000000000e-01 1.914712394642179e-01 -1.421900279731751e-02
2.350000000000000e-01 1.973852574127551e-01 -1.428938250062792e-02
2.400000000000000e-01 2.034226475726105e-01 -1.436337291307524e-02
2.450000000000000e-01 2.095871835091678e-01 -1.444135107597878e-02
2.500000000000000e-01 2.158827182580599e-01 -1.452312737640621e-02
2.550000000000000e-01 2.223131867334419e-01 -1.460927786353519e-02
2.600000000000000e-01 2.288826081874405e-01 -1.469965916963756e-02
2.650000000000000e-01 2.355950887223172e-01 -1.479488828111979e-02
2.700000000000000e-01 2.424548238569160e-01 -1.489475994969570e-02
2.750000000000000e-01 2.494661011489995e-01 -1.499982623919783e-02
2.800000000000000e-01 2.566333028751116e-01 -1.511019542089424e-02
2.850000000000000e-01 2.639609087696434e-01 -1.522611819902559e-02
2.900000000000000e-01 2.714534988248126e-01 -1.534803981056318e-02
2.950000000000000e-01 2.791157561533084e-01 -1.547594892210541e-02
3.000000000000000e-01 2.869524699153886e-01 -1.561042327427918e-02
3.050000000000000e-01 2.949685383122613e-01 -1.575156767117319e-02
3.100000000000000e-01 3.031689716476197e-01 -1.589972860082667e-02
3.150000000000000e-01 3.115588954592450e-01 -1.605542109304303e-02
3.200000000000000e-01 3.201435537226349e-01 -1.621867780428217e-02
3.250000000000000e-01 3.289283121286580e-01 -1.639023686302062e-02
3.300000000000000e-01 3.379186614372866e-01 -1.657010185633312e-02
3.350000000000000e-01 3.471202209094989e-01 -1.675889809196230e-02
3.400000000000000e-01 3.565387418195016e-01 -1.695693857884851e-02
3.450000000000000e-01 3.661801110494620e-01 -1.716460899389334e-02
3.500000000000000e-01 3.760503547690021e-01 -1.738244866742576e-02
3.550000000000000e-01 3.861556422017504e-01 -1.761076797259598e-02
3.600000000000000e-01 3.965022894813072e-01 -1.785001858769564e-02
3.650000000000000e-01 4.070967635990345e-01 -1.810072691215852e-02
3.700000000000000e-01 4.179456864461349e-01 -1.836335984116404e-02
3.750000000000000e-01 4.290558389525505e-01 -1.863835492442674e-02
3.800000000000000e-01 4.404341653252637e-01 -1.892608773307762e-02
3.850000000000000e-01 4.520877773886537e-01 -1.922726705292011e-02
3.900000000000000e-01 4.640239590296172e-01 -1.954214878444827e-02
3.950000000000000e-01 4.762501707502353e-01 -1.987132567485631e-02
4.000000000000000e-01 4.887740543308307e-01 -2.021523973921411e-02
4.050000000000000e-01 5.016034376063282e-01 -2.057428983966855e-02
4.100000000000000e-01 5.147463393589066e-01 -2.094898661347049e-02
4.150000000000000e-01 5.282109743299990e-01 -2.133966470946573e-02
4.200000000000000e-01 5.420057583547735e-01 -2.174669349710845e-02
4.250000000000000e-01 5.561393136223041e-01 -2.217047202263092e-02
4.300000000000000e-01 5.706204740647189e-01 -2.261112639040586e-02
4.350000000000000e-01 5.854582908786964e-01 -2.306899863241597e-02
4.400000000000000e-01 6.006620381827575e-01 -2.354411275493826e-02
4.450000000000000e-01 6.162412188138907e-01 -2.403649097800012e-02
4.500000000000000e-01 6.322055702671360e-01 -2.454609596809298e-02
4.550000000000000e-01 6.485650707818353e-01 -2.507261370278620e-02
4.600000000000000e-01 6.653299455783577e-01 -2.561566959379198e-02
4.650000000000000e-01 6.825106732491932e-01 -2.617473420624901e-02
4.700000000000000e-01 7.001179923084168e-01 -2.674889482639749e-02
4.750000000000000e-01 7.181629079036070e-01 -2.733720490852252e-02
4.800000000000000e-01 7.366566986944229e-01 -2.793830583014642e-02
4.850000000000000e-01 7.556109239021327e-01 -2.855050078954646e-02
4.900000000000000e-01 7.750374305345038e-01 -2.917185988993164e-02
4.950000000000000e-01 7.949483607905672e-01 -2.979994738978630e-02
5.000000000000000e-01 8.153561596498893e-01 -3.043186292752309e-02
5.050000000000000e-01 8.362735826510871e-01 -3.106435827363408e-02
5.100000000000000e-01 8.577137038644561e-01 -3.169351342304532e-02
5.150000000000000e-01 8.796899240636907e-01 -3.231485647843284e-02
5.200000000000000e-01 9.022159791018011e-01 -3.292341244961695e-02
5.250000000000000e-01 9.253059484964714e-01 -3.351345316948357e-02
5.300000000000000e-01 9.489742642302165e-01 -3.407859202863455e-02
5.350000000000000e-01 9.732357197708378e-01 -3.461188947158055e-02
5.400000000000000e-01 9.981054793178262e-01 -3.510567160105628e-02
5.450000000000000e-01 1.023599087280478e+00 -3.555160756321045e-02
5.500000000000000e-01 1.049732477993657e+00 -3.594093123748503e-02
5.550000000000000e-01 1.076521985677273e+00 -3.626437117695954e-02
5.600000000000001e-01 1.103984354645701e+00 -3.651224721423714e-02
5.650000000000001e-01 1.132136749773522e+00 -3.667478285705375e-02
5.700000000000001e-01 1.160996767224129e+00 -3.674225316351399e-02
5.750000000000001e-01 1.190582445447902e+00 -3.670507424662173e-02
5.800000000000000e-01 1.220912276456826e+00 -3.655414505742018e-02
5.850000000000000e-01 1.252005217382601e+00 -3.628118344379612e-02
5.900000000000000e-01 1.283880702325469e+00 -3.587885726666944e-02
5.950000000000000e-01 1.316558654501151e+00 -3.534099559111670e-02
6.000000000000000e-01 1.350059498693518e+00 -3.466289572020315e-02
6.050000000000000e-01 1.384404174020732e+00 -3.384154967135086e-02
6.100000000000000e-01 1.419614147022888e+00 -3.287565106630369e-02
6.150000000000000e-01 1.455711425079295e+00 -3.176567784674151e-02
6.200000000000000e-01 1.492718570163803e+00 -3.051396490966121e-02
6.250000000000000e-01 1.530658712946775e+00 -2.912474618737856e-02
6.300000000000000e-01 1.569555567252506e+00 -2.760397348327216e-02
6.350000000000000e-01 1.609433444881138e+00 -2.595919142839460e-02
6.400000000000000e-01 1.650317270804325e+00 -2.419938461451706e-02
6.450000000000000e-01 1.692232598744148e+00 -2.233491650494156e-02
6.500000000000000e-01 1.735205627145031e+00 -2.037731042665475e-02
6.550000000000000e-01 1.779263215548615e+00 -1.833910077802826e-02
6.600000000000000e-01 1.824432901381847e+00 -1.623360762860687e-02
6.650000000000000e-01 1.870742917168772e+00 -1.407486670055757e-02
6.700000000000000e-01 1.918222208176775e+00 -1.187750510133852e-02
6.750000000000000e-01 1.966900450508319e+00 -9.656759398276784e-03
6.800000000000000e-01 2.016808069649473e+00 -7.428364794249842e-03
6.850000000000001e-01 2.067976259486829e+00 -5.208608344354822e-03
6.900000000000001e-01 2.120437001804702e+00 -3.014261014374636e-03
6.950000000000001e-01 2.174223086274785e+00 -8.626404219566519e-04
7.000000000000001e-01 2.229368130950753e+00 1.228417884491081e-03
7.050000000000000e-01 2.285906603280654e+00 3.240563493032235e-03
7.100000000000000e-01 2.343873841650178e+00 5.155040621670017e-03
7.150000000000000e-01 2.403306077470301e+00 6.952897930408534e-03
7.200000000000000e-01 2.464240457823092e+00 8.615390396109158e-03
7.250000000000000e-01 2.526715068679855e+00 1.012463124582988e-02
7.300000000000000e-01 2.590768958706095e+00 1.146457667734268e-02
7.350000000000000e-01 2.656442163668210e+00 1.262240240298111e-02
7.400000000000000e-01 2.723775731457148e+00 1.359029835118355e-02
7.450000000000000e-01 2.792811747744667e+00 1.436764667851506e-02
7.500000000000000e-01 2.863593362288260e+00 1.496347680331164e-02
7.550000000000000e-01 2.936164815901156e+00 1.539902391938012e-02
7.600000000000000e-01 3.010571468104263e+00 1.571017299288303e-02
7.650000000000000e-01 3.086859825477351e+00 1.594955608630534e-02
7.700000000000000e-01 3.165077570727174e+00 1.618807922905816e-02
7.750000000000000e-01 3.245273592490716e+00 1.651566383058583e-02
7.800000000000000e-01 3.327498015892184e+00 1.704097007952198e-02
7.850000000000000e-01 3.411802233872832e+00 1.788980802977955e-02
7.900000000000000e-01 3.498238939313234e+00 1.920183852753250e-02
7.950000000000000e-01 3.586862157968046e+00 2.112504806613165e-02
8.000000000000000e-01 3.677727282233856e+00 2.380739866534387e-02
8.050000000000000e-01 3.770891105771243e+00 2.738507108103167e-02
8.100000000000001e-01 3.866411859002656e+00 3.196691023649433e-02
8.150000000000001e-01 3.964349245508326e+00 3.761511899344076e-02
8.200000000000001e-01 4.064764479342956e+00 4.432299042248159e-02
8.250000000000001e-01 4.167720323296481e+00 5.199154076096753e-02
8.300000000000001e-01 4.273281128122877e+00 6.040824437904070e-02
8.350000000000000e-01 4.381512872761445e+00 6.923248118950059e-02
8.400000000000000e-01 4.492483205575838e+00 7.799340907426455e-02
8.450000000000000e-01 4.606261486636447e+00 8.610621620518472e-02
8.500000000000000e-01 4.722918831072739e+00 9.291145567968058e-02
8.550000000000000e-01 4.842528153522501e+00 9.773891147159773e-02
8.600000000000000e-01 4.965164213705875e+00 9.999212360626300e-02
8.650000000000000e-01 5.090903663152626e+00 9.924300709883695e-02
8.700000000000000e-01 5.219825093111814e+00 9.531956106934104e-02
8.750000000000000e-01 5.352009083673925e+00 8.836585887187418e-02
8.800000000000000e-01 5.487538254136007e+00 7.885479473428862e-02
8.850000000000000e-01 5.626497314641444e+00 6.754188699129504e-02
8.900000000000000e-01 5.768973119126561e+00 5.536210780310621e-02
8.950000000000000e-01 5.915054719607133e+00 4.328782683571328e-02
9.000000000000000e-01 6.064833421838831e+00 3.217905136983980e-02
9.050000000000000e-01 6.218402842386253e+00 2.266165146668611e-02
9.100000000000000e-01 6.375858967136348e+00 1.506219624920454e-02
9.150000000000000e-01 6.537300211292723e+00 9.411024529179766e-03
9.200000000000000e-01 6.702827480888332e+00 5.504417931276060e-03
9.250000000000000e-01 6.872544235855034e+00 3.000412424999134e-03
9.300000000000000e-01 7.046556554689444e+00 1.517064857282870e-03
9.350000000000001e-01 7.224973200755413e+00 7.079832401337131e-04
9.400000000000001e-01 7.407905690264673e+00 3.033587737864929e-04
9.450000000000001e-01 7.595468361978146e+00 1.186846429798226e-04
9.500000000000001e-01 7.787778448671316e+00 4.214927360940909e-05
9.550000000000001e-01 7.984956150408610e+00 1.350370217760773e-05
9.600000000000000e-01 8.187124709672272e+00 3.877410593689647e-06
9.650000000000000e-01 8.394410488393007e+00 9.909661411170756e-07
9.700000000000000e-01 8.606943046930221e+00 2.237939406815059e-07
9.750000000000000e-01 8.824855225051540e+00 4.432575711020598e-08
9.800000000000000e-01 9.048283224961922e+00 7.646790809886575e-09
9.850000000000000e-01 9.277366696434507e+00 1.150482319371202e-09
9.900000000000000e-01 9.512248824096272e+00 1.643524763256531e-10
9.950000000000000e-01 9.753076416923058e+00 3.421845665730225e-11
1.000000000000000e+00 1.000000000000000e+01 8.271340840360323e-12
