0.000000000000000e+00 0.000000000000000e+00 -4.788607567700337e-02
5.000000000000000e-03 3.369477419287315e-03 -4.788969043092439e-02
1.000000000000000e-02 6.741060871647481e-03 -4.789271852873955e-02
1.500000000000000e-02 1.011685770649257e-02 -4.789482658285994e-02
2.000000000000000e-02 1.349897790673588e-02 -4.789712657679874e-02
2.500000000000000e-02 1.688953540759990e-02 -4.790110888827968e-02
3.000000000000000e-02 2.029064941789469e-02 -4.790544222150152e-02
3.500000000000000e-02 2.370444574459234e-02 -4.791126924896336e-02
4.000000000000000e-02 2.713305812152553e-02 -4.791727081604518e-02
4.500000000000000e-02 3.057862954304063e-02 -4.792496984714038e-02
5.000000000000000e-02 3.404331360343898e-02 -4.793301277811653e-02
5.500000000000000e-02 3.752927584304335e-02 -4.794222957781866e-02
6.000000000000000e-02 4.103869510173117e-02 -4.795218972301846e-02
6.500000000000000e-02 4.457376488078044e-02 -4.796347167196126e-02
7.000000000000001e-02 4.813669471387935e-02 -4.797546670671496e-02
7.500000000000000e-02 5.172971154815675e-02 -4.798874771441132e-02
8.000000000000000e-02 5.535506113609672e-02 -4.800308390519260e-02
8.500000000000001e-02 5.901500943920686e-02 -4.801854142022959e-02
9.000000000000000e-02 6.271184404431801e-02 -4.803504481083765e-02
9.500000000000000e-02 6.644787559340060e-02 -4.805282576822222e-02
1.000000000000000e-01 7.022543922779090e-02 -4.807168430830693e-02
1.050000000000000e-01 7.404689604773053e-02 -4.809198747784863e-02
1.100000000000000e-01 7.791463458813094e-02 -4.811338695976980e-02
1.150000000000000e-01 8.183107231148547e-02 -4.813630767805892e-02
1.200000000000000e-01 8.579865711886202e-02 -4.816045671894519e-02
1.250000000000000e-01 8.981986887992111e-02 -4.818622315679075e-02
1.300000000000000e-01 9.389722098291493e-02 -4.821337470823719e-02
1.350000000000000e-01 9.803326190563690e-02 -4.824223893351274e-02
1.400000000000000e-01 1.022305768083033e-01 -4.827257728716446e-02
1.450000000000000e-01 1.064917891493625e-01 -4.830483492129157e-02
1.500000000000000e-01 1.108195623252418e-01 -4.833853379005167e-02
1.550000000000000e-01 1.152166013350572e-01 -4.837427797131377e-02
1.600000000000000e-01 1.196856544713255e-01 -4.841176661451448e-02
1.650000000000000e-01 1.242295150377370e-01 -4.845130272963112e-02
1.700000000000000e-01 1.288510230950609e-01 -4.849287344599570e-02
1.750000000000000e-01 1.335530672362758e-01 -4.853661996627424e-02
1.800000000000000e-01 1.383385863920344e-01 -4.858261093983533e-02
1.850000000000000e-01 1.432105716675912e-01 -4.863082332225444e-02
1.900000000000000e-01 1.481720682123397e-01 -4.868152517032651e-02
1.950000000000000e-01 1.532261771231311e-01 -4.873460890630352e-02
2.000000000000000e-01 1.583760573825595e-01 -4.879028823313836e-02
2.050000000000000e-01 1.636249278334301e-01 -4.884869964529105e-02
2.100000000000000e-01 1.689760691906397e-01 -4.890981733147066e-02
2.150000000000000e-01 1.744328260917313e-01 -4.897396587007281e-02
2.200000000000000e-01 1.799986091874004e-01 -4.904088769957352e-02
2.250000000000000e-01 1.856768972732633e-01 -4.911112662830584e-02
2.300000000000000e-01 1.914712394642179e-01 -4.918435047437767e-02
2.350000000000000e-01 1.973852574127551e-01 -4.926106620670981e-02
2.400000000000000e-01 2.034226475726105e-01 -4.934105004063707e-02
2.450000000000000e-01 2.095871835091678e-01 -4.942460439508595e-02
2.500000000000000e-01 2.158827182580599e-01 -4.951187563776215e-02
2.550000000000000e-01 2.223131867334419e-01 -4.960275384291493e-02
2.600000000000000e-01 2.288826081874405e-01 -4.969764624263476e-02
2.650000000000000e-01 2.355950887223172e-01 -4.979634118323188e-02
2.700000000000000e-01 2.424548238569160e-01 -4.989910696114790e-02
2.750000000000000e-01 2.494661011489995e-01 -5.000607321344006e-02
2.800000000000000e-01 2.566333028751116e-01 -5.011712134756038e-02
2.850000000000000e-01 2.639609087696434e-01 -5.023267003335426e-02
2.900000000000000e-01 2.714534988248126e-01 -5.035240568363315e-02
2.950000000000000e-01 2.791157561533084e-01 -5.047667168026126e-02
3.000000000000000e-01 2.869524699153886e-01 -5.060535322500455e-02
3.050000000000000e-01 2.949685383122613e-01 -5.073850752307464e-02
3.100000000000000e-01 3.031689716476197e-01 -5.087625222890759e-02
3.150000000000000e-01 3.115588954592450e-01 -5.101842134293055e-02
3.200000000000000e-01 3.201435537226349e-01 -5.116501155459547e-02
3.250000000000000e-01 3.289283121286580e-01 -5.131599911029997e-02
3.300000000000000e-01 3.379186614372866e-01 -5.147132436657300e-02
3.350000000000000e-01 3.471202209094989e-01 -5.163077485706429e-02
3.400000000000000e-01 3.565387418195016e-01 -5.179412021015548e-02
3.450000000000000e-01 3.661801110494620e-01 -5.196133246221890e-02
3.500000000000000e-01 3.760503547690021e-01 -5.213193281765847e-02
3.550000000000000e-01 3.861556422017504e-01 -5.230571303128589e-02
3.600000000000000e-01 3.965022894813072e-01 -5.248225030414341e-02
3.650000000000000e-01 4.070967635990345e-01 -5.266102031495417e-02
3.700000000000000e-01 4.179456864461349e-01 -5.284157877007365e-02
3.750000000000000e-01 4.290558389525505e-01 -5.302318935227909e-02
3.800000000000000e-01 4.404341653252637e-01 -5.320516312323002e-02
3.850000000000000e-01 4.520877773886537e-01 -5.338670118839116e-02
3.900000000000000e-01 4.640239590296172e-01 -5.356674006404930e-02
3.950000000000000e-01 4.762501707502353e-01 -5.374432348877826e-02
4.000000000000000e-01 4.887740543308307e-01 -5.391815738330768e-02
4.050000000000000e-01 5.016034376063282e-01 -5.408686782949595e-02
4.100000000000000e-01 5.147463393589066e-01 -5.424901390547944e-02
4.150000000000000e-01 5.282109743299990e-01 -5.440279896514305e-02
4.200000000000000e-01 5.420057583547735e-01 -5.454640186086401e-02
4.250000000000000e-01 5.561393136223041e-01 -5.467778501191532e-02
4.300000000000000e-01 5.706204740647189e-01 -5.479459232090943e-02
4.350000000000000e-01 5.854582908786964e-01 -5.489443194481815e-02
4.400000000000000e-01 6.006620381827575e-01 -5.497459968175442e-02
4.450000000000000e-01 6.162412188138907e-01 -5.503211867451109e-02
4.500000000000000e-01 6.322055702671360e-01 -5.506395007848285e-02
4.550000000000000e-01 6.485650707818353e-01 -5.506669511312961e-02
4.600000000000000e-01 6.653299455783577e-01 -5.503674810222205e-02
4.650000000000000e-01 6.825106732491932e-01 -5.497041455615988e-02
4.700000000000000e-01 7.001179923084168e-01 -5.486368870107021e-02
4.750000000000000e-01 7.181629079036070e-01 -5.471239699658444e-02
4.800000000000000e-01 7.366566986944229e-01 -5.451234264630545e-02
4.850000000000000e-01 7.556109239021327e-01 -5.425909708544987e-02
4.900000000000000e-01 7.750374305345038e-01 -5.394816028102459e-02
4.950000000000000e-01 7.949483607905672e-01 -5.357512211394007e-02
5.000000000000000e-01 8.153561596498893e-01 -5.313551780806518e-02
5.050000000000000e-01 8.362735826510871e-01 -5.262493112043910e-02
5.100000000000000e-01 8.577137038644561e-01 -5.203920784192240e-02
5.150000000000000e-01 8.796899240636907e-01 -5.137439116270710e-02
5.200000000000000e-01 9.022159791018011e-01 -5.062672585520131e-02
5.250000000000000e-01 9.253059484964714e-01 -4.979291457105693e-02
5.300000000000000e-01 9.489742642302165e-01 -4.887012504307570e-02
5.350000000000000e-01 9.732357197708378e-01 -4.785595447786663e-02
5.400000000000000e-01 9.981054793178262e-01 -4.674854953330763e-02
5.450000000000000e-01 1.023599087280478e+00 -4.554678900592259e-02
5.500000000000000e-01 1.049732477993657e+00 -4.425018283521222e-02
5.550000000000000e-01 1.076521985677273e+00 -4.285889791579895e-02
5.600000000000001e-01 1.103984354645701e+00 -4.137384329443673e-02
5.650000000000001e-01 1.132136749773522e+00 -3.979677482245071e-02
5.700000000000001e-01 1.160996767224129e+00 -3.813015299830500e-02
5.750000000000001e-01 1.190582445447902e+00 -3.637715378263667e-02
5.800000000000000e-01 1.220912276456826e+00 -3.454167556074866e-02
5.850000000000000e-01 1.252005217382601e+00 -3.262842024339443e-02
5.900000000000000e-01 1.283880702325469e+00 -3.064274440695772e-02
5.950000000000000e-01 1.316558654501151e+00 -2.859063033675225e-02
6.000000000000000e-01 1.350059498693518e+00 -2.647861424741883e-02
6.050000000000000e-01 1.384404174020732e+00 -2.431387109847920e-02
6.100000000000000e-01 1.419614147022888e+00 -2.210411566390552e-02
6.150000000000000e-01 1.455711425079295e+00 -1.985760844909687e-02
6.200000000000000e-01 1.492718570163803e+00 -1.758302938713486e-02
6.250000000000000e-01 1.530658712946775e+00 -1.528952563840087e-02
6.300000000000000e-01 1.569555567252506e+00 -1.298665848494893e-02
6.350000000000000e-01 1.609433444881138e+00 -1.068450761214502e-02
6.400000000000000e-01 1.650317270804325e+00 -8.393592394667564e-03
6.450000000000000e-01 1.692232598744148e+00 -6.124976035569528e-03
6.500000000000000e-01 1.735205627145031e+00 -3.890196792051324e-03
6.550000000000000e-01 1.779263215548615e+00 -1.701360133381336e-03
6.600000000000000e-01 1.824432901381847e+00 4.288783153115145e-04
6.650000000000000e-01 1.870742917168772e+00 2.487255474763915e-03
6.700000000000000e-01 1.918222208176775e+00 4.459908866291738e-03
6.750000000000000e-01 1.966900450508319e+00 6.332388624862249e-03
6.800000000000000e-01 2.016808069649473e+00 8.089733343670195e-03
6.850000000000001e-01 2.067976259486829e+00 9.716609742176382e-03
6.900000000000001e-01 2.120437001804702e+00 1.119755105730146e-02
6.950000000000001e-01 2.174223086274785e+00 1.251731603570473e-02
7.000000000000001e-01 2.229368130950753e+00 1.366139452460724e-02
7.050000000000000e-01 2.285906603280654e+00 1.461667539704756e-02
7.100000000000000e-01 2.343873841650178e+00 1.537227919758720e-02
7.150000000000000e-01 2.403306077470301e+00 1.592053734397110e-02
7.200000000000000e-01 2.464240457823092e+00 1.625807684390047e-02
7.250000000000000e-01 2.526715068679855e+00 1.638694901940057e-02
7.300000000000000e-01 2.590768958706095e+00 1.631572911783247e-02
7.350000000000000e-01 2.656442163668210e+00 1.606051574839648e-02
7.400000000000000e-01 2.723775731457148e+00 1.564577606509130e-02
7.450000000000000e-01 2.792811747744667e+00 1.510501086015580e-02
7.500000000000000e-01 2.863593362288260e+00 1.448124521785521e-02
7.550000000000000e-01 2.936164815901156e+00 1.382737488068966e-02
7.600000000000000e-01 3.010571468104263e+00 1.320640641304125e-02
7.650000000000000e-01 3.086859825477351e+00 1.269161392024053e-02
7.700000000000000e-01 3.165077570727174e+00 1.236659342416268e-02
7.750000000000000e-01 3.245273592490716e+00 1.232512770872830e-02
7.800000000000000e-01 3.327498015892184e+00 1.267068055301271e-02
7.850000000000000e-01 3.411802233872832e+00 1.351522174617544e-02
7.900000000000000e-01 3.498238939313234e+00 1.497694837672450e-02
7.950000000000000e-01 3.586862157968046e+00 1.717632772979485e-02
8.000000000000000e-01 3.677727282233856e+00 2.022977348722799e-02
8.050000000000000e-01 3.770891105771243e+00 2.424023416903036e-02
8.100000000000001e-01 3.866411859002656e+00 2.928410036364369e-02
8.150000000000001e-01 3.964349245508326e+00 3.539422092419332e-02
8.200000000000001e-01 4.064764479342956e+00 4.253954606608906e-02
8.250000000000001e-01 4.167720323296481e+00 5.060302748790278e-02
8.300000000000001e-01 4.273281128122877e+00 5.936084112753458e-02
8.350000000000000e-01 4.381512872761445e+00 6.846753866332471e-02
8.400000000000000e-01 4.492483205575838e+00 7.745296810793363e-02
8.450000000000000e-01 4.606261486636447e+00 8.573714448728473e-02
8.500000000000000e-01 4.722918831072739e+00 9.266804115490315e-02
8.550000000000000e-01 4.842528153522501e+00 9.758400033854121e-02
8.600000000000000e-01 4.965164213705875e+00 9.989707455278386e-02
8.650000000000000e-01 5.090903663152626e+00 9.918682787953682e-02
8.700000000000000e-01 5.219825093111814e+00 9.528760095468267e-02
8.750000000000000e-01 5.352009083673925e+00 8.834837254194475e-02
8.800000000000000e-01 5.487538254136007e+00 7.884560055412923e-02
8.850000000000000e-01 5.626497314641444e+00 6.753724469485084e-02
8.900000000000000e-01 5.768973119126561e+00 5.535985845565648e-02
8.950000000000000e-01 5.915054719607133e+00 4.328678163352075e-02
9.000000000000000e-01 6.064833421838831e+00 3.217858589168163e-02
9.050000000000000e-01 6.218402842386253e+00 2.266145289917514e-02
9.100000000000000e-01 6.375858967136348e+00 1.506211515282460e-02
9.150000000000000e-01 6.537300211292723e+00 9.410992835264550e-03
9.200000000000000e-01 6.702827480888332e+00 5.504406083076621e-03
9.250000000000000e-01 6.872544235855034e+00 3.000408189209082e-03
9.300000000000000e-01 7.046556554689444e+00 1.517063408774711e-03
9.350000000000001e-01 7.224973200755413e+00 7.079827645894150e-04
9.400000000000001e-01 7.407905690264673e+00 3.033586214325299e-04
9.450000000000001e-01 7.595468361978146e+00 1.186845920748680e-04
9.500000000000001e-01 7.787778448671316e+00 4.214925164387091e-05
9.550000000000001e-01 7.984956150408610e+00 1.350368977843076e-05
9.600000000000000e-01 8.187124709672272e+00 3.877401999263521e-06
9.650000000000000e-01 8.394410488393007e+00 9.909623312267901e-07
9.700000000000000e-01 8.606943046930221e+00 2.237970202441104e-07
9.750000000000000e-01 8.824855225051540e+00 4.432820220218017e-08
9.800000000000000e-01 9.048283224961922e+00 7.645444172168275e-09
9.850000000000000e-01 9.277366696434507e+00 1.149444140346714e-09
9.900000000000000e-01 9.512248824096272e+00 1.639876749381091e-10
9.950000000000000e-01 9.753076416923058e+00 3.269916253984520e-11
1.000000000000000e+00 1.000000000000000e+01 -1.188902260895712e-11
