0.000000000000000e+00 0.000000000000000e+00 -1.152827059351806e-04
5.000000000000000e-03 3.369477419287315e-03 -1.188833675201335e-04
1.000000000000000e-02 6.741060871647481e-03 -1.184260946033812e-04
1.500000000000000e-02 1.011685770649257e-02 -1.180370567264437e-04
2.000000000000000e-02 1.349897790673588e-02 -1.178039541638847e-04
2.500000000000000e-02 1.688953540759990e-02 -1.176647627508825e-04
3.000000000000000e-02 2.029064941789469e-02 -1.180317328079833e-04
3.500000000000000e-02 2.370444574459234e-02 -1.177576387825333e-04
4.000000000000000e-02 2.713305812152553e-02 -1.181472265645737e-04
4.500000000000000e-02 3.057862954304063e-02 -1.176168960845256e-04
5.000000000000000e-02 3.404331360343898e-02 -1.183717754126501e-04
5.500000000000000e-02 3.752927584304335e-02 -1.177269357558672e-04
6.000000000000000e-02 4.103869510173117e-02 -1.184285853466717e-04
6.500000000000000e-02 4.457376488078044e-02 -1.177730839775319e-04
7.000000000000001e-02 4.813669471387935e-02 -1.185251514626089e-04
7.500000000000000e-02 5.172971154815675e-02 -1.179398871595805e-04
8.000000000000000e-02 5.535506113609672e-02 -1.186613657827240e-04
8.500000000000001e-02 5.901500943920686e-02 -1.180685671252363e-04
9.000000000000000e-02 6.271184404431801e-02 -1.187877117087293e-04
9.500000000000000e-02 6.644787559340060e-02 -1.183462632696417e-04
1.000000000000000e-01 7.022543922779090e-02 -1.188987507302326e-04
1.050000000000000e-01 7.404689604773053e-02 -1.186654097693022e-04
1.100000000000000e-01 7.791463458813094e-02 -1.189211204789973e-04
1.150000000000000e-01 8.183107231148547e-02 -1.186993496502392e-04
1.200000000000000e-01 8.579865711886202e-02 -1.189228861723852e-04
1.250000000000000e-01 8.981986887992111e-02 -1.188606071649055e-04
1.300000000000000e-01 9.389722098291493e-02 -1.188826165248991e-04
1.350000000000000e-01 9.803326190563690e-02 -1.190146613751633e-04
1.400000000000000e-01 1.022305768083033e-01 -1.189637598407257e-04
1.450000000000000e-01 1.064917891493625e-01 -1.190901872908321e-04
1.500000000000000e-01 1.108195623252418e-01 -1.191689786648704e-04
1.550000000000000e-01 1.152166013350572e-01 -1.192552836653755e-04
1.600000000000000e-01 1.196856544713255e-01 -1.193371195836109e-04
1.650000000000000e-01 1.242295150377370e-01 -1.194159541767332e-04
1.700000000000000e-01 1.288510230950609e-01 -1.194005937568788e-04
1.750000000000000e-01 1.335530672362758e-01 -1.195788577715139e-04
1.800000000000000e-01 1.383385863920344e-01 -1.195555011843796e-04
1.850000000000000e-01 1.432105716675912e-01 -1.198398306543981e-04
1.900000000000000e-01 1.481720682123397e-01 -1.197373161304707e-04
1.950000000000000e-01 1.532261771231311e-01 -1.201458655605688e-04
2.000000000000000e-01 1.583760573825595e-01 -1.199950131467545e-04
2.050000000000000e-01 1.636249278334301e-01 -1.204756862549567e-04
2.100000000000000e-01 1.689760691906397e-01 -1.202649164701947e-04
2.150000000000000e-01 1.744328260917313e-01 -1.206747122136081e-04
2.200000000000000e-01 1.799986091874004e-01 -1.206167061183914e-04
2.250000000000000e-01 1.856768972732633e-01 -1.209607661977072e-04
2.300000000000000e-01 1.914712394642179e-01 -1.209378920531113e-04
2.350000000000000e-01 1.973852574127551e-01 -1.212555967197423e-04
2.400000000000000e-01 2.034226475726105e-01 -1.212750545335418e-04
2.450000000000000e-01 2.095871835091678e-01 -1.215112312002683e-04
2.500000000000000e-01 2.158827182580599e-01 -1.216569915709198e-04
2.550000000000000e-01 2.223131867334419e-01 -1.218582602931948e-04
2.600000000000000e-01 2.288826081874405e-01 -1.220097422217731e-04
2.650000000000000e-01 2.355950887223172e-01 -1.222190455815674e-04
2.700000000000000e-01 2.424548238569160e-01 -1.224426345392365e-04
2.750000000000000e-01 2.494661011489995e-01 -1.225952093950573e-04
2.800000000000000e-01 2.566333028751116e-01 -1.229422631377399e-04
2.850000000000000e-01 2.639609087696434e-01 -1.230209547486384e-04
2.900000000000000e-01 2.714534988248126e-01 -1.234727707000422e-04
2.950000000000000e-01 2.791157561533084e-01 -1.235652413208676e-04
3.000000000000000e-01 2.869524699153886e-01 -1.239910264939277e-04
3.050000000000000e-01 2.949685383122613e-01 -1.241643111748229e-04
3.100000000000000e-01 3.031689716476197e-01 -1.244772602838909e-04
3.150000000000000e-01 3.115588954592450e-01 -1.246981260488667e-04
3.200000000000000e-01 3.201435537226349e-01 -1.250188498326654e-04
3.250000000000000e-01 3.289283121286580e-01 -1.252675850652502e-04
3.300000000000000e-01 3.379186614372866e-01 -1.255731851200325e-04
3.350000000000000e-01 3.471202209094989e-01 -1.259036796924686e-04
3.400000000000000e-01 3.565387418195016e-01 -1.261004226486393e-04
3.450000000000000e-01 3.661801110494620e-01 -1.265541866868394e-04
3.500000000000000e-01 3.760503547690021e-01 -1.267671264210386e-04
3.550000000000000e-01 3.861556422017504e-01 -1.272593595726723e-04
3.600000000000000e-01 3.965022894813072e-01 -1.274240178216544e-04
3.650000000000000e-01 4.070967635990345e-01 -1.278705161668562e-04
3.700000000000000e-01 4.179456864461349e-01 -1.280917255152156e-04
3.750000000000000e-01 4.290558389525505e-01 -1.284552104921583e-04
3.800000000000000e-01 4.404341653252637e-01 -1.287139550823299e-04
3.850000000000000e-01 4.520877773886537e-01 -1.290371476422450e-04
3.900000000000000e-01 4.640239590296172e-01 -1.293804719259053e-04
3.950000000000000e-01 4.762501707502353e-01 -1.295979000232684e-04
4.000000000000000e-01 4.887740543308307e-01 -1.300051129344265e-04
4.050000000000000e-01 5.016034376063282e-01 -1.301553342608090e-04
4.100000000000000e-01 5.147463393589066e-01 -1.304912636368627e-04
4.150000000000000e-01 5.282109743299990e-01 -1.306577813971393e-04
4.200000000000000e-01 5.420057583547735e-01 -1.309110656674583e-04
4.250000000000000e-01 5.561393136223041e-01 -1.310881312302482e-04
4.300000000000000e-01 5.706204740647189e-01 -1.311671546353237e-04
4.350000000000000e-01 5.854582908786964e-01 -1.313602495553472e-04
4.400000000000000e-01 6.006620381827575e-01 -1.313501814636387e-04
4.450000000000000e-01 6.162412188138907e-01 -1.314919013174780e-04
4.500000000000000e-01 6.322055702671360e-01 -1.314025097509675e-04
4.550000000000000e-01 6.485650707818353e-01 -1.313824093286088e-04
4.600000000000000e-01 6.653299455783577e-01 -1.312427661685487e-04
4.650000000000000e-01 6.825106732491932e-01 -1.310315959501678e-04
4.700000000000000e-01 7.001179923084168e-01 -1.308361587241223e-04
4.750000000000000e-01 7.181629079036070e-01 -1.304816652149856e-04
4.800000000000000e-01 7.366566986944229e-01 -1.301428711130755e-04
4.850000000000000e-01 7.556109239021327e-01 -1.296629063359214e-04
4.900000000000000e-01 7.750374305345038e-01 -1.290976229272241e-04
4.950000000000000e-01 7.949483607905672e-01 -1.284708932999201e-04
5.000000000000000e-01 8.153561596498893e-01 -1.277464966064547e-04
5.050000000000000e-01 8.362735826510871e-01 -1.269574398776759e-04
5.100000000000000e-01 8.577137038644561e-01 -1.260526059265297e-04
5.150000000000000e-01 8.796899240636907e-01 -1.250774924825886e-04
5.200000000000000e-01 9.022159791018011e-01 -1.239305786182965e-04
5.250000000000000e-01 9.253059484964714e-01 -1.228171633425482e-04
5.300000000000000e-01 9.489742642302165e-01 -1.215517345191014e-04
5.350000000000000e-01 9.732357197708378e-01 -1.201644906972289e-04
5.400000000000000e-01 9.981054793178262e-01 -1.187881853594675e-04
5.450000000000000e-01 1.023599087280478e+00 -1.172769647013564e-04
5.500000000000000e-01 1.049732477993657e+00 -1.157376719162370e-04
5.550000000000000e-01 1.076521985677273e+00 -1.141512970018173e-04
5.600000000000001e-01 1.103984354645701e+00 -1.125036345279887e-04
5.650000000000001e-01 1.132136749773522e+00 -1.109019136039288e-04
5.700000000000001e-01 1.160996767224129e+00 -1.092327875138771e-04
5.750000000000001e-01 1.190582445447902e+00 -1.076428670175329e-04
5.800000000000000e-01 1.220912276456826e+00 -1.060918893346924e-04
5.850000000000000e-01 1.252005217382601e+00 -1.045909106698509e-04
5.900000000000000e-01 1.283880702325469e+00 -1.032499496972282e-04
5.950000000000000e-01 1.316558654501151e+00 -1.020106432622360e-04
6.000000000000000e-01 1.350059498693518e+00 -1.009581047978366e-04
6.050000000000000e-01 1.384404174020732e+00 -1.001643276100277e-04
6.100000000000000e-01 1.419614147022888e+00 -9.957821425062621e-05
6.150000000000000e-01 1.455711425079295e+00 -9.936637749518859e-05
6.200000000000000e-01 1.492718570163803e+00 -9.952384132587041e-05
6.250000000000000e-01 1.530658712946775e+00 -1.001072301363356e-04
6.300000000000000e-01 1.569555567252506e+00 -1.012772934176395e-04
6.350000000000000e-01 1.609433444881138e+00 -1.030673924943927e-04
6.400000000000000e-01 1.650317270804325e+00 -1.056095324100577e-04
6.450000000000000e-01 1.692232598744148e+00 -1.091411928348562e-04
6.500000000000000e-01 1.735205627145031e+00 -1.137705458128049e-04
6.550000000000000e-01 1.779263215548615e+00 -1.198111755831300e-04
6.600000000000000e-01 1.824432901381847e+00 -1.276430104841529e-04
6.650000000000000e-01 1.870742917168772e+00 -1.376453833615173e-04
6.700000000000000e-01 1.918222208176775e+00 -1.504220135620675e-04
6.750000000000000e-01 1.966900450508319e+00 -1.667774346860735e-04
6.800000000000000e-01 2.016808069649473e+00 -1.876113449348429e-04
6.850000000000001e-01 2.067976259486829e+00 -2.142022636991528e-04
6.900000000000001e-01 2.120437001804702e+00 -2.481678217789550e-04
6.950000000000001e-01 2.174223086274785e+00 -2.914976652837534e-04
7.000000000000001e-01 2.229368130950753e+00 -3.467253652100656e-04
7.050000000000000e-01 2.285906603280654e+00 -4.169901760009633e-04
7.100000000000000e-01 2.343873841650178e+00 -5.060229152651626e-04
7.150000000000000e-01 2.403306077470301e+00 -6.184017549062796e-04
7.200000000000000e-01 2.464240457823092e+00 -7.594086189822356e-04
7.250000000000000e-01 2.526715068679855e+00 -9.347136668791801e-04
7.300000000000000e-01 2.590768958706095e+00 -1.150274237530835e-03
7.350000000000000e-01 2.656442163668210e+00 -1.412095490041137e-03
7.400000000000000e-01 2.723775731457148e+00 -1.724795211285930e-03
7.450000000000000e-01 2.792811747744667e+00 -2.089384207327246e-03
7.500000000000000e-01 2.863593362288260e+00 -2.500962130832763e-03
7.550000000000000e-01 2.936164815901156e+00 -2.946266187388046e-03
7.600000000000000e-01 3.010571468104263e+00 -3.399546663831958e-03
7.650000000000000e-01 3.086859825477351e+00 -3.815756392222033e-03
7.700000000000000e-01 3.165077570727174e+00 -4.121714538696306e-03
7.750000000000000e-01 3.245273592490716e+00 -4.208486101541948e-03
7.800000000000000e-01 3.327498015892184e+00 -3.929072011663552e-03
7.850000000000000e-01 3.411802233872832e+00 -3.104207372676178e-03
7.900000000000000e-01 3.498238939313234e+00 -1.536092093498274e-03
7.950000000000000e-01 3.586862157968046e+00 9.727809065540143e-04
8.000000000000000e-01 3.677727282233856e+00 4.599616558704294e-03
8.050000000000000e-01 3.770891105771243e+00 9.483133988650789e-03
8.100000000000001e-01 3.866411859002656e+00 1.570791766905091e-02
8.150000000000001e-01 3.964349245508326e+00 2.328986374500653e-02
8.200000000000001e-01 4.064764479342956e+00 3.216106874094709e-02
8.250000000000001e-01 4.167720323296481e+00 4.215404752375903e-02
8.300000000000001e-01 4.273281128122877e+00 5.298721955178787e-02
8.350000000000000e-01 4.381512872761445e+00 6.425460385067425e-02
8.400000000000000e-01 4.492483205575838e+00 7.542390710750056e-02
8.450000000000000e-01 4.606261486636447e+00 8.584874530129563e-02
8.500000000000000e-01 4.722918831072739e+00 9.480243088650614e-02
8.550000000000000e-01 4.842528153522501e+00 1.015391559036356e-01
8.600000000000000e-01 4.965164213705875e+00 1.053822931671229e-01
8.650000000000000e-01 5.090903663152626e+00 1.058296218291233e-01
8.700000000000000e-01 5.219825093111814e+00 1.026555105266656e-01
8.750000000000000e-01 5.352009083673925e+00 9.598448453021088e-02
8.800000000000000e-01 5.487538254136007e+00 8.631215657585689e-02
8.850000000000000e-01 5.626497314641444e+00 7.445901930963288e-02
8.900000000000000e-01 5.768973119126561e+00 6.145860189007751e-02
8.950000000000000e-01 5.915054719607133e+00 4.839996810805410e-02
9.000000000000000e-01 6.064833421838831e+00 3.625948025163703e-02
9.050000000000000e-01 6.218402842386253e+00 2.576205197547455e-02
9.100000000000000e-01 6.375858967136348e+00 1.730443075323734e-02
9.150000000000000e-01 6.537300211292723e+00 1.095417909900382e-02
9.200000000000000e-01 6.702827480888332e+00 6.514885645197331e-03
9.250000000000000e-01 6.872544235855034e+00 3.629864744786749e-03
9.300000000000000e-01 7.046556554689444e+00 1.890060812699063e-03
9.350000000000001e-01 7.224973200755413e+00 9.182408032712209e-04
9.400000000000001e-01 7.407905690264673e+00 4.161149071108191e-04
9.450000000000001e-01 7.595468361978146e+00 1.762193720355446e-04
9.500000000000001e-01 7.787778448671316e+00 7.008775375879995e-05
9.550000000000001e-01 7.984956150408610e+00 2.641755403797597e-05
9.600000000000000e-01 8.187124709672272e+00 9.560677014502067e-06
9.650000000000000e-01 8.394410488393007e+00 3.372766727607378e-06
9.700000000000000e-01 8.606943046930221e+00 1.174312383753758e-06
9.750000000000000e-01 8.824855225051540e+00 4.034906125863515e-07
9.800000000000000e-01 9.048283224961922e+00 1.330274912767860e-07
9.850000000000000e-01 9.277366696434507e+00 2.170421193321028e-08
9.900000000000000e-01 9.512248824096272e+00 -3.954942802148043e-08
9.950000000000000e-01 9.753076416923058e+00 -2.342883844632207e-07
1.000000000000000e+00 1.000000000000000e+01 -7.425556806108423e-05
