0.000000000000000e+00 0.000000000000000e+00 -1.062027372564662e-03
5.000000000000000e-03 3.369477419287315e-03 -1.065628034468704e-03
1.000000000000000e-02 6.741060871647481e-03 -1.063741966650383e-03
1.500000000000000e-02 1.011685770649257e-02 -1.066728032514091e-03
2.000000000000000e-02 1.349897790673588e-02 -1.064156402582385e-03
2.500000000000000e-02 1.688953540759990e-02 -1.066694233893168e-03
3.000000000000000e-02 2.029064941789469e-02 -1.065633820395198e-03
3.500000000000000e-02 2.370444574459234e-02 -1.067954379262490e-03
4.000000000000000e-02 2.713305812152553e-02 -1.067118828840721e-03
4.500000000000000e-02 3.057862954304063e-02 -1.069118628347521e-03
5.000000000000000e-02 3.404331360343898e-02 -1.069128399769986e-03
5.500000000000000e-02 3.752927584304335e-02 -1.071042859402338e-03
6.000000000000000e-02 4.103869510173117e-02 -1.071323989749641e-03
6.500000000000000e-02 4.457376488078044e-02 -1.073593223459606e-03
7.000000000000001e-02 4.813669471387935e-02 -1.074338499350272e-03
7.500000000000000e-02 5.172971154815675e-02 -1.076574295856447e-03
8.000000000000000e-02 5.535506113609672e-02 -1.077957728472492e-03
8.500000000000001e-02 5.901500943920686e-02 -1.080217559809448e-03
9.000000000000000e-02 6.271184404431801e-02 -1.082092129025114e-03
9.500000000000000e-02 6.644787559340060e-02 -1.084438119007412e-03
1.000000000000000e-01 7.022543922779090e-02 -1.086766040182802e-03
1.050000000000000e-01 7.404689604773053e-02 -1.089269527877921e-03
1.100000000000000e-01 7.791463458813094e-02 -1.092196439176801e-03
1.150000000000000e-01 8.183107231148547e-02 -1.094824097680437e-03
1.200000000000000e-01 8.579865711886202e-02 -1.098070360690202e-03
1.250000000000000e-01 8.981986887992111e-02 -1.101013150666766e-03
1.300000000000000e-01 9.389722098291493e-02 -1.104733817599974e-03
1.350000000000000e-01 9.803326190563690e-02 -1.108149161241088e-03
1.400000000000000e-01 1.022305768083033e-01 -1.112221170932029e-03
1.450000000000000e-01 1.064917891493625e-01 -1.116086367586708e-03
1.500000000000000e-01 1.108195623252418e-01 -1.120719815692289e-03
1.550000000000000e-01 1.152166013350572e-01 -1.125121545635537e-03
1.600000000000000e-01 1.196856544713255e-01 -1.130186834260705e-03
1.650000000000000e-01 1.242295150377370e-01 -1.135302775846206e-03
1.700000000000000e-01 1.288510230950609e-01 -1.140753097534209e-03
1.750000000000000e-01 1.335530672362758e-01 -1.146609646467346e-03
1.800000000000000e-01 1.383385863920344e-01 -1.152601431356939e-03
1.850000000000000e-01 1.432105716675912e-01 -1.159214471929086e-03
1.900000000000000e-01 1.481720682123397e-01 -1.165851796596286e-03
1.950000000000000e-01 1.532261771231311e-01 -1.173253544036952e-03
2.000000000000000e-01 1.583760573825595e-01 -1.180569301046914e-03
2.050000000000000e-01 1.636249278334301e-01 -1.188789761051457e-03
2.100000000000000e-01 1.689760691906397e-01 -1.197041934118885e-03
2.150000000000000e-01 1.744328260917313e-01 -1.206162579365726e-03
2.200000000000000e-01 1.799986091874004e-01 -1.215516478357839e-03
2.250000000000000e-01 1.856768972732633e-01 -1.225644149953319e-03
2.300000000000000e-01 1.914712394642179e-01 -1.236085986291963e-03
2.350000000000000e-01 1.973852574127551e-01 -1.247273879580384e-03
2.400000000000000e-01 2.034226475726105e-01 -1.259088422667443e-03
2.450000000000000e-01 2.095871835091678e-01 -1.271417746029590e-03
2.500000000000000e-01 2.158827182580599e-01 -1.284618415535048e-03
2.550000000000000e-01 2.223131867334419e-01 -1.298394532106907e-03
2.600000000000000e-01 2.288826081874405e-01 -1.313121010969750e-03
2.650000000000000e-01 2.355950887223172e-01 -1.328554900528871e-03
2.700000000000000e-01 2.424548238569160e-01 -1.345004701065157e-03
2.750000000000000e-01 2.494661011489995e-01 -1.362281861505288e-03
2.800000000000000e-01 2.566333028751116e-01 -1.380616055027013e-03
2.850000000000000e-01 2.639609087696434e-01 -1.400019637328310e-03
2.900000000000000e-01 2.714534988248126e-01 -1.420447421842774e-03
2.950000000000000e-01 2.791157561533084e-01 -1.442206294209645e-03
3.000000000000000e-01 2.869524699153886e-01 -1.465093839368424e-03
3.050000000000000e-01 2.949685383122613e-01 -1.489486600045129e-03
3.100000000000000e-01 3.031689716476197e-01 -1.515144141820731e-03
3.150000000000000e-01 3.115588954592450e-01 -1.542459493148645e-03
3.200000000000000e-01 3.201435537226349e-01 -1.571361470502019e-03
3.250000000000000e-01 3.289283121286580e-01 -1.602038186297225e-03
3.300000000000000e-01 3.379186614372866e-01 -1.634529673822748e-03
3.350000000000000e-01 3.471202209094989e-01 -1.669004317018034e-03
3.400000000000000e-01 3.565387418195016e-01 -1.705561905952967e-03
3.450000000000000e-01 3.661801110494620e-01 -1.744399852453712e-03
3.500000000000000e-01 3.760503547690021e-01 -1.785631570004487e-03
3.550000000000000e-01 3.861556422017504e-01 -1.829447391338544e-03
3.600000000000000e-01 3.965022894813072e-01 -1.876039375897913e-03
3.650000000000000e-01 4.070967635990345e-01 -1.925526578344169e-03
3.700000000000000e-01 4.179456864461349e-01 -1.978204152987367e-03
3.750000000000000e-01 4.290558389525505e-01 -2.034227966539487e-03
3.800000000000000e-01 4.404341653252637e-01 -2.093879929962409e-03
3.850000000000000e-01 4.520877773886537e-01 -2.157491011800526e-03
3.900000000000000e-01 4.640239590296172e-01 -2.225138304833386e-03
3.950000000000000e-01 4.762501707502353e-01 -2.297403579836526e-03
4.000000000000000e-01 4.887740543308307e-01 -2.374327894332861e-03
4.050000000000000e-01 5.016034376063282e-01 -2.456485202378092e-03
4.100000000000000e-01 5.147463393589066e-01 -2.544272294434488e-03
4.150000000000000e-01 5.282109743299990e-01 -2.637911360865821e-03
4.200000000000000e-01 5.420057583547735e-01 -2.738017842513135e-03
4.250000000000000e-01 5.561393136223041e-01 -2.845047527400882e-03
4.300000000000000e-01 5.706204740647189e-01 -2.959518472905623e-03
4.350000000000000e-01 5.854582908786964e-01 -3.082023074280585e-03
4.400000000000000e-01 6.006620381827575e-01 -3.213105478181537e-03
4.450000000000000e-01 6.162412188138907e-01 -3.353582889635625e-03
4.500000000000000e-01 6.322055702671360e-01 -3.504001702964285e-03
4.550000000000000e-01 6.485650707818353e-01 -3.665269274445992e-03
4.600000000000000e-01 6.653299455783577e-01 -3.838177550604397e-03
4.650000000000000e-01 6.825106732491932e-01 -4.023588698808099e-03
4.700000000000000e-01 7.001179923084168e-01 -4.222550499423908e-03
4.750000000000000e-01 7.181629079036070e-01 -4.436026897967240e-03
4.800000000000000e-01 7.366566986944229e-01 -4.665133765442591e-03
4.850000000000000e-01 7.556109239021327e-01 -4.911122495510204e-03
4.900000000000000e-01 7.750374305345038e-01 -5.175116581289229e-03
4.950000000000000e-01 7.949483607905672e-01 -5.458577089121343e-03
5.000000000000000e-01 8.153561596498893e-01 -5.762827798703232e-03
5.050000000000000e-01 8.362735826510871e-01 -6.089331857687762e-03
5.100000000000000e-01 8.577137038644561e-01 -6.439684170283392e-03
5.150000000000000e-01 8.796899240636907e-01 -6.815408853994049e-03
5.200000000000000e-01 9.022159791018011e-01 -7.218125715841217e-03
5.250000000000000e-01 9.253059484964714e-01 -7.649562084662517e-03
5.300000000000000e-01 9.489742642302165e-01 -8.111245331978531e-03
5.350000000000000e-01 9.732357197708378e-01 -8.604868353981278e-03
5.400000000000000e-01 9.981054793178262e-01 -9.131972724183604e-03
5.450000000000000e-01 1.023599087280478e+00 -9.693924414369264e-03
5.500000000000000e-01 1.049732477993657e+00 -1.029201544249890e-02
5.550000000000000e-01 1.076521985677273e+00 -1.092727102608578e-02
5.600000000000001e-01 1.103984354645701e+00 -1.160026587121199e-02
5.650000000000001e-01 1.132136749773522e+00 -1.231131218894482e-02
5.700000000000001e-01 1.160996767224129e+00 -1.306007844410535e-02
5.750000000000001e-01 1.190582445447902e+00 -1.384549746119206e-02
5.800000000000000e-01 1.220912276456826e+00 -1.466575136699474e-02
5.850000000000000e-01 1.252005217382601e+00 -1.551800077464835e-02
5.900000000000000e-01 1.283880702325469e+00 -1.639808971779887e-02
5.950000000000000e-01 1.316558654501151e+00 -1.730057542804329e-02
6.000000000000000e-01 1.350059498693518e+00 -1.821841670953173e-02
6.050000000000000e-01 1.384404174020732e+00 -1.914268181455326e-02
6.100000000000000e-01 1.419614147022888e+00 -2.006250957955795e-02
6.150000000000000e-01 1.455711425079295e+00 -2.096502743239237e-02
6.200000000000000e-01 1.492718570163803e+00 -2.183514712161957e-02
6.250000000000000e-01 1.530658712946775e+00 -2.265566524317751e-02
6.300000000000000e-01 1.569555567252506e+00 -2.340759210627335e-02
6.350000000000000e-01 1.609433444881138e+00 -2.407044819137105e-02
6.400000000000000e-01 1.650317270804325e+00 -2.462275929147448e-02
6.450000000000000e-01 1.692232598744148e+00 -2.504289711513798e-02
6.500000000000000e-01 1.735205627145031e+00 -2.531005509813459e-02
6.550000000000000e-01 1.779263215548615e+00 -2.540515466150170e-02
6.600000000000000e-01 1.824432901381847e+00 -2.531177234231094e-02
6.650000000000000e-01 1.870742917168772e+00 -2.501709457268287e-02
6.700000000000000e-01 1.918222208176775e+00 -2.451264707900806e-02
6.750000000000000e-01 1.966900450508319e+00 -2.379469241770000e-02
6.800000000000000e-01 2.016808069649473e+00 -2.286428731390912e-02
6.850000000000001e-01 2.067976259486829e+00 -2.172717315156581e-02
6.900000000000001e-01 2.120437001804702e+00 -2.039341196671174e-02
6.950000000000001e-01 2.174223086274785e+00 -1.887685312155912e-02
7.000000000000001e-01 2.229368130950753e+00 -1.719436313324087e-02
7.050000000000000e-01 2.285906603280654e+00 -1.536507637607383e-02
7.100000000000000e-01 2.343873841650178e+00 -1.340962870388527e-02
7.150000000000000e-01 2.403306077470301e+00 -1.134953443059255e-02
7.200000000000000e-01 2.464240457823092e+00 -9.206546697867374e-03
7.250000000000000e-01 2.526715068679855e+00 -7.002170651556616e-03
7.300000000000000e-01 2.590768958706095e+00 -4.757102017090790e-03
7.350000000000000e-01 2.656442163668210e+00 -2.490788806188189e-03
7.400000000000000e-01 2.723775731457148e+00 -2.208689523960230e-04
7.450000000000000e-01 2.792811747744667e+00 2.037415004456071e-03
7.500000000000000e-01 2.863593362288260e+00 4.272027139396653e-03
7.550000000000000e-01 2.936164815901156e+00 6.475205772360499e-03
7.600000000000000e-01 3.010571468104263e+00 8.644973906886788e-03
7.650000000000000e-01 3.086859825477351e+00 1.078721781693134e-02
7.700000000000000e-01 3.165077570727174e+00 1.291844102899906e-02
7.750000000000000e-01 3.245273592490716e+00 1.506911306654456e-02
7.800000000000000e-01 3.327498015892184e+00 1.728725260386265e-02
7.850000000000000e-01 3.411802233872832e+00 1.964152693656077e-02
7.900000000000000e-01 3.498238939313234e+00 2.222283028250773e-02
7.950000000000000e-01 3.586862157968046e+00 2.514311752213925e-02
8.000000000000000e-01 3.677727282233856e+00 2.853028304207992e-02
8.050000000000000e-01 3.770891105771243e+00 3.251809793854531e-02
8.100000000000001e-01 3.866411859002656e+00 3.723064395388288e-02
8.150000000000001e-01 3.964349245508326e+00 4.276132033044276e-02
8.200000000000001e-01 4.064764479342956e+00 4.914739806678640e-02
8.250000000000001e-01 4.167720323296481e+00 5.634230191385287e-02
8.300000000000001e-01 4.273281128122877e+00 6.418927794273509e-02
8.350000000000000e-01 4.381512872761445e+00 7.240164577103017e-02
8.400000000000000e-01 4.492483205575838e+00 8.055601244148949e-02
8.450000000000000e-01 4.606261486636447e+00 8.810502670101289e-02
8.500000000000000e-01 4.722918831072739e+00 9.441481493134933e-02
8.550000000000000e-01 4.842528153522501e+00 9.882868631400954e-02
8.600000000000000e-01 4.965164213705875e+00 1.007530387917218e-01
8.650000000000000e-01 5.090903663152626e+00 9.975443247602730e-02
8.700000000000000e-01 5.219825093111814e+00 9.565022485171717e-02
8.750000000000000e-01 5.352009083673925e+00 8.857138184212598e-02
8.800000000000000e-01 5.487538254136007e+00 7.897751602304547e-02
8.850000000000000e-01 5.626497314641444e+00 6.761224142028489e-02
8.900000000000000e-01 5.768973119126561e+00 5.540080808756331e-02
8.950000000000000e-01 5.915054719607133e+00 4.330824151430555e-02
9.000000000000000e-01 6.064833421838831e+00 3.218937299382792e-02
9.050000000000000e-01 6.218402842386253e+00 2.266665089175907e-02
9.100000000000000e-01 6.375858967136348e+00 1.506451506730611e-02
9.150000000000000e-01 6.537300211292723e+00 9.412054002777694e-03
9.200000000000000e-01 6.702827480888332e+00 5.504855264597425e-03
9.250000000000000e-01 6.872544235855034e+00 3.000590142082563e-03
9.300000000000000e-01 7.046556554689444e+00 1.517133924094761e-03
9.350000000000001e-01 7.224973200755413e+00 7.080089080450270e-04
9.400000000000001e-01 7.407905690264673e+00 3.033678990942268e-04
9.450000000000001e-01 7.595468361978146e+00 1.186877475660624e-04
9.500000000000001e-01 7.787778448671316e+00 4.215028555664838e-05
9.550000000000001e-01 7.984956150408610e+00 1.350401707703249e-05
9.600000000000000e-01 8.187124709672272e+00 3.877499049624637e-06
9.650000000000000e-01 8.394410488393007e+00 9.909888363338255e-07
9.700000000000000e-01 8.606943046930221e+00 2.238006032969366e-07
9.750000000000000e-01 8.824855225051540e+00 4.432845229806838e-08
9.800000000000000e-01 9.048283224961922e+00 7.651872588311993e-09
9.850000000000000e-01 9.277366696434507e+00 1.153210393327291e-09
9.900000000000000e-01 9.512248824096272e+00 1.597372600169200e-10
9.950000000000000e-01 9.753076416923058e+00 3.561461653136286e-11
1.000000000000000e+00 1.000000000000000e+01 6.347277719606049e-10
