0.000000000000000e+00 0.000000000000000e+00 -3.993736834988939e-04
5.000000000000000e-03 3.369477419287315e-03 -4.029743450986279e-04
1.000000000000000e-02 6.741060871647481e-03 -4.011541591860863e-04
1.500000000000000e-02 1.011685770649257e-02 -4.009694974900719e-04
2.000000000000000e-02 1.349897790673588e-02 -4.013171746291466e-04
2.500000000000000e-02 1.688953540759990e-02 -4.019436774867966e-04
3.000000000000000e-02 2.029064941789469e-02 -4.019478998908047e-04
3.500000000000000e-02 2.370444574459234e-02 -4.018616923309021e-04
4.000000000000000e-02 2.713305812152553e-02 -4.028011597384439e-04
4.500000000000000e-02 3.057862954304063e-02 -4.025349026161872e-04
5.000000000000000e-02 3.404331360343898e-02 -4.036840647092132e-04
5.500000000000000e-02 3.752927584304335e-02 -4.035449378361058e-04
6.000000000000000e-02 4.103869510173117e-02 -4.045751066495295e-04
6.500000000000000e-02 4.457376488078044e-02 -4.047292749360982e-04
7.000000000000001e-02 4.813669471387935e-02 -4.053620024225708e-04
7.500000000000000e-02 5.172971154815675e-02 -4.057208875539868e-04
8.000000000000000e-02 5.535506113609672e-02 -4.063425150588333e-04
8.500000000000001e-02 5.901500943920686e-02 -4.069593789194519e-04
9.000000000000000e-02 6.271184404431801e-02 -4.075403500348219e-04
9.500000000000000e-02 6.644787559340060e-02 -4.082561070375632e-04
1.000000000000000e-01 7.022543922779090e-02 -4.089761996557082e-04
1.050000000000000e-01 7.404689604773053e-02 -4.098860636482687e-04
1.100000000000000e-01 7.791463458813094e-02 -4.106546112532898e-04
1.150000000000000e-01 8.183107231148547e-02 -4.116386827629808e-04
1.200000000000000e-01 8.579865711886202e-02 -4.124951331865685e-04
1.250000000000000e-01 8.981986887992111e-02 -4.136883888606469e-04
1.300000000000000e-01 9.389722098291493e-02 -4.146149152479568e-04
1.350000000000000e-01 9.803326190563690e-02 -4.161215657474629e-04
1.400000000000000e-01 1.022305768083033e-01 -4.170728480777988e-04
1.450000000000000e-01 1.064917891493625e-01 -4.187722384503373e-04
1.500000000000000e-01 1.108195623252418e-01 -4.199557775258101e-04
1.550000000000000e-01 1.152166013350572e-01 -4.216647679074086e-04
1.600000000000000e-01 1.196856544713255e-01 -4.230559973667116e-04
1.650000000000000e-01 1.242295150377370e-01 -4.248767443806687e-04
1.700000000000000e-01 1.288510230950609e-01 -4.265454410808298e-04
1.750000000000000e-01 1.335530672362758e-01 -4.284988327322834e-04
1.800000000000000e-01 1.383385863920344e-01 -4.304083871557035e-04
1.850000000000000e-01 1.432105716675912e-01 -4.325062843593745e-04
1.900000000000000e-01 1.481720682123397e-01 -4.346894056925573e-04
1.950000000000000e-01 1.532261771231311e-01 -4.370507424275226e-04
2.000000000000000e-01 1.583760573825595e-01 -4.395778535530610e-04
2.050000000000000e-01 1.636249278334301e-01 -4.421146083613113e-04
2.100000000000000e-01 1.689760691906397e-01 -4.450681984184067e-04
2.150000000000000e-01 1.744328260917313e-01 -4.478843806538927e-04
2.200000000000000e-01 1.799986091874004e-01 -4.511207702271402e-04
2.250000000000000e-01 1.856768972732633e-01 -4.542992256137390e-04
2.300000000000000e-01 1.914712394642179e-01 -4.578452448245697e-04
2.350000000000000e-01 1.973852574127551e-01 -4.614504205271355e-04
2.400000000000000e-01 2.034226475726105e-01 -4.653938664779228e-04
2.450000000000000e-01 2.095871835091678e-01 -4.695077690955805e-04
2.500000000000000e-01 2.158827182580599e-01 -4.737541549917609e-04
2.550000000000000e-01 2.223131867334419e-01 -4.784315825337058e-04
2.600000000000000e-01 2.288826081874405e-01 -4.832314324782846e-04
2.650000000000000e-01 2.355950887223172e-01 -4.885363984436271e-04
2.700000000000000e-01 2.424548238569160e-01 -4.938314069710643e-04
2.750000000000000e-01 2.494661011489995e-01 -4.997881937046387e-04
2.800000000000000e-01 2.566333028751116e-01 -5.057918323636619e-04
2.850000000000000e-01 2.639609087696434e-01 -5.123749121647896e-04
2.900000000000000e-01 2.714534988248126e-01 -5.192042600042109e-04
2.950000000000000e-01 2.791157561533084e-01 -5.265612400378271e-04
3.000000000000000e-01 2.869524699153886e-01 -5.343098943769673e-04
3.050000000000000e-01 2.949685383122613e-01 -5.425228696629205e-04
3.100000000000000e-01 3.031689716476197e-01 -5.513513160871607e-04
3.150000000000000e-01 3.115588954592450e-01 -5.605111735886312e-04
3.200000000000000e-01 3.201435537226349e-01 -5.705135351538070e-04
3.250000000000000e-01 3.289283121286580e-01 -5.809802700534081e-04
3.300000000000000e-01 3.379186614372866e-01 -5.922267047606239e-04
3.350000000000000e-01 3.471202209094989e-01 -6.041137562218215e-04
3.400000000000000e-01 3.565387418195016e-01 -6.167385712146721e-04
3.450000000000000e-01 3.661801110494620e-01 -6.303345396240153e-04
3.500000000000000e-01 3.760503547690021e-01 -6.446360455981125e-04
3.550000000000000e-01 3.861556422017504e-01 -6.601248563130159e-04
3.600000000000000e-01 3.965022894813072e-01 -6.764606365072134e-04
3.650000000000000e-01 4.070967635990345e-01 -6.940628696076134e-04
3.700000000000000e-01 4.179456864461349e-01 -7.127894021516490e-04
3.750000000000000e-01 4.290558389525505e-01 -7.328154037117935e-04
3.800000000000000e-01 4.404341653252637e-01 -7.543140219802479e-04
3.850000000000000e-01 4.520877773886537e-01 -7.772572727341961e-04
3.900000000000000e-01 4.640239590296172e-01 -8.019536917170287e-04
3.950000000000000e-01 4.762501707502353e-01 -8.283871342266517e-04
4.000000000000000e-01 4.887740543308307e-01 -8.567504919368111e-04
4.050000000000000e-01 5.016034376063282e-01 -8.872512351440827e-04
4.100000000000000e-01 5.147463393589066e-01 -9.200087848892465e-04
4.150000000000000e-01 5.282109743299990e-01 -9.553080359595494e-04
4.200000000000000e-01 5.420057583547735e-01 -9.933038087695384e-04
4.250000000000000e-01 5.561393136223041e-01 -1.034284859412878e-03
4.300000000000000e-01 5.706204740647189e-01 -1.078372327463021e-03
4.350000000000000e-01 5.854582908786964e-01 -1.126107480935990e-03
4.400000000000000e-01 6.006620381827575e-01 -1.177642994671896e-03
4.450000000000000e-01 6.162412188138907e-01 -1.233318213625310e-03
4.500000000000000e-01 6.322055702671360e-01 -1.293652919681483e-03
4.550000000000000e-01 6.485650707818353e-01 -1.358954763786022e-03
4.600000000000000e-01 6.653299455783577e-01 -1.429766863169728e-03
4.650000000000000e-01 6.825106732491932e-01 -1.506608849038493e-03
4.700000000000000e-01 7.001179923084168e-01 -1.589994830418071e-03
4.750000000000000e-01 7.181629079036070e-01 -1.680685722046435e-03
4.800000000000000e-01 7.366566986944229e-01 -1.779228269403644e-03
4.850000000000000e-01 7.556109239021327e-01 -1.886518580414485e-03
4.900000000000000e-01 7.750374305345038e-01 -2.003351347038725e-03
4.950000000000000e-01 7.949483607905672e-01 -2.130628107601054e-03
5.000000000000000e-01 8.153561596498893e-01 -2.269449016887240e-03
5.050000000000000e-01 8.362735826510871e-01 -2.420862123845660e-03
5.100000000000000e-01 8.577137038644561e-01 -2.586100790382946e-03
5.150000000000000e-01 8.796899240636907e-01 -2.766572274031946e-03
5.200000000000000e-01 9.022159791018011e-01 -2.963607267446274e-03
5.250000000000000e-01 9.253059484964714e-01 -3.178901064574561e-03
5.300000000000000e-01 9.489742642302165e-01 -3.414111461770261e-03
5.350000000000000e-01 9.732357197708378e-01 -3.671050065040815e-03
5.400000000000000e-01 9.981054793178262e-01 -3.951758273658899e-03
5.450000000000000e-01 1.023599087280478e+00 -4.258297225260909e-03
5.500000000000000e-01 1.049732477993657e+00 -4.592853523335045e-03
5.550000000000000e-01 1.076521985677273e+00 -4.957857471151037e-03
5.600000000000001e-01 1.103984354645701e+00 -5.355626394039494e-03
5.650000000000001e-01 1.132136749773522e+00 -5.788666503453359e-03
5.700000000000001e-01 1.160996767224129e+00 -6.259504430933374e-03
5.750000000000001e-01 1.190582445447902e+00 -6.770525805739136e-03
5.800000000000000e-01 1.220912276456826e+00 -7.324052818422831e-03
5.850000000000000e-01 1.252005217382601e+00 -7.922272637859315e-03
5.900000000000000e-01 1.283880702325469e+00 -8.566879468721004e-03
5.950000000000000e-01 1.316558654501151e+00 -9.259202605771396e-03
6.000000000000000e-01 1.350059498693518e+00 -9.999941086687879e-03
6.050000000000000e-01 1.384404174020732e+00 -1.078884372847957e-02
6.100000000000000e-01 1.419614147022888e+00 -1.162456687392265e-02
6.150000000000000e-01 1.455711425079295e+00 -1.250449063585962e-02
6.200000000000000e-01 1.492718570163803e+00 -1.342419081799184e-02
6.250000000000000e-01 1.530658712946775e+00 -1.437721722539173e-02
6.300000000000000e-01 1.569555567252506e+00 -1.535484069384461e-02
6.350000000000000e-01 1.609433444881138e+00 -1.634561921984994e-02
6.400000000000000e-01 1.650317270804325e+00 -1.733505270676295e-02
6.450000000000000e-01 1.692232598744148e+00 -1.830554176173728e-02
6.500000000000000e-01 1.735205627145031e+00 -1.923634336994883e-02
6.550000000000000e-01 1.779263215548615e+00 -2.010365272190730e-02
6.600000000000000e-01 1.824432901381847e+00 -2.088115952545258e-02
6.650000000000000e-01 1.870742917168772e+00 -2.154101104273740e-02
6.700000000000000e-01 1.918222208176775e+00 -2.205497954840241e-02
6.750000000000000e-01 1.966900450508319e+00 -2.239583566603781e-02
6.800000000000000e-01 2.016808069649473e+00 -2.253896995290739e-02
6.850000000000001e-01 2.067976259486829e+00 -2.246399028146587e-02
6.900000000000001e-01 2.120437001804702e+00 -2.215595182538929e-02
6.950000000000001e-01 2.174223086274785e+00 -2.160613930629431e-02
7.000000000000001e-01 2.229368130950753e+00 -2.081238529223474e-02
7.050000000000000e-01 2.285906603280654e+00 -1.977896885153289e-02
7.100000000000000e-01 2.343873841650178e+00 -1.851599116782479e-02
7.150000000000000e-01 2.403306077470301e+00 -1.703839385413027e-02
7.200000000000000e-01 2.464240457823092e+00 -1.536467678341655e-02
7.250000000000000e-01 2.526715068679855e+00 -1.351559789067428e-02
7.300000000000000e-01 2.590768958706095e+00 -1.151284556525830e-02
7.350000000000000e-01 2.656442163668210e+00 -9.377839731299586e-03
7.400000000000000e-01 2.723775731457148e+00 -7.130513415850345e-03
7.450000000000000e-01 2.792811747744667e+00 -4.788249638279751e-03
7.500000000000000e-01 2.863593362288260e+00 -2.364749758959824e-03
7.550000000000000e-01 2.936164815901156e+00 1.310114116848502e-04
7.600000000000000e-01 3.010571468104263e+00 2.695943510749477e-03
7.650000000000000e-01 3.086859825477351e+00 5.334025221607172e-03
7.700000000000000e-01 3.165077570727174e+00 8.057645820144283e-03
7.750000000000000e-01 3.245273592490716e+00 1.088912353527842e-02
7.800000000000000e-01 3.327498015892184e+00 1.386247551225506e-02
7.850000000000000e-01 3.411802233872832e+00 1.702531553905470e-02
7.900000000000000e-01 3.498238939313234e+00 2.044043884452372e-02
7.950000000000000e-01 3.586862157968046e+00 2.418617476369174e-02
8.000000000000000e-01 3.677727282233856e+00 2.835415807189312e-02
8.050000000000000e-01 3.770891105771243e+00 3.304298196357634e-02
8.100000000000001e-01 3.866411859002656e+00 3.834642617468840e-02
8.150000000000001e-01 3.964349245508326e+00 4.433565796715059e-02
8.200000000000001e-01 4.064764479342956e+00 5.103593746157673e-02
8.250000000000001e-01 4.167720323296481e+00 5.839981920152054e-02
8.300000000000001e-01 4.273281128122877e+00 6.628049389893925e-02
8.350000000000000e-01 4.381512872761445e+00 7.441055033801204e-02
8.400000000000000e-01 4.492483205575838e+00 8.239269582345707e-02
8.450000000000000e-01 4.606261486636447e+00 8.970929604271013e-02
8.500000000000000e-01 4.722918831072739e+00 9.575630802948554e-02
8.550000000000000e-01 4.842528153522501e+00 9.990373504418981e-02
8.600000000000000e-01 4.965164213705875e+00 1.015790640288818e-01
8.650000000000000e-01 5.090903663152626e+00 1.003630181562357e-01
8.700000000000000e-01 5.219825093111814e+00 9.608011327717987e-02
8.750000000000000e-01 5.352009083673925e+00 8.886244145247908e-02
8.800000000000000e-01 5.487538254136007e+00 7.916633953401135e-02
8.850000000000000e-01 5.626497314641444e+00 6.772957413557786e-02
8.900000000000000e-01 5.768973119126561e+00 5.547061650106078e-02
8.950000000000000e-01 5.915054719607133e+00 4.334799372414767e-02
9.000000000000000e-01 6.064833421838831e+00 3.221103138280080e-02
9.050000000000000e-01 6.218402842386253e+00 2.267793739071537e-02
9.100000000000000e-01 6.375858967136348e+00 1.507013886633614e-02
9.150000000000000e-01 6.537300211292723e+00 9.414732681989489e-03
9.200000000000000e-01 6.702827480888332e+00 5.506074617517209e-03
9.250000000000000e-01 6.872544235855034e+00 3.001120498887812e-03
9.300000000000000e-01 7.046556554689444e+00 1.517354301007484e-03
9.350000000000001e-01 7.224973200755413e+00 7.080963789708283e-04
9.400000000000001e-01 7.407905690264673e+00 3.034010594284746e-04
9.450000000000001e-01 7.595468361978146e+00 1.186997528691575e-04
9.500000000000001e-01 7.787778448671316e+00 4.215443382606390e-05
9.550000000000001e-01 7.984956150408610e+00 1.350538537191907e-05
9.600000000000000e-01 8.187124709672272e+00 3.877929626125351e-06
9.650000000000000e-01 8.394410488393007e+00 9.911186826002867e-07
9.700000000000000e-01 8.606943046930221e+00 2.238410091093630e-07
9.750000000000000e-01 8.824855225051540e+00 4.434018149268948e-08
9.800000000000000e-01 9.048283224961922e+00 7.651905336758557e-09
9.850000000000000e-01 9.277366696434507e+00 1.152492450502748e-09
9.900000000000000e-01 9.512248824096272e+00 1.619181239464247e-10
9.950000000000000e-01 9.753076416923058e+00 2.477149227794478e-11
1.000000000000000e+00 1.000000000000000e+01 -2.843100590958718e-09
