0.000000000000000e+00 0.000000000000000e+00 -1.303616196940086e-04
5.000000000000000e-03 3.369477419287315e-03 -1.339622812793439e-04
1.000000000000000e-02 6.741060871647481e-03 -1.333314859775429e-04
1.500000000000000e-02 1.011685770649257e-02 -1.330358309935731e-04
2.000000000000000e-02 1.349897790673588e-02 -1.328057405888930e-04
2.500000000000000e-02 1.688953540759990e-02 -1.335002074342906e-04
3.000000000000000e-02 2.029064941789469e-02 -1.328247215935991e-04
3.500000000000000e-02 2.370444574459234e-02 -1.335433324141806e-04
4.000000000000000e-02 2.713305812152553e-02 -1.328320952122704e-04
4.500000000000000e-02 3.057862954304063e-02 -1.338672338094914e-04
5.000000000000000e-02 3.404331360343898e-02 -1.328250754036660e-04
5.500000000000000e-02 3.752927584304335e-02 -1.339429511393913e-04
6.000000000000000e-02 4.103869510173117e-02 -1.330349106075828e-04
6.500000000000000e-02 4.457376488078044e-02 -1.343422354068245e-04
7.000000000000001e-02 4.813669471387935e-02 -1.332168454861070e-04
7.500000000000000e-02 5.172971154815675e-02 -1.344374257570863e-04
8.000000000000000e-02 5.535506113609672e-02 -1.333579034710745e-04
8.500000000000001e-02 5.901500943920686e-02 -1.342840758871115e-04
9.000000000000000e-02 6.271184404431801e-02 -1.335823202341742e-04
9.500000000000000e-02 6.644787559340060e-02 -1.343144124528540e-04
1.000000000000000e-01 7.022543922779090e-02 -1.338164613533852e-04
1.050000000000000e-01 7.404689604773053e-02 -1.342991754675463e-04
1.100000000000000e-01 7.791463458813094e-02 -1.340631880805780e-04
1.150000000000000e-01 8.183107231148547e-02 -1.343718325602447e-04
1.200000000000000e-01 8.579865711886202e-02 -1.341220561954383e-04
1.250000000000000e-01 8.981986887992111e-02 -1.344393259205466e-04
1.300000000000000e-01 9.389722098291493e-02 -1.342200845795855e-04
1.350000000000000e-01 9.803326190563690e-02 -1.343911441396184e-04
1.400000000000000e-01 1.022305768083033e-01 -1.343789739604088e-04
1.450000000000000e-01 1.064917891493625e-01 -1.344272453626925e-04
1.500000000000000e-01 1.108195623252418e-01 -1.344903200633293e-04
1.550000000000000e-01 1.152166013350572e-01 -1.344909921568152e-04
1.600000000000000e-01 1.196856544713255e-01 -1.346537547561753e-04
1.650000000000000e-01 1.242295150377370e-01 -1.346918496897421e-04
1.700000000000000e-01 1.288510230950609e-01 -1.348388254955475e-04
1.750000000000000e-01 1.335530672362758e-01 -1.348248444065995e-04
1.800000000000000e-01 1.383385863920344e-01 -1.351554962275636e-04
1.850000000000000e-01 1.432105716675912e-01 -1.349739203732068e-04
1.900000000000000e-01 1.481720682123397e-01 -1.354036785559718e-04
1.950000000000000e-01 1.532261771231311e-01 -1.352461581999643e-04
2.000000000000000e-01 1.583760573825595e-01 -1.356877452776796e-04
2.050000000000000e-01 1.636249278334301e-01 -1.355384135971733e-04
2.100000000000000e-01 1.689760691906397e-01 -1.359158514879331e-04
2.150000000000000e-01 1.744328260917313e-01 -1.359082579811206e-04
2.200000000000000e-01 1.799986091874004e-01 -1.361506120848619e-04
2.250000000000000e-01 1.856768972732633e-01 -1.362163902027893e-04
2.300000000000000e-01 1.914712394642179e-01 -1.363946530802138e-04
2.350000000000000e-01 1.973852574127551e-01 -1.365135527993683e-04
2.400000000000000e-01 2.034226475726105e-01 -1.366568923115432e-04
2.450000000000000e-01 2.095871835091678e-01 -1.368240379145326e-04
2.500000000000000e-01 2.158827182580599e-01 -1.369920591501711e-04
2.550000000000000e-01 2.223131867334419e-01 -1.372348680292403e-04
2.600000000000000e-01 2.288826081874405e-01 -1.373131824186674e-04
2.650000000000000e-01 2.355950887223172e-01 -1.376936846151838e-04
2.700000000000000e-01 2.424548238569160e-01 -1.376905926397944e-04
2.750000000000000e-01 2.494661011489995e-01 -1.381287430188003e-04
2.800000000000000e-01 2.566333028751116e-01 -1.381601527093310e-04
2.850000000000000e-01 2.639609087696434e-01 -1.386301799925659e-04
2.900000000000000e-01 2.714534988248126e-01 -1.387088336999656e-04
2.950000000000000e-01 2.791157561533084e-01 -1.390981757357930e-04
3.000000000000000e-01 2.869524699153886e-01 -1.392028009363052e-04
3.050000000000000e-01 2.949685383122613e-01 -1.395413710367275e-04
3.100000000000000e-01 3.031689716476197e-01 -1.397333863999760e-04
3.150000000000000e-01 3.115588954592450e-01 -1.400138681101713e-04
3.200000000000000e-01 3.201435537226349e-01 -1.403294791033274e-04
3.250000000000000e-01 3.289283121286580e-01 -1.405701642969586e-04
3.300000000000000e-01 3.379186614372866e-01 -1.409349428217784e-04
3.350000000000000e-01 3.471202209094989e-01 -1.411442432209647e-04
3.400000000000000e-01 3.565387418195016e-01 -1.416129907266693e-04
3.450000000000000e-01 3.661801110494620e-01 -1.417688696470348e-04
3.500000000000000e-01 3.760503547690021e-01 -1.422128167434198e-04
3.550000000000000e-01 3.861556422017504e-01 -1.424391686977604e-04
3.600000000000000e-01 3.965022894813072e-01 -1.427942676355766e-04
3.650000000000000e-01 4.070967635990345e-01 -1.431013482957770e-04
3.700000000000000e-01 4.179456864461349e-01 -1.433945442337646e-04
3.750000000000000e-01 4.290558389525505e-01 -1.437681930427754e-04
3.800000000000000e-01 4.404341653252637e-01 -1.439796152839999e-04
3.850000000000000e-01 4.520877773886537e-01 -1.444160867874368e-04
3.900000000000000e-01 4.640239590296172e-01 -1.445734979022197e-04
3.950000000000000e-01 4.762501707502353e-01 -1.449699537921388e-04
4.000000000000000e-01 4.887740543308307e-01 -1.451797398981308e-04
4.050000000000000e-01 5.016034376063282e-01 -1.455140189310014e-04
4.100000000000000e-01 5.147463393589066e-01 -1.457194176567558e-04
4.150000000000000e-01 5.282109743299990e-01 -1.458970042468249e-04
4.200000000000000e-01 5.420057583547735e-01 -1.461573147750625e-04
4.250000000000000e-01 5.561393136223041e-01 -1.462635948453406e-04
4.300000000000000e-01 5.706204740647189e-01 -1.464936890365864e-04
4.350000000000000e-01 5.854582908786964e-01 -1.465517498573204e-04
4.400000000000000e-01 6.006620381827575e-01 -1.466536086610078e-04
4.450000000000000e-01 6.162412188138907e-01 -1.466859710937205e-04
4.500000000000000e-01 6.322055702671360e-01 -1.466219913638765e-04
4.550000000000000e-01 6.485650707818353e-01 -1.466007292177937e-04
4.600000000000000e-01 6.653299455783577e-01 -1.464397636003813e-04
4.650000000000000e-01 6.825106732491932e-01 -1.463097683573206e-04
4.700000000000000e-01 7.001179923084168e-01 -1.460535099314882e-04
4.750000000000000e-01 7.181629079036070e-01 -1.457563086517473e-04
4.800000000000000e-01 7.366566986944229e-01 -1.453529665936277e-04
4.850000000000000e-01 7.556109239021327e-01 -1.449187979436821e-04
4.900000000000000e-01 7.750374305345038e-01 -1.443898766240480e-04
4.950000000000000e-01 7.949483607905672e-01 -1.437969877404665e-04
5.000000000000000e-01 8.153561596498893e-01 -1.431259463421499e-04
5.050000000000000e-01 8.362735826510871e-01 -1.422988340763553e-04
5.100000000000000e-01 8.577137038644561e-01 -1.415124530372634e-04
5.150000000000000e-01 8.796899240636907e-01 -1.406054299923370e-04
5.200000000000000e-01 9.022159791018011e-01 -1.395577487375352e-04
5.250000000000000e-01 9.253059484964714e-01 -1.385430145837321e-04
5.300000000000000e-01 9.489742642302165e-01 -1.373937366741971e-04
5.350000000000000e-01 9.732357197708378e-01 -1.362503416013659e-04
5.400000000000000e-01 9.981054793178262e-01 -1.350388141583312e-04
5.450000000000000e-01 1.023599087280478e+00 -1.338108632654706e-04
5.500000000000000e-01 1.049732477993657e+00 -1.326281580288008e-04
5.550000000000000e-01 1.076521985677273e+00 -1.314242943078148e-04
5.600000000000001e-01 1.103984354645701e+00 -1.303280439743178e-04
5.650000000000001e-01 1.132136749773522e+00 -1.293361169006641e-04
5.700000000000001e-01 1.160996767224129e+00 -1.284599931717585e-04
5.750000000000001e-01 1.190582445447902e+00 -1.278616762944446e-04
5.800000000000000e-01 1.220912276456826e+00 -1.274851723434763e-04
5.850000000000000e-01 1.252005217382601e+00 -1.275017586740255e-04
5.900000000000000e-01 1.283880702325469e+00 -1.279991557059460e-04
5.950000000000000e-01 1.316558654501151e+00 -1.290381884644708e-04
6.000000000000000e-01 1.350059498693518e+00 -1.308479941320100e-04
6.050000000000000e-01 1.384404174020732e+00 -1.335588856378802e-04
6.100000000000000e-01 1.419614147022888e+00 -1.373540149787541e-04
6.150000000000000e-01 1.455711425079295e+00 -1.425899443719135e-04
6.200000000000000e-01 1.492718570163803e+00 -1.494894663797203e-04
6.250000000000000e-01 1.530658712946775e+00 -1.584896574621027e-04
6.300000000000000e-01 1.569555567252506e+00 -1.701183269950609e-04
6.350000000000000e-01 1.609433444881138e+00 -1.849091605735558e-04
6.400000000000000e-01 1.650317270804325e+00 -2.036501677036532e-04
6.450000000000000e-01 1.692232598744148e+00 -2.273203559499024e-04
6.500000000000000e-01 1.735205627145031e+00 -2.569867068513053e-04
6.550000000000000e-01 1.779263215548615e+00 -2.941510094793072e-04
6.600000000000000e-01 1.824432901381847e+00 -3.406122402719837e-04
6.650000000000000e-01 1.870742917168772e+00 -3.984986400186375e-04
6.700000000000000e-01 1.918222208176775e+00 -4.705278404911912e-04
6.750000000000000e-01 1.966900450508319e+00 -5.600414172958694e-04
6.800000000000000e-01 2.016808069649473e+00 -6.709378357727170e-04
6.850000000000001e-01 2.067976259486829e+00 -8.079945038934182e-04
6.900000000000001e-01 2.120437001804702e+00 -9.768913416767467e-04
6.950000000000001e-01 2.174223086274785e+00 -1.184178983537032e-03
7.000000000000001e-01 2.229368130950753e+00 -1.437318543753778e-03
7.050000000000000e-01 2.285906603280654e+00 -1.744643862447993e-03
7.100000000000000e-01 2.343873841650178e+00 -2.114974578488858e-03
7.150000000000000e-01 2.403306077470301e+00 -2.557255245904105e-03
7.200000000000000e-01 2.464240457823092e+00 -3.079713489653767e-03
7.250000000000000e-01 2.526715068679855e+00 -3.688383433368009e-03
7.300000000000000e-01 2.590768958706095e+00 -4.385221352870606e-03
7.350000000000000e-01 2.656442163668210e+00 -5.166155854952079e-03
7.400000000000000e-01 2.723775731457148e+00 -6.018247921358477e-03
7.450000000000000e-01 2.792811747744667e+00 -6.915439369110808e-03
7.500000000000000e-01 2.863593362288260e+00 -7.813263558551454e-03
7.550000000000000e-01 2.936164815901156e+00 -8.644230621402623e-03
7.600000000000000e-01 3.010571468104263e+00 -9.315882487636722e-03
7.650000000000000e-01 3.086859825477351e+00 -9.713052078513178e-03
7.700000000000000e-01 3.165077570727174e+00 -9.704392716374254e-03
7.750000000000000e-01 3.245273592490716e+00 -9.151610686221428e-03
7.800000000000000e-01 3.327498015892184e+00 -7.918945155313648e-03
7.850000000000000e-01 3.411802233872832e+00 -5.880699506094492e-03
7.900000000000000e-01 3.498238939313234e+00 -2.925818469809644e-03
7.950000000000000e-01 3.586862157968046e+00 1.039839152494144e-03
8.000000000000000e-01 3.677727282233856e+00 6.091575084257050e-03
8.050000000000000e-01 3.770891105771243e+00 1.228175737739968e-02
8.100000000000001e-01 3.866411859002656e+00 1.963169353067536e-02
8.150000000000001e-01 3.964349245508326e+00 2.811850207228090e-02
8.200000000000001e-01 4.064764479342956e+00 3.765711771018757e-02
8.250000000000001e-01 4.167720323296481e+00 4.807828918472364e-02
8.300000000000001e-01 4.273281128122877e+00 5.910549707452922e-02
8.350000000000000e-01 4.381512872761445e+00 7.033639270674984e-02
8.400000000000000e-01 4.492483205575838e+00 8.123722518166417e-02
8.450000000000000e-01 4.606261486636447e+00 9.115917789924845e-02
8.500000000000000e-01 4.722918831072739e+00 9.938286138501723e-02
8.550000000000000e-01 4.842528153522501e+00 1.051914494788579e-01
8.600000000000000e-01 4.965164213705875e+00 1.079656707566988e-01
8.650000000000000e-01 5.090903663152626e+00 1.072865923121218e-01
8.700000000000000e-01 5.219825093111814e+00 1.030264647827812e-01
8.750000000000000e-01 5.352009083673925e+00 9.540556335680027e-02
8.800000000000000e-01 5.487538254136007e+00 8.499584857827734e-02
8.850000000000000e-01 5.626497314641444e+00 7.266151475478075e-02
8.900000000000000e-01 5.768973119126561e+00 5.944118757597949e-02
8.950000000000000e-01 5.915054719607133e+00 4.639301925691219e-02
9.000000000000000e-01 6.064833421838831e+00 3.443652795143349e-02
9.050000000000000e-01 6.218402842386253e+00 2.422823674114530e-02
9.100000000000000e-01 6.375858967136348e+00 1.609943929440609e-02
9.150000000000000e-01 6.537300211292723e+00 1.006600903438127e-02
9.200000000000000e-01 6.702827480888332e+00 5.898757017237259e-03
9.250000000000000e-01 6.872544235855034e+00 3.226719803638220e-03
9.300000000000000e-01 7.046556554689444e+00 1.640846153320695e-03
9.350000000000001e-01 7.224973200755413e+00 7.725052770586439e-04
9.400000000000001e-01 7.407905690264673e+00 3.354107578858163e-04
9.450000000000001e-01 7.595468361978146e+00 1.338592044327175e-04
9.500000000000001e-01 7.787778448671316e+00 4.899677514973555e-05
9.550000000000001e-01 7.984956150408610e+00 1.644920728328191e-05
9.600000000000000e-01 8.187124709672272e+00 5.085416623888011e-06
9.650000000000000e-01 8.394410488393007e+00 1.463436225428567e-06
9.700000000000000e-01 8.606943046930221e+00 4.001056659848554e-07
9.750000000000000e-01 8.824855225051540e+00 1.073952711666776e-07
9.800000000000000e-01 9.048283224961922e+00 2.969915310654892e-08
9.850000000000000e-01 9.277366696434507e+00 1.124043461600294e-08
9.900000000000000e-01 9.512248824096272e+00 9.276697956490236e-09
9.950000000000000e-01 9.753076416923058e+00 3.128185267239215e-08
1.000000000000000e+00 1.000000000000000e+01 9.490805639525667e-06
