0.000000000000000e+00 0.000000000000000e+00 -9.020861262624550e-05
5.000000000000000e-03 3.369477419287315e-03 -9.380927421029035e-05
1.000000000000000e-02 6.741060871647481e-03 -9.239936152870035e-05
1.500000000000000e-02 1.011685770649257e-02 -9.415293390993511e-05
2.000000000000000e-02 1.349897790673588e-02 -9.289194898102279e-05
2.500000000000000e-02 1.688953540759990e-02 -9.442718988832439e-05
3.000000000000000e-02 2.029064941789469e-02 -9.335236374088197e-05
3.500000000000000e-02 2.370444574459234e-02 -9.431194019137870e-05
4.000000000000000e-02 2.713305812152553e-02 -9.367896804168317e-05
4.500000000000000e-02 3.057862954304063e-02 -9.407047024097020e-05
5.000000000000000e-02 3.404331360343898e-02 -9.399940012014262e-05
5.500000000000000e-02 3.752927584304335e-02 -9.411117265350049e-05
6.000000000000000e-02 4.103869510173117e-02 -9.402224943562576e-05
6.500000000000000e-02 4.457376488078044e-02 -9.399331881887713e-05
7.000000000000001e-02 4.813669471387935e-02 -9.406107567000088e-05
7.500000000000000e-02 5.172971154815675e-02 -9.387521623782603e-05
8.000000000000000e-02 5.535506113609672e-02 -9.394801783761772e-05
8.500000000000001e-02 5.901500943920686e-02 -9.379673484841383e-05
9.000000000000000e-02 6.271184404431801e-02 -9.398485009621742e-05
9.500000000000000e-02 6.644787559340060e-02 -9.382354509348875e-05
1.000000000000000e-01 7.022543922779090e-02 -9.397009847457358e-05
1.050000000000000e-01 7.404689604773053e-02 -9.394772069523808e-05
1.100000000000000e-01 7.791463458813094e-02 -9.404868893664671e-05
1.150000000000000e-01 8.183107231148547e-02 -9.404513055253528e-05
1.200000000000000e-01 8.579865711886202e-02 -9.401333085938685e-05
1.250000000000000e-01 8.981986887992111e-02 -9.415155754032817e-05
1.300000000000000e-01 9.389722098291493e-02 -9.418772194044385e-05
1.350000000000000e-01 9.803326190563690e-02 -9.438070307885379e-05
1.400000000000000e-01 1.022305768083033e-01 -9.431961658554291e-05
1.450000000000000e-01 1.064917891493625e-01 -9.452731550768272e-05
1.500000000000000e-01 1.108195623252418e-01 -9.445770685870973e-05
1.550000000000000e-01 1.152166013350572e-01 -9.471595802605995e-05
1.600000000000000e-01 1.196856544713255e-01 -9.468071030252072e-05
1.650000000000000e-01 1.242295150377370e-01 -9.482594443514169e-05
1.700000000000000e-01 1.288510230950609e-01 -9.493711018729489e-05
1.750000000000000e-01 1.335530672362758e-01 -9.500546880342633e-05
1.800000000000000e-01 1.383385863920344e-01 -9.513783712172407e-05
1.850000000000000e-01 1.432105716675912e-01 -9.522363443961566e-05
1.900000000000000e-01 1.481720682123397e-01 -9.540599819152691e-05
1.950000000000000e-01 1.532261771231311e-01 -9.544755477486158e-05
2.000000000000000e-01 1.583760573825595e-01 -9.564356243506942e-05
2.050000000000000e-01 1.636249278334301e-01 -9.575044131187765e-05
2.100000000000000e-01 1.689760691906397e-01 -9.584090667168440e-05
2.150000000000000e-01 1.744328260917313e-01 -9.600009771700895e-05
2.200000000000000e-01 1.799986091874004e-01 -9.609558357012872e-05
2.250000000000000e-01 1.856768972732633e-01 -9.630503612051106e-05
2.300000000000000e-01 1.914712394642179e-01 -9.635387298524253e-05
2.350000000000000e-01 1.973852574127551e-01 -9.654056427487126e-05
2.400000000000000e-01 2.034226475726105e-01 -9.661220094123666e-05
2.450000000000000e-01 2.095871835091678e-01 -9.686409625004702e-05
2.500000000000000e-01 2.158827182580599e-01 -9.704984533858361e-05
2.550000000000000e-01 2.223131867334419e-01 -9.720922531625693e-05
2.600000000000000e-01 2.288826081874405e-01 -9.747800188431928e-05
2.650000000000000e-01 2.355950887223172e-01 -9.765371301188275e-05
2.700000000000000e-01 2.424548238569160e-01 -9.785302186883883e-05
2.750000000000000e-01 2.494661011489995e-01 -9.809062757290352e-05
2.800000000000000e-01 2.566333028751116e-01 -9.829955122412991e-05
2.850000000000000e-01 2.639609087696434e-01 -9.863921512636869e-05
2.900000000000000e-01 2.714534988248126e-01 -9.877139736017902e-05
2.950000000000000e-01 2.791157561533084e-01 -9.908891659478611e-05
3.000000000000000e-01 2.869524699153886e-01 -9.932410455881565e-05
3.050000000000000e-01 2.949685383122613e-01 -9.959397582985294e-05
3.100000000000000e-01 3.031689716476197e-01 -9.983916685651866e-05
3.150000000000000e-01 3.115588954592450e-01 -1.001652968804461e-04
3.200000000000000e-01 3.201435537226349e-01 -1.003896456280053e-04
3.250000000000000e-01 3.289283121286580e-01 -1.007003998478273e-04
3.300000000000000e-01 3.379186614372866e-01 -1.009313732545925e-04
3.350000000000000e-01 3.471202209094989e-01 -1.013227689379177e-04
3.400000000000000e-01 3.565387418195016e-01 -1.015852643784637e-04
3.450000000000000e-01 3.661801110494620e-01 -1.019346572989863e-04
3.500000000000000e-01 3.760503547690021e-01 -1.022364428195523e-04
3.550000000000000e-01 3.861556422017504e-01 -1.025465005213849e-04
3.600000000000000e-01 3.965022894813072e-01 -1.028956425050444e-04
3.650000000000000e-01 4.070967635990345e-01 -1.031797825929031e-04
3.700000000000000e-01 4.179456864461349e-01 -1.035481384007324e-04
3.750000000000000e-01 4.290558389525505e-01 -1.038087296460710e-04
3.800000000000000e-01 4.404341653252637e-01 -1.041713205673732e-04
3.850000000000000e-01 4.520877773886537e-01 -1.044611267388183e-04
3.900000000000000e-01 4.640239590296172e-01 -1.047924050327942e-04
3.950000000000000e-01 4.762501707502353e-01 -1.050374985039380e-04
4.000000000000000e-01 4.887740543308307e-01 -1.053499084914171e-04
4.050000000000000e-01 5.016034376063282e-01 -1.056029419372372e-04
4.100000000000000e-01 5.147463393589066e-01 -1.058164227246292e-04
4.150000000000000e-01 5.282109743299990e-01 -1.061092723747819e-04
4.200000000000000e-01 5.420057583547735e-01 -1.062556522386108e-04
4.250000000000000e-01 5.561393136223041e-01 -1.065207635383484e-04
4.300000000000000e-01 5.706204740647189e-01 -1.065949755417618e-04
4.350000000000000e-01 5.854582908786964e-01 -1.067963784822300e-04
4.400000000000000e-01 6.006620381827575e-01 -1.067651864057216e-04
4.450000000000000e-01 6.162412188138907e-01 -1.068248265351598e-04
4.500000000000000e-01 6.322055702671360e-01 -1.068194617504625e-04
4.550000000000000e-01 6.485650707818353e-01 -1.067426313716538e-04
4.600000000000000e-01 6.653299455783577e-01 -1.066863270600195e-04
4.650000000000000e-01 6.825106732491932e-01 -1.064275240753323e-04
4.700000000000000e-01 7.001179923084168e-01 -1.062717506265729e-04
4.750000000000000e-01 7.181629079036070e-01 -1.058884473347148e-04
4.800000000000000e-01 7.366566986944229e-01 -1.055284006804959e-04
4.850000000000000e-01 7.556109239021327e-01 -1.050655744385641e-04
4.900000000000000e-01 7.750374305345038e-01 -1.044803100348351e-04
4.950000000000000e-01 7.949483607905672e-01 -1.039383091684538e-04
5.000000000000000e-01 8.153561596498893e-01 -1.031381373947348e-04
5.050000000000000e-01 8.362735826510871e-01 -1.024043374401373e-04
5.100000000000000e-01 8.577137038644561e-01 -1.014479487044557e-04
5.150000000000000e-01 8.796899240636907e-01 -1.004529812127396e-04
5.200000000000000e-01 9.022159791018011e-01 -9.941056140840873e-05
5.250000000000000e-01 9.253059484964714e-01 -9.820200638074327e-05
5.300000000000000e-01 9.489742642302165e-01 -9.698277705246250e-05
5.350000000000000e-01 9.732357197708378e-01 -9.560931259258292e-05
5.400000000000000e-01 9.981054793178262e-01 -9.416922667305077e-05
5.450000000000000e-01 1.023599087280478e+00 -9.268472911007701e-05
5.500000000000000e-01 1.049732477993657e+00 -9.114990868012702e-05
5.550000000000000e-01 1.076521985677273e+00 -8.953799088170237e-05
5.600000000000001e-01 1.103984354645701e+00 -8.784496596663492e-05
5.650000000000001e-01 1.132136749773522e+00 -8.623525687562764e-05
5.700000000000001e-01 1.160996767224129e+00 -8.452101997583954e-05
5.750000000000001e-01 1.190582445447902e+00 -8.285094584856530e-05
5.800000000000000e-01 1.220912276456826e+00 -8.123096879239081e-05
5.850000000000000e-01 1.252005217382601e+00 -7.960995754633525e-05
5.900000000000000e-01 1.283880702325469e+00 -7.811609535679633e-05
5.950000000000000e-01 1.316558654501151e+00 -7.667171376923157e-05
6.000000000000000e-01 1.350059498693518e+00 -7.534684469738133e-05
6.050000000000000e-01 1.384404174020732e+00 -7.419140860835216e-05
6.100000000000000e-01 1.419614147022888e+00 -7.312331326951483e-05
6.150000000000000e-01 1.455711425079295e+00 -7.228565775011405e-05
6.200000000000000e-01 1.492718570163803e+00 -7.159803078885722e-05
6.250000000000000e-01 1.530658712946775e+00 -7.108759523172566e-05
6.300000000000000e-01 1.569555567252506e+00 -7.081060189813625e-05
6.350000000000000e-01 1.609433444881138e+00 -7.067850310925240e-05
6.400000000000000e-01 1.650317270804325e+00 -7.073062636728993e-05
6.450000000000000e-01 1.692232598744148e+00 -7.095388282122640e-05
6.500000000000000e-01 1.735205627145031e+00 -7.123703728841182e-05
6.550000000000000e-01 1.779263215548615e+00 -7.160849129632801e-05
6.600000000000000e-01 1.824432901381847e+00 -7.193870612259891e-05
6.650000000000000e-01 1.870742917168772e+00 -7.212006435843774e-05
6.700000000000000e-01 1.918222208176775e+00 -7.205165574241873e-05
6.750000000000000e-01 1.966900450508319e+00 -7.150427530193076e-05
6.800000000000000e-01 2.016808069649473e+00 -7.025136924391096e-05
6.850000000000001e-01 2.067976259486829e+00 -6.799738257327957e-05
6.900000000000001e-01 2.120437001804702e+00 -6.424144095885404e-05
6.950000000000001e-01 2.174223086274785e+00 -5.849526950030607e-05
7.000000000000001e-01 2.229368130950753e+00 -4.999331680707948e-05
7.050000000000000e-01 2.285906603280654e+00 -3.762686334136458e-05
7.100000000000000e-01 2.343873841650178e+00 -2.014192813627030e-05
7.150000000000000e-01 2.403306077470301e+00 4.211209008867732e-06
7.200000000000000e-01 2.464240457823092e+00 3.806366789497575e-05
7.250000000000000e-01 2.526715068679855e+00 8.459707269485933e-05
7.300000000000000e-01 2.590768958706095e+00 1.478794574776843e-04
7.350000000000000e-01 2.656442163668210e+00 2.337726483543133e-04
7.400000000000000e-01 2.723775731457148e+00 3.501010630352299e-04
7.450000000000000e-01 2.792811747744667e+00 5.064169554985157e-04
7.500000000000000e-01 2.863593362288260e+00 7.150628359427287e-04
7.550000000000000e-01 2.936164815901156e+00 9.928061096005859e-04
7.600000000000000e-01 3.010571468104263e+00 1.361301875618966e-03
7.650000000000000e-01 3.086859825477351e+00 1.846613183464192e-03
7.700000000000000e-01 3.165077570727174e+00 2.480357162279491e-03
7.750000000000000e-01 3.245273592490716e+00 3.302943685895753e-03
7.800000000000000e-01 3.327498015892184e+00 4.366119313855836e-03
7.850000000000000e-01 3.411802233872832e+00 5.732217284693175e-03
7.900000000000000e-01 3.498238939313234e+00 7.472442280247820e-03
7.950000000000000e-01 3.586862157968046e+00 9.669157396056513e-03
8.000000000000000e-01 3.677727282233856e+00 1.242396936674537e-02
8.050000000000000e-01 3.770891105771243e+00 1.586589805426154e-02
8.100000000000001e-01 3.866411859002656e+00 2.014905175245730e-02
8.150000000000001e-01 3.964349245508326e+00 2.543093979672881e-02
8.200000000000001e-01 4.064764479342956e+00 3.183124810653740e-02
8.250000000000001e-01 4.167720323296481e+00 3.938073523064167e-02
8.300000000000001e-01 4.273281128122877e+00 4.797426650263698e-02
8.350000000000000e-01 4.381512872761445e+00 5.733951702339855e-02
8.400000000000000e-01 4.492483205575838e+00 6.702853198000332e-02
8.450000000000000e-01 4.606261486636447e+00 7.643704094980729e-02
8.500000000000000e-01 4.722918831072739e+00 8.485433630133812e-02
8.550000000000000e-01 4.842528153522501e+00 9.154096843351990e-02
8.600000000000000e-01 4.965164213705875e+00 9.582394743533965e-02
8.650000000000000e-01 5.090903663152626e+00 9.719378225517826e-02
8.700000000000000e-01 5.219825093111814e+00 9.538736943489678e-02
8.750000000000000e-01 5.352009083673925e+00 9.044263684113762e-02
8.800000000000000e-01 5.487538254136007e+00 8.271326470518371e-02
8.850000000000000e-01 5.626497314641444e+00 7.283526041079350e-02
8.900000000000000e-01 5.768973119126561e+00 6.164477256892123e-02
8.950000000000000e-01 5.915054719607133e+00 5.005825193614580e-02
9.000000000000000e-01 6.064833421838831e+00 3.893812297760289e-02
9.050000000000000e-01 6.218402842386253e+00 2.897368112774688e-02
9.100000000000000e-01 6.375858967136348e+00 2.060409742634070e-02
9.150000000000000e-01 6.537300211292723e+00 1.399836162692005e-02
9.200000000000000e-01 6.702827480888332e+00 9.090047893194965e-03
9.250000000000000e-01 6.872544235855034e+00 5.649500242052460e-03
9.300000000000000e-01 7.046556554689444e+00 3.368216822718069e-03
9.350000000000001e-01 7.224973200755413e+00 1.932121712051613e-03
9.400000000000001e-01 7.407905690264673e+00 1.069781912239485e-03
9.450000000000001e-01 7.595468361978146e+00 5.732137039231263e-04
9.500000000000001e-01 7.787778448671316e+00 2.976088026647330e-04
9.550000000000001e-01 7.984956150408610e+00 1.496377797405026e-04
9.600000000000000e-01 8.187124709672272e+00 7.269772710647240e-05
9.650000000000000e-01 8.394410488393007e+00 3.400142096932619e-05
9.700000000000000e-01 8.606943046930221e+00 1.524210028156039e-05
9.750000000000000e-01 8.824855225051540e+00 6.428348893679947e-06
9.800000000000000e-01 9.048283224961922e+00 2.407859940736889e-06
9.850000000000000e-01 9.277366696434507e+00 -1.387173238591836e-07
9.900000000000000e-01 9.512248824096272e+00 -2.225811546017712e-06
9.950000000000000e-01 9.753076416923058e+00 -1.131101463295462e-05
1.000000000000000e+00 1.000000000000000e+01 -3.555646932658545e-03
