0.000000000000000e+00 0.000000000000000e+00 -8.915335988543667e-02
5.000000000000000e-03 3.369477419287315e-03 -8.915701099180558e-02
1.000000000000000e-02 6.741060871647481e-03 -8.915761077125424e-02
1.500000000000000e-02 1.011685770649257e-02 -8.915637104456633e-02
2.000000000000000e-02 1.349897790673588e-02 -8.915364562205864e-02
2.500000000000000e-02 1.688953540759990e-02 -8.915075170062850e-02
3.000000000000000e-02 2.029064941789469e-02 -8.914618252626313e-02
3.500000000000000e-02 2.370444574459234e-02 -8.914189631037366e-02
4.000000000000000e-02 2.713305812152553e-02 -8.913624591376330e-02
4.500000000000000e-02 3.057862954304063e-02 -8.913005919864878e-02
5.000000000000000e-02 3.404331360343898e-02 -8.912287274742817e-02
5.500000000000000e-02 3.752927584304335e-02 -8.911508822714592e-02
6.000000000000000e-02 4.103869510173117e-02 -8.910608188458390e-02
6.500000000000000e-02 4.457376488078044e-02 -8.909644514010180e-02
7.000000000000001e-02 4.813669471387935e-02 -8.908583916783328e-02
7.500000000000000e-02 5.172971154815675e-02 -8.907420571914215e-02
8.000000000000000e-02 5.535506113609672e-02 -8.906154464234652e-02
8.500000000000001e-02 5.901500943920686e-02 -8.904807392668655e-02
9.000000000000000e-02 6.271184404431801e-02 -8.903334148580008e-02
9.500000000000000e-02 6.644787559340060e-02 -8.901770002890641e-02
1.000000000000000e-01 7.022543922779090e-02 -8.900079334905789e-02
1.050000000000000e-01 7.404689604773053e-02 -8.898271491208345e-02
1.100000000000000e-01 7.791463458813094e-02 -8.896344518304984e-02
1.150000000000000e-01 8.183107231148547e-02 -8.894282885658301e-02
1.200000000000000e-01 8.579865711886202e-02 -8.892085741944801e-02
1.250000000000000e-01 8.981986887992111e-02 -8.889749738052174e-02
1.300000000000000e-01 9.389722098291493e-02 -8.887258515946518e-02
1.350000000000000e-01 9.803326190563690e-02 -8.884612344544308e-02
1.400000000000000e-01 1.022305768083033e-01 -8.881797621151265e-02
1.450000000000000e-01 1.064917891493625e-01 -8.878815900720230e-02
1.500000000000000e-01 1.108195623252418e-01 -8.875641812417115e-02
1.550000000000000e-01 1.152166013350572e-01 -8.872284523427140e-02
1.600000000000000e-01 1.196856544713255e-01 -8.868712438537421e-02
1.650000000000000e-01 1.242295150377370e-01 -8.864941809586618e-02
1.700000000000000e-01 1.288510230950609e-01 -8.860919300497681e-02
1.750000000000000e-01 1.335530672362758e-01 -8.856670006986316e-02
1.800000000000000e-01 1.383385863920344e-01 -8.852166098012128e-02
1.850000000000000e-01 1.432105716675912e-01 -8.847393184660858e-02
1.900000000000000e-01 1.481720682123397e-01 -8.842343984482341e-02
1.950000000000000e-01 1.532261771231311e-01 -8.836977941671018e-02
2.000000000000000e-01 1.583760573825595e-01 -8.831308545122939e-02
2.050000000000000e-01 1.636249278334301e-01 -8.825288028256338e-02
2.100000000000000e-01 1.689760691906397e-01 -8.818913561228926e-02
2.150000000000000e-01 1.744328260917313e-01 -8.812162105145986e-02
2.200000000000000e-01 1.799986091874004e-01 -8.804996855683900e-02
2.250000000000000e-01 1.856768972732633e-01 -8.797419458479662e-02
2.300000000000000e-01 1.914712394642179e-01 -8.789364487164339e-02
2.350000000000000e-01 1.973852574127551e-01 -8.780841716484422e-02
2.400000000000000e-01 2.034226475726105e-01 -8.771793844681848e-02
2.450000000000000e-01 2.095871835091678e-01 -8.762197701752664e-02
2.500000000000000e-01 2.158827182580599e-01 -8.752034020882626e-02
2.550000000000000e-01 2.223131867334419e-01 -8.741231677131041e-02
2.600000000000000e-01 2.288826081874405e-01 -8.729781221384846e-02
2.650000000000000e-01 2.355950887223172e-01 -8.717621850571389e-02
2.700000000000000e-01 2.424548238569160e-01 -8.704710811544558e-02
2.750000000000000e-01 2.494661011489995e-01 -8.691013335568314e-02
2.800000000000000e-01 2.566333028751116e-01 -8.676458638632345e-02
2.850000000000000e-01 2.639609087696434e-01 -8.661001290391480e-02
2.900000000000000e-01 2.714534988248126e-01 -8.644577128648553e-02
2.950000000000000e-01 2.791157561533084e-01 -8.627130914557608e-02
3.000000000000000e-01 2.869524699153886e-01 -8.608585384018543e-02
3.050000000000000e-01 2.949685383122613e-01 -8.588869587709018e-02
3.100000000000000e-01 3.031689716476197e-01 -8.567919453212207e-02
3.150000000000000e-01 3.115588954592450e-01 -8.545635060280377e-02
3.200000000000000e-01 3.201435537226349e-01 -8.521942602295673e-02
3.250000000000000e-01 3.289283121286580e-01 -8.496746736509951e-02
3.300000000000000e-01 3.379186614372866e-01 -8.469944021446293e-02
3.350000000000000e-01 3.471202209094989e-01 -8.441441983277989e-02
3.400000000000000e-01 3.565387418195016e-01 -8.411119118118904e-02
3.450000000000000e-01 3.661801110494620e-01 -8.378866046769436e-02
3.500000000000000e-01 3.760503547690021e-01 -8.344562591540847e-02
3.550000000000000e-01 3.861556422017504e-01 -8.308069866916498e-02
3.600000000000000e-01 3.965022894813072e-01 -8.269264888027371e-02
3.650000000000000e-01 4.070967635990345e-01 -8.227996890349232e-02
3.700000000000000e-01 4.179456864461349e-01 -8.184117051756301e-02
3.750000000000000e-01 4.290558389525505e-01 -8.137477672286456e-02
3.800000000000000e-01 4.404341653252637e-01 -8.087906843742949e-02
3.850000000000000e-01 4.520877773886537e-01 -8.035242122585948e-02
3.900000000000000e-01 4.640239590296172e-01 -7.979312809670326e-02
3.950000000000000e-01 4.762501707502353e-01 -7.919930346105833e-02
4.000000000000000e-01 4.887740543308307e-01 -7.856919899509390e-02
4.050000000000000e-01 5.016034376063282e-01 -7.790091368723683e-02
4.100000000000000e-01 5.147463393589066e-01 -7.719247319435528e-02
4.150000000000000e-01 5.282109743299990e-01 -7.644203343288856e-02
4.200000000000000e-01 5.420057583547735e-01 -7.564760673162349e-02
4.250000000000000e-01 5.561393136223041e-01 -7.480720762739650e-02
4.300000000000000e-01 5.706204740647189e-01 -7.391898809416632e-02
4.350000000000000e-01 5.854582908786964e-01 -7.298100981231960e-02
4.400000000000000e-01 6.006620381827575e-01 -7.199137848805168e-02
4.450000000000000e-01 6.162412188138907e-01 -7.094839779455958e-02
4.500000000000000e-01 6.322055702671360e-01 -6.985033071170005e-02
4.550000000000000e-01 6.485650707818353e-01 -6.869555172924403e-02
4.600000000000000e-01 6.653299455783577e-01 -6.748266199239700e-02
4.650000000000000e-01 6.825106732491932e-01 -6.621035392413167e-02
4.700000000000000e-01 7.001179923084168e-01 -6.487741807427058e-02
4.750000000000000e-01 7.181629079036070e-01 -6.348297842682525e-02
4.800000000000000e-01 7.366566986944229e-01 -6.202632578536633e-02
4.850000000000000e-01 7.556109239021327e-01 -6.050692470530349e-02
4.900000000000000e-01 7.750374305345038e-01 -5.892453811806295e-02
4.950000000000000e-01 7.949483607905672e-01 -5.727928801354915e-02
5.000000000000000e-01 8.153561596498893e-01 -5.557146939577212e-02
5.050000000000000e-01 8.362735826510871e-01 -5.380170462725731e-02
5.100000000000000e-01 8.577137038644561e-01 -5.197098711402289e-02
5.150000000000000e-01 8.796899240636907e-01 -5.008066767391671e-02
5.200000000000000e-01 9.022159791018011e-01 -4.813232353090027e-02
5.250000000000000e-01 9.253059484964714e-01 -4.612793327807460e-02
5.300000000000000e-01 9.489742642302165e-01 -4.406985424957789e-02
5.350000000000000e-01 9.732357197708378e-01 -4.196081590862238e-02
5.400000000000000e-01 9.981054793178262e-01 -3.980379532856122e-02
5.450000000000000e-01 1.023599087280478e+00 -3.760216238889915e-02
5.500000000000000e-01 1.049732477993657e+00 -3.535964648551940e-02
5.550000000000000e-01 1.076521985677273e+00 -3.308037326555568e-02
5.600000000000001e-01 1.103984354645701e+00 -3.076871811473882e-02
5.650000000000001e-01 1.132136749773522e+00 -2.842939531993189e-02
5.700000000000001e-01 1.160996767224129e+00 -2.606742442854817e-02
5.750000000000001e-01 1.190582445447902e+00 -2.368824306526275e-02
5.800000000000000e-01 1.220912276456826e+00 -2.129757902111660e-02
5.850000000000000e-01 1.252005217382601e+00 -1.890150341968311e-02
5.900000000000000e-01 1.283880702325469e+00 -1.650634985893664e-02
5.950000000000000e-01 1.316558654501151e+00 -1.411883083386499e-02
6.000000000000000e-01 1.350059498693518e+00 -1.174597492581507e-02
6.050000000000000e-01 1.384404174020732e+00 -9.395260534099845e-03
6.100000000000000e-01 1.419614147022888e+00 -7.074512356907444e-03
6.150000000000000e-01 1.455711425079295e+00 -4.792015638378702e-03
6.200000000000000e-01 1.492718570163803e+00 -2.556445836181682e-03
6.250000000000000e-01 1.530658712946775e+00 -3.769510257832613e-04
6.300000000000000e-01 1.569555567252506e+00 1.736867852279649e-03
6.350000000000000e-01 1.609433444881138e+00 3.774917253827046e-03
6.400000000000000e-01 1.650317270804325e+00 5.726621625885111e-03
6.450000000000000e-01 1.692232598744148e+00 7.580933244920851e-03
6.500000000000000e-01 1.735205627145031e+00 9.326379520637001e-03
6.550000000000000e-01 1.779263215548615e+00 1.095114263737625e-02
6.600000000000000e-01 1.824432901381847e+00 1.244318893178786e-02
6.650000000000000e-01 1.870742917168772e+00 1.379045680643134e-02
6.700000000000000e-01 1.918222208176775e+00 1.498111525118908e-02
6.750000000000000e-01 1.966900450508319e+00 1.600390110067386e-02
6.800000000000000e-01 2.016808069649473e+00 1.684853886091947e-02
6.850000000000001e-01 2.067976259486829e+00 1.750623934813329e-02
6.900000000000001e-01 2.120437001804702e+00 1.797026385746693e-02
6.950000000000001e-01 2.174223086274785e+00 1.823652993827651e-02
7.000000000000001e-01 2.229368130950753e+00 1.830422509552301e-02
7.050000000000000e-01 2.285906603280654e+00 1.817638818076437e-02
7.100000000000000e-01 2.343873841650178e+00 1.786041710173596e-02
7.150000000000000e-01 2.403306077470301e+00 1.736846713721791e-02
7.200000000000000e-01 2.464240457823092e+00 1.671771656779574e-02
7.250000000000000e-01 2.526715068679855e+00 1.593049393600030e-02
7.300000000000000e-01 2.590768958706095e+00 1.503428123215161e-02
7.350000000000000e-01 2.656442163668210e+00 1.406162640134061e-02
7.400000000000000e-01 2.723775731457148e+00 1.305001389411705e-02
7.450000000000000e-01 2.792811747744667e+00 1.204175157962967e-02
7.500000000000000e-01 2.863593362288260e+00 1.108393515150445e-02
7.550000000000000e-01 2.936164815901156e+00 1.022854636307368e-02
7.600000000000000e-01 3.010571468104263e+00 9.532727334808219e-03
7.650000000000000e-01 3.086859825477351e+00 9.059246143627412e-03
7.700000000000000e-01 3.165077570727174e+00 8.877122934548841e-03
7.750000000000000e-01 3.245273592490716e+00 9.062313366064471e-03
7.800000000000000e-01 3.327498015892184e+00 9.698240680250679e-03
7.850000000000000e-01 3.411802233872832e+00 1.087582730386291e-02
7.900000000000000e-01 3.498238939313234e+00 1.269250976626667e-02
7.950000000000000e-01 3.586862157968046e+00 1.524955018114439e-02
8.000000000000000e-01 3.677727282233856e+00 1.864682646120585e-02
8.050000000000000e-01 3.770891105771243e+00 2.297425614138553e-02
8.100000000000001e-01 3.866411859002656e+00 2.829916806247670e-02
8.150000000000001e-01 3.964349245508326e+00 3.464937289747720e-02
8.200000000000001e-01 4.064764479342956e+00 4.199247382148903e-02
8.250000000000001e-01 4.167720323296481e+00 5.021312804281831e-02
8.300000000000001e-01 4.273281128122877e+00 5.909144435153484e-02
8.350000000000000e-01 4.381512872761445e+00 6.828725561994546e-02
8.400000000000000e-01 4.492483205575838e+00 7.733622679091746e-02
8.450000000000000e-01 4.606261486636447e+00 8.566406709907751e-02
8.500000000000000e-01 4.722918831072739e+00 9.262386257324443e-02
8.550000000000000e-01 4.842528153522501e+00 9.755823146300444e-02
8.600000000000000e-01 4.965164213705875e+00 9.988258601698605e-02
8.650000000000000e-01 5.090903663152626e+00 9.917898279652190e-02
8.700000000000000e-01 5.219825093111814e+00 9.528351377325973e-02
8.750000000000000e-01 5.352009083673925e+00 8.834632550512873e-02
8.800000000000000e-01 5.487538254136007e+00 7.884461577376144e-02
8.850000000000000e-01 5.626497314641444e+00 6.753679000221040e-02
8.900000000000000e-01 5.768973119126561e+00 5.535965711491341e-02
8.950000000000000e-01 5.915054719607133e+00 4.328669619186139e-02
9.000000000000000e-01 6.064833421838831e+00 3.217855116681655e-02
9.050000000000000e-01 6.218402842386253e+00 2.266143939172858e-02
9.100000000000000e-01 6.375858967136348e+00 1.506211012688345e-02
9.150000000000000e-01 6.537300211292723e+00 9.410991047344349e-03
9.200000000000000e-01 6.702827480888332e+00 5.504405475261979e-03
9.250000000000000e-01 6.872544235855034e+00 3.000407991719907e-03
9.300000000000000e-01 7.046556554689444e+00 1.517063347336562e-03
9.350000000000001e-01 7.224973200755413e+00 7.079827458055883e-04
9.400000000000001e-01 7.407905690264673e+00 3.033586151442018e-04
9.450000000000001e-01 7.595468361978146e+00 1.186845883318590e-04
9.500000000000001e-01 7.787778448671316e+00 4.214924743041838e-05
9.550000000000001e-01 7.984956150408610e+00 1.350368422826589e-05
9.600000000000000e-01 8.187124709672272e+00 3.877394526155581e-06
9.650000000000000e-01 8.394410488393007e+00 9.909559220074534e-07
9.700000000000000e-01 8.606943046930221e+00 2.237929150939042e-07
9.750000000000000e-01 8.824855225051540e+00 4.432735457254734e-08
9.800000000000000e-01 9.048283224961922e+00 7.649569111906005e-09
9.850000000000000e-01 9.277366696434507e+00 1.150662070384796e-09
9.900000000000000e-01 9.512248824096272e+00 1.570212623920957e-10
9.950000000000000e-01 9.753076416923058e+00 3.187088664959000e-11
1.000000000000000e+00 1.000000000000000e+01 -9.505521529318452e-12
