0.000000000000000e+00 0.000000000000000e+00 -3.228161456736247e-03
5.000000000000000e-03 3.369477419287315e-03 -3.231762127894749e-03
1.000000000000000e-02 6.741060871647481e-03 -3.230214139760618e-03
1.500000000000000e-02 1.011685770649257e-02 -3.232292233076447e-03
2.000000000000000e-02 1.349897790673588e-02 -3.231580429363496e-03
2.500000000000000e-02 1.688953540759990e-02 -3.234215482711958e-03
3.000000000000000e-02 2.029064941789469e-02 -3.234449159606684e-03
3.500000000000000e-02 2.370444574459234e-02 -3.237455704841644e-03
4.000000000000000e-02 2.713305812152553e-02 -3.238297083278013e-03
4.500000000000000e-02 3.057862954304063e-02 -3.241753137858122e-03
5.000000000000000e-02 3.404331360343898e-02 -3.243512726629702e-03
5.500000000000000e-02 3.752927584304335e-02 -3.247437084744141e-03
6.000000000000000e-02 4.103869510173117e-02 -3.249920157512931e-03
6.500000000000000e-02 4.457376488078044e-02 -3.254010660621742e-03
7.000000000000001e-02 4.813669471387935e-02 -3.257539859632232e-03
7.500000000000000e-02 5.172971154815675e-02 -3.261924292180640e-03
8.000000000000000e-02 5.535506113609672e-02 -3.266483798190149e-03
8.500000000000001e-02 5.901500943920686e-02 -3.271572902123545e-03
9.000000000000000e-02 6.271184404431801e-02 -3.276684404004410e-03
9.500000000000000e-02 6.644787559340060e-02 -3.282480158289749e-03
1.000000000000000e-01 7.022543922779090e-02 -3.288664660987856e-03
1.050000000000000e-01 7.404689604773053e-02 -3.295104004453884e-03
1.100000000000000e-01 7.791463458813094e-02 -3.302291340600747e-03
1.150000000000000e-01 8.183107231148547e-02 -3.309584167552130e-03
1.200000000000000e-01 8.579865711886202e-02 -3.317826770311508e-03
1.250000000000000e-01 8.981986887992111e-02 -3.326030264643795e-03
1.300000000000000e-01 9.389722098291493e-02 -3.335206500546376e-03
1.350000000000000e-01 9.803326190563690e-02 -3.344472556065499e-03
1.400000000000000e-01 1.022305768083033e-01 -3.354708204101386e-03
1.450000000000000e-01 1.064917891493625e-01 -3.365261647010735e-03
1.500000000000000e-01 1.108195623252418e-01 -3.376645640155352e-03
1.550000000000000e-01 1.152166013350572e-01 -3.388576069685180e-03
1.600000000000000e-01 1.196856544713255e-01 -3.401142789216877e-03
1.650000000000000e-01 1.242295150377370e-01 -3.414600906362528e-03
1.700000000000000e-01 1.288510230950609e-01 -3.428503416380323e-03
1.750000000000000e-01 1.335530672362758e-01 -3.443592059636061e-03
1.800000000000000e-01 1.383385863920344e-01 -3.459112144697411e-03
1.850000000000000e-01 1.432105716675912e-01 -3.475937907588354e-03
1.900000000000000e-01 1.481720682123397e-01 -3.493229160996966e-03
1.950000000000000e-01 1.532261771231311e-01 -3.511936971543431e-03
2.000000000000000e-01 1.583760573825595e-01 -3.531234101510229e-03
2.050000000000000e-01 1.636249278334301e-01 -3.551954150096551e-03
2.100000000000000e-01 1.689760691906397e-01 -3.573555224800773e-03
2.150000000000000e-01 1.744328260917313e-01 -3.596474484683401e-03
2.200000000000000e-01 1.799986091874004e-01 -3.620612148670785e-03
2.250000000000000e-01 1.856768972732633e-01 -3.646058989050355e-03
2.300000000000000e-01 1.914712394642179e-01 -3.672935710768506e-03
2.350000000000000e-01 1.973852574127551e-01 -3.701139631316349e-03
2.400000000000000e-01 2.034226475726105e-01 -3.731121106728541e-03
2.450000000000000e-01 2.095871835091678e-01 -3.762434091456809e-03
2.500000000000000e-01 2.158827182580599e-01 -3.795761221879804e-03
2.550000000000000e-01 2.223131867334419e-01 -3.830720168435261e-03
2.600000000000000e-01 2.288826081874405e-01 -3.867666681594537e-03
2.650000000000000e-01 2.355950887223172e-01 -3.906653934747989e-03
2.700000000000000e-01 2.424548238569160e-01 -3.947646688292702e-03
2.750000000000000e-01 2.494661011489995e-01 -3.991046400057281e-03
2.800000000000000e-01 2.566333028751116e-01 -4.036593527414312e-03
2.850000000000000e-01 2.639609087696434e-01 -4.084981144998724e-03
2.900000000000000e-01 2.714534988248126e-01 -4.135755075577450e-03
2.950000000000000e-01 2.791157561533084e-01 -4.189545258274146e-03
3.000000000000000e-01 2.869524699153886e-01 -4.246166530052733e-03
3.050000000000000e-01 2.949685383122613e-01 -4.305995333241799e-03
3.100000000000000e-01 3.031689716476197e-01 -4.369168912231666e-03
3.150000000000000e-01 3.115588954592450e-01 -4.435779322786796e-03
3.200000000000000e-01 3.201435537226349e-01 -4.506244474693184e-03
3.250000000000000e-01 3.289283121286580e-01 -4.580548626779984e-03
3.300000000000000e-01 3.379186614372866e-01 -4.659133026664499e-03
3.350000000000000e-01 3.471202209094989e-01 -4.742117030131247e-03
3.400000000000000e-01 3.565387418195016e-01 -4.829745217236374e-03
3.450000000000000e-01 3.661801110494620e-01 -4.922435639046437e-03
3.500000000000000e-01 3.760503547690021e-01 -5.020296691400395e-03
3.550000000000000e-01 3.861556422017504e-01 -5.123860794112706e-03
3.600000000000000e-01 3.965022894813072e-01 -5.233306171587043e-03
3.650000000000000e-01 4.070967635990345e-01 -5.349084630778856e-03
3.700000000000000e-01 4.179456864461349e-01 -5.471466536941235e-03
3.750000000000000e-01 4.290558389525505e-01 -5.600992522044196e-03
3.800000000000000e-01 4.404341653252637e-01 -5.737973430087743e-03
3.850000000000000e-01 4.520877773886537e-01 -5.882977601316224e-03
3.900000000000000e-01 4.640239590296172e-01 -6.036462203787073e-03
3.950000000000000e-01 4.762501707502353e-01 -6.198818965196651e-03
4.000000000000000e-01 4.887740543308307e-01 -6.370790671101864e-03
4.050000000000000e-01 5.016034376063282e-01 -6.552871507856055e-03
4.100000000000000e-01 5.147463393589066e-01 -6.745585758204095e-03
4.150000000000000e-01 5.282109743299990e-01 -6.949766034382926e-03
4.200000000000000e-01 5.420057583547735e-01 -7.165918125675107e-03
4.250000000000000e-01 5.561393136223041e-01 -7.394915919989121e-03
4.300000000000000e-01 5.706204740647189e-01 -7.637404921861912e-03
4.350000000000000e-01 5.854582908786964e-01 -7.894231510408046e-03
4.400000000000000e-01 6.006620381827575e-01 -8.166263885754756e-03
4.450000000000000e-01 6.162412188138907e-01 -8.454292295980022e-03
4.500000000000000e-01 6.322055702671360e-01 -8.759293419601280e-03
4.550000000000000e-01 6.485650707818353e-01 -9.082199260060358e-03
4.600000000000000e-01 6.653299455783577e-01 -9.423901029586288e-03
4.650000000000000e-01 6.825106732491932e-01 -9.785525935907939e-03
4.700000000000000e-01 7.001179923084168e-01 -1.016794059760539e-02
4.750000000000000e-01 7.181629079036070e-01 -1.057224941855785e-02
4.800000000000000e-01 7.366566986944229e-01 -1.099946212460742e-02
4.850000000000000e-01 7.556109239021327e-01 -1.145051687729080e-02
4.900000000000000e-01 7.750374305345038e-01 -1.192644444161435e-02
4.950000000000000e-01 7.949483607905672e-01 -1.242814725589896e-02
5.000000000000000e-01 8.153561596498893e-01 -1.295638834702594e-02
5.050000000000000e-01 8.362735826510871e-01 -1.351201270383823e-02
5.100000000000000e-01 8.577137038644561e-01 -1.409550840447516e-02
5.150000000000000e-01 8.796899240636907e-01 -1.470729705475345e-02
5.200000000000000e-01 9.022159791018011e-01 -1.534759819383254e-02
5.250000000000000e-01 9.253059484964714e-01 -1.601623201590571e-02
5.300000000000000e-01 9.489742642302165e-01 -1.671272698294960e-02
5.350000000000000e-01 9.732357197708378e-01 -1.743626095736232e-02
5.400000000000000e-01 9.981054793178262e-01 -1.818533715944751e-02
5.450000000000000e-01 1.023599087280478e+00 -1.895799111120100e-02
5.500000000000000e-01 1.049732477993657e+00 -1.975156758012491e-02
5.550000000000000e-01 1.076521985677273e+00 -2.056250481491067e-02
5.600000000000001e-01 1.103984354645701e+00 -2.138639105314228e-02
5.650000000000001e-01 1.132136749773522e+00 -2.221785331372545e-02
5.700000000000001e-01 1.160996767224129e+00 -2.305025703075729e-02
5.750000000000001e-01 1.190582445447902e+00 -2.387578655470114e-02
5.800000000000000e-01 1.220912276456826e+00 -2.468539413772631e-02
5.850000000000000e-01 1.252005217382601e+00 -2.546858520967527e-02
5.900000000000000e-01 1.283880702325469e+00 -2.621349254660589e-02
5.950000000000000e-01 1.316558654501151e+00 -2.690705149689810e-02
6.000000000000000e-01 1.350059498693518e+00 -2.753501316898875e-02
6.050000000000000e-01 1.384404174020732e+00 -2.808211458115430e-02
6.100000000000000e-01 1.419614147022888e+00 -2.853254958882916e-02
6.150000000000000e-01 1.455711425079295e+00 -2.887037675135819e-02
6.200000000000000e-01 1.492718570163803e+00 -2.907990854116193e-02
6.250000000000000e-01 1.530658712946775e+00 -2.914630774701578e-02
6.300000000000000e-01 1.569555567252506e+00 -2.905628019072381e-02
6.350000000000000e-01 1.609433444881138e+00 -2.879861535424202e-02
6.400000000000000e-01 1.650317270804325e+00 -2.836459678536048e-02
6.450000000000000e-01 1.692232598744148e+00 -2.774845316878973e-02
6.500000000000000e-01 1.735205627145031e+00 -2.694769041505127e-02
6.550000000000000e-01 1.779263215548615e+00 -2.596322464335111e-02
6.600000000000000e-01 1.824432901381847e+00 -2.479925008027218e-02
6.650000000000000e-01 1.870742917168772e+00 -2.346308060548643e-02
6.700000000000000e-01 1.918222208176775e+00 -2.196488830438674e-02
6.750000000000000e-01 1.966900450508319e+00 -2.031741661790138e-02
6.800000000000000e-01 2.016808069649473e+00 -1.853551124144119e-02
6.850000000000001e-01 2.067976259486829e+00 -1.663570440529292e-02
6.900000000000001e-01 2.120437001804702e+00 -1.463577064297702e-02
6.950000000000001e-01 2.174223086274785e+00 -1.255443456504108e-02
7.000000000000001e-01 2.229368130950753e+00 -1.041105134807716e-02
7.050000000000000e-01 2.285906603280654e+00 -8.225435962003806e-03
7.100000000000000e-01 2.343873841650178e+00 -6.017602780474198e-03
7.150000000000000e-01 2.403306077470301e+00 -3.807659099048586e-03
7.200000000000000e-01 2.464240457823092e+00 -1.615598874974841e-03
7.250000000000000e-01 2.526715068679855e+00 5.388369782221463e-04
7.300000000000000e-01 2.590768958706095e+00 2.636439622896294e-03
7.350000000000000e-01 2.656442163668210e+00 4.658920631239210e-03
7.400000000000000e-01 2.723775731457148e+00 6.589570567905305e-03
7.450000000000000e-01 2.792811747744667e+00 8.414274983922087e-03
7.500000000000000e-01 2.863593362288260e+00 1.012304627999615e-02
7.550000000000000e-01 2.936164815901156e+00 1.171218515794855e-02
7.600000000000000e-01 3.010571468104263e+00 1.318712343392709e-02
7.650000000000000e-01 3.086859825477351e+00 1.456585190593636e-02
7.700000000000000e-01 3.165077570727174e+00 1.588264728775916e-02
7.750000000000000e-01 3.245273592490716e+00 1.719161190928201e-02
7.800000000000000e-01 3.327498015892184e+00 1.856938119810720e-02
7.850000000000000e-01 3.411802233872832e+00 2.011626469079873e-02
7.900000000000000e-01 3.498238939313234e+00 2.195506551563381e-02
7.950000000000000e-01 3.586862157968046e+00 2.422684816845289e-02
8.000000000000000e-01 3.677727282233856e+00 2.708298014948116e-02
8.050000000000000e-01 3.770891105771243e+00 3.067288290853753e-02
8.100000000000001e-01 3.866411859002656e+00 3.512716493032750e-02
8.150000000000001e-01 3.964349245508326e+00 4.053628069845507e-02
8.200000000000001e-01 4.064764479342956e+00 4.692565937628956e-02
8.250000000000001e-01 4.167720323296481e+00 5.422940665712449e-02
8.300000000000001e-01 4.273281128122877e+00 6.226611474534859e-02
8.350000000000000e-01 4.381512872761445e+00 7.072177388865664e-02
8.400000000000000e-01 4.492483205575838e+00 7.914584697494140e-02
8.450000000000000e-01 4.606261486636447e+00 8.696668519107692e-02
8.500000000000000e-01 4.722918831072739e+00 9.353102304039916e-02
8.550000000000000e-01 4.842528153522501e+00 9.816884482426859e-02
8.600000000000000e-01 4.965164213705875e+00 1.002794522207810e-01
8.650000000000000e-01 5.090903663152626e+00 9.942781456263899e-02
8.700000000000000e-01 5.219825093111814e+00 9.543388042279453e-02
8.750000000000000e-01 5.352009083673925e+00 8.843382313993874e-02
8.800000000000000e-01 5.487538254136007e+00 7.889360186087147e-02
8.850000000000000e-01 5.626497314641444e+00 6.756315530545977e-02
8.900000000000000e-01 5.768973119126561e+00 5.537328878701537e-02
8.950000000000000e-01 5.915054719607133e+00 4.329346194922629e-02
9.000000000000000e-01 6.064833421838831e+00 3.218177261889328e-02
9.050000000000000e-01 6.218402842386253e+00 2.266290999231720e-02
9.100000000000000e-01 6.375858967136348e+00 1.506275341895700e-02
9.150000000000000e-01 6.537300211292723e+00 9.411260559444029e-03
9.200000000000000e-01 6.702827480888332e+00 5.504513572621236e-03
9.250000000000000e-01 6.872544235855034e+00 3.000449484247428e-03
9.300000000000000e-01 7.046556554689444e+00 1.517078586746751e-03
9.350000000000001e-01 7.224973200755413e+00 7.079881044045809e-04
9.400000000000001e-01 7.407905690264673e+00 3.033604248471254e-04
9.450000000000001e-01 7.595468361978146e+00 1.186851816462632e-04
9.500000000000001e-01 7.787778448671316e+00 4.214944472769840e-05
9.550000000000001e-01 7.984956150408610e+00 1.350375466847731e-05
9.600000000000000e-01 8.187124709672272e+00 3.877423412885500e-06
9.650000000000000e-01 8.394410488393007e+00 9.909680181204199e-07
9.700000000000000e-01 8.606943046930221e+00 2.237926126647136e-07
9.750000000000000e-01 8.824855225051540e+00 4.432555994018344e-08
9.800000000000000e-01 9.048283224961922e+00 7.651391130537534e-09
9.850000000000000e-01 9.277366696434507e+00 1.152370203720245e-09
9.900000000000000e-01 9.512248824096272e+00 1.586719944169151e-10
9.950000000000000e-01 9.753076416923058e+00 3.443186860619864e-11
1.000000000000000e+00 1.000000000000000e+01 1.361597518335850e-10
