0.000000000000000e+00 0.000000000000000e+00 -1.459607604568001e-04
5.000000000000000e-03 3.369477419287315e-03 -1.495614220426567e-04
1.000000000000000e-02 6.741060871647481e-03 -1.472455462367347e-04
1.500000000000000e-02 1.011685770649257e-02 -1.466827988394878e-04
2.000000000000000e-02 1.349897790673588e-02 -1.474658315012511e-04
2.500000000000000e-02 1.688953540759990e-02 -1.474830475525269e-04
3.000000000000000e-02 2.029064941789469e-02 -1.472225849593371e-04
3.500000000000000e-02 2.370444574459234e-02 -1.473260212270105e-04
4.000000000000000e-02 2.713305812152553e-02 -1.471037116382768e-04
4.500000000000000e-02 3.057862954304063e-02 -1.473162593524276e-04
5.000000000000000e-02 3.404331360343898e-02 -1.473084221000266e-04
5.500000000000000e-02 3.752927584304335e-02 -1.474758591792420e-04
6.000000000000000e-02 4.103869510173117e-02 -1.472635765122615e-04
6.500000000000000e-02 4.457376488078044e-02 -1.474432991251585e-04
7.000000000000001e-02 4.813669471387935e-02 -1.471865515822458e-04
7.500000000000000e-02 5.172971154815675e-02 -1.475325291830415e-04
8.000000000000000e-02 5.535506113609672e-02 -1.472364281642230e-04
8.500000000000001e-02 5.901500943920686e-02 -1.475975134898891e-04
9.000000000000000e-02 6.271184404431801e-02 -1.472983323514789e-04
9.500000000000000e-02 6.644787559340060e-02 -1.476091628133740e-04
1.000000000000000e-01 7.022543922779090e-02 -1.474915839086884e-04
1.050000000000000e-01 7.404689604773053e-02 -1.476413397719070e-04
1.100000000000000e-01 7.791463458813094e-02 -1.476839133891553e-04
1.150000000000000e-01 8.183107231148547e-02 -1.477456557972822e-04
1.200000000000000e-01 8.579865711886202e-02 -1.478336074256738e-04
1.250000000000000e-01 8.981986887992111e-02 -1.478874052229998e-04
1.300000000000000e-01 9.389722098291493e-02 -1.478722008584124e-04
1.350000000000000e-01 9.803326190563690e-02 -1.479971673115208e-04
1.400000000000000e-01 1.022305768083033e-01 -1.480014763071738e-04
1.450000000000000e-01 1.064917891493625e-01 -1.482102907555543e-04
1.500000000000000e-01 1.108195623252418e-01 -1.481205985539876e-04
1.550000000000000e-01 1.152166013350572e-01 -1.483029751872752e-04
1.600000000000000e-01 1.196856544713255e-01 -1.483498769823434e-04
1.650000000000000e-01 1.242295150377370e-01 -1.484451586932690e-04
1.700000000000000e-01 1.288510230950609e-01 -1.485818777687920e-04
1.750000000000000e-01 1.335530672362758e-01 -1.486155453956026e-04
1.800000000000000e-01 1.383385863920344e-01 -1.487110854796268e-04
1.850000000000000e-01 1.432105716675912e-01 -1.488599588545080e-04
1.900000000000000e-01 1.481720682123397e-01 -1.489385435333964e-04
1.950000000000000e-01 1.532261771231311e-01 -1.490771667885733e-04
2.000000000000000e-01 1.583760573825595e-01 -1.491495640378191e-04
2.050000000000000e-01 1.636249278334301e-01 -1.493060709466134e-04
2.100000000000000e-01 1.689760691906397e-01 -1.493477757618004e-04
2.150000000000000e-01 1.744328260917313e-01 -1.495257649578479e-04
2.200000000000000e-01 1.799986091874004e-01 -1.496736246629493e-04
2.250000000000000e-01 1.856768972732633e-01 -1.498755979934325e-04
2.300000000000000e-01 1.914712394642179e-01 -1.499785411542456e-04
2.350000000000000e-01 1.973852574127551e-01 -1.501425105138823e-04
2.400000000000000e-01 2.034226475726105e-01 -1.503159452455305e-04
2.450000000000000e-01 2.095871835091678e-01 -1.504541753722808e-04
2.500000000000000e-01 2.158827182580599e-01 -1.506518813992268e-04
2.550000000000000e-01 2.223131867334419e-01 -1.508234710527662e-04
2.600000000000000e-01 2.288826081874405e-01 -1.510510872263386e-04
2.650000000000000e-01 2.355950887223172e-01 -1.512382223761499e-04
2.700000000000000e-01 2.424548238569160e-01 -1.514498298841596e-04
2.750000000000000e-01 2.494661011489995e-01 -1.516765736483684e-04
2.800000000000000e-01 2.566333028751116e-01 -1.518940216824721e-04
2.850000000000000e-01 2.639609087696434e-01 -1.521475784004957e-04
2.900000000000000e-01 2.714534988248126e-01 -1.523686630222953e-04
2.950000000000000e-01 2.791157561533084e-01 -1.526126524140649e-04
3.000000000000000e-01 2.869524699153886e-01 -1.528421477798479e-04
3.050000000000000e-01 2.949685383122613e-01 -1.531048983690246e-04
3.100000000000000e-01 3.031689716476197e-01 -1.533634826084553e-04
3.150000000000000e-01 3.115588954592450e-01 -1.537196792971717e-04
3.200000000000000e-01 3.201435537226349e-01 -1.539095879388426e-04
3.250000000000000e-01 3.289283121286580e-01 -1.542853422170839e-04
3.300000000000000e-01 3.379186614372866e-01 -1.545444326432782e-04
3.350000000000000e-01 3.471202209094989e-01 -1.549073576519062e-04
3.400000000000000e-01 3.565387418195016e-01 -1.551370247022823e-04
3.450000000000000e-01 3.661801110494620e-01 -1.554966964107849e-04
3.500000000000000e-01 3.760503547690021e-01 -1.557568846091579e-04
3.550000000000000e-01 3.861556422017504e-01 -1.560731423031054e-04
3.600000000000000e-01 3.965022894813072e-01 -1.564310353095701e-04
3.650000000000000e-01 4.070967635990345e-01 -1.567104623255600e-04
3.700000000000000e-01 4.179456864461349e-01 -1.571182439618926e-04
3.750000000000000e-01 4.290558389525505e-01 -1.574029998389276e-04
3.800000000000000e-01 4.404341653252637e-01 -1.577729040976179e-04
3.850000000000000e-01 4.520877773886537e-01 -1.580054883056836e-04
3.900000000000000e-01 4.640239590296172e-01 -1.583478100128034e-04
3.950000000000000e-01 4.762501707502353e-01 -1.586775351710088e-04
4.000000000000000e-01 4.887740543308307e-01 -1.589270366642430e-04
4.050000000000000e-01 5.016034376063282e-01 -1.592780913810506e-04
4.100000000000000e-01 5.147463393589066e-01 -1.594691142333019e-04
4.150000000000000e-01 5.282109743299990e-01 -1.598343504871737e-04
4.200000000000000e-01 5.420057583547735e-01 -1.599806178844781e-04
4.250000000000000e-01 5.561393136223041e-01 -1.602437377901326e-04
4.300000000000000e-01 5.706204740647189e-01 -1.604143777540270e-04
4.350000000000000e-01 5.854582908786964e-01 -1.605497177232150e-04
4.400000000000000e-01 6.006620381827575e-01 -1.607689316391917e-04
4.450000000000000e-01 6.162412188138907e-01 -1.608119596530986e-04
4.500000000000000e-01 6.322055702671360e-01 -1.609567174150572e-04
4.550000000000000e-01 6.485650707818353e-01 -1.609646225155849e-04
4.600000000000000e-01 6.653299455783577e-01 -1.609426990344641e-04
4.650000000000000e-01 6.825106732491932e-01 -1.609575218470096e-04
4.700000000000000e-01 7.001179923084168e-01 -1.608413359284679e-04
4.750000000000000e-01 7.181629079036070e-01 -1.607910561051109e-04
4.800000000000000e-01 7.366566986944229e-01 -1.606107810961026e-04
4.850000000000000e-01 7.556109239021327e-01 -1.604267659973222e-04
4.900000000000000e-01 7.750374305345038e-01 -1.602139848177710e-04
4.950000000000000e-01 7.949483607905672e-01 -1.600090927400833e-04
5.000000000000000e-01 8.153561596498893e-01 -1.597442126442779e-04
5.050000000000000e-01 8.362735826510871e-01 -1.594463608635500e-04
5.100000000000000e-01 8.577137038644561e-01 -1.592470351581629e-04
5.150000000000000e-01 8.796899240636907e-01 -1.590039822083622e-04
5.200000000000000e-01 9.022159791018011e-01 -1.588150296099417e-04
5.250000000000000e-01 9.253059484964714e-01 -1.587474085568695e-04
5.300000000000000e-01 9.489742642302165e-01 -1.587254260421261e-04
5.350000000000000e-01 9.732357197708378e-01 -1.589327934616485e-04
5.400000000000000e-01 9.981054793178262e-01 -1.592922006535252e-04
5.450000000000000e-01 1.023599087280478e+00 -1.599464680184137e-04
5.500000000000000e-01 1.049732477993657e+00 -1.609744538287736e-04
5.550000000000000e-01 1.076521985677273e+00 -1.624010919474163e-04
5.600000000000001e-01 1.103984354645701e+00 -1.644341860482091e-04
5.650000000000001e-01 1.132136749773522e+00 -1.671508291991295e-04
5.700000000000001e-01 1.160996767224129e+00 -1.707020069044504e-04
5.750000000000001e-01 1.190582445447902e+00 -1.753746007051044e-04
5.800000000000000e-01 1.220912276456826e+00 -1.812881693656638e-04
5.850000000000000e-01 1.252005217382601e+00 -1.888189904449701e-04
5.900000000000000e-01 1.283880702325469e+00 -1.982997162872787e-04
5.950000000000000e-01 1.316558654501151e+00 -2.100895780669224e-04
6.000000000000000e-01 1.350059498693518e+00 -2.247673694974792e-04
6.050000000000000e-01 1.384404174020732e+00 -2.429069815146840e-04
6.100000000000000e-01 1.419614147022888e+00 -2.651891823036928e-04
6.150000000000000e-01 1.455711425079295e+00 -2.925909526466770e-04
6.200000000000000e-01 1.492718570163803e+00 -3.260894172382315e-04
6.250000000000000e-01 1.530658712946775e+00 -3.669673361689076e-04
6.300000000000000e-01 1.569555567252506e+00 -4.168130912466243e-04
6.350000000000000e-01 1.609433444881138e+00 -4.774073357576576e-04
6.400000000000000e-01 1.650317270804325e+00 -5.509408451046571e-04
6.450000000000000e-01 1.692232598744148e+00 -6.401149223483881e-04
6.500000000000000e-01 1.735205627145031e+00 -7.479655441244296e-04
6.550000000000000e-01 1.779263215548615e+00 -8.781815995530313e-04
6.600000000000000e-01 1.824432901381847e+00 -1.035128964891720e-03
6.650000000000000e-01 1.870742917168772e+00 -1.223772793118454e-03
6.700000000000000e-01 1.918222208176775e+00 -1.449818297861224e-03
6.750000000000000e-01 1.966900450508319e+00 -1.719848077686193e-03
6.800000000000000e-01 2.016808069649473e+00 -2.041045901901001e-03
6.850000000000001e-01 2.067976259486829e+00 -2.421163048127535e-03
6.900000000000001e-01 2.120437001804702e+00 -2.868368667791758e-03
6.950000000000001e-01 2.174223086274785e+00 -3.390797937131061e-03
7.000000000000001e-01 2.229368130950753e+00 -3.995817976793088e-03
7.050000000000000e-01 2.285906603280654e+00 -4.689244829827167e-03
7.100000000000000e-01 2.343873841650178e+00 -5.474049445442752e-03
7.150000000000000e-01 2.403306077470301e+00 -6.348788117199441e-03
7.200000000000000e-01 2.464240457823092e+00 -7.305782942030094e-03
7.250000000000000e-01 2.526715068679855e+00 -8.328882435867144e-03
7.300000000000000e-01 2.590768958706095e+00 -9.390490987364894e-03
7.350000000000000e-01 2.656442163668210e+00 -1.044864935632884e-02
7.400000000000000e-01 2.723775731457148e+00 -1.144538567056727e-02
7.450000000000000e-01 2.792811747744667e+00 -1.230741225281100e-02
7.500000000000000e-01 2.863593362288260e+00 -1.294950416253179e-02
7.550000000000000e-01 2.936164815901156e+00 -1.328007479911305e-02
7.600000000000000e-01 3.010571468104263e+00 -1.320765712076236e-02
7.650000000000000e-01 3.086859825477351e+00 -1.264654753734865e-02
7.700000000000000e-01 3.165077570727174e+00 -1.152015121181884e-02
7.750000000000000e-01 3.245273592490716e+00 -9.761432536729203e-03
7.800000000000000e-01 3.327498015892184e+00 -7.310811834225849e-03
7.850000000000000e-01 3.411802233872832e+00 -4.112760477921427e-03
7.900000000000000e-01 3.498238939313234e+00 -1.127284733226777e-04
7.950000000000000e-01 3.586862157968046e+00 4.743835967385684e-03
8.000000000000000e-01 3.677727282233856e+00 1.050909274711096e-02
8.050000000000000e-01 3.770891105771243e+00 1.722589124031968e-02
8.100000000000001e-01 3.866411859002656e+00 2.491561971852689e-02
8.150000000000001e-01 3.964349245508326e+00 3.356024321055302e-02
8.200000000000001e-01 4.064764479342956e+00 4.307936989198918e-02
8.250000000000001e-01 4.167720323296481e+00 5.330506157186101e-02
8.300000000000001e-01 4.273281128122877e+00 6.395950826247934e-02
8.350000000000000e-01 4.381512872761445e+00 7.464200512073078e-02
8.400000000000000e-01 4.492483205575838e+00 8.483166521326151e-02
8.450000000000000e-01 4.606261486636447e+00 9.391082749977243e-02
8.500000000000000e-01 4.722918831072739e+00 1.012116446465875e-01
8.550000000000000e-01 4.842528153522501e+00 1.060848612853949e-01
8.600000000000000e-01 4.965164213705875e+00 1.079851707089319e-01
8.650000000000000e-01 5.090903663152626e+00 1.065619491589000e-01
8.700000000000000e-01 5.219825093111814e+00 1.017388145921251e-01
8.750000000000000e-01 5.352009083673925e+00 9.376253907804735e-02
8.800000000000000e-01 5.487538254136007e+00 8.320376623633732e-02
8.850000000000000e-01 5.626497314641444e+00 7.090009057224193e-02
8.900000000000000e-01 5.768973119126561e+00 5.784549009233778e-02
8.950000000000000e-01 5.915054719607133e+00 4.504541980391273e-02
9.000000000000000e-01 6.064833421838831e+00 3.336879781935014e-02
9.050000000000000e-01 6.218402842386253e+00 2.343148535172658e-02
9.100000000000000e-01 6.375858967136348e+00 1.553810541964069e-02
9.150000000000000e-01 6.537300211292723e+00 9.691988539279195e-03
9.200000000000000e-01 6.702827480888332e+00 5.662772065429321e-03
9.250000000000000e-01 6.872544235855034e+00 3.085594460716217e-03
9.300000000000000e-01 7.046556554689444e+00 1.560789508068866e-03
9.350000000000001e-01 7.224973200755413e+00 7.293979745258185e-04
9.400000000000001e-01 7.407905690264673e+00 3.133652241144710e-04
9.450000000000001e-01 7.595468361978146e+00 1.231455472736380e-04
9.500000000000001e-01 7.787778448671316e+00 4.404665369424966e-05
9.550000000000001e-01 7.984956150408610e+00 1.427372215300118e-05
9.600000000000000e-01 8.187124709672272e+00 4.175609525970294e-06
9.650000000000000e-01 8.394410488393007e+00 1.101183611328216e-06
9.700000000000000e-01 8.606943046930221e+00 2.626894576542450e-07
9.750000000000000e-01 8.824855225051540e+00 5.748674406379879e-08
9.800000000000000e-01 9.048283224961922e+00 1.200120790545288e-08
9.850000000000000e-01 9.277366696434507e+00 3.029549607934353e-09
9.900000000000000e-01 9.512248824096272e+00 1.816518898023454e-09
9.950000000000000e-01 9.753076416923058e+00 5.740173175831699e-09
1.000000000000000e+00 1.000000000000000e+01 1.735561363240464e-06
