0.000000000000000e+00 0.000000000000000e+00 2.143307691991293e-02
5.000000000000000e-03 3.369477419287315e-03 2.142998540202484e-02
1.000000000000000e-02 6.741060871647481e-03 2.143164018838813e-02
1.500000000000000e-02 1.011685770649257e-02 2.143285774733370e-02
2.000000000000000e-02 1.349897790673588e-02 2.143311336944909e-02
2.500000000000000e-02 1.688953540759990e-02 2.143465574312630e-02
3.000000000000000e-02 2.029064941789469e-02 2.143728490300547e-02
3.500000000000000e-02 2.370444574459234e-02 2.143915703880098e-02
4.000000000000000e-02 2.713305812152553e-02 2.144240329795996e-02
4.500000000000000e-02 3.057862954304063e-02 2.144532569684839e-02
5.000000000000000e-02 3.404331360343898e-02 2.144912460638933e-02
5.500000000000000e-02 3.752927584304335e-02 2.145331031952365e-02
6.000000000000000e-02 4.103869510173117e-02 2.145763182913231e-02
6.500000000000000e-02 4.457376488078044e-02 2.146261681297070e-02
7.000000000000001e-02 4.813669471387935e-02 2.146817039831356e-02
7.500000000000000e-02 5.172971154815675e-02 2.147390476588413e-02
8.000000000000000e-02 5.535506113609672e-02 2.148059474338221e-02
8.500000000000001e-02 5.901500943920686e-02 2.148733371248522e-02
9.000000000000000e-02 6.271184404431801e-02 2.149483550506713e-02
9.500000000000000e-02 6.644787559340060e-02 2.150289932261680e-02
1.000000000000000e-01 7.022543922779090e-02 2.151146918823892e-02
1.050000000000000e-01 7.404689604773053e-02 2.152061944759536e-02
1.100000000000000e-01 7.791463458813094e-02 2.153052691210855e-02
1.150000000000000e-01 8.183107231148547e-02 2.154095760672840e-02
1.200000000000000e-01 8.579865711886202e-02 2.155216330148141e-02
1.250000000000000e-01 8.981986887992111e-02 2.156393657513747e-02
1.300000000000000e-01 9.389722098291493e-02 2.157668434748202e-02
1.350000000000000e-01 9.803326190563690e-02 2.159004001343851e-02
1.400000000000000e-01 1.022305768083033e-01 2.160428696709769e-02
1.450000000000000e-01 1.064917891493625e-01 2.161940374983085e-02
1.500000000000000e-01 1.108195623252418e-01 2.163541751311657e-02
1.550000000000000e-01 1.152166013350572e-01 2.165234947963973e-02
1.600000000000000e-01 1.196856544713255e-01 2.167039848212732e-02
1.650000000000000e-01 1.242295150377370e-01 2.168934925431918e-02
1.700000000000000e-01 1.288510230950609e-01 2.170957482866004e-02
1.750000000000000e-01 1.335530672362758e-01 2.173086864108230e-02
1.800000000000000e-01 1.383385863920344e-01 2.175343962117437e-02
1.850000000000000e-01 1.432105716675912e-01 2.177732042362697e-02
1.900000000000000e-01 1.481720682123397e-01 2.180258425576122e-02
1.950000000000000e-01 1.532261771231311e-01 2.182924579329006e-02
2.000000000000000e-01 1.583760573825595e-01 2.185756149677370e-02
2.050000000000000e-01 1.636249278334301e-01 2.188736744728608e-02
2.100000000000000e-01 1.689760691906397e-01 2.191898808543575e-02
2.150000000000000e-01 1.744328260917313e-01 2.195238271127287e-02
2.200000000000000e-01 1.799986091874004e-01 2.198768757924184e-02
2.250000000000000e-01 1.856768972732633e-01 2.202500791305999e-02
2.300000000000000e-01 1.914712394642179e-01 2.206453295754129e-02
2.350000000000000e-01 1.973852574127551e-01 2.210621468992844e-02
2.400000000000000e-01 2.034226475726105e-01 2.215039986431507e-02
2.450000000000000e-01 2.095871835091678e-01 2.219706297546854e-02
2.500000000000000e-01 2.158827182580599e-01 2.224640932624578e-02
2.550000000000000e-01 2.223131867334419e-01 2.229858882243429e-02
2.600000000000000e-01 2.288826081874405e-01 2.235381892809658e-02
2.650000000000000e-01 2.355950887223172e-01 2.241212774446440e-02
2.700000000000000e-01 2.424548238569160e-01 2.247388638802188e-02
2.750000000000000e-01 2.494661011489995e-01 2.253915778996738e-02
2.800000000000000e-01 2.566333028751116e-01 2.260817986736702e-02
2.850000000000000e-01 2.639609087696434e-01 2.268115487699833e-02
2.900000000000000e-01 2.714534988248126e-01 2.275840003779946e-02
2.950000000000000e-01 2.791157561533084e-01 2.283999025695516e-02
3.000000000000000e-01 2.869524699153886e-01 2.292631231535869e-02
3.050000000000000e-01 2.949685383122613e-01 2.301757781811608e-02
3.100000000000000e-01 3.031689716476197e-01 2.311407443990952e-02
3.150000000000000e-01 3.115588954592450e-01 2.321600738371958e-02
3.200000000000000e-01 3.201435537226349e-01 2.332382347793682e-02
3.250000000000000e-01 3.289283121286580e-01 2.343771590459712e-02
3.300000000000000e-01 3.379186614372866e-01 2.355802948767866e-02
3.350000000000000e-01 3.471202209094989e-01 2.368506370184228e-02
3.400000000000000e-01 3.565387418195016e-01 2.381927367010022e-02
3.450000000000000e-01 3.661801110494620e-01 2.396087416157053e-02
3.500000000000000e-01 3.760503547690021e-01 2.411026380934160e-02
3.550000000000000e-01 3.861556422017504e-01 2.426778033108094e-02
3.600000000000000e-01 3.965022894813072e-01 2.443388413524674e-02
3.650000000000000e-01 4.070967635990345e-01 2.460881156042248e-02
3.700000000000000e-01 4.179456864461349e-01 2.479296064838783e-02
3.750000000000000e-01 4.290558389525505e-01 2.498665559721280e-02
3.800000000000000e-01 4.404341653252637e-01 2.519034379216570e-02
3.850000000000000e-01 4.520877773886537e-01 2.540424833846358e-02
3.900000000000000e-01 4.640239590296172e-01 2.562869456885060e-02
3.950000000000000e-01 4.762501707502353e-01 2.586390192916299e-02
4.000000000000000e-01 4.887740543308307e-01 2.611021970445077e-02
4.050000000000000e-01 5.016034376063282e-01 2.636780024037986e-02
4.100000000000000e-01 5.147463393589066e-01 2.663684042353685e-02
4.150000000000000e-01 5.282109743299990e-01 2.691732979296559e-02
4.200000000000000e-01 5.420057583547735e-01 2.720933099096956e-02
4.250000000000000e-01 5.561393136223041e-01 2.751275322475996e-02
4.300000000000000e-01 5.706204740647189e-01 2.782754168079042e-02
4.350000000000000e-01 5.854582908786964e-01 2.815339489601891e-02
4.400000000000000e-01 6.006620381827575e-01 2.849001039218525e-02
4.450000000000000e-01 6.162412188138907e-01 2.883680033767687e-02
4.500000000000000e-01 6.322055702671360e-01 2.919314575712220e-02
4.550000000000000e-01 6.485650707818353e-01 2.955817960767733e-02
4.600000000000000e-01 6.653299455783577e-01 2.993093258737717e-02
4.650000000000000e-01 6.825106732491932e-01 3.031021116315325e-02
4.700000000000000e-01 7.001179923084168e-01 3.069464482508338e-02
4.750000000000000e-01 7.181629079036070e-01 3.108263271748531e-02
4.800000000000000e-01 7.366566986944229e-01 3.147234746960840e-02
4.850000000000000e-01 7.556109239021327e-01 3.186171293888097e-02
4.900000000000000e-01 7.750374305345038e-01 3.224839718960228e-02
4.950000000000000e-01 7.949483607905672e-01 3.262980180110082e-02
5.000000000000000e-01 8.153561596498893e-01 3.300305600023985e-02
5.050000000000000e-01 8.362735826510871e-01 3.336501274075715e-02
5.100000000000000e-01 8.577137038644561e-01 3.371224852491009e-02
5.150000000000000e-01 8.796899240636907e-01 3.404106710862994e-02
5.200000000000000e-01 9.022159791018011e-01 3.434750787446237e-02
5.250000000000000e-01 9.253059484964714e-01 3.462735947762501e-02
5.300000000000000e-01 9.489742642302165e-01 3.487617944547187e-02
5.350000000000000e-01 9.732357197708378e-01 3.508932038646011e-02
5.400000000000000e-01 9.981054793178262e-01 3.526196344438337e-02
5.450000000000000e-01 1.023599087280478e+00 3.538915957898258e-02
5.500000000000000e-01 1.049732477993657e+00 3.546587916704360e-02
5.550000000000000e-01 1.076521985677273e+00 3.548707028946581e-02
5.600000000000001e-01 1.103984354645701e+00 3.544772589374202e-02
5.650000000000001e-01 1.132136749773522e+00 3.534295979272519e-02
5.700000000000001e-01 1.160996767224129e+00 3.516809117678677e-02
5.750000000000001e-01 1.190582445447902e+00 3.491873697817809e-02
5.800000000000000e-01 1.220912276456826e+00 3.459091103862485e-02
5.850000000000000e-01 1.252005217382601e+00 3.418112860413982e-02
5.900000000000000e-01 1.283880702325469e+00 3.368651422060034e-02
5.950000000000000e-01 1.316558654501151e+00 3.310491065111881e-02
6.000000000000000e-01 1.350059498693518e+00 3.243498600753740e-02
6.050000000000000e-01 1.384404174020732e+00 3.167633591225767e-02
6.100000000000000e-01 1.419614147022888e+00 3.082957721223652e-02
6.150000000000000e-01 1.455711425079295e+00 2.989642958099694e-02
6.200000000000000e-01 1.492718570163803e+00 2.887978128807289e-02
6.250000000000000e-01 1.530658712946775e+00 2.778373550163414e-02
6.300000000000000e-01 1.569555567252506e+00 2.661363372305698e-02
6.350000000000000e-01 1.609433444881138e+00 2.537605332697836e-02
6.400000000000000e-01 1.650317270804325e+00 2.407877668543495e-02
6.450000000000000e-01 1.692232598744148e+00 2.273072997643558e-02
6.500000000000000e-01 1.735205627145031e+00 2.134189050567420e-02
6.550000000000000e-01 1.779263215548615e+00 1.992316220464279e-02
6.600000000000000e-01 1.824432901381847e+00 1.848621992329341e-02
6.650000000000000e-01 1.870742917168772e+00 1.704332424147838e-02
6.700000000000000e-01 1.918222208176775e+00 1.560710982584398e-02
6.750000000000000e-01 1.966900450508319e+00 1.419035190932026e-02
6.800000000000000e-01 2.016808069649473e+00 1.280571731352071e-02
6.850000000000001e-01 2.067976259486829e+00 1.146550859041373e-02
6.900000000000001e-01 2.120437001804702e+00 1.018141230571029e-02
6.950000000000001e-01 2.174223086274785e+00 8.964265141958390e-03
7.000000000000001e-01 2.229368130950753e+00 7.823854220406361e-03
7.050000000000000e-01 2.285906603280654e+00 6.768770628051369e-03
7.100000000000000e-01 2.343873841650178e+00 5.806337358599480e-03
7.150000000000000e-01 2.403306077470301e+00 4.942634504889165e-03
7.200000000000000e-01 2.464240457823092e+00 4.182645387031253e-03
7.250000000000000e-01 2.526715068679855e+00 3.530547239263833e-03
7.300000000000000e-01 2.590768958706095e+00 2.990169036019575e-03
7.350000000000000e-01 2.656442163668210e+00 2.565636930866773e-03
7.400000000000000e-01 2.723775731457148e+00 2.262224390955819e-03
7.450000000000000e-01 2.792811747744667e+00 2.087418885166527e-03
7.500000000000000e-01 2.863593362288260e+00 2.052208805473358e-03
7.550000000000000e-01 2.936164815901156e+00 2.172581221631677e-03
7.600000000000000e-01 3.010571468104263e+00 2.471200117572871e-03
7.650000000000000e-01 3.086859825477351e+00 2.979201895699436e-03
7.700000000000000e-01 3.165077570727174e+00 3.737995323497543e-03
7.750000000000000e-01 3.245273592490716e+00 4.800881868306972e-03
7.800000000000000e-01 3.327498015892184e+00 6.234216143696981e-03
7.850000000000000e-01 3.411802233872832e+00 8.117705582575570e-03
7.900000000000000e-01 3.498238939313234e+00 1.054331164094958e-02
7.950000000000000e-01 3.586862157968046e+00 1.361208209107538e-02
8.000000000000000e-01 3.677727282233856e+00 1.742815233254939e-02
8.050000000000000e-01 3.770891105771243e+00 2.208916022630363e-02
8.100000000000001e-01 3.866411859002656e+00 2.767249996267452e-02
8.150000000000001e-01 3.964349245508326e+00 3.421728235740106e-02
8.200000000000001e-01 4.064764479342956e+00 4.170264728333711e-02
8.250000000000001e-01 4.167720323296481e+00 5.002421717090594e-02
8.300000000000001e-01 4.273281128122877e+00 5.897192029871012e-02
8.350000000000000e-01 4.381512872761445e+00 6.821393021674128e-02
8.400000000000000e-01 4.492483205575838e+00 7.729265805703671e-02
8.450000000000000e-01 4.606261486636447e+00 8.563902107134726e-02
8.500000000000000e-01 4.722918831072739e+00 9.260994792695243e-02
8.550000000000000e-01 4.842528153522501e+00 9.755076857437558e-02
8.600000000000000e-01 4.965164213705875e+00 9.987872604949588e-02
8.650000000000000e-01 5.090903663152626e+00 9.917705946949078e-02
8.700000000000000e-01 5.219825093111814e+00 9.528259145916641e-02
8.750000000000000e-01 5.352009083673925e+00 8.834590026073025e-02
8.800000000000000e-01 5.487538254136007e+00 7.884442744078375e-02
8.850000000000000e-01 5.626497314641444e+00 6.753670995359493e-02
8.900000000000000e-01 5.768973119126561e+00 5.535962448982633e-02
8.950000000000000e-01 5.915054719607133e+00 4.328668345181878e-02
9.000000000000000e-01 6.064833421838831e+00 3.217854640378404e-02
9.050000000000000e-01 6.218402842386253e+00 2.266143768806536e-02
9.100000000000000e-01 6.375858967136348e+00 1.506210954425983e-02
9.150000000000000e-01 6.537300211292723e+00 9.410990856955480e-03
9.200000000000000e-01 6.702827480888332e+00 5.504405415842947e-03
9.250000000000000e-01 6.872544235855034e+00 3.000407973996741e-03
9.300000000000000e-01 7.046556554689444e+00 1.517063342260907e-03
9.350000000000001e-01 7.224973200755413e+00 7.079827442656002e-04
9.400000000000001e-01 7.407905690264673e+00 3.033586144654221e-04
9.450000000000001e-01 7.595468361978146e+00 1.186845872512201e-04
9.500000000000001e-01 7.787778448671316e+00 4.214924559198291e-05
9.550000000000001e-01 7.984956150408610e+00 1.350368006635385e-05
9.600000000000000e-01 8.187124709672272e+00 3.877387318329491e-06
9.650000000000000e-01 8.394410488393007e+00 9.909443137135344e-07
9.700000000000000e-01 8.606943046930221e+00 2.237756925952727e-07
9.750000000000000e-01 8.824855225051540e+00 4.430963132077008e-08
9.800000000000000e-01 9.048283224961922e+00 7.633718954359860e-09
9.850000000000000e-01 9.277366696434507e+00 1.142452978748557e-09
9.900000000000000e-01 9.512248824096272e+00 1.617443616135966e-10
9.950000000000000e-01 9.753076416923058e+00 3.233191516780168e-11
1.000000000000000e+00 1.000000000000000e+01 -1.001072934839615e-11
