0.000000000000000e+00 0.000000000000000e+00 1.912585080611619e-01
5.000000000000000e-03 3.369477419287315e-03 1.912562342125123e-01
1.000000000000000e-02 6.741060871647481e-03 1.912565940389800e-01
1.500000000000000e-02 1.011685770649257e-02 1.912466782009761e-01
2.000000000000000e-02 1.349897790673588e-02 1.912331076701566e-01
2.500000000000000e-02 1.688953540759990e-02 1.912143001526338e-01
3.000000000000000e-02 2.029064941789469e-02 1.911920981958986e-01
3.500000000000000e-02 2.370444574459234e-02 1.911644225325636e-01
4.000000000000000e-02 2.713305812152553e-02 1.911329346490913e-01
4.500000000000000e-02 3.057862954304063e-02 1.910962599764975e-01
5.000000000000000e-02 3.404331360343898e-02 1.910553729459762e-01
5.500000000000000e-02 3.752927584304335e-02 1.910091890031657e-01
6.000000000000000e-02 4.103869510173117e-02 1.909586377300639e-01
6.500000000000000e-02 4.457376488078044e-02 1.909026991738312e-01
7.000000000000001e-02 4.813669471387935e-02 1.908419494034082e-01
7.500000000000000e-02 5.172971154815675e-02 1.907755243470776e-01
8.000000000000000e-02 5.535506113609672e-02 1.907040033483932e-01
8.500000000000001e-02 5.901500943920686e-02 1.906266171025046e-01
9.000000000000000e-02 6.271184404431801e-02 1.905437490805460e-01
9.500000000000000e-02 6.644787559340060e-02 1.904545632328989e-01
1.000000000000000e-01 7.022543922779090e-02 1.903593528123124e-01
1.050000000000000e-01 7.404689604773053e-02 1.902574907625340e-01
1.100000000000000e-01 7.791463458813094e-02 1.901492581496357e-01
1.150000000000000e-01 8.183107231148547e-02 1.900338760658366e-01
1.200000000000000e-01 8.579865711886202e-02 1.899114586917765e-01
1.250000000000000e-01 8.981986887992111e-02 1.897813002158837e-01
1.300000000000000e-01 9.389722098291493e-02 1.896434527666867e-01
1.350000000000000e-01 9.803326190563690e-02 1.894972991512370e-01
1.400000000000000e-01 1.022305768083033e-01 1.893429096796195e-01
1.450000000000000e-01 1.064917891493625e-01 1.891795258238977e-01
1.500000000000000e-01 1.108195623252418e-01 1.890071308580742e-01
1.550000000000000e-01 1.152166013350572e-01 1.888249451482891e-01
1.600000000000000e-01 1.196856544713255e-01 1.886327732153897e-01
1.650000000000000e-01 1.242295150377370e-01 1.884299638183757e-01
1.700000000000000e-01 1.288510230950609e-01 1.882161525534777e-01
1.750000000000000e-01 1.335530672362758e-01 1.879907781998510e-01
1.800000000000000e-01 1.383385863920344e-01 1.877533591747118e-01
1.850000000000000e-01 1.432105716675912e-01 1.875033374861017e-01
1.900000000000000e-01 1.481720682123397e-01 1.872401520593308e-01
1.950000000000000e-01 1.532261771231311e-01 1.869632024321634e-01
2.000000000000000e-01 1.583760573825595e-01 1.866718628371618e-01
2.050000000000000e-01 1.636249278334301e-01 1.863654755046362e-01
2.100000000000000e-01 1.689760691906397e-01 1.860433521384201e-01
2.150000000000000e-01 1.744328260917313e-01 1.857047723237920e-01
2.200000000000000e-01 1.799986091874004e-01 1.853489829000925e-01
2.250000000000000e-01 1.856768972732633e-01 1.849751969573921e-01
2.300000000000000e-01 1.914712394642179e-01 1.845825929086338e-01
2.350000000000000e-01 1.973852574127551e-01 1.841703135247242e-01
2.400000000000000e-01 2.034226475726105e-01 1.837374649819727e-01
2.450000000000000e-01 2.095871835091678e-01 1.832831159237063e-01
2.500000000000000e-01 2.158827182580599e-01 1.828062965492557e-01
2.550000000000000e-01 2.223131867334419e-01 1.823059977406654e-01
2.600000000000000e-01 2.288826081874405e-01 1.817811702387492e-01
2.650000000000000e-01 2.355950887223172e-01 1.812307238808718e-01
2.700000000000000e-01 2.424548238569160e-01 1.806535269139671e-01
2.750000000000000e-01 2.494661011489995e-01 1.800484053975989e-01
2.800000000000000e-01 2.566333028751116e-01 1.794141427133060e-01
2.850000000000000e-01 2.639609087696434e-01 1.787494791980568e-01
2.900000000000000e-01 2.714534988248126e-01 1.780531119213587e-01
2.950000000000000e-01 2.791157561533084e-01 1.773236946274002e-01
3.000000000000000e-01 2.869524699153886e-01 1.765598378655956e-01
3.050000000000000e-01 2.949685383122613e-01 1.757601093349783e-01
3.100000000000000e-01 3.031689716476197e-01 1.749230344701096e-01
3.150000000000000e-01 3.115588954592450e-01 1.740470972984878e-01
3.200000000000000e-01 3.201435537226349e-01 1.731307416018605e-01
3.250000000000000e-01 3.289283121286580e-01 1.721723724163471e-01
3.300000000000000e-01 3.379186614372866e-01 1.711703579088442e-01
3.350000000000000e-01 3.471202209094989e-01 1.701230316697993e-01
3.400000000000000e-01 3.565387418195016e-01 1.690286954650581e-01
3.450000000000000e-01 3.661801110494620e-01 1.678856224920911e-01
3.500000000000000e-01 3.760503547690021e-01 1.666920611884317e-01
3.550000000000000e-01 3.861556422017504e-01 1.654462396425604e-01
3.600000000000000e-01 3.965022894813072e-01 1.641463706596944e-01
3.650000000000000e-01 4.070967635990345e-01 1.627906575368927e-01
3.700000000000000e-01 4.179456864461349e-01 1.613773006034916e-01
3.750000000000000e-01 4.290558389525505e-01 1.599045045840474e-01
3.800000000000000e-01 4.404341653252637e-01 1.583704868415330e-01
3.850000000000000e-01 4.520877773886537e-01 1.567734865584424e-01
3.900000000000000e-01 4.640239590296172e-01 1.551117749124656e-01
3.950000000000000e-01 4.762501707502353e-01 1.533836663014357e-01
4.000000000000000e-01 4.887740543308307e-01 1.515875306690593e-01
4.050000000000000e-01 5.016034376063282e-01 1.497218069783477e-01
4.100000000000000e-01 5.147463393589066e-01 1.477850178734791e-01
4.150000000000000e-01 5.282109743299990e-01 1.457757855627450e-01
4.200000000000000e-01 5.420057583547735e-01 1.436928489450873e-01
4.250000000000000e-01 5.561393136223041e-01 1.415350819902215e-01
4.300000000000000e-01 5.706204740647189e-01 1.393015133672219e-01
4.350000000000000e-01 5.854582908786964e-01 1.369913472984732e-01
4.400000000000000e-01 6.006620381827575e-01 1.346039855948053e-01
4.450000000000000e-01 6.162412188138907e-01 1.321390508032473e-01
4.500000000000000e-01 6.322055702671360e-01 1.295964103709304e-01
4.550000000000000e-01 6.485650707818353e-01 1.269762016971660e-01
4.600000000000000e-01 6.653299455783577e-01 1.242788579105259e-01
4.650000000000000e-01 6.825106732491932e-01 1.215051341689089e-01
4.700000000000000e-01 7.001179923084168e-01 1.186561342382499e-01
4.750000000000000e-01 7.181629079036070e-01 1.157333370599751e-01
4.800000000000000e-01 7.366566986944229e-01 1.127386229690167e-01
4.850000000000000e-01 7.556109239021327e-01 1.096742991737843e-01
4.900000000000000e-01 7.750374305345038e-01 1.065431240578279e-01
4.950000000000000e-01 7.949483607905672e-01 1.033483298111009e-01
5.000000000000000e-01 8.153561596498893e-01 1.000936428480823e-01
5.050000000000000e-01 8.362735826510871e-01 9.678330142216607e-02
5.100000000000000e-01 8.577137038644561e-01 9.342206980249916e-02
5.150000000000000e-01 8.796899240636907e-01 9.001524834299779e-02
5.200000000000000e-01 9.022159791018011e-01 8.656867874584635e-02
5.250000000000000e-01 9.253059484964714e-01 8.308874380592890e-02
5.300000000000000e-01 9.489742642302165e-01 7.958236092087945e-02
5.350000000000000e-01 9.732357197708378e-01 7.605696866640502e-02
5.400000000000000e-01 9.981054793178262e-01 7.252050577073892e-02
5.450000000000000e-01 1.023599087280478e+00 6.898138187788702e-02
5.500000000000000e-01 1.049732477993657e+00 6.544843956880024e-02
5.550000000000000e-01 1.076521985677273e+00 6.193090721444793e-02
5.600000000000001e-01 1.103984354645701e+00 5.843834236618196e-02
5.650000000000001e-01 1.132136749773522e+00 5.498056554746406e-02
5.700000000000001e-01 1.160996767224129e+00 5.156758449702444e-02
5.750000000000001e-01 1.190582445447902e+00 4.820950912625502e-02
5.800000000000000e-01 1.220912276456826e+00 4.491645769180434e-02
5.850000000000000e-01 1.252005217382601e+00 4.169845494588204e-02
5.900000000000000e-01 1.283880702325469e+00 3.856532330875178e-02
5.950000000000000e-01 1.316558654501151e+00 3.552656840631081e-02
6.000000000000000e-01 1.350059498693518e+00 3.259126062526222e-02
6.050000000000000e-01 1.384404174020732e+00 2.976791465230524e-02
6.100000000000000e-01 1.419614147022888e+00 2.706436927314837e-02
6.150000000000000e-01 1.455711425079295e+00 2.448767000079408e-02
6.200000000000000e-01 1.492718570163803e+00 2.204395736662693e-02
6.250000000000000e-01 1.530658712946775e+00 1.973836392586031e-02
6.300000000000000e-01 1.569555567252506e+00 1.757492318199932e-02
6.350000000000000e-01 1.609433444881138e+00 1.555649370273143e-02
6.400000000000000e-01 1.650317270804325e+00 1.368470166151466e-02
6.450000000000000e-01 1.692232598744148e+00 1.195990487651774e-02
6.500000000000000e-01 1.735205627145031e+00 1.038118111759702e-02
6.550000000000000e-01 1.779263215548615e+00 8.946343006721988e-03
6.600000000000000e-01 1.824432901381847e+00 7.651981253129303e-03
6.650000000000000e-01 1.870742917168772e+00 6.493537261704893e-03
6.700000000000000e-01 1.918222208176775e+00 5.465405369517873e-03
6.750000000000000e-01 1.966900450508319e+00 4.561064158486585e-03
6.800000000000000e-01 2.016808069649473e+00 3.773235539496179e-03
6.850000000000001e-01 2.067976259486829e+00 3.094069701745008e-03
6.900000000000001e-01 2.120437001804702e+00 2.515353683775501e-03
6.950000000000001e-01 2.174223086274785e+00 2.028741373846674e-03
7.000000000000001e-01 2.229368130950753e+00 1.626003315071381e-03
7.050000000000000e-01 2.285906603280654e+00 1.299295896573292e-03
7.100000000000000e-01 2.343873841650178e+00 1.041451456838206e-03
7.150000000000000e-01 2.403306077470301e+00 8.462935709710912e-04
7.200000000000000e-01 2.464240457823092e+00 7.089853353564782e-04
7.250000000000000e-01 2.526715068679855e+00 6.264226937704304e-04
7.300000000000000e-01 2.590768958706095e+00 5.976895051769656e-04
7.350000000000000e-01 2.656442163668210e+00 6.245956434393650e-04
7.400000000000000e-01 2.723775731457148e+00 7.123231242680771e-04
7.450000000000000e-01 2.792811747744667e+00 8.702068044086869e-04
7.500000000000000e-01 2.863593362288260e+00 1.112673724728869e-03
7.550000000000000e-01 2.936164815901156e+00 1.460356063287527e-03
7.600000000000000e-01 3.010571468104263e+00 1.941373478993032e-03
7.650000000000000e-01 3.086859825477351e+00 2.592747110651371e-03
7.700000000000000e-01 3.165077570727174e+00 3.461854901011290e-03
7.750000000000000e-01 3.245273592490716e+00 4.607761758691851e-03
7.800000000000000e-01 3.327498015892184e+00 6.102155603160657e-03
7.850000000000000e-01 3.411802233872832e+00 8.029492946444760e-03
7.900000000000000e-01 3.498238939313234e+00 1.048581434900860e-02
7.950000000000000e-01 3.586862157968046e+00 1.357555184651987e-02
8.000000000000000e-01 3.677727282233856e+00 1.740555486842638e-02
8.050000000000000e-01 3.770891105771243e+00 2.207556562762013e-02
8.100000000000001e-01 3.866411859002656e+00 2.766455566733958e-02
8.150000000000001e-01 3.964349245508326e+00 3.421277838701837e-02
8.200000000000001e-01 4.064764479342956e+00 4.170017303694705e-02
8.250000000000001e-01 4.167720323296481e+00 5.002290181778624e-02
8.300000000000001e-01 4.273281128122877e+00 5.897124448248937e-02
8.350000000000000e-01 4.381512872761445e+00 6.821359507510688e-02
8.400000000000000e-01 4.492483205575838e+00 7.729249785718677e-02
8.450000000000000e-01 4.606261486636447e+00 8.563894735801256e-02
8.500000000000000e-01 4.722918831072739e+00 9.260991532116650e-02
8.550000000000000e-01 4.842528153522501e+00 9.755075472841791e-02
8.600000000000000e-01 4.965164213705875e+00 9.987872041247875e-02
8.650000000000000e-01 5.090903663152626e+00 9.917705727214664e-02
8.700000000000000e-01 5.219825093111814e+00 9.528259064013136e-02
8.750000000000000e-01 5.352009083673925e+00 8.834589996918385e-02
8.800000000000000e-01 5.487538254136007e+00 7.884442734179781e-02
8.850000000000000e-01 5.626497314641444e+00 6.753670992157816e-02
8.900000000000000e-01 5.768973119126561e+00 5.535962447997209e-02
8.950000000000000e-01 5.915054719607133e+00 4.328668344893590e-02
9.000000000000000e-01 6.064833421838831e+00 3.217854640298325e-02
9.050000000000000e-01 6.218402842386253e+00 2.266143768785435e-02
9.100000000000000e-01 6.375858967136348e+00 1.506210954420713e-02
9.150000000000000e-01 6.537300211292723e+00 9.410990856943045e-03
9.200000000000000e-01 6.702827480888332e+00 5.504405415840168e-03
9.250000000000000e-01 6.872544235855034e+00 3.000407973996157e-03
9.300000000000000e-01 7.046556554689444e+00 1.517063342260791e-03
9.350000000000001e-01 7.224973200755413e+00 7.079827442655659e-04
9.400000000000001e-01 7.407905690264673e+00 3.033586144653914e-04
9.450000000000001e-01 7.595468361978146e+00 1.186845872508184e-04
9.500000000000001e-01 7.787778448671316e+00 4.214924559113500e-05
9.550000000000001e-01 7.984956150408610e+00 1.350368005695417e-05
9.600000000000000e-01 8.187124709672272e+00 3.877387297827828e-06
9.650000000000000e-01 8.394410488393007e+00 9.909441546706680e-07
9.700000000000000e-01 8.606943046930221e+00 2.237753395566512e-07
9.750000000000000e-01 8.824855225051540e+00 4.430791169170692e-08
9.800000000000000e-01 9.048283224961922e+00 7.629968538640205e-09
9.850000000000000e-01 9.277366696434507e+00 1.132972034736527e-09
9.900000000000000e-01 9.512248824096272e+00 1.438334812767793e-10
9.950000000000000e-01 9.753076416923058e+00 1.859189902652943e-11
1.000000000000000e+00 1.000000000000000e+01 -1.467423749817485e-11
