0.000000000000000e+00 0.000000000000000e+00 -1.001701354741756e-04
5.000000000000000e-03 3.369477419287315e-03 -1.037707970586165e-04
1.000000000000000e-02 6.741060871647481e-03 -1.041121080929291e-04
1.500000000000000e-02 1.011685770649257e-02 -1.043645071589791e-04
2.000000000000000e-02 1.349897790673588e-02 -1.034808145397427e-04
2.500000000000000e-02 1.688953540759990e-02 -1.038169552448339e-04
3.000000000000000e-02 2.029064941789469e-02 -1.033683060013685e-04
3.500000000000000e-02 2.370444574459234e-02 -1.037108021403291e-04
4.000000000000000e-02 2.713305812152553e-02 -1.031525148419485e-04
4.500000000000000e-02 3.057862954304063e-02 -1.039679928746577e-04
5.000000000000000e-02 3.404331360343898e-02 -1.030262503313254e-04
5.500000000000000e-02 3.752927584304335e-02 -1.041217194135630e-04
6.000000000000000e-02 4.103869510173117e-02 -1.032356371641034e-04
6.500000000000000e-02 4.457376488078044e-02 -1.041525456924725e-04
7.000000000000001e-02 4.813669471387935e-02 -1.034493143304451e-04
7.500000000000000e-02 5.172971154815675e-02 -1.043370513737759e-04
8.000000000000000e-02 5.535506113609672e-02 -1.036062314691617e-04
8.500000000000001e-02 5.901500943920686e-02 -1.044714110548009e-04
9.000000000000000e-02 6.271184404431801e-02 -1.037215692671934e-04
9.500000000000000e-02 6.644787559340060e-02 -1.046315324190677e-04
1.000000000000000e-01 7.022543922779090e-02 -1.038521863680286e-04
1.050000000000000e-01 7.404689604773053e-02 -1.045769383434519e-04
1.100000000000000e-01 7.791463458813094e-02 -1.040838150696167e-04
1.150000000000000e-01 8.183107231148547e-02 -1.045736266533838e-04
1.200000000000000e-01 8.579865711886202e-02 -1.041881240479936e-04
1.250000000000000e-01 8.981986887992111e-02 -1.045533535543443e-04
1.300000000000000e-01 9.389722098291493e-02 -1.043259520081943e-04
1.350000000000000e-01 9.803326190563690e-02 -1.046623339061529e-04
1.400000000000000e-01 1.022305768083033e-01 -1.044945304816519e-04
1.450000000000000e-01 1.064917891493625e-01 -1.047250629226973e-04
1.500000000000000e-01 1.108195623252418e-01 -1.046889734615895e-04
1.550000000000000e-01 1.152166013350572e-01 -1.048564688011654e-04
1.600000000000000e-01 1.196856544713255e-01 -1.048120886960232e-04
1.650000000000000e-01 1.242295150377370e-01 -1.049210120719254e-04
1.700000000000000e-01 1.288510230950609e-01 -1.050696839628155e-04
1.750000000000000e-01 1.335530672362758e-01 -1.051233726271969e-04
1.800000000000000e-01 1.383385863920344e-01 -1.052617476468366e-04
1.850000000000000e-01 1.432105716675912e-01 -1.053092563299343e-04
1.900000000000000e-01 1.481720682123397e-01 -1.054485678003429e-04
1.950000000000000e-01 1.532261771231311e-01 -1.054212374069969e-04
2.000000000000000e-01 1.583760573825595e-01 -1.057495993867108e-04
2.050000000000000e-01 1.636249278334301e-01 -1.056472368878825e-04
2.100000000000000e-01 1.689760691906397e-01 -1.060295414730445e-04
2.150000000000000e-01 1.744328260917313e-01 -1.059234218782057e-04
2.200000000000000e-01 1.799986091874004e-01 -1.063504822156490e-04
2.250000000000000e-01 1.856768972732633e-01 -1.062908064077337e-04
2.300000000000000e-01 1.914712394642179e-01 -1.066924190217714e-04
2.350000000000000e-01 1.973852574127551e-01 -1.066659108016173e-04
2.400000000000000e-01 2.034226475726105e-01 -1.069569801420228e-04
2.450000000000000e-01 2.095871835091678e-01 -1.070467945012535e-04
2.500000000000000e-01 2.158827182580599e-01 -1.072477197748618e-04
2.550000000000000e-01 2.223131867334419e-01 -1.074185029015738e-04
2.600000000000000e-01 2.288826081874405e-01 -1.076243774391973e-04
2.650000000000000e-01 2.355950887223172e-01 -1.078253409709301e-04
2.700000000000000e-01 2.424548238569160e-01 -1.080157005234295e-04
2.750000000000000e-01 2.494661011489995e-01 -1.082035646434241e-04
2.800000000000000e-01 2.566333028751116e-01 -1.084260909676496e-04
2.850000000000000e-01 2.639609087696434e-01 -1.087240117390220e-04
2.900000000000000e-01 2.714534988248126e-01 -1.088307422546264e-04
2.950000000000000e-01 2.791157561533084e-01 -1.092847012028562e-04
3.000000000000000e-01 2.869524699153886e-01 -1.093497607201226e-04
3.050000000000000e-01 2.949685383122613e-01 -1.098120809920814e-04
3.100000000000000e-01 3.031689716476197e-01 -1.099058077700949e-04
3.150000000000000e-01 3.115588954592450e-01 -1.103981259768450e-04
3.200000000000000e-01 3.201435537226349e-01 -1.105383623984208e-04
3.250000000000000e-01 3.289283121286580e-01 -1.109166007724203e-04
3.300000000000000e-01 3.379186614372866e-01 -1.111186488905536e-04
3.350000000000000e-01 3.471202209094989e-01 -1.114864954014982e-04
3.400000000000000e-01 3.565387418195016e-01 -1.117282991284259e-04
3.450000000000000e-01 3.661801110494620e-01 -1.120580269147877e-04
3.500000000000000e-01 3.760503547690021e-01 -1.123779031713564e-04
3.550000000000000e-01 3.861556422017504e-01 -1.126231001485941e-04
3.600000000000000e-01 3.965022894813072e-01 -1.130865226869312e-04
3.650000000000000e-01 4.070967635990345e-01 -1.133014655537805e-04
3.700000000000000e-01 4.179456864461349e-01 -1.137569514198981e-04
3.750000000000000e-01 4.290558389525505e-01 -1.139623972558015e-04
3.800000000000000e-01 4.404341653252637e-01 -1.143873771804843e-04
3.850000000000000e-01 4.520877773886537e-01 -1.146205564111939e-04
3.900000000000000e-01 4.640239590296172e-01 -1.149469352815270e-04
3.950000000000000e-01 4.762501707502353e-01 -1.152056597835952e-04
4.000000000000000e-01 4.887740543308307e-01 -1.154694298301371e-04
4.050000000000000e-01 5.016034376063282e-01 -1.158119863750290e-04
4.100000000000000e-01 5.147463393589066e-01 -1.159625014851534e-04
4.150000000000000e-01 5.282109743299990e-01 -1.163397588141654e-04
4.200000000000000e-01 5.420057583547735e-01 -1.164238092539826e-04
4.250000000000000e-01 5.561393136223041e-01 -1.166878502160431e-04
4.300000000000000e-01 5.706204740647189e-01 -1.167506617594830e-04
4.350000000000000e-01 5.854582908786964e-01 -1.169444021257887e-04
4.400000000000000e-01 6.006620381827575e-01 -1.169986240372549e-04
4.450000000000000e-01 6.162412188138907e-01 -1.169812091234302e-04
4.500000000000000e-01 6.322055702671360e-01 -1.170383403426424e-04
4.550000000000000e-01 6.485650707818353e-01 -1.169069205198836e-04
4.600000000000000e-01 6.653299455783577e-01 -1.168872935881607e-04
4.650000000000000e-01 6.825106732491932e-01 -1.166493822010011e-04
4.700000000000000e-01 7.001179923084168e-01 -1.164332837980388e-04
4.750000000000000e-01 7.181629079036070e-01 -1.161219318357411e-04
4.800000000000000e-01 7.366566986944229e-01 -1.156902728768555e-04
4.850000000000000e-01 7.556109239021327e-01 -1.152881554801525e-04
4.900000000000000e-01 7.750374305345038e-01 -1.146978465690263e-04
4.950000000000000e-01 7.949483607905672e-01 -1.141262252388155e-04
5.000000000000000e-01 8.153561596498893e-01 -1.133828546951737e-04
5.050000000000000e-01 8.362735826510871e-01 -1.125788544536240e-04
5.100000000000000e-01 8.577137038644561e-01 -1.116732920474257e-04
5.150000000000000e-01 8.796899240636907e-01 -1.106916417961429e-04
5.200000000000000e-01 9.022159791018011e-01 -1.096201108242385e-04
5.250000000000000e-01 9.253059484964714e-01 -1.084516451998217e-04
5.300000000000000e-01 9.489742642302165e-01 -1.071915943889354e-04
5.350000000000000e-01 9.732357197708378e-01 -1.057986239650607e-04
5.400000000000000e-01 9.981054793178262e-01 -1.044368088380945e-04
5.450000000000000e-01 1.023599087280478e+00 -1.029475010271197e-04
5.500000000000000e-01 1.049732477993657e+00 -1.013356035487474e-04
5.550000000000000e-01 1.076521985677273e+00 -9.978148783066806e-05
5.600000000000001e-01 1.103984354645701e+00 -9.810451675996438e-05
5.650000000000001e-01 1.132136749773522e+00 -9.645307034971937e-05
5.700000000000001e-01 1.160996767224129e+00 -9.477011646443045e-05
5.750000000000001e-01 1.190582445447902e+00 -9.308730653761881e-05
5.800000000000000e-01 1.220912276456826e+00 -9.147721794497006e-05
5.850000000000000e-01 1.252005217382601e+00 -8.986026537048463e-05
5.900000000000000e-01 1.283880702325469e+00 -8.835399562063987e-05
5.950000000000000e-01 1.316558654501151e+00 -8.694234591868861e-05
6.000000000000000e-01 1.350059498693518e+00 -8.560240713362995e-05
6.050000000000000e-01 1.384404174020732e+00 -8.446690451610802e-05
6.100000000000000e-01 1.419614147022888e+00 -8.343116545381918e-05
6.150000000000000e-01 1.455711425079295e+00 -8.259379062262963e-05
6.200000000000000e-01 1.492718570163803e+00 -8.197362052768502e-05
6.250000000000000e-01 1.530658712946775e+00 -8.151198448953696e-05
6.300000000000000e-01 1.569555567252506e+00 -8.130580751610453e-05
6.350000000000000e-01 1.609433444881138e+00 -8.132236102040494e-05
6.400000000000000e-01 1.650317270804325e+00 -8.151767499439770e-05
6.450000000000000e-01 1.692232598744148e+00 -8.198375998761413e-05
6.500000000000000e-01 1.735205627145031e+00 -8.262029773785597e-05
6.550000000000000e-01 1.779263215548615e+00 -8.342849093759039e-05
6.600000000000000e-01 1.824432901381847e+00 -8.442667895566665e-05
6.650000000000000e-01 1.870742917168772e+00 -8.551843514603204e-05
6.700000000000000e-01 1.918222208176775e+00 -8.667614412109831e-05
6.750000000000000e-01 1.966900450508319e+00 -8.788503522753433e-05
6.800000000000000e-01 2.016808069649473e+00 -8.901668892667956e-05
6.850000000000001e-01 2.067976259486829e+00 -9.003783259370525e-05
6.900000000000001e-01 2.120437001804702e+00 -9.084491175250622e-05
6.950000000000001e-01 2.174223086274785e+00 -9.129182533140514e-05
7.000000000000001e-01 2.229368130950753e+00 -9.127894359657486e-05
7.050000000000000e-01 2.285906603280654e+00 -9.059578666497095e-05
7.100000000000000e-01 2.343873841650178e+00 -8.889973280133536e-05
7.150000000000000e-01 2.403306077470301e+00 -8.594529982681156e-05
7.200000000000000e-01 2.464240457823092e+00 -8.123686035069480e-05
7.250000000000000e-01 2.526715068679855e+00 -7.383396345307849e-05
7.300000000000000e-01 2.590768958706095e+00 -6.263773822950899e-05
7.350000000000000e-01 2.656442163668210e+00 -4.627758056316284e-05
7.400000000000000e-01 2.723775731457148e+00 -2.218422491014547e-05
7.450000000000000e-01 2.792811747744667e+00 1.383415650079723e-05
7.500000000000000e-01 2.863593362288260e+00 6.746784408789528e-05
7.550000000000000e-01 2.936164815901156e+00 1.465971243029214e-04
7.600000000000000e-01 3.010571468104263e+00 2.638087373175600e-04
7.650000000000000e-01 3.086859825477351e+00 4.394606806594977e-04
7.700000000000000e-01 3.165077570727174e+00 7.038884156272673e-04
7.750000000000000e-01 3.245273592490716e+00 1.099308683407028e-03
7.800000000000000e-01 3.327498015892184e+00 1.684504206598454e-03
7.850000000000000e-01 3.411802233872832e+00 2.544025623483806e-03
7.900000000000000e-01 3.498238939313234e+00 3.799368979031723e-03
7.950000000000000e-01 3.586862157968046e+00 5.615228481093402e-03
8.000000000000000e-01 3.677727282233856e+00 8.193707517156862e-03
8.050000000000000e-01 3.770891105771243e+00 1.175313918684480e-02
8.100000000000001e-01 3.866411859002656e+00 1.649409468126527e-02
8.150000000000001e-01 3.964349245508326e+00 2.255972376796776e-02
8.200000000000001e-01 4.064764479342956e+00 2.999823154801786e-02
8.250000000000001e-01 4.167720323296481e+00 3.873250833943578e-02
8.300000000000001e-01 4.273281128122877e+00 4.853927469107894e-02
8.350000000000000e-01 4.381512872761445e+00 5.904009828955678e-02
8.400000000000000e-01 4.492483205575838e+00 6.970806156023247e-02
8.450000000000000e-01 4.606261486636447e+00 7.989343918559302e-02
8.500000000000000e-01 4.722918831072739e+00 8.886941603687720e-02
8.550000000000000e-01 4.842528153522501e+00 9.589620488676417e-02
8.600000000000000e-01 4.965164213705875e+00 1.003006167830508e-01
8.650000000000000e-01 5.090903663152626e+00 1.015655239184036e-01
8.700000000000000e-01 5.219825093111814e+00 9.941840090768371e-02
8.750000000000000e-01 5.352009083673925e+00 9.390117361911823e-02
8.800000000000000e-01 5.487538254136007e+00 8.540009000402624e-02
8.850000000000000e-01 5.626497314641444e+00 7.461845188219750e-02
8.900000000000000e-01 5.768973119126561e+00 6.248771452005639e-02
8.950000000000000e-01 5.915054719607133e+00 5.002999186376942e-02
9.000000000000000e-01 6.064833421838831e+00 3.820110259649048e-02
9.050000000000000e-01 6.218402842386253e+00 2.775141784907424e-02
9.100000000000000e-01 6.375858967136348e+00 1.913787080273665e-02
9.150000000000000e-01 6.537300211292723e+00 1.250505657871429e-02
9.200000000000000e-01 6.702827480888332e+00 7.731915316204706e-03
9.250000000000000e-01 6.872544235855034e+00 4.521534359079378e-03
9.300000000000000e-01 7.046556554689444e+00 2.502525242951441e-03
9.350000000000001e-01 7.224973200755413e+00 1.313777605519150e-03
9.400000000000001e-01 7.407905690264673e+00 6.568048627021558e-04
9.450000000000001e-01 7.595468361978146e+00 3.144585395590680e-04
9.500000000000001e-01 7.787778448671316e+00 1.451311939464091e-04
9.550000000000001e-01 7.984956150408610e+00 6.496738349797107e-05
9.600000000000000e-01 8.187124709672272e+00 2.832004869750316e-05
9.650000000000000e-01 8.394410488393007e+00 1.203087804328914e-05
9.700000000000000e-01 8.606943046930221e+00 4.970294073727533e-06
9.750000000000000e-01 8.824855225051540e+00 2.006169108676626e-06
9.800000000000000e-01 9.048283224961922e+00 8.127498371922140e-07
9.850000000000000e-01 9.277366696434507e+00 4.964813909867276e-07
9.900000000000000e-01 9.512248824096272e+00 5.720192588571351e-07
9.950000000000000e-01 9.753076416923058e+00 2.108639379260586e-06
1.000000000000000e+00 1.000000000000000e+01 6.436080045411387e-04
