0.000000000000000e+00 0.000000000000000e+00 -2.639572863827507e-02
5.000000000000000e-03 3.369477419287315e-03 -2.639933251642334e-02
1.000000000000000e-02 6.741060871647481e-03 -2.640308952057677e-02
1.500000000000000e-02 1.011685770649257e-02 -2.640432217198672e-02
2.000000000000000e-02 1.349897790673588e-02 -2.640740323741570e-02
2.500000000000000e-02 1.688953540759990e-02 -2.641068425031049e-02
3.000000000000000e-02 2.029064941789469e-02 -2.641652592725782e-02
3.500000000000000e-02 2.370444574459234e-02 -2.642220683132601e-02
4.000000000000000e-02 2.713305812152553e-02 -2.642928502664307e-02
4.500000000000000e-02 3.057862954304063e-02 -2.643718133231441e-02
5.000000000000000e-02 3.404331360343898e-02 -2.644652007593228e-02
5.500000000000000e-02 3.752927584304335e-02 -2.645647657765481e-02
6.000000000000000e-02 4.103869510173117e-02 -2.646792056624681e-02
6.500000000000000e-02 4.457376488078044e-02 -2.648030152313368e-02
7.000000000000001e-02 4.813669471387935e-02 -2.649377542267274e-02
7.500000000000000e-02 5.172971154815675e-02 -2.650869592277439e-02
8.000000000000000e-02 5.535506113609672e-02 -2.652420903012042e-02
8.500000000000001e-02 5.901500943920686e-02 -2.654159532157824e-02
9.000000000000000e-02 6.271184404431801e-02 -2.655979102065306e-02
9.500000000000000e-02 6.644787559340060e-02 -2.657977198664390e-02
1.000000000000000e-01 7.022543922779090e-02 -2.660061069771304e-02
1.050000000000000e-01 7.404689604773053e-02 -2.662338368055694e-02
1.100000000000000e-01 7.791463458813094e-02 -2.664707160270291e-02
1.150000000000000e-01 8.183107231148547e-02 -2.667292056286711e-02
1.200000000000000e-01 8.579865711886202e-02 -2.669987325183828e-02
1.250000000000000e-01 8.981986887992111e-02 -2.672885226230248e-02
1.300000000000000e-01 9.389722098291493e-02 -2.675934362264700e-02
1.350000000000000e-01 9.803326190563690e-02 -2.679168885148830e-02
1.400000000000000e-01 1.022305768083033e-01 -2.682593072364985e-02
1.450000000000000e-01 1.064917891493625e-01 -2.686205951373229e-02
1.500000000000000e-01 1.108195623252418e-01 -2.690033206477406e-02
1.550000000000000e-01 1.152166013350572e-01 -2.694065468523267e-02
1.600000000000000e-01 1.196856544713255e-01 -2.698324930861423e-02
1.650000000000000e-01 1.242295150377370e-01 -2.702815181984103e-02
1.700000000000000e-01 1.288510230950609e-01 -2.707547368741603e-02
1.750000000000000e-01 1.335530672362758e-01 -2.712532369942434e-02
1.800000000000000e-01 1.383385863920344e-01 -2.717783435631708e-02
1.850000000000000e-01 1.432105716675912e-01 -2.723315954465283e-02
1.900000000000000e-01 1.481720682123397e-01 -2.729128435479103e-02
1.950000000000000e-01 1.532261771231311e-01 -2.735256074522439e-02
2.000000000000000e-01 1.583760573825595e-01 -2.741687862877948e-02
2.050000000000000e-01 1.636249278334301e-01 -2.748462579664689e-02
2.100000000000000e-01 1.689760691906397e-01 -2.755567439775364e-02
2.150000000000000e-01 1.744328260917313e-01 -2.763049042243465e-02
2.200000000000000e-01 1.799986091874004e-01 -2.770893783716518e-02
2.250000000000000e-01 1.856768972732633e-01 -2.779141087440491e-02
2.300000000000000e-01 1.914712394642179e-01 -2.787799392717900e-02
2.350000000000000e-01 1.973852574127551e-01 -2.796896288502814e-02
2.400000000000000e-01 2.034226475726105e-01 -2.806428527062916e-02
2.450000000000000e-01 2.095871835091678e-01 -2.816437268985361e-02
2.500000000000000e-01 2.158827182580599e-01 -2.826928202757446e-02
2.550000000000000e-01 2.223131867334419e-01 -2.837939221348972e-02
2.600000000000000e-01 2.288826081874405e-01 -2.849477342472227e-02
2.650000000000000e-01 2.355950887223172e-01 -2.861572397293126e-02
2.700000000000000e-01 2.424548238569160e-01 -2.874251557010815e-02
2.750000000000000e-01 2.494661011489995e-01 -2.887526693330772e-02
2.800000000000000e-01 2.566333028751116e-01 -2.901434897403573e-02
2.850000000000000e-01 2.639609087696434e-01 -2.915992720966572e-02
2.900000000000000e-01 2.714534988248126e-01 -2.931228212384389e-02
2.950000000000000e-01 2.791157561533084e-01 -2.947179417401381e-02
3.000000000000000e-01 2.869524699153886e-01 -2.963849866353616e-02
3.050000000000000e-01 2.949685383122613e-01 -2.981298641712628e-02
3.100000000000000e-01 3.031689716476197e-01 -2.999516100046816e-02
3.150000000000000e-01 3.115588954592450e-01 -3.018562267713927e-02
3.200000000000000e-01 3.201435537226349e-01 -3.038452807271476e-02
3.250000000000000e-01 3.289283121286580e-01 -3.059210213679000e-02
3.300000000000000e-01 3.379186614372866e-01 -3.080881509183000e-02
3.350000000000000e-01 3.471202209094989e-01 -3.103470163628203e-02
3.400000000000000e-01 3.565387418195016e-01 -3.127013530114686e-02
3.450000000000000e-01 3.661801110494620e-01 -3.151548253843595e-02
3.500000000000000e-01 3.760503547690021e-01 -3.177083160603186e-02
3.550000000000000e-01 3.861556422017504e-01 -3.203652802407589e-02
3.600000000000000e-01 3.965022894813072e-01 -3.231267196402889e-02
3.650000000000000e-01 4.070967635990345e-01 -3.259962139770774e-02
3.700000000000000e-01 4.179456864461349e-01 -3.289737681218432e-02
3.750000000000000e-01 4.290558389525505e-01 -3.320614572029212e-02
3.800000000000000e-01 4.404341653252637e-01 -3.352605112377676e-02
3.850000000000000e-01 4.520877773886537e-01 -3.385703711352121e-02
3.900000000000000e-01 4.640239590296172e-01 -3.419918176639736e-02
3.950000000000000e-01 4.762501707502353e-01 -3.455237489134023e-02
4.000000000000000e-01 4.887740543308307e-01 -3.491641490555993e-02
4.050000000000000e-01 5.016034376063282e-01 -3.529118515207501e-02
4.100000000000000e-01 5.147463393589066e-01 -3.567620603556527e-02
4.150000000000000e-01 5.282109743299990e-01 -3.607114324073437e-02
4.200000000000000e-01 5.420057583547735e-01 -3.647539773234399e-02
4.250000000000000e-01 5.561393136223041e-01 -3.688820705885779e-02
4.300000000000000e-01 5.706204740647189e-01 -3.730879240118363e-02
4.350000000000000e-01 5.854582908786964e-01 -3.773604650452950e-02
4.400000000000000e-01 6.006620381827575e-01 -3.816871278944182e-02
4.450000000000000e-01 6.162412188138907e-01 -3.860541941965319e-02
4.500000000000000e-01 6.322055702671360e-01 -3.904435913018794e-02
4.550000000000000e-01 6.485650707818353e-01 -3.948362988485996e-02
4.600000000000000e-01 6.653299455783577e-01 -3.992101028198545e-02
4.650000000000000e-01 6.825106732491932e-01 -4.035386135106502e-02
4.700000000000000e-01 7.001179923084168e-01 -4.077936485180292e-02
4.750000000000000e-01 7.181629079036070e-01 -4.119428376214919e-02
4.800000000000000e-01 7.366566986944229e-01 -4.159493337301720e-02
4.850000000000000e-01 7.556109239021327e-01 -4.197739038124659e-02
4.900000000000000e-01 7.750374305345038e-01 -4.233724995098469e-02
4.950000000000000e-01 7.949483607905672e-01 -4.266964543306850e-02
5.000000000000000e-01 8.153561596498893e-01 -4.296945082055083e-02
5.050000000000000e-01 8.362735826510871e-01 -4.323106957655625e-02
5.100000000000000e-01 8.577137038644561e-01 -4.344848865080213e-02
5.150000000000000e-01 8.796899240636907e-01 -4.361548546580084e-02
5.200000000000000e-01 9.022159791018011e-01 -4.372552471430692e-02
5.250000000000000e-01 9.253059484964714e-01 -4.377177205660677e-02
5.300000000000000e-01 9.489742642302165e-01 -4.374737363073047e-02
5.350000000000000e-01 9.732357197708378e-01 -4.364545498234929e-02
5.400000000000000e-01 9.981054793178262e-01 -4.345912791147069e-02
5.450000000000000e-01 1.023599087280478e+00 -4.318176811231018e-02
5.500000000000000e-01 1.049732477993657e+00 -4.280716652164733e-02
5.550000000000000e-01 1.076521985677273e+00 -4.232952958107455e-02
5.600000000000001e-01 1.103984354645701e+00 -4.174365585776916e-02
5.650000000000001e-01 1.132136749773522e+00 -4.104521016919416e-02
5.700000000000001e-01 1.160996767224129e+00 -4.023074754428888e-02
5.750000000000001e-01 1.190582445447902e+00 -3.929776380825169e-02
5.800000000000000e-01 1.220912276456826e+00 -3.824484508060844e-02
5.850000000000000e-01 1.252005217382601e+00 -3.707183671231188e-02
5.900000000000000e-01 1.283880702325469e+00 -3.577976430789344e-02
5.950000000000000e-01 1.316558654501151e+00 -3.437082936967456e-02
6.000000000000000e-01 1.350059498693518e+00 -3.284842298527661e-02
6.050000000000000e-01 1.384404174020732e+00 -3.121719907344578e-02
6.100000000000000e-01 1.419614147022888e+00 -2.948292515622505e-02
6.150000000000000e-01 1.455711425079295e+00 -2.765239769426986e-02
6.200000000000000e-01 1.492718570163803e+00 -2.573332504247009e-02
6.250000000000000e-01 1.530658712946775e+00 -2.373435202212437e-02
6.300000000000000e-01 1.569555567252506e+00 -2.166493136000656e-02
6.350000000000000e-01 1.609433444881138e+00 -1.953527255345387e-02
6.400000000000000e-01 1.650317270804325e+00 -1.735617368819754e-02
6.450000000000000e-01 1.692232598744148e+00 -1.513901309068924e-02
6.500000000000000e-01 1.735205627145031e+00 -1.289567098897402e-02
6.550000000000000e-01 1.779263215548615e+00 -1.063859771281768e-02
6.600000000000000e-01 1.824432901381847e+00 -8.380731142959716e-03
6.650000000000000e-01 1.870742917168772e+00 -6.135581941308134e-03
6.700000000000000e-01 1.918222208176775e+00 -3.917168691287004e-03
6.750000000000000e-01 1.966900450508319e+00 -1.740105577777650e-03
6.800000000000000e-01 2.016808069649473e+00 3.804102291302181e-04
6.850000000000001e-01 2.067976259486829e+00 2.428545570204659e-03
6.900000000000001e-01 2.120437001804702e+00 4.387853604544949e-03
6.950000000000001e-01 2.174223086274785e+00 6.241324397061393e-03
7.000000000000001e-01 2.229368130950753e+00 7.971536545880583e-03
7.050000000000000e-01 2.285906603280654e+00 9.560928283601189e-03
7.100000000000000e-01 2.343873841650178e+00 1.099224272898527e-02
7.150000000000000e-01 2.403306077470301e+00 1.224918832290955e-02
7.200000000000000e-01 2.464240457823092e+00 1.331735317413425e-02
7.250000000000000e-01 2.526715068679855e+00 1.418538890362220e-02
7.300000000000000e-01 2.590768958706095e+00 1.484644791747868e-02
7.350000000000000e-01 2.656442163668210e+00 1.529981814827395e-02
7.400000000000000e-01 2.723775731457148e+00 1.555266247852397e-02
7.450000000000000e-01 2.792811747744667e+00 1.562174669661547e-02
7.500000000000000e-01 2.863593362288260e+00 1.553503770674544e-02
7.550000000000000e-01 2.936164815901156e+00 1.533307240461928e-02
7.600000000000000e-01 3.010571468104263e+00 1.507002725321721e-02
7.650000000000000e-01 3.086859825477351e+00 1.481444214693693e-02
7.700000000000000e-01 3.165077570727174e+00 1.464955124519489e-02
7.750000000000000e-01 3.245273592490716e+00 1.467313473560777e-02
7.800000000000000e-01 3.327498015892184e+00 1.499672513180624e-02
7.850000000000000e-01 3.411802233872832e+00 1.574388663997240e-02
7.900000000000000e-01 3.498238939313234e+00 1.704715275100009e-02
7.950000000000000e-01 3.586862157968046e+00 1.904308021603697e-02
8.000000000000000e-01 3.677727282233856e+00 2.186479118728206e-02
8.050000000000000e-01 3.770891105771243e+00 2.563137754269912e-02
8.100000000000001e-01 3.866411859002656e+00 3.043369800190769e-02
8.150000000000001e-01 3.964349245508326e+00 3.631649053677772e-02
8.200000000000001e-01 4.064764479342956e+00 4.325742930189008e-02
8.250000000000001e-01 4.167720323296481e+00 5.114481891835282e-02
8.300000000000001e-01 4.273281128122877e+00 5.975698999673814e-02
8.350000000000000e-01 4.381512872761445e+00 6.874793704329842e-02
8.400000000000000e-01 4.492483205575838e+00 7.764492823014324e-02
8.450000000000000e-01 4.606261486636447e+00 8.586413851853476e-02
8.500000000000000e-01 4.722918831072739e+00 9.274915708934332e-02
8.550000000000000e-01 4.842528153522501e+00 9.763397995779775e-02
8.600000000000000e-01 4.965164213705875e+00 9.992675428816655e-02
8.650000000000000e-01 5.090903663152626e+00 9.920379976402513e-02
8.700000000000000e-01 5.219825093111814e+00 9.529693854353828e-02
8.750000000000000e-01 5.352009083673925e+00 8.835331129391591e-02
8.800000000000000e-01 5.487538254136007e+00 7.884810974793527e-02
8.850000000000000e-01 5.626497314641444e+00 6.753846834654517e-02
8.900000000000000e-01 5.768973119126561e+00 5.536043082578442e-02
8.950000000000000e-01 5.915054719607133e+00 4.328703825826671e-02
9.000000000000000e-01 6.064833421838831e+00 3.217869610860188e-02
9.050000000000000e-01 6.218402842386253e+00 2.266149821725071e-02
9.100000000000000e-01 6.375858967136348e+00 1.506213298208364e-02
9.150000000000000e-01 6.537300211292723e+00 9.410999543715630e-03
9.200000000000000e-01 6.702827480888332e+00 5.504408496053271e-03
9.250000000000000e-01 6.872544235855034e+00 3.000409018814070e-03
9.300000000000000e-01 7.046556554689444e+00 1.517063681584894e-03
9.350000000000001e-01 7.224973200755413e+00 7.079828511168378e-04
9.400000000000001e-01 7.407905690264673e+00 3.033586488958904e-04
9.450000000000001e-01 7.595468361978146e+00 1.186846023775103e-04
9.500000000000001e-01 7.787778448671316e+00 4.214925800747637e-05
9.550000000000001e-01 7.984956150408610e+00 1.350369498020951e-05
9.600000000000000e-01 8.187124709672272e+00 3.877406977482917e-06
9.650000000000000e-01 8.394410488393007e+00 9.909651417323843e-07
9.700000000000000e-01 8.606943046930221e+00 2.237962796885880e-07
9.750000000000000e-01 8.824855225051540e+00 4.432705729756208e-08
9.800000000000000e-01 9.048283224961922e+00 7.644788804194198e-09
9.850000000000000e-01 9.277366696434507e+00 1.149591748564093e-09
9.900000000000000e-01 9.512248824096272e+00 1.662531245841212e-10
9.950000000000000e-01 9.753076416923058e+00 3.354179389549153e-11
1.000000000000000e+00 1.000000000000000e+01 -1.594884714447719e-11
