0.000000000000000e+00 0.000000000000000e+00 3.767923149200386e-02
5.000000000000000e-03 3.369477419287315e-03 3.767624675780235e-02
1.000000000000000e-02 6.741060871647481e-03 3.767823047035838e-02
1.500000000000000e-02 1.011685770649257e-02 3.767802718592036e-02
2.000000000000000e-02 1.349897790673588e-02 3.767745157122082e-02
2.500000000000000e-02 1.688953540759990e-02 3.767700092841015e-02
3.000000000000000e-02 2.029064941789469e-02 3.767717738633419e-02
3.500000000000000e-02 2.370444574459234e-02 3.767638503818003e-02
4.000000000000000e-02 2.713305812152553e-02 3.767608764619246e-02
4.500000000000000e-02 3.057862954304063e-02 3.767537540504022e-02
5.000000000000000e-02 3.404331360343898e-02 3.767491980979167e-02
5.500000000000000e-02 3.752927584304335e-02 3.767415294541437e-02
6.000000000000000e-02 4.103869510173117e-02 3.767346114099668e-02
6.500000000000000e-02 4.457376488078044e-02 3.767258492751317e-02
7.000000000000001e-02 4.813669471387935e-02 3.767186599680632e-02
7.500000000000000e-02 5.172971154815675e-02 3.767086167226402e-02
8.000000000000000e-02 5.535506113609672e-02 3.766983915920004e-02
8.500000000000001e-02 5.901500943920686e-02 3.766866018438838e-02
9.000000000000000e-02 6.271184404431801e-02 3.766773667569643e-02
9.500000000000000e-02 6.644787559340060e-02 3.766638088186722e-02
1.000000000000000e-01 7.022543922779090e-02 3.766515724953127e-02
1.050000000000000e-01 7.404689604773053e-02 3.766384734449769e-02
1.100000000000000e-01 7.791463458813094e-02 3.766240908419634e-02
1.150000000000000e-01 8.183107231148547e-02 3.766088970788229e-02
1.200000000000000e-01 8.579865711886202e-02 3.765945249086976e-02
1.250000000000000e-01 8.981986887992111e-02 3.765773898597796e-02
1.300000000000000e-01 9.389722098291493e-02 3.765617483646735e-02
1.350000000000000e-01 9.803326190563690e-02 3.765438609420384e-02
1.400000000000000e-01 1.022305768083033e-01 3.765263357059874e-02
1.450000000000000e-01 1.064917891493625e-01 3.765079834510365e-02
1.500000000000000e-01 1.108195623252418e-01 3.764891353161177e-02
1.550000000000000e-01 1.152166013350572e-01 3.764694275256179e-02
1.600000000000000e-01 1.196856544713255e-01 3.764503889076987e-02
1.650000000000000e-01 1.242295150377370e-01 3.764294208712965e-02
1.700000000000000e-01 1.288510230950609e-01 3.764097712328052e-02
1.750000000000000e-01 1.335530672362758e-01 3.763888548616671e-02
1.800000000000000e-01 1.383385863920344e-01 3.763681845120742e-02
1.850000000000000e-01 1.432105716675912e-01 3.763474712925010e-02
1.900000000000000e-01 1.481720682123397e-01 3.763270877826255e-02
1.950000000000000e-01 1.532261771231311e-01 3.763061392383087e-02
2.000000000000000e-01 1.583760573825595e-01 3.762869182518174e-02
2.050000000000000e-01 1.636249278334301e-01 3.762669911951015e-02
2.100000000000000e-01 1.689760691906397e-01 3.762485991854708e-02
2.150000000000000e-01 1.744328260917313e-01 3.762309937017213e-02
2.200000000000000e-01 1.799986091874004e-01 3.762146300989644e-02
2.250000000000000e-01 1.856768972732633e-01 3.761993416858343e-02
2.300000000000000e-01 1.914712394642179e-01 3.761868690975910e-02
2.350000000000000e-01 1.973852574127551e-01 3.761753834555379e-02
2.400000000000000e-01 2.034226475726105e-01 3.761671903788714e-02
2.450000000000000e-01 2.095871835091678e-01 3.761617166718724e-02
2.500000000000000e-01 2.158827182580599e-01 3.761596379843385e-02
2.550000000000000e-01 2.223131867334419e-01 3.761610102320588e-02
2.600000000000000e-01 2.288826081874405e-01 3.761677987645497e-02
2.650000000000000e-01 2.355950887223172e-01 3.761786665526946e-02
2.700000000000000e-01 2.424548238569160e-01 3.761956891438442e-02
2.750000000000000e-01 2.494661011489995e-01 3.762190939449727e-02
2.800000000000000e-01 2.566333028751116e-01 3.762499159684140e-02
2.850000000000000e-01 2.639609087696434e-01 3.762880503136971e-02
2.900000000000000e-01 2.714534988248126e-01 3.763361224134943e-02
2.950000000000000e-01 2.791157561533084e-01 3.763937218754604e-02
3.000000000000000e-01 2.869524699153886e-01 3.764623828790879e-02
3.050000000000000e-01 2.949685383122613e-01 3.765430106660417e-02
3.100000000000000e-01 3.031689716476197e-01 3.766379230162756e-02
3.150000000000000e-01 3.115588954592450e-01 3.767468733739589e-02
3.200000000000000e-01 3.201435537226349e-01 3.768722123454954e-02
3.250000000000000e-01 3.289283121286580e-01 3.770151919212645e-02
3.300000000000000e-01 3.379186614372866e-01 3.771780354098146e-02
3.350000000000000e-01 3.471202209094989e-01 3.773610383669306e-02
3.400000000000000e-01 3.565387418195016e-01 3.775670199071045e-02
3.450000000000000e-01 3.661801110494620e-01 3.777974676938384e-02
3.500000000000000e-01 3.760503547690021e-01 3.780548189155174e-02
3.550000000000000e-01 3.861556422017504e-01 3.783397368808441e-02
3.600000000000000e-01 3.965022894813072e-01 3.786551026469163e-02
3.650000000000000e-01 4.070967635990345e-01 3.790026316087727e-02
3.700000000000000e-01 4.179456864461349e-01 3.793850724560030e-02
3.750000000000000e-01 4.290558389525505e-01 3.798031447429757e-02
3.800000000000000e-01 4.404341653252637e-01 3.802592447341448e-02
3.850000000000000e-01 4.520877773886537e-01 3.807548494748865e-02
3.900000000000000e-01 4.640239590296172e-01 3.812927325756901e-02
3.950000000000000e-01 4.762501707502353e-01 3.818735334925753e-02
4.000000000000000e-01 4.887740543308307e-01 3.824988104549298e-02
4.050000000000000e-01 5.016034376063282e-01 3.831686174392988e-02
4.100000000000000e-01 5.147463393589066e-01 3.838841893959214e-02
4.150000000000000e-01 5.282109743299990e-01 3.846453622893968e-02
4.200000000000000e-01 5.420057583547735e-01 3.854527199037083e-02
4.250000000000000e-01 5.561393136223041e-01 3.863045234385679e-02
4.300000000000000e-01 5.706204740647189e-01 3.871995877927045e-02
4.350000000000000e-01 5.854582908786964e-01 3.881344291552496e-02
4.400000000000000e-01 6.006620381827575e-01 3.891057282904169e-02
4.450000000000000e-01 6.162412188138907e-01 3.901083602610100e-02
4.500000000000000e-01 6.322055702671360e-01 3.911365925367113e-02
4.550000000000000e-01 6.485650707818353e-01 3.921830851609572e-02
4.600000000000000e-01 6.653299455783577e-01 3.932392117694261e-02
4.650000000000000e-01 6.825106732491932e-01 3.942946424281588e-02
4.700000000000000e-01 7.001179923084168e-01 3.953373258582885e-02
4.750000000000000e-01 7.181629079036070e-01 3.963532957451518e-02
4.800000000000000e-01 7.366566986944229e-01 3.973265720627454e-02
4.850000000000000e-01 7.556109239021327e-01 3.982390394164086e-02
4.900000000000000e-01 7.750374305345038e-01 3.990703547930616e-02
4.950000000000000e-01 7.949483607905672e-01 3.997978698771278e-02
5.000000000000000e-01 8.153561596498893e-01 4.003965799261046e-02
5.050000000000000e-01 8.362735826510871e-01 4.008391022987923e-02
5.100000000000000e-01 8.577137038644561e-01 4.010956912614340e-02
5.150000000000000e-01 8.796899240636907e-01 4.011342949145300e-02
5.200000000000000e-01 9.022159791018011e-01 4.009206605412969e-02
5.250000000000000e-01 9.253059484964714e-01 4.004184946051053e-02
5.300000000000000e-01 9.489742642302165e-01 3.995896834989474e-02
5.350000000000000e-01 9.732357197708378e-01 3.983945807817800e-02
5.400000000000000e-01 9.981054793178262e-01 3.967923660162098e-02
5.450000000000000e-01 1.023599087280478e+00 3.947414793899437e-02
5.500000000000000e-01 1.049732477993657e+00 3.922001350155282e-02
5.550000000000000e-01 1.076521985677273e+00 3.891269141193033e-02
5.600000000000001e-01 1.103984354645701e+00 3.854814372242528e-02
5.650000000000001e-01 1.132136749773522e+00 3.812251118957171e-02
5.700000000000001e-01 1.160996767224129e+00 3.763219496725684e-02
5.750000000000001e-01 1.190582445447902e+00 3.707394425016167e-02
5.800000000000000e-01 1.220912276456826e+00 3.644494854187818e-02
5.850000000000000e-01 1.252005217382601e+00 3.574293285048717e-02
5.900000000000000e-01 1.283880702325469e+00 3.496625374509640e-02
5.950000000000000e-01 1.316558654501151e+00 3.411399385909764e-02
6.000000000000000e-01 1.350059498693518e+00 3.318605212059494e-02
6.050000000000000e-01 1.384404174020732e+00 3.218322674836153e-02
6.100000000000000e-01 1.419614147022888e+00 3.110728789158518e-02
6.150000000000000e-01 1.455711425079295e+00 2.996103672849619e-02
6.200000000000000e-01 1.492718570163803e+00 2.874834788243174e-02
6.250000000000000e-01 1.530658712946775e+00 2.747419216786989e-02
6.300000000000000e-01 1.569555567252506e+00 2.614463694216993e-02
6.350000000000000e-01 1.609433444881138e+00 2.476682170662877e-02
6.400000000000000e-01 1.650317270804325e+00 2.334890706831355e-02
6.450000000000000e-01 1.692232598744148e+00 2.189999574109757e-02
6.500000000000000e-01 1.735205627145031e+00 2.043002493730625e-02
6.550000000000000e-01 1.779263215548615e+00 1.894963029799305e-02
6.600000000000000e-01 1.824432901381847e+00 1.746998245913117e-02
6.650000000000000e-01 1.870742917168772e+00 1.600259849074413e-02
6.700000000000000e-01 1.918222208176775e+00 1.455913181609180e-02
6.750000000000000e-01 1.966900450508319e+00 1.315114584975801e-02
6.800000000000000e-01 2.016808069649473e+00 1.178987849596628e-02
6.850000000000001e-01 2.067976259486829e+00 1.048600679473529e-02
6.900000000000001e-01 2.120437001804702e+00 9.249423319850231e-03
6.950000000000001e-01 2.174223086274785e+00 8.089038295339898e-03
7.000000000000001e-01 2.229368130950753e+00 7.012623640218431e-03
7.050000000000000e-01 2.285906603280654e+00 6.026717086817586e-03
7.100000000000000e-01 2.343873841650178e+00 5.136605967186997e-03
7.150000000000000e-01 2.403306077470301e+00 4.346411089177966e-03
7.200000000000000e-01 2.464240457823092e+00 3.659291262868334e-03
7.250000000000000e-01 2.526715068679855e+00 3.077788495232382e-03
7.300000000000000e-01 2.590768958706095e+00 2.604332688883352e-03
7.350000000000000e-01 2.656442163668210e+00 2.241922849795127e-03
7.400000000000000e-01 2.723775731457148e+00 1.994999121444213e-03
7.450000000000000e-01 2.792811747744667e+00 1.870515812821224e-03
7.500000000000000e-01 2.863593362288260e+00 1.879218734929794e-03
7.550000000000000e-01 2.936164815901156e+00 2.037118494527295e-03
7.600000000000000e-01 3.010571468104263e+00 2.367131761994134e-03
7.650000000000000e-01 3.086859825477351e+00 2.900830724100505e-03
7.700000000000000e-01 3.165077570727174e+00 3.680191980588411e-03
7.750000000000000e-01 3.245273592490716e+00 4.759165103594898e-03
7.800000000000000e-01 3.327498015892184e+00 6.204784566592764e-03
7.850000000000000e-01 3.411802233872832e+00 8.097427432766544e-03
7.900000000000000e-01 3.498238939313234e+00 1.052968137177119e-02
7.950000000000000e-01 3.586862157968046e+00 1.360315367198607e-02
8.000000000000000e-01 3.677727282233856e+00 1.742245914739220e-02
8.050000000000000e-01 3.770891105771243e+00 2.208563044507914e-02
8.100000000000001e-01 3.866411859002656e+00 2.767037457323677e-02
8.150000000000001e-01 3.964349245508326e+00 3.421604098998540e-02
8.200000000000001e-01 4.064764479342956e+00 4.170194486871264e-02
8.250000000000001e-01 4.167720323296481e+00 5.002383260824182e-02
8.300000000000001e-01 4.273281128122877e+00 5.897171684754573e-02
8.350000000000000e-01 4.381512872761445e+00 6.821382634352396e-02
8.400000000000000e-01 4.492483205575838e+00 7.729260694517590e-02
8.450000000000000e-01 4.606261486636447e+00 8.563899686471678e-02
8.500000000000000e-01 4.722918831072739e+00 9.260993690752661e-02
8.550000000000000e-01 4.842528153522501e+00 9.755076375919118e-02
8.600000000000000e-01 4.965164213705875e+00 9.987872403244917e-02
8.650000000000000e-01 5.090903663152626e+00 9.917705866059459e-02
8.700000000000000e-01 5.219825093111814e+00 9.528259114901343e-02
8.750000000000000e-01 5.352009083673925e+00 8.834590014717465e-02
8.800000000000000e-01 5.487538254136007e+00 7.884442740113340e-02
8.850000000000000e-01 5.626497314641444e+00 6.753670994040739e-02
8.900000000000000e-01 5.768973119126561e+00 5.535962448565328e-02
8.950000000000000e-01 5.915054719607133e+00 4.328668345056384e-02
9.000000000000000e-01 6.064833421838831e+00 3.217854640342575e-02
9.050000000000000e-01 6.218402842386253e+00 2.266143768796834e-02
9.100000000000000e-01 6.375858967136348e+00 1.506210954423493e-02
9.150000000000000e-01 6.537300211292723e+00 9.410990856949434e-03
9.200000000000000e-01 6.702827480888332e+00 5.504405415841556e-03
9.250000000000000e-01 6.872544235855034e+00 3.000407973996440e-03
9.300000000000000e-01 7.046556554689444e+00 1.517063342260844e-03
9.350000000000001e-01 7.224973200755413e+00 7.079827442655804e-04
9.400000000000001e-01 7.407905690264673e+00 3.033586144654039e-04
9.450000000000001e-01 7.595468361978146e+00 1.186845872510084e-04
9.500000000000001e-01 7.787778448671316e+00 4.214924559153789e-05
9.550000000000001e-01 7.984956150408610e+00 1.350368006207985e-05
9.600000000000000e-01 8.187124709672272e+00 3.877387309080842e-06
9.650000000000000e-01 8.394410488393007e+00 9.909442549204145e-07
9.700000000000000e-01 8.606943046930221e+00 2.237755645124612e-07
9.750000000000000e-01 8.824855225051540e+00 4.430917117470771e-08
9.800000000000000e-01 9.048283224961922e+00 7.632771997818493e-09
9.850000000000000e-01 9.277366696434507e+00 1.141109852484902e-09
9.900000000000000e-01 9.512248824096272e+00 1.600019402833252e-10
9.950000000000000e-01 9.753076416923058e+00 3.239091131988347e-11
1.000000000000000e+00 1.000000000000000e+01 -9.884185833321313e-12
