0.000000000000000e+00 0.000000000000000e+00 -1.205861020288338e-02
5.000000000000000e-03 3.369477419287315e-03 -1.206221126343615e-02
1.000000000000000e-02 6.741060871647481e-03 -1.206654868154165e-02
1.500000000000000e-02 1.011685770649257e-02 -1.206677783316042e-02
2.000000000000000e-02 1.349897790673588e-02 -1.206940004872744e-02
2.500000000000000e-02 1.688953540759990e-02 -1.207125324738057e-02
3.000000000000000e-02 2.029064941789469e-02 -1.207572238979976e-02
3.500000000000000e-02 2.370444574459234e-02 -1.207927379482597e-02
4.000000000000000e-02 2.713305812152553e-02 -1.208499486823468e-02
4.500000000000000e-02 3.057862954304063e-02 -1.209015357968393e-02
5.000000000000000e-02 3.404331360343898e-02 -1.209707861663992e-02
5.500000000000000e-02 3.752927584304335e-02 -1.210382989740977e-02
6.000000000000000e-02 4.103869510173117e-02 -1.211241761083176e-02
6.500000000000000e-02 4.457376488078044e-02 -1.212095589105487e-02
7.000000000000001e-02 4.813669471387935e-02 -1.213089337839001e-02
7.500000000000000e-02 5.172971154815675e-02 -1.214148642591734e-02
8.000000000000000e-02 5.535506113609672e-02 -1.215275940286980e-02
8.500000000000001e-02 5.901500943920686e-02 -1.216539452587754e-02
9.000000000000000e-02 6.271184404431801e-02 -1.217813294915395e-02
9.500000000000000e-02 6.644787559340060e-02 -1.219268368086922e-02
1.000000000000000e-01 7.022543922779090e-02 -1.220743097796727e-02
1.050000000000000e-01 7.404689604773053e-02 -1.222400519380075e-02
1.100000000000000e-01 7.791463458813094e-02 -1.224090964484955e-02
1.150000000000000e-01 8.183107231148547e-02 -1.225956894285955e-02
1.200000000000000e-01 8.579865711886202e-02 -1.227874692068335e-02
1.250000000000000e-01 8.981986887992111e-02 -1.229987800235852e-02
1.300000000000000e-01 9.389722098291493e-02 -1.232159288971880e-02
1.350000000000000e-01 9.803326190563690e-02 -1.234514314215827e-02
1.400000000000000e-01 1.022305768083033e-01 -1.236982310667961e-02
1.450000000000000e-01 1.064917891493625e-01 -1.239599893402933e-02
1.500000000000000e-01 1.108195623252418e-01 -1.242369308989674e-02
1.550000000000000e-01 1.152166013350572e-01 -1.245281275614986e-02
1.600000000000000e-01 1.196856544713255e-01 -1.248374954221904e-02
1.650000000000000e-01 1.242295150377370e-01 -1.251620374532495e-02
1.700000000000000e-01 1.288510230950609e-01 -1.255069527909707e-02
1.750000000000000e-01 1.335530672362758e-01 -1.258682027997300e-02
1.800000000000000e-01 1.383385863920344e-01 -1.262517531011564e-02
1.850000000000000e-01 1.432105716675912e-01 -1.266541051269784e-02
1.900000000000000e-01 1.481720682123397e-01 -1.270794706022231e-02
1.950000000000000e-01 1.532261771231311e-01 -1.275272551839694e-02
2.000000000000000e-01 1.583760573825595e-01 -1.279981878492987e-02
2.050000000000000e-01 1.636249278334301e-01 -1.284956048944507e-02
2.100000000000000e-01 1.689760691906397e-01 -1.290168456337159e-02
2.150000000000000e-01 1.744328260917313e-01 -1.295680870487294e-02
2.200000000000000e-01 1.799986091874004e-01 -1.301457515398592e-02
2.250000000000000e-01 1.856768972732633e-01 -1.307566557852351e-02
2.300000000000000e-01 1.914712394642179e-01 -1.313965756532214e-02
2.350000000000000e-01 1.973852574127551e-01 -1.320722362699337e-02
2.400000000000000e-01 2.034226475726105e-01 -1.327815122503819e-02
2.450000000000000e-01 2.095871835091678e-01 -1.335276936028828e-02
2.500000000000000e-01 2.158827182580599e-01 -1.343129176693626e-02
2.550000000000000e-01 2.223131867334419e-01 -1.351386358659454e-02
2.600000000000000e-01 2.288826081874405e-01 -1.360066691204450e-02
2.650000000000000e-01 2.355950887223172e-01 -1.369187473187714e-02
2.700000000000000e-01 2.424548238569160e-01 -1.378781132390100e-02
2.750000000000000e-01 2.494661011489995e-01 -1.388867028754356e-02
2.800000000000000e-01 2.566333028751116e-01 -1.399467032543030e-02
2.850000000000000e-01 2.639609087696434e-01 -1.410609454468063e-02
2.900000000000000e-01 2.714534988248126e-01 -1.422314468011056e-02
2.950000000000000e-01 2.791157561533084e-01 -1.434617850679370e-02
3.000000000000000e-01 2.869524699153886e-01 -1.447539586863662e-02
3.050000000000000e-01 2.949685383122613e-01 -1.461120330549991e-02
3.100000000000000e-01 3.031689716476197e-01 -1.475382299715848e-02
3.150000000000000e-01 3.115588954592450e-01 -1.490369718384704e-02
3.200000000000000e-01 3.201435537226349e-01 -1.506098389269879e-02
3.250000000000000e-01 3.289283121286580e-01 -1.522626352613095e-02
3.300000000000000e-01 3.379186614372866e-01 -1.539965192035195e-02
3.350000000000000e-01 3.471202209094989e-01 -1.558176640131644e-02
3.400000000000000e-01 3.565387418195016e-01 -1.577293004511961e-02
3.450000000000000e-01 3.661801110494620e-01 -1.597346136098664e-02
3.500000000000000e-01 3.760503547690021e-01 -1.618396358009907e-02
3.550000000000000e-01 3.861556422017504e-01 -1.640467895211606e-02
3.600000000000000e-01 3.965022894813072e-01 -1.663616586585144e-02
3.650000000000000e-01 4.070967635990345e-01 -1.687899183260161e-02
3.700000000000000e-01 4.179456864461349e-01 -1.713337153249671e-02
3.750000000000000e-01 4.290558389525505e-01 -1.740004005769780e-02
3.800000000000000e-01 4.404341653252637e-01 -1.767934016366045e-02
3.850000000000000e-01 4.520877773886537e-01 -1.797186520794015e-02
3.900000000000000e-01 4.640239590296172e-01 -1.827803818370388e-02
3.950000000000000e-01 4.762501707502353e-01 -1.859838611321911e-02
4.000000000000000e-01 4.887740543308307e-01 -1.893346695289971e-02
4.050000000000000e-01 5.016034376063282e-01 -1.928367431239348e-02
4.100000000000000e-01 5.147463393589066e-01 -1.964953844206756e-02
4.150000000000000e-01 5.282109743299990e-01 -2.003154568657423e-02
4.200000000000000e-01 5.420057583547735e-01 -2.043001307709497e-02
4.250000000000000e-01 5.561393136223041e-01 -2.084548936684966e-02
4.300000000000000e-01 5.706204740647189e-01 -2.127817886417068e-02
4.350000000000000e-01 5.854582908786964e-01 -2.172844972561919e-02
4.400000000000000e-01 6.006620381827575e-01 -2.219652964796930e-02
4.450000000000000e-01 6.162412188138907e-01 -2.268248323113525e-02
4.500000000000000e-01 6.322055702671360e-01 -2.318641382193480e-02
4.550000000000000e-01 6.485650707818353e-01 -2.370821443757038e-02
4.600000000000000e-01 6.653299455783577e-01 -2.424758300572894e-02
4.650000000000000e-01 6.825106732491932e-01 -2.480423343972449e-02
4.700000000000000e-01 7.001179923084168e-01 -2.537745646021940e-02
4.750000000000000e-01 7.181629079036070e-01 -2.596645870241781e-02
4.800000000000000e-01 7.366566986944229e-01 -2.657019270532288e-02
4.850000000000000e-01 7.556109239021327e-01 -2.718719168521612e-02
4.900000000000000e-01 7.750374305345038e-01 -2.781576119153922e-02
4.950000000000000e-01 7.949483607905672e-01 -2.845383368103840e-02
5.000000000000000e-01 8.153561596498893e-01 -2.909877755082163e-02
5.050000000000000e-01 8.362735826510871e-01 -2.974765078751801e-02
5.100000000000000e-01 8.577137038644561e-01 -3.039693328390569e-02
5.150000000000000e-01 8.796899240636907e-01 -3.104245629742109e-02
5.200000000000000e-01 9.022159791018011e-01 -3.167956745230786e-02
5.250000000000000e-01 9.253059484964714e-01 -3.230293231384761e-02
5.300000000000000e-01 9.489742642302165e-01 -3.290644683897668e-02
5.350000000000000e-01 9.732357197708378e-01 -3.348342995316581e-02
5.400000000000000e-01 9.981054793178262e-01 -3.402649787137878e-02
5.450000000000000e-01 1.023599087280478e+00 -3.452748297450314e-02
5.500000000000000e-01 1.049732477993657e+00 -3.497767762267517e-02
5.550000000000000e-01 1.076521985677273e+00 -3.536785069183823e-02
5.600000000000001e-01 1.103984354645701e+00 -3.568822459191623e-02
5.650000000000001e-01 1.132136749773522e+00 -3.592873971177694e-02
5.700000000000001e-01 1.160996767224129e+00 -3.607930192689112e-02
5.750000000000001e-01 1.190582445447902e+00 -3.612984020475389e-02
5.800000000000000e-01 1.220912276456826e+00 -3.607056729970119e-02
5.850000000000000e-01 1.252005217382601e+00 -3.589237471756687e-02
5.900000000000000e-01 1.283880702325469e+00 -3.558704042590810e-02
5.950000000000000e-01 1.316558654501151e+00 -3.514740029089056e-02
6.000000000000000e-01 1.350059498693518e+00 -3.456765212335402e-02
6.050000000000000e-01 1.384404174020732e+00 -3.384367012106218e-02
6.100000000000000e-01 1.419614147022888e+00 -3.297307715418456e-02
6.150000000000000e-01 1.455711425079295e+00 -3.195531289102969e-02
6.200000000000000e-01 1.492718570163803e+00 -3.079171548387496e-02
6.250000000000000e-01 1.530658712946775e+00 -2.948562188906731e-02
6.300000000000000e-01 1.569555567252506e+00 -2.804223496249050e-02
6.350000000000000e-01 1.609433444881138e+00 -2.646848915223470e-02
6.400000000000000e-01 1.650317270804325e+00 -2.477287409033864e-02
6.450000000000000e-01 1.692232598744148e+00 -2.296536900001696e-02
6.500000000000000e-01 1.735205627145031e+00 -2.105723969856680e-02
6.550000000000000e-01 1.779263215548615e+00 -1.906088584356316e-02
6.600000000000000e-01 1.824432901381847e+00 -1.698958672200629e-02
6.650000000000000e-01 1.870742917168772e+00 -1.485739633550734e-02
6.700000000000000e-01 1.918222208176775e+00 -1.267899907203614e-02
6.750000000000000e-01 1.966900450508319e+00 -1.046970857751970e-02
6.800000000000000e-01 2.016808069649473e+00 -8.245349738314974e-03
6.850000000000001e-01 2.067976259486829e+00 -6.022300632073031e-03
6.900000000000001e-01 2.120437001804702e+00 -3.817409610971971e-03
6.950000000000001e-01 2.174223086274785e+00 -1.648055607861505e-03
7.000000000000001e-01 2.229368130950753e+00 4.678863218932620e-04
7.050000000000000e-01 2.285906603280654e+00 2.512034595755063e-03
7.100000000000000e-01 2.343873841650178e+00 4.465593219192211e-03
7.150000000000000e-01 2.403306077470301e+00 6.309526354123850e-03
7.200000000000000e-01 2.464240457823092e+00 8.024913581037397e-03
7.250000000000000e-01 2.526715068679855e+00 9.593539904234942e-03
7.300000000000000e-01 2.590768958706095e+00 1.099880993419364e-02
7.350000000000000e-01 2.656442163668210e+00 1.222705411870454e-02
7.400000000000000e-01 2.723775731457148e+00 1.326926924609818e-02
7.450000000000000e-01 2.792811747744667e+00 1.412327621466549e-02
7.500000000000000e-01 2.863593362288260e+00 1.479620425046813e-02
7.550000000000000e-01 2.936164815901156e+00 1.530713483996136e-02
7.600000000000000e-01 3.010571468104263e+00 1.568968181185032e-02
7.650000000000000e-01 3.086859825477351e+00 1.599425773182327e-02
7.700000000000000e-01 3.165077570727174e+00 1.628977774620389e-02
7.750000000000000e-01 3.245273592490716e+00 1.666456047907293e-02
7.800000000000000e-01 3.327498015892184e+00 1.722617408769705e-02
7.850000000000000e-01 3.411802233872832e+00 1.809992290588082e-02
7.900000000000000e-01 3.498238939313234e+00 1.942557463498511e-02
7.950000000000000e-01 3.586862157968046e+00 2.135181455619941e-02
8.000000000000000e-01 3.677727282233856e+00 2.402783144469086e-02
8.050000000000000e-01 3.770891105771243e+00 2.759145712256789e-02
8.100000000000001e-01 3.866411859002656e+00 3.215347371728331e-02
8.150000000000001e-01 3.964349245508326e+00 3.777814421395030e-02
8.200000000000001e-01 4.064764479342956e+00 4.446077197438830e-02
8.250000000000001e-01 4.167720323296481e+00 5.210417198082469e-02
8.300000000000001e-01 4.273281128122877e+00 6.049727682736029e-02
8.350000000000000e-01 4.381512872761445e+00 6.930050526596600e-02
8.400000000000000e-01 4.492483205575838e+00 7.804361414757624e-02
8.450000000000000e-01 4.606261486636447e+00 8.614198563943824e-02
8.500000000000000e-01 4.722918831072739e+00 9.293603908087869e-02
8.550000000000000e-01 4.842528153522501e+00 9.775519730849050e-02
8.600000000000000e-01 4.965164213705875e+00 1.000025152274726e-01
8.650000000000000e-01 5.090903663152626e+00 9.924938867921110e-02
8.700000000000000e-01 5.219825093111814e+00 9.532332997804942e-02
8.750000000000000e-01 5.352009083673925e+00 8.836799793652279e-02
8.800000000000000e-01 5.487538254136007e+00 7.885596058328914e-02
8.850000000000000e-01 5.626497314641444e+00 6.754249677116785e-02
8.900000000000000e-01 5.768973119126561e+00 5.536241367074866e-02
8.950000000000000e-01 5.915054719607133e+00 4.328797388312879e-02
9.000000000000000e-01 6.064833421838831e+00 3.217911908656008e-02
9.050000000000000e-01 6.218402842386253e+00 2.266168132179377e-02
9.100000000000000e-01 6.375858967136348e+00 1.506220884465802e-02
9.150000000000000e-01 6.537300211292723e+00 9.411029611829052e-03
9.200000000000000e-01 6.702827480888332e+00 5.504419892278713e-03
9.250000000000000e-01 6.872544235855034e+00 3.000413148204579e-03
9.300000000000000e-01 7.046556554689444e+00 1.517065112224719e-03
9.350000000000001e-01 7.224973200755413e+00 7.079833261563176e-04
9.400000000000001e-01 7.407905690264673e+00 3.033588017576147e-04
9.450000000000001e-01 7.595468361978146e+00 1.186846519165830e-04
9.500000000000001e-01 7.787778448671316e+00 4.214927664210757e-05
9.550000000000001e-01 7.984956150408610e+00 1.350370327780012e-05
9.600000000000000e-01 8.187124709672272e+00 3.877410934680916e-06
9.650000000000000e-01 8.394410488393007e+00 9.909661682023973e-07
9.700000000000000e-01 8.606943046930221e+00 2.237936830063986e-07
9.750000000000000e-01 8.824855225051540e+00 4.432564756817721e-08
9.800000000000000e-01 9.048283224961922e+00 7.647106782245746e-09
9.850000000000000e-01 9.277366696434507e+00 1.150590638575424e-09
9.900000000000000e-01 9.512248824096272e+00 1.639368433446396e-10
9.950000000000000e-01 9.753076416923058e+00 3.412618717019702e-11
1.000000000000000e+00 1.000000000000000e+01 -3.068905221320412e-11
