0.000000000000000e+00 0.000000000000000e+00 1.980031712723833e-01
5.000000000000000e-03 3.369477419287315e-03 1.980009004425995e-01
1.000000000000000e-02 6.741060871647481e-03 1.979963213651093e-01
1.500000000000000e-02 1.011685770649257e-02 1.979856960045700e-01
2.000000000000000e-02 1.349897790673588e-02 1.979724521660465e-01
2.500000000000000e-02 1.688953540759990e-02 1.979526157499644e-01
3.000000000000000e-02 2.029064941789469e-02 1.979287556328618e-01
3.500000000000000e-02 2.370444574459234e-02 1.978994790355744e-01
4.000000000000000e-02 2.713305812152553e-02 1.978663285996836e-01
4.500000000000000e-02 3.057862954304063e-02 1.978276195605442e-01
5.000000000000000e-02 3.404331360343898e-02 1.977843648781705e-01
5.500000000000000e-02 3.752927584304335e-02 1.977355142418146e-01
6.000000000000000e-02 4.103869510173117e-02 1.976819500121282e-01
6.500000000000000e-02 4.457376488078044e-02 1.976227737098760e-01
7.000000000000001e-02 4.813669471387935e-02 1.975587511494621e-01
7.500000000000000e-02 5.172971154815675e-02 1.974887955308978e-01
8.000000000000000e-02 5.535506113609672e-02 1.974133643237757e-01
8.500000000000001e-02 5.901500943920686e-02 1.973317312556888e-01
9.000000000000000e-02 6.271184404431801e-02 1.972439934865879e-01
9.500000000000000e-02 6.644787559340060e-02 1.971497791401704e-01
1.000000000000000e-01 7.022543922779090e-02 1.970489603882752e-01
1.050000000000000e-01 7.404689604773053e-02 1.969412748420086e-01
1.100000000000000e-01 7.791463458813094e-02 1.968264919530353e-01
1.150000000000000e-01 8.183107231148547e-02 1.967043411718613e-01
1.200000000000000e-01 8.579865711886202e-02 1.965745392158846e-01
1.250000000000000e-01 8.981986887992111e-02 1.964367808956476e-01
1.300000000000000e-01 9.389722098291493e-02 1.962907421897024e-01
1.350000000000000e-01 9.803326190563690e-02 1.961360791374754e-01
1.400000000000000e-01 1.022305768083033e-01 1.959724276788706e-01
1.450000000000000e-01 1.064917891493625e-01 1.957994030564922e-01
1.500000000000000e-01 1.108195623252418e-01 1.956165992027190e-01
1.550000000000000e-01 1.152166013350572e-01 1.954235880432127e-01
1.600000000000000e-01 1.196856544713255e-01 1.952199187520910e-01
1.650000000000000e-01 1.242295150377370e-01 1.950051169629214e-01
1.700000000000000e-01 1.288510230950609e-01 1.947786839419148e-01
1.750000000000000e-01 1.335530672362758e-01 1.945400957271227e-01
1.800000000000000e-01 1.383385863920344e-01 1.942888022368094e-01
1.850000000000000e-01 1.432105716675912e-01 1.940242263497573e-01
1.900000000000000e-01 1.481720682123397e-01 1.937457629601548e-01
1.950000000000000e-01 1.532261771231311e-01 1.934527780097642e-01
2.000000000000000e-01 1.583760573825595e-01 1.931446075002551e-01
2.050000000000000e-01 1.636249278334301e-01 1.928205564888610e-01
2.100000000000000e-01 1.689760691906397e-01 1.924798980708842e-01
2.150000000000000e-01 1.744328260917313e-01 1.921218723530092e-01
2.200000000000000e-01 1.799986091874004e-01 1.917456854218968e-01
2.250000000000000e-01 1.856768972732633e-01 1.913505083131088e-01
2.300000000000000e-01 1.914712394642179e-01 1.909354759860739e-01
2.350000000000000e-01 1.973852574127551e-01 1.904996863115229e-01
2.400000000000000e-01 2.034226475726105e-01 1.900421990786371e-01
2.450000000000000e-01 2.095871835091678e-01 1.895620350300346e-01
2.500000000000000e-01 2.158827182580599e-01 1.890581749336937e-01
2.550000000000000e-01 2.223131867334419e-01 1.885295587019785e-01
2.600000000000000e-01 2.288826081874405e-01 1.879750845690850e-01
2.650000000000000e-01 2.355950887223172e-01 1.873936083394906e-01
2.700000000000000e-01 2.424548238569160e-01 1.867839427213437e-01
2.750000000000000e-01 2.494661011489995e-01 1.861448567602077e-01
2.800000000000000e-01 2.566333028751116e-01 1.854750753901487e-01
2.850000000000000e-01 2.639609087696434e-01 1.847732791208554e-01
2.900000000000000e-01 2.714534988248126e-01 1.840381038812949e-01
2.950000000000000e-01 2.791157561533084e-01 1.832681410423275e-01
3.000000000000000e-01 2.869524699153886e-01 1.824619376427654e-01
3.050000000000000e-01 2.949685383122613e-01 1.816179968455057e-01
3.100000000000000e-01 3.031689716476197e-01 1.807347786526473e-01
3.150000000000000e-01 3.115588954592450e-01 1.798107009108667e-01
3.200000000000000e-01 3.201435537226349e-01 1.788441406407918e-01
3.250000000000000e-01 3.289283121286580e-01 1.778334357266511e-01
3.300000000000000e-01 3.379186614372866e-01 1.767768870050645e-01
3.350000000000000e-01 3.471202209094989e-01 1.756727607944756e-01
3.400000000000000e-01 3.565387418195016e-01 1.745192919093494e-01
3.450000000000000e-01 3.661801110494620e-01 1.733146872058541e-01
3.500000000000000e-01 3.760503547690021e-01 1.720571297082559e-01
3.550000000000000e-01 3.861556422017504e-01 1.707447833676370e-01
3.600000000000000e-01 3.965022894813072e-01 1.693757985067226e-01
3.650000000000000e-01 4.070967635990345e-01 1.679483180065101e-01
3.700000000000000e-01 4.179456864461349e-01 1.664604842919311e-01
3.750000000000000e-01 4.290558389525505e-01 1.649104471748657e-01
3.800000000000000e-01 4.404341653252637e-01 1.632963726133185e-01
3.850000000000000e-01 4.520877773886537e-01 1.616164524453730e-01
3.900000000000000e-01 4.640239590296172e-01 1.598689151554580e-01
3.950000000000000e-01 4.762501707502353e-01 1.580520377283879e-01
4.000000000000000e-01 4.887740543308307e-01 1.561641586433366e-01
4.050000000000000e-01 5.016034376063282e-01 1.542036920552056e-01
4.100000000000000e-01 5.147463393589066e-01 1.521691432045318e-01
4.150000000000000e-01 5.282109743299990e-01 1.500591250888889e-01
4.200000000000000e-01 5.420057583547735e-01 1.478723764184610e-01
4.250000000000000e-01 5.561393136223041e-01 1.456077808658078e-01
4.300000000000000e-01 5.706204740647189e-01 1.432643876045634e-01
4.350000000000000e-01 5.854582908786964e-01 1.408414331136301e-01
4.400000000000000e-01 6.006620381827575e-01 1.383383642020846e-01
4.450000000000000e-01 6.162412188138907e-01 1.357548621852802e-01
4.500000000000000e-01 6.322055702671360e-01 1.330908681142463e-01
4.550000000000000e-01 6.485650707818353e-01 1.303466089283371e-01
4.600000000000000e-01 6.653299455783577e-01 1.275226243649801e-01
4.650000000000000e-01 6.825106732491932e-01 1.246197944203414e-01
4.700000000000000e-01 7.001179923084168e-01 1.216393671107691e-01
4.750000000000000e-01 7.181629079036070e-01 1.185829862372112e-01
4.800000000000000e-01 7.366566986944229e-01 1.154527188037573e-01
4.850000000000000e-01 7.556109239021327e-01 1.122510816875312e-01
4.900000000000000e-01 7.750374305345038e-01 1.089810671011174e-01
4.950000000000000e-01 7.949483607905672e-01 1.056461663314890e-01
5.000000000000000e-01 8.153561596498893e-01 1.022503911822826e-01
5.050000000000000e-01 8.362735826510871e-01 9.879829249078727e-02
5.100000000000000e-01 8.577137038644561e-01 9.529497503903094e-02
5.150000000000000e-01 8.796899240636907e-01 9.174610813209964e-02
5.200000000000000e-01 9.022159791018011e-01 8.815793107881770e-02
5.250000000000000e-01 9.253059484964714e-01 8.453725278305366e-02
5.300000000000000e-01 9.489742642302165e-01 8.089144464133333e-02
5.350000000000000e-01 9.732357197708378e-01 7.722842594756123e-02
5.400000000000000e-01 9.981054793178262e-01 7.355664103203396e-02
5.450000000000000e-01 1.023599087280478e+00 6.988502741321451e-02
5.500000000000000e-01 1.049732477993657e+00 6.622297432047843e-02
5.550000000000000e-01 1.076521985677273e+00 6.258027105757419e-02
5.600000000000001e-01 1.103984354645701e+00 5.896704482274698e-02
5.650000000000001e-01 1.132136749773522e+00 5.539368778460471e-02
5.700000000000001e-01 1.160996767224129e+00 5.187077343417763e-02
5.750000000000001e-01 1.190582445447902e+00 4.840896249339279e-02
5.800000000000000e-01 1.220912276456826e+00 4.501889895700388e-02
5.850000000000000e-01 1.252005217382601e+00 4.171109717576042e-02
5.900000000000000e-01 1.283880702325469e+00 3.849582124804152e-02
5.950000000000000e-01 1.316558654501151e+00 3.538295836769114e-02
6.000000000000000e-01 1.350059498693518e+00 3.238188816712750e-02
6.050000000000000e-01 1.384404174020732e+00 2.950135048388627e-02
6.100000000000000e-01 1.419614147022888e+00 2.674931434967841e-02
6.150000000000000e-01 1.455711425079295e+00 2.413285133517182e-02
6.200000000000000e-01 1.492718570163803e+00 2.165801666007991e-02
6.250000000000000e-01 1.530658712946775e+00 1.932974167420986e-02
6.300000000000000e-01 1.569555567252506e+00 1.715174140782792e-02
6.350000000000000e-01 1.609433444881138e+00 1.512644085702671e-02
6.400000000000000e-01 1.650317270804325e+00 1.325492349274597e-02
6.450000000000000e-01 1.692232598744148e+00 1.153690514714450e-02
6.500000000000000e-01 1.735205627145031e+00 9.970735932714065e-03
6.550000000000000e-01 1.779263215548615e+00 8.553432193402950e-03
6.600000000000000e-01 1.824432901381847e+00 7.280739692336266e-03
6.650000000000000e-01 1.870742917168772e+00 6.147228342846449e-03
6.700000000000000e-01 1.918222208176775e+00 5.146417841628237e-03
6.750000000000000e-01 1.966900450508319e+00 4.270932636567908e-03
6.800000000000000e-01 2.016808069649473e+00 3.512683846740198e-03
6.850000000000001e-01 2.067976259486829e+00 2.863075153564360e-03
6.900000000000001e-01 2.120437001804702e+00 2.313229417441620e-03
6.950000000000001e-01 2.174223086274785e+00 1.854232966827128e-03
7.000000000000001e-01 2.229368130950753e+00 1.477395278432274e-03
7.050000000000000e-01 2.285906603280654e+00 1.174523227951757e-03
7.100000000000000e-01 2.343873841650178e+00 9.382113246905570e-04
7.150000000000000e-01 2.403306077470301e+00 7.621523914103878e-04
7.200000000000000e-01 2.464240457823092e+00 6.414769846796768e-04
7.250000000000000e-01 2.526715068679855e+00 5.731343391700325e-04
7.300000000000000e-01 2.590768958706095e+00 5.563324758513799e-04
7.350000000000000e-01 2.656442163668210e+00 5.930598285919039e-04
7.400000000000000e-01 2.723775731457148e+00 6.887144857685443e-04
7.450000000000000e-01 2.792811747744667e+00 8.528686394992876e-04
7.500000000000000e-01 2.863593362288260e+00 1.100193223900681e-03
7.550000000000000e-01 2.936164815901156e+00 1.451558412004952e-03
7.600000000000000e-01 3.010571468104263e+00 1.935306204521326e-03
7.650000000000000e-01 3.086859825477351e+00 2.588657560375872e-03
7.700000000000000e-01 3.165077570727174e+00 3.459163669121840e-03
7.750000000000000e-01 3.245273592490716e+00 4.606034592899548e-03
7.800000000000000e-01 3.327498015892184e+00 6.101075880632012e-03
7.850000000000000e-01 3.411802233872832e+00 8.028836277080374e-03
7.900000000000000e-01 3.498238939313234e+00 1.048542631349767e-02
7.950000000000000e-01 3.586862157968046e+00 1.357532936626140e-02
8.000000000000000e-01 3.677727282233856e+00 1.740543127866358e-02
8.050000000000000e-01 3.770891105771243e+00 2.207549920900334e-02
8.100000000000001e-01 3.866411859002656e+00 2.766452119050494e-02
8.150000000000001e-01 3.964349245508326e+00 3.421276112956249e-02
8.200000000000001e-01 4.064764479342956e+00 4.170016472148574e-02
8.250000000000001e-01 4.167720323296481e+00 5.002289796770057e-02
8.300000000000001e-01 4.273281128122877e+00 5.897124277283491e-02
8.350000000000000e-01 4.381512872761445e+00 6.821359434842526e-02
8.400000000000000e-01 4.492483205575838e+00 7.729249756214346e-02
8.450000000000000e-01 4.606261486636447e+00 8.563894724382858e-02
8.500000000000000e-01 4.722918831072739e+00 9.260991527913857e-02
8.550000000000000e-01 4.842528153522501e+00 9.755075471373932e-02
8.600000000000000e-01 4.965164213705875e+00 9.987872040762574e-02
8.650000000000000e-01 5.090903663152626e+00 9.917705727063154e-02
8.700000000000000e-01 5.219825093111814e+00 9.528259063968582e-02
8.750000000000000e-01 5.352009083673925e+00 8.834589996906081e-02
8.800000000000000e-01 5.487538254136007e+00 7.884442734176599e-02
8.850000000000000e-01 5.626497314641444e+00 6.753670992157046e-02
8.900000000000000e-01 5.768973119126561e+00 5.535962447997035e-02
8.950000000000000e-01 5.915054719607133e+00 4.328668344893550e-02
9.000000000000000e-01 6.064833421838831e+00 3.217854640298325e-02
9.050000000000000e-01 6.218402842386253e+00 2.266143768785435e-02
9.100000000000000e-01 6.375858967136348e+00 1.506210954420713e-02
9.150000000000000e-01 6.537300211292723e+00 9.410990856943045e-03
9.200000000000000e-01 6.702827480888332e+00 5.504405415840168e-03
9.250000000000000e-01 6.872544235855034e+00 3.000407973996157e-03
9.300000000000000e-01 7.046556554689444e+00 1.517063342260791e-03
9.350000000000001e-01 7.224973200755413e+00 7.079827442655659e-04
9.400000000000001e-01 7.407905690264673e+00 3.033586144653914e-04
9.450000000000001e-01 7.595468361978146e+00 1.186845872508184e-04
9.500000000000001e-01 7.787778448671316e+00 4.214924559113500e-05
9.550000000000001e-01 7.984956150408610e+00 1.350368005695417e-05
9.600000000000000e-01 8.187124709672272e+00 3.877387297827828e-06
9.650000000000000e-01 8.394410488393007e+00 9.909441546703109e-07
9.700000000000000e-01 8.606943046930221e+00 2.237753395557952e-07
9.750000000000000e-01 8.824855225051540e+00 4.430791154945162e-08
9.800000000000000e-01 9.048283224961922e+00 7.629968180771478e-09
9.850000000000000e-01 9.277366696434507e+00 1.132940554051897e-09
9.900000000000000e-01 9.512248824096272e+00 1.437506891927805e-10
9.950000000000000e-01 9.753076416923058e+00 1.627510673466673e-11
1.000000000000000e+00 1.000000000000000e+01 -8.559129163592895e-12
