0.000000000000000e+00 0.000000000000000e+00 -1.043762851816756e-01
5.000000000000000e-03 3.369477419287315e-03 -1.043799470805482e-01
1.000000000000000e-02 6.741060871647481e-03 -1.043787732823103e-01
1.500000000000000e-02 1.011685770649257e-02 -1.043759685171777e-01
2.000000000000000e-02 1.349897790673588e-02 -1.043679187585441e-01
2.500000000000000e-02 1.688953540759990e-02 -1.043599394577672e-01
3.000000000000000e-02 2.029064941789469e-02 -1.043485512897743e-01
3.500000000000000e-02 2.370444574459234e-02 -1.043361264555531e-01
4.000000000000000e-02 2.713305812152553e-02 -1.043199951007209e-01
4.500000000000000e-02 3.057862954304063e-02 -1.043028040370257e-01
5.000000000000000e-02 3.404331360343898e-02 -1.042829084411128e-01
5.500000000000000e-02 3.752927584304335e-02 -1.042605562047324e-01
6.000000000000000e-02 4.103869510173117e-02 -1.042362994069344e-01
6.500000000000000e-02 4.457376488078044e-02 -1.042091570877267e-01
7.000000000000001e-02 4.813669471387935e-02 -1.041800343570102e-01
7.500000000000000e-02 5.172971154815675e-02 -1.041478588139198e-01
8.000000000000000e-02 5.535506113609672e-02 -1.041134050874247e-01
8.500000000000001e-02 5.901500943920686e-02 -1.040758927673828e-01
9.000000000000000e-02 6.271184404431801e-02 -1.040357011964315e-01
9.500000000000000e-02 6.644787559340060e-02 -1.039925859238379e-01
1.000000000000000e-01 7.022543922779090e-02 -1.039462878253080e-01
1.050000000000000e-01 7.404689604773053e-02 -1.038971310406893e-01
1.100000000000000e-01 7.791463458813094e-02 -1.038443559500857e-01
1.150000000000000e-01 8.183107231148547e-02 -1.037885382884030e-01
1.200000000000000e-01 8.579865711886202e-02 -1.037287315036438e-01
1.250000000000000e-01 8.981986887992111e-02 -1.036655700283623e-01
1.300000000000000e-01 9.389722098291493e-02 -1.035982629478559e-01
1.350000000000000e-01 9.803326190563690e-02 -1.035269697558146e-01
1.400000000000000e-01 1.022305768083033e-01 -1.034516308965603e-01
1.450000000000000e-01 1.064917891493625e-01 -1.033716867096316e-01
1.500000000000000e-01 1.108195623252418e-01 -1.032873551570112e-01
1.550000000000000e-01 1.152166013350572e-01 -1.031978398694590e-01
1.600000000000000e-01 1.196856544713255e-01 -1.031035503050343e-01
1.650000000000000e-01 1.242295150377370e-01 -1.030038060039031e-01
1.700000000000000e-01 1.288510230950609e-01 -1.028984832021766e-01
1.750000000000000e-01 1.335530672362758e-01 -1.027874412288778e-01
1.800000000000000e-01 1.383385863920344e-01 -1.026701033282957e-01
1.850000000000000e-01 1.432105716675912e-01 -1.025465886522702e-01
1.900000000000000e-01 1.481720682123397e-01 -1.024160999762197e-01
1.950000000000000e-01 1.532261771231311e-01 -1.022787062458370e-01
2.000000000000000e-01 1.583760573825595e-01 -1.021338049494206e-01
2.050000000000000e-01 1.636249278334301e-01 -1.019810868383888e-01
2.100000000000000e-01 1.689760691906397e-01 -1.018203449373173e-01
2.150000000000000e-01 1.744328260917313e-01 -1.016508276823767e-01
2.200000000000000e-01 1.799986091874004e-01 -1.014724460900399e-01
2.250000000000000e-01 1.856768972732633e-01 -1.012844761278371e-01
2.300000000000000e-01 1.914712394642179e-01 -1.010865327720490e-01
2.350000000000000e-01 1.973852574127551e-01 -1.008782016081246e-01
2.400000000000000e-01 2.034226475726105e-01 -1.006588385701487e-01
2.450000000000000e-01 2.095871835091678e-01 -1.004279744729007e-01
2.500000000000000e-01 2.158827182580599e-01 -1.001849395505924e-01
2.550000000000000e-01 2.223131867334419e-01 -9.992917764175621e-02
2.600000000000000e-01 2.288826081874405e-01 -9.966000265856657e-02
2.650000000000000e-01 2.355950887223172e-01 -9.937683422133076e-02
2.700000000000000e-01 2.424548238569160e-01 -9.907887684832734e-02
2.750000000000000e-01 2.494661011489995e-01 -9.876534531594272e-02
2.800000000000000e-01 2.566333028751116e-01 -9.843568621586578e-02
2.850000000000000e-01 2.639609087696434e-01 -9.808885053140301e-02
2.900000000000000e-01 2.714534988248126e-01 -9.772409577021600e-02
2.950000000000000e-01 2.791157561533084e-01 -9.734058427210346e-02
3.000000000000000e-01 2.869524699153886e-01 -9.693729288278280e-02
3.050000000000000e-01 2.949685383122613e-01 -9.651338677118645e-02
3.100000000000000e-01 3.031689716476197e-01 -9.606776551345415e-02
3.150000000000000e-01 3.115588954592450e-01 -9.559944388826504e-02
3.200000000000000e-01 3.201435537226349e-01 -9.510739577176072e-02
3.250000000000000e-01 3.289283121286580e-01 -9.459039493609403e-02
3.300000000000000e-01 3.379186614372866e-01 -9.404742820601492e-02
3.350000000000000e-01 3.471202209094989e-01 -9.347722925321370e-02
3.400000000000000e-01 3.565387418195016e-01 -9.287857371585585e-02
3.450000000000000e-01 3.661801110494620e-01 -9.225029579758036e-02
3.500000000000000e-01 3.760503547690021e-01 -9.159100059515576e-02
3.550000000000000e-01 3.861556422017504e-01 -9.089944619098077e-02
3.600000000000000e-01 3.965022894813072e-01 -9.017431224645991e-02
3.650000000000000e-01 4.070967635990345e-01 -8.941415123479603e-02
3.700000000000000e-01 4.179456864461349e-01 -8.861768856332480e-02
3.750000000000000e-01 4.290558389525505e-01 -8.778349396763219e-02
3.800000000000000e-01 4.404341653252637e-01 -8.691012739604077e-02
3.850000000000000e-01 4.520877773886537e-01 -8.599629559724874e-02
3.900000000000000e-01 4.640239590296172e-01 -8.504053600455994e-02
3.950000000000000e-01 4.762501707502353e-01 -8.404147868053596e-02
4.000000000000000e-01 4.887740543308307e-01 -8.299785107289186e-02
4.050000000000000e-01 5.016034376063282e-01 -8.190827226362724e-02
4.100000000000000e-01 5.147463393589066e-01 -8.077147539361257e-02
4.150000000000000e-01 5.282109743299990e-01 -7.958632991843287e-02
4.200000000000000e-01 5.420057583547735e-01 -7.835160696985342e-02
4.250000000000000e-01 5.561393136223041e-01 -7.706626576545325e-02
4.300000000000000e-01 5.706204740647189e-01 -7.572939047105773e-02
4.350000000000000e-01 5.854582908786964e-01 -7.434006657101232e-02
4.400000000000000e-01 6.006620381827575e-01 -7.289752423463300e-02
4.450000000000000e-01 6.162412188138907e-01 -7.140123857385802e-02
4.500000000000000e-01 6.322055702671360e-01 -6.985068447064688e-02
4.550000000000000e-01 6.485650707818353e-01 -6.824553767106013e-02
4.600000000000000e-01 6.653299455783577e-01 -6.658571272463676e-02
4.650000000000000e-01 6.825106732491932e-01 -6.487127564055419e-02
4.700000000000000e-01 7.001179923084168e-01 -6.310239569099119e-02
4.750000000000000e-01 7.181629079036070e-01 -6.127958689912273e-02
4.800000000000000e-01 7.366566986944229e-01 -5.940355086225537e-02
4.850000000000000e-01 7.556109239021327e-01 -5.747516479294900e-02
4.900000000000000e-01 7.750374305345038e-01 -5.549552541634378e-02
4.950000000000000e-01 7.949483607905672e-01 -5.346609686835968e-02
5.000000000000000e-01 8.153561596498893e-01 -5.138851107296698e-02
5.050000000000000e-01 8.362735826510871e-01 -4.926463183125450e-02
5.100000000000000e-01 8.577137038644561e-01 -4.709658093797166e-02
5.150000000000000e-01 8.796899240636907e-01 -4.488684786049676e-02
5.200000000000000e-01 9.022159791018011e-01 -4.263810410242179e-02
5.250000000000000e-01 9.253059484964714e-01 -4.035327300857933e-02
5.300000000000000e-01 9.489742642302165e-01 -3.803552002457788e-02
5.350000000000000e-01 9.732357197708378e-01 -3.568838336634006e-02
5.400000000000000e-01 9.981054793178262e-01 -3.331561611261721e-02
5.450000000000000e-01 1.023599087280478e+00 -3.092123021080381e-02
5.500000000000000e-01 1.049732477993657e+00 -2.850943484271533e-02
5.550000000000000e-01 1.076521985677273e+00 -2.608479090042396e-02
5.600000000000001e-01 1.103984354645701e+00 -2.365211273873842e-02
5.650000000000001e-01 1.132136749773522e+00 -2.121654096391403e-02
5.700000000000001e-01 1.160996767224129e+00 -1.878341978497761e-02
5.750000000000001e-01 1.190582445447902e+00 -1.635839734233124e-02
5.800000000000000e-01 1.220912276456826e+00 -1.394736426976665e-02
5.850000000000000e-01 1.252005217382601e+00 -1.155659806490142e-02
5.900000000000000e-01 1.283880702325469e+00 -9.192658131129313e-03
5.950000000000000e-01 1.316558654501151e+00 -6.862517319757371e-03
6.000000000000000e-01 1.350059498693518e+00 -4.573457844905439e-03
6.050000000000000e-01 1.384404174020732e+00 -2.333171687963740e-03
6.100000000000000e-01 1.419614147022888e+00 -1.497144312701261e-04
6.150000000000000e-01 1.455711425079295e+00 1.968436383298867e-03
6.200000000000000e-01 1.492718570163803e+00 4.012392614678156e-03
6.250000000000000e-01 1.530658712946775e+00 5.972839360881137e-03
6.300000000000000e-01 1.569555567252506e+00 7.840053007415457e-03
6.350000000000000e-01 1.609433444881138e+00 9.603929674543030e-03
6.400000000000000e-01 1.650317270804325e+00 1.125404446879328e-02
6.450000000000000e-01 1.692232598744148e+00 1.277974277717680e-02
6.500000000000000e-01 1.735205627145031e+00 1.417027432582808e-02
6.550000000000000e-01 1.779263215548615e+00 1.541497704784436e-02
6.600000000000000e-01 1.824432901381847e+00 1.650351803676494e-02
6.650000000000000e-01 1.870742917168772e+00 1.742619577544159e-02
6.700000000000000e-01 1.918222208176775e+00 1.817430376098858e-02
6.750000000000000e-01 1.966900450508319e+00 1.874054970043096e-02
6.800000000000000e-01 2.016808069649473e+00 1.911951731826830e-02
6.850000000000001e-01 2.067976259486829e+00 1.930815025463590e-02
6.900000000000001e-01 2.120437001804702e+00 1.930623084699398e-02
6.950000000000001e-01 2.174223086274785e+00 1.911682227072021e-02
7.000000000000001e-01 2.229368130950753e+00 1.874664194164360e-02
7.050000000000000e-01 2.285906603280654e+00 1.820633810699411e-02
7.100000000000000e-01 2.343873841650178e+00 1.751065018809812e-02
7.150000000000000e-01 2.403306077470301e+00 1.667844578728172e-02
7.200000000000000e-01 2.464240457823092e+00 1.573264171569038e-02
7.250000000000000e-01 2.526715068679855e+00 1.470003104236742e-02
7.300000000000000e-01 2.590768958706095e+00 1.361105134508777e-02
7.350000000000000e-01 2.656442163668210e+00 1.249954000154623e-02
7.400000000000000e-01 2.723775731457148e+00 1.140253008609798e-02
7.450000000000000e-01 2.792811747744667e+00 1.036014510429456e-02
7.500000000000000e-01 2.863593362288260e+00 9.415651836879238e-03
7.550000000000000e-01 2.936164815901156e+00 8.615726102563578e-03
7.600000000000000e-01 3.010571468104263e+00 8.010972417129940e-03
7.650000000000000e-01 3.086859825477351e+00 7.656709316273765e-03
7.700000000000000e-01 3.165077570727174e+00 7.613980060377140e-03
7.750000000000000e-01 3.245273592490716e+00 7.950666307284995e-03
7.800000000000000e-01 3.327498015892184e+00 8.742465697859724e-03
7.850000000000000e-01 3.411802233872832e+00 1.007334487670920e-02
7.900000000000000e-01 3.498238939313234e+00 1.203490895307411e-02
7.950000000000000e-01 3.586862157968046e+00 1.472396236652055e-02
8.000000000000000e-01 3.677727282233856e+00 1.823741747619723e-02
8.050000000000000e-01 3.770891105771243e+00 2.266369797671682e-02
8.100000000000001e-01 3.866411859002656e+00 2.806996343883946e-02
8.150000000000001e-01 3.964349245508326e+00 3.448493523864180e-02
8.200000000000001e-01 4.064764479342956e+00 4.187790559834628e-02
8.250000000000001e-01 4.167720323296481e+00 5.013568409522664e-02
8.300000000000001e-01 4.273281128122877e+00 5.904070587537516e-02
8.350000000000000e-01 4.381512872761445e+00 6.825506912085984e-02
8.400000000000000e-01 4.492483205575838e+00 7.731647745891422e-02
8.450000000000000e-01 4.606261486636447e+00 8.565235787160967e-02
8.500000000000000e-01 4.722918831072739e+00 9.261716129756076e-02
8.550000000000000e-01 4.842528153522501e+00 9.755453317844998e-02
8.600000000000000e-01 4.965164213705875e+00 9.988061983688884e-02
8.650000000000000e-01 5.090903663152626e+00 9.917797678820502e-02
8.700000000000000e-01 5.219825093111814e+00 9.528301886910508e-02
8.750000000000000e-01 5.352009083673925e+00 8.834609163185604e-02
8.800000000000000e-01 5.487538254136007e+00 7.884450970357468e-02
8.850000000000000e-01 5.626497314641444e+00 6.753674387164300e-02
8.900000000000000e-01 5.768973119126561e+00 5.535963789222731e-02
8.950000000000000e-01 5.915054719607133e+00 4.328668852292566e-02
9.000000000000000e-01 6.064833421838831e+00 3.217854823971587e-02
9.050000000000000e-01 6.218402842386253e+00 2.266143832358832e-02
9.100000000000000e-01 6.375858967136348e+00 1.506210975446184e-02
9.150000000000000e-01 6.537300211292723e+00 9.410990923346921e-03
9.200000000000000e-01 6.702827480888332e+00 5.504405435856906e-03
9.250000000000000e-01 6.872544235855034e+00 3.000407979760565e-03
9.300000000000000e-01 7.046556554689444e+00 1.517063343856271e-03
9.350000000000001e-01 7.224973200755413e+00 7.079827447577159e-04
9.400000000000001e-01 7.407905690264673e+00 3.033586147184866e-04
9.450000000000001e-01 7.595468361978146e+00 1.186845878056301e-04
9.500000000000001e-01 7.787778448671316e+00 4.214924659402958e-05
9.550000000000001e-01 7.984956150408610e+00 1.350368269751372e-05
9.600000000000000e-01 8.187124709672272e+00 3.877392082851295e-06
9.650000000000000e-01 8.394410488393007e+00 9.909530942003542e-07
9.700000000000000e-01 8.606943046930221e+00 2.237897729922925e-07
9.750000000000000e-01 8.824855225051540e+00 4.432574499131670e-08
9.800000000000000e-01 9.048283224961922e+00 7.650716922158461e-09
9.850000000000000e-01 9.277366696434507e+00 1.151347203424044e-09
9.900000000000000e-01 9.512248824096272e+00 1.555609968778982e-10
9.950000000000000e-01 9.753076416923058e+00 3.172047331056513e-11
1.000000000000000e+00 1.000000000000000e+01 -9.883718703597847e-12
