0.000000000000000e+00 0.000000000000000e+00 -4.082663902265698e-04
5.000000000000000e-03 3.369477419287315e-03 -4.118670518267977e-04
1.000000000000000e-02 6.741060871647481e-03 -4.124613028010883e-04
1.500000000000000e-02 1.011685770649257e-02 -4.127024307037045e-04
2.000000000000000e-02 1.349897790673588e-02 -4.133555777424780e-04
2.500000000000000e-02 1.688953540759990e-02 -4.125891928678466e-04
3.000000000000000e-02 2.029064941789469e-02 -4.136604502484685e-04
3.500000000000000e-02 2.370444574459234e-02 -4.134388059146805e-04
4.000000000000000e-02 2.713305812152553e-02 -4.143489945777504e-04
4.500000000000000e-02 3.057862954304063e-02 -4.141558552295393e-04
5.000000000000000e-02 3.404331360343898e-02 -4.153276660600785e-04
5.500000000000000e-02 3.752927584304335e-02 -4.149973110249629e-04
6.000000000000000e-02 4.103869510173117e-02 -4.161651732166476e-04
6.500000000000000e-02 4.457376488078044e-02 -4.159734073245376e-04
7.000000000000001e-02 4.813669471387935e-02 -4.169885114153540e-04
7.500000000000000e-02 5.172971154815675e-02 -4.171346092656097e-04
8.000000000000000e-02 5.535506113609672e-02 -4.180185863638958e-04
8.500000000000001e-02 5.901500943920686e-02 -4.184983253528545e-04
9.000000000000000e-02 6.271184404431801e-02 -4.192756767965356e-04
9.500000000000000e-02 6.644787559340060e-02 -4.199712688392652e-04
1.000000000000000e-01 7.022543922779090e-02 -4.206849486627874e-04
1.050000000000000e-01 7.404689604773053e-02 -4.216115929527003e-04
1.100000000000000e-01 7.791463458813094e-02 -4.224318742804118e-04
1.150000000000000e-01 8.183107231148547e-02 -4.235671745113555e-04
1.200000000000000e-01 8.579865711886202e-02 -4.243632414838543e-04
1.250000000000000e-01 8.981986887992111e-02 -4.257868112107961e-04
1.300000000000000e-01 9.389722098291493e-02 -4.265162173226646e-04
1.350000000000000e-01 9.803326190563690e-02 -4.281218414290823e-04
1.400000000000000e-01 1.022305768083033e-01 -4.291449849089701e-04
1.450000000000000e-01 1.064917891493625e-01 -4.308937797894871e-04
1.500000000000000e-01 1.108195623252418e-01 -4.320617687120550e-04
1.550000000000000e-01 1.152166013350572e-01 -4.339123982784953e-04
1.600000000000000e-01 1.196856544713255e-01 -4.353471316327818e-04
1.650000000000000e-01 1.242295150377370e-01 -4.373230785374929e-04
1.700000000000000e-01 1.288510230950609e-01 -4.389455424422489e-04
1.750000000000000e-01 1.335530672362758e-01 -4.410376025839548e-04
1.800000000000000e-01 1.383385863920344e-01 -4.430163749328579e-04
1.850000000000000e-01 1.432105716675912e-01 -4.451782293025215e-04
1.900000000000000e-01 1.481720682123397e-01 -4.475476144349472e-04
1.950000000000000e-01 1.532261771231311e-01 -4.499687280836406e-04
2.000000000000000e-01 1.583760573825595e-01 -4.526342918060119e-04
2.050000000000000e-01 1.636249278334301e-01 -4.552604139357205e-04
2.100000000000000e-01 1.689760691906397e-01 -4.582824585851361e-04
2.150000000000000e-01 1.744328260917313e-01 -4.612090000180593e-04
2.200000000000000e-01 1.799986091874004e-01 -4.646279565362036e-04
2.250000000000000e-01 1.856768972732633e-01 -4.678619535625020e-04
2.300000000000000e-01 1.914712394642179e-01 -4.716398194042313e-04
2.350000000000000e-01 1.973852574127551e-01 -4.753552620653790e-04
2.400000000000000e-01 2.034226475726105e-01 -4.794524102911429e-04
2.450000000000000e-01 2.095871835091678e-01 -4.837718474660413e-04
2.500000000000000e-01 2.158827182580599e-01 -4.882121447279681e-04
2.550000000000000e-01 2.223131867334419e-01 -4.930999939397418e-04
2.600000000000000e-01 2.288826081874405e-01 -4.980627325852573e-04
2.650000000000000e-01 2.355950887223172e-01 -5.035769233795580e-04
2.700000000000000e-01 2.424548238569160e-01 -5.090799056738618e-04
2.750000000000000e-01 2.494661011489995e-01 -5.152799454391816e-04
2.800000000000000e-01 2.566333028751116e-01 -5.215142445889596e-04
2.850000000000000e-01 2.639609087696434e-01 -5.284053229910580e-04
2.900000000000000e-01 2.714534988248126e-01 -5.355227537885831e-04
2.950000000000000e-01 2.791157561533084e-01 -5.431744776134486e-04
3.000000000000000e-01 2.869524699153886e-01 -5.512566514208498e-04
3.050000000000000e-01 2.949685383122613e-01 -5.597945986177205e-04
3.100000000000000e-01 3.031689716476197e-01 -5.689610263155314e-04
3.150000000000000e-01 3.115588954592450e-01 -5.785020486532177e-04
3.200000000000000e-01 3.201435537226349e-01 -5.889155780737877e-04
3.250000000000000e-01 3.289283121286580e-01 -5.998087086745665e-04
3.300000000000000e-01 3.379186614372866e-01 -6.114971388798728e-04
3.350000000000000e-01 3.471202209094989e-01 -6.238647954148387e-04
3.400000000000000e-01 3.565387418195016e-01 -6.370134673349842e-04
3.450000000000000e-01 3.661801110494620e-01 -6.511471730932284e-04
3.500000000000000e-01 3.760503547690021e-01 -6.660248925018764e-04
3.550000000000000e-01 3.861556422017504e-01 -6.821048937907413e-04
3.600000000000000e-01 3.965022894813072e-01 -6.991040310432649e-04
3.650000000000000e-01 4.070967635990345e-01 -7.173921429410938e-04
3.700000000000000e-01 4.179456864461349e-01 -7.368659708915540e-04
3.750000000000000e-01 4.290558389525505e-01 -7.576922041550163e-04
3.800000000000000e-01 4.404341653252637e-01 -7.800021522552677e-04
3.850000000000000e-01 4.520877773886537e-01 -8.038581161101747e-04
3.900000000000000e-01 4.640239590296172e-01 -8.294772344065090e-04
3.950000000000000e-01 4.762501707502353e-01 -8.569350255231795e-04
4.000000000000000e-01 4.887740543308307e-01 -8.864017842949100e-04
4.050000000000000e-01 5.016034376063282e-01 -9.180393276899086e-04
4.100000000000000e-01 5.147463393589066e-01 -9.520550455669420e-04
4.150000000000000e-01 5.282109743299990e-01 -9.886521171487697e-04
4.200000000000000e-01 5.420057583547735e-01 -1.028065562343085e-03
4.250000000000000e-01 5.561393136223041e-01 -1.070581593433841e-03
4.300000000000000e-01 5.706204740647189e-01 -1.116270601626198e-03
4.350000000000000e-01 5.854582908786964e-01 -1.165737415521375e-03
4.400000000000000e-01 6.006620381827575e-01 -1.219133431900352e-03
4.450000000000000e-01 6.162412188138907e-01 -1.276810256975571e-03
4.500000000000000e-01 6.322055702671360e-01 -1.339267703981369e-03
4.550000000000000e-01 6.485650707818353e-01 -1.406854602095704e-03
4.600000000000000e-01 6.653299455783577e-01 -1.480132516081687e-03
4.650000000000000e-01 6.825106732491932e-01 -1.559596170110747e-03
4.700000000000000e-01 7.001179923084168e-01 -1.645813504767116e-03
4.750000000000000e-01 7.181629079036070e-01 -1.739534715506546e-03
4.800000000000000e-01 7.366566986944229e-01 -1.841325287624771e-03
4.850000000000000e-01 7.556109239021327e-01 -1.952114612864678e-03
4.900000000000000e-01 7.750374305345038e-01 -2.072684038214366e-03
4.950000000000000e-01 7.949483607905672e-01 -2.203981517303411e-03
5.000000000000000e-01 8.153561596498893e-01 -2.347112395946646e-03
5.050000000000000e-01 8.362735826510871e-01 -2.503134809165642e-03
5.100000000000000e-01 8.577137038644561e-01 -2.673326228361366e-03
5.150000000000000e-01 8.796899240636907e-01 -2.859086577916227e-03
5.200000000000000e-01 9.022159791018011e-01 -3.061777719061252e-03
5.250000000000000e-01 9.253059484964714e-01 -3.283121677108231e-03
5.300000000000000e-01 9.489742642302165e-01 -3.524769683423847e-03
5.350000000000000e-01 9.732357197708378e-01 -3.788570014292347e-03
5.400000000000000e-01 9.981054793178262e-01 -4.076570397382970e-03
5.450000000000000e-01 1.023599087280478e+00 -4.390825739878179e-03
5.500000000000000e-01 1.049732477993657e+00 -4.733547300849164e-03
5.550000000000000e-01 1.076521985677273e+00 -5.107148141280255e-03
5.600000000000001e-01 1.103984354645701e+00 -5.513925768684345e-03
5.650000000000001e-01 1.132136749773522e+00 -5.956381562449852e-03
5.700000000000001e-01 1.160996767224129e+00 -6.436990097148919e-03
5.750000000000001e-01 1.190582445447902e+00 -6.958079784558109e-03
5.800000000000000e-01 1.220912276456826e+00 -7.521916480206002e-03
5.850000000000000e-01 1.252005217382601e+00 -8.130577316903278e-03
5.900000000000000e-01 1.283880702325469e+00 -8.785629221062708e-03
5.950000000000000e-01 1.316558654501151e+00 -9.488262893895505e-03
6.000000000000000e-01 1.350059498693518e+00 -1.023897897609931e-02
6.050000000000000e-01 1.384404174020732e+00 -1.103729121399672e-02
6.100000000000000e-01 1.419614147022888e+00 -1.188160162474214e-02
6.150000000000000e-01 1.455711425079295e+00 -1.276897438212785e-02
6.200000000000000e-01 1.492718570163803e+00 -1.369461802589953e-02
6.250000000000000e-01 1.530658712946775e+00 -1.465169475715520e-02
6.300000000000000e-01 1.569555567252506e+00 -1.563104966482267e-02
6.350000000000000e-01 1.609433444881138e+00 -1.662077375728564e-02
6.400000000000000e-01 1.650317270804325e+00 -1.760590692695874e-02
6.450000000000000e-01 1.692232598744148e+00 -1.856842264128008e-02
6.500000000000000e-01 1.735205627145031e+00 -1.948719728821391e-02
6.550000000000000e-01 1.779263215548615e+00 -2.033814488447448e-02
6.600000000000000e-01 1.824432901381847e+00 -2.109484344035953e-02
6.650000000000000e-01 1.870742917168772e+00 -2.172953369914768e-02
6.700000000000000e-01 1.918222208176775e+00 -2.221430187637982e-02
6.750000000000000e-01 1.966900450508319e+00 -2.252246917360668e-02
6.800000000000000e-01 2.016808069649473e+00 -2.263020418922622e-02
6.850000000000001e-01 2.067976259486829e+00 -2.251806598519664e-02
6.900000000000001e-01 2.120437001804702e+00 -2.217215183383520e-02
6.950000000000001e-01 2.174223086274785e+00 -2.158480237447537e-02
7.000000000000001e-01 2.229368130950753e+00 -2.075485251654517e-02
7.050000000000000e-01 2.285906603280654e+00 -1.968747036850564e-02
7.100000000000000e-01 2.343873841650178e+00 -1.839348349545322e-02
7.150000000000000e-01 2.403306077470301e+00 -1.688837380814245e-02
7.200000000000000e-01 2.464240457823092e+00 -1.519099994252446e-02
7.250000000000000e-01 2.526715068679855e+00 -1.332232139758359e-02
7.300000000000000e-01 2.590768958706095e+00 -1.130410285368567e-02
7.350000000000000e-01 2.656442163668210e+00 -9.157751201073641e-03
7.400000000000000e-01 2.723775731457148e+00 -6.903129757079391e-03
7.450000000000000e-01 2.792811747744667e+00 -4.557526073530636e-03
7.500000000000000e-01 2.863593362288260e+00 -2.134546224956998e-03
7.550000000000000e-01 2.936164815901156e+00 3.569128515259308e-04
7.600000000000000e-01 3.010571468104263e+00 2.913811204383642e-03
7.650000000000000e-01 3.086859825477351e+00 5.540155855813027e-03
7.700000000000000e-01 3.165077570727174e+00 8.248366144898453e-03
7.750000000000000e-01 3.245273592490716e+00 1.106084286073321e-02
7.800000000000000e-01 3.327498015892184e+00 1.401181214697892e-02
7.850000000000000e-01 3.411802233872832e+00 1.714930605528300e-02
7.900000000000000e-01 3.498238939313234e+00 2.053681140014589e-02
7.950000000000000e-01 3.586862157968046e+00 2.425363906937231e-02
8.000000000000000e-01 3.677727282233856e+00 2.839264728148686e-02
8.050000000000000e-01 3.770891105771243e+00 3.305378526927454e-02
8.100000000000001e-01 3.866411859002656e+00 3.833217382471815e-02
8.150000000000001e-01 3.964349245508326e+00 4.430015278002754e-02
8.200000000000001e-01 4.064764479342956e+00 5.098385624196431e-02
8.250000000000001e-01 4.167720323296481e+00 5.833632609267851e-02
8.300000000000001e-01 4.273281128122877e+00 6.621081519166666e-02
8.350000000000000e-01 4.381512872761445e+00 7.433956059783745e-02
8.400000000000000e-01 4.492483205575838e+00 8.232456196225366e-02
8.450000000000000e-01 4.606261486636447e+00 8.964721945692374e-02
8.500000000000000e-01 4.722918831072739e+00 9.570239313031657e-02
8.550000000000000e-01 4.842528153522501e+00 9.985899424852678e-02
8.600000000000000e-01 4.965164213705875e+00 1.015435468078449e-01
8.650000000000000e-01 5.090903663152626e+00 1.003360306394918e-01
8.700000000000000e-01 5.219825093111814e+00 9.606048156966680e-02
8.750000000000000e-01 5.352009083673925e+00 8.884877019114255e-02
8.800000000000000e-01 5.487538254136007e+00 7.915722695190355e-02
8.850000000000000e-01 5.626497314641444e+00 6.772376178067996e-02
8.900000000000000e-01 5.768973119126561e+00 5.546706983223609e-02
8.950000000000000e-01 5.915054719607133e+00 4.334592395441833e-02
9.000000000000000e-01 6.064833421838831e+00 3.220987651274401e-02
9.050000000000000e-01 6.218402842386253e+00 2.267732145272059e-02
9.100000000000000e-01 6.375858967136348e+00 1.506982494131084e-02
9.150000000000000e-01 6.537300211292723e+00 9.414579818653394e-03
9.200000000000000e-01 6.702827480888332e+00 5.506003515014486e-03
9.250000000000000e-01 6.872544235855034e+00 3.001088912573616e-03
9.300000000000000e-01 7.046556554689444e+00 1.517340901525619e-03
9.350000000000001e-01 7.224973200755413e+00 7.080909514130254e-04
9.400000000000001e-01 7.407905690264673e+00 3.033989604396141e-04
9.450000000000001e-01 7.595468361978146e+00 1.186989779254724e-04
9.500000000000001e-01 7.787778448671316e+00 4.215416077879882e-05
9.550000000000001e-01 7.984956150408610e+00 1.350529353420741e-05
9.600000000000000e-01 8.187124709672272e+00 3.877900106957043e-06
9.650000000000000e-01 8.394410488393007e+00 9.911096308238426e-07
9.700000000000000e-01 8.606943046930221e+00 2.238383185461459e-07
9.750000000000000e-01 8.824855225051540e+00 4.433960123050913e-08
9.800000000000000e-01 9.048283224961922e+00 7.652236116757972e-09
9.850000000000000e-01 9.277366696434507e+00 1.154310845152737e-09
9.900000000000000e-01 9.512248824096272e+00 1.658044152585042e-10
9.950000000000000e-01 9.753076416923058e+00 4.255193716896064e-11
1.000000000000000e+00 1.000000000000000e+01 2.684299834310528e-09
