0.000000000000000e+00 0.000000000000000e+00 1.946588806868411e-02
5.000000000000000e-03 3.369477419287315e-03 1.946278369751530e-02
1.000000000000000e-02 6.741060871647481e-03 1.946521631121006e-02
1.500000000000000e-02 1.011685770649257e-02 1.946597618579826e-02
2.000000000000000e-02 1.349897790673588e-02 1.946687066002778e-02
2.500000000000000e-02 1.688953540759990e-02 1.946852580792665e-02
3.000000000000000e-02 2.029064941789469e-02 1.947126969693820e-02
3.500000000000000e-02 2.370444574459234e-02 1.947365692175067e-02
4.000000000000000e-02 2.713305812152553e-02 1.947714326574521e-02
4.500000000000000e-02 3.057862954304063e-02 1.948066185343744e-02
5.000000000000000e-02 3.404331360343898e-02 1.948503362797377e-02
5.500000000000000e-02 3.752927584304335e-02 1.948971336865058e-02
6.000000000000000e-02 4.103869510173117e-02 1.949475672735810e-02
6.500000000000000e-02 4.457376488078044e-02 1.950043445942327e-02
7.000000000000001e-02 4.813669471387935e-02 1.950679547728954e-02
7.500000000000000e-02 5.172971154815675e-02 1.951339334331155e-02
8.000000000000000e-02 5.535506113609672e-02 1.952094042688702e-02
8.500000000000001e-02 5.901500943920686e-02 1.952869374914771e-02
9.000000000000000e-02 6.271184404431801e-02 1.953734976124667e-02
9.500000000000000e-02 6.644787559340060e-02 1.954658423018839e-02
1.000000000000000e-01 7.022543922779090e-02 1.955626601802967e-02
1.050000000000000e-01 7.404689604773053e-02 1.956676300174605e-02
1.100000000000000e-01 7.791463458813094e-02 1.957814519998474e-02
1.150000000000000e-01 8.183107231148547e-02 1.958997769261269e-02
1.200000000000000e-01 8.579865711886202e-02 1.960281471211131e-02
1.250000000000000e-01 8.981986887992111e-02 1.961630518540566e-02
1.300000000000000e-01 9.389722098291493e-02 1.963076849232382e-02
1.350000000000000e-01 9.803326190563690e-02 1.964605283104417e-02
1.400000000000000e-01 1.022305768083033e-01 1.966228891949817e-02
1.450000000000000e-01 1.064917891493625e-01 1.967950508083867e-02
1.500000000000000e-01 1.108195623252418e-01 1.969778006591061e-02
1.550000000000000e-01 1.152166013350572e-01 1.971703599588122e-02
1.600000000000000e-01 1.196856544713255e-01 1.973759163883861e-02
1.650000000000000e-01 1.242295150377370e-01 1.975917716864703e-02
1.700000000000000e-01 1.288510230950609e-01 1.978213814573963e-02
1.750000000000000e-01 1.335530672362758e-01 1.980637550803744e-02
1.800000000000000e-01 1.383385863920344e-01 1.983200317961900e-02
1.850000000000000e-01 1.432105716675912e-01 1.985910027514133e-02
1.900000000000000e-01 1.481720682123397e-01 1.988779388310413e-02
1.950000000000000e-01 1.532261771231311e-01 1.991801299273630e-02
2.000000000000000e-01 1.583760573825595e-01 1.995009364798470e-02
2.050000000000000e-01 1.636249278334301e-01 1.998387888241387e-02
2.100000000000000e-01 1.689760691906397e-01 2.001963367777276e-02
2.150000000000000e-01 1.744328260917313e-01 2.005740930543361e-02
2.200000000000000e-01 1.799986091874004e-01 2.009731966293718e-02
2.250000000000000e-01 1.856768972732633e-01 2.013944182242677e-02
2.300000000000000e-01 1.914712394642179e-01 2.018404897819920e-02
2.350000000000000e-01 1.973852574127551e-01 2.023105927876778e-02
2.400000000000000e-01 2.034226475726105e-01 2.028080670232797e-02
2.450000000000000e-01 2.095871835091678e-01 2.033334390799013e-02
2.500000000000000e-01 2.158827182580599e-01 2.038884292199179e-02
2.550000000000000e-01 2.223131867334419e-01 2.044745154847966e-02
2.600000000000000e-01 2.288826081874405e-01 2.050945818053769e-02
2.650000000000000e-01 2.355950887223172e-01 2.057486532612911e-02
2.700000000000000e-01 2.424548238569160e-01 2.064403622142700e-02
2.750000000000000e-01 2.494661011489995e-01 2.071710332748195e-02
2.800000000000000e-01 2.566333028751116e-01 2.079429439052247e-02
2.850000000000000e-01 2.639609087696434e-01 2.087579795637561e-02
2.900000000000000e-01 2.714534988248126e-01 2.096199259866353e-02
2.950000000000000e-01 2.791157561533084e-01 2.105296425918469e-02
3.000000000000000e-01 2.869524699153886e-01 2.114907486313139e-02
3.050000000000000e-01 2.949685383122613e-01 2.125058467899171e-02
3.100000000000000e-01 3.031689716476197e-01 2.135781966672679e-02
3.150000000000000e-01 3.115588954592450e-01 2.147096394237979e-02
3.200000000000000e-01 3.201435537226349e-01 2.159048018535340e-02
3.250000000000000e-01 3.289283121286580e-01 2.171661651452634e-02
3.300000000000000e-01 3.379186614372866e-01 2.184972329701989e-02
3.350000000000000e-01 3.471202209094989e-01 2.199009093390648e-02
3.400000000000000e-01 3.565387418195016e-01 2.213821195166578e-02
3.450000000000000e-01 3.661801110494620e-01 2.229434113301598e-02
3.500000000000000e-01 3.760503547690021e-01 2.245887389169298e-02
3.550000000000000e-01 3.861556422017504e-01 2.263215044731359e-02
3.600000000000000e-01 3.965022894813072e-01 2.281466875211819e-02
3.650000000000000e-01 4.070967635990345e-01 2.300669843627038e-02
3.700000000000000e-01 4.179456864461349e-01 2.320863804838000e-02
3.750000000000000e-01 4.290558389525505e-01 2.342081254923645e-02
3.800000000000000e-01 4.404341653252637e-01 2.364369502021402e-02
3.850000000000000e-01 4.520877773886537e-01 2.387754239437553e-02
3.900000000000000e-01 4.640239590296172e-01 2.412269205810790e-02
3.950000000000000e-01 4.762501707502353e-01 2.437935813615787e-02
4.000000000000000e-01 4.887740543308307e-01 2.464789318986942e-02
4.050000000000000e-01 5.016034376063282e-01 2.492847374607672e-02
4.100000000000000e-01 5.147463393589066e-01 2.522131868871491e-02
4.150000000000000e-01 5.282109743299990e-01 2.552642202801111e-02
4.200000000000000e-01 5.420057583547735e-01 2.584384205732003e-02
4.250000000000000e-01 5.561393136223041e-01 2.617348263196931e-02
4.300000000000000e-01 5.706204740647189e-01 2.651528567484397e-02
4.350000000000000e-01 5.854582908786964e-01 2.686895697973591e-02
4.400000000000000e-01 6.006620381827575e-01 2.723419690315416e-02
4.450000000000000e-01 6.162412188138907e-01 2.761041329941929e-02
4.500000000000000e-01 6.322055702671360e-01 2.799698214521343e-02
4.550000000000000e-01 6.485650707818353e-01 2.839301844359780e-02
4.600000000000000e-01 6.653299455783577e-01 2.879753948964613e-02
4.650000000000000e-01 6.825106732491932e-01 2.920932981470004e-02
4.700000000000000e-01 7.001179923084168e-01 2.962699936231930e-02
4.750000000000000e-01 7.181629079036070e-01 3.004892266476245e-02
4.800000000000000e-01 7.366566986944229e-01 3.047324656676868e-02
4.850000000000000e-01 7.556109239021327e-01 3.089786532495828e-02
4.900000000000000e-01 7.750374305345038e-01 3.132041452160257e-02
4.950000000000000e-01 7.949483607905672e-01 3.173825968228655e-02
5.000000000000000e-01 8.153561596498893e-01 3.214849049121125e-02
5.050000000000000e-01 8.362735826510871e-01 3.254791661986203e-02
5.100000000000000e-01 8.577137038644561e-01 3.293306738723148e-02
5.150000000000000e-01 8.796899240636907e-01 3.330019521505470e-02
5.200000000000000e-01 9.022159791018011e-01 3.364528372061184e-02
5.250000000000000e-01 9.253059484964714e-01 3.396406103236912e-02
5.300000000000000e-01 9.489742642302165e-01 3.425201901956290e-02
5.350000000000000e-01 9.732357197708378e-01 3.450443909779644e-02
5.400000000000000e-01 9.981054793178262e-01 3.471642525966166e-02
5.450000000000000e-01 1.023599087280478e+00 3.488294492935596e-02
5.500000000000000e-01 1.049732477993657e+00 3.499887815932830e-02
5.550000000000000e-01 1.076521985677273e+00 3.505907556434790e-02
5.600000000000001e-01 1.103984354645701e+00 3.505842521813110e-02
5.650000000000001e-01 1.132136749773522e+00 3.499192851406203e-02
5.700000000000001e-01 1.160996767224129e+00 3.485478471130287e-02
5.750000000000001e-01 1.190582445447902e+00 3.464248355070941e-02
5.800000000000000e-01 1.220912276456826e+00 3.435090493582167e-02
5.850000000000000e-01 1.252005217382601e+00 3.397642424245377e-02
5.900000000000000e-01 1.283880702325469e+00 3.351602136158578e-02
5.950000000000000e-01 1.316558654501151e+00 3.296739111564490e-02
6.000000000000000e-01 1.350059498693518e+00 3.232905224412874e-02
6.050000000000000e-01 1.384404174020732e+00 3.160045176045083e-02
6.100000000000000e-01 1.419614147022888e+00 3.078206116829920e-02
6.150000000000000e-01 1.455711425079295e+00 2.987546082094452e-02
6.200000000000000e-01 1.492718570163803e+00 2.888340863371417e-02
6.250000000000000e-01 1.530658712946775e+00 2.780988943310215e-02
6.300000000000000e-01 1.569555567252506e+00 2.666014145089111e-02
6.350000000000000e-01 1.609433444881138e+00 2.544065684383939e-02
6.400000000000000e-01 1.650317270804325e+00 2.415915362716200e-02
6.450000000000000e-01 1.692232598744148e+00 2.282451703834484e-02
6.500000000000000e-01 1.735205627145031e+00 2.144670908463785e-02
6.550000000000000e-01 1.779263215548615e+00 2.003664586990556e-02
6.600000000000000e-01 1.824432901381847e+00 1.860604325600499e-02
6.650000000000000e-01 1.870742917168772e+00 1.716723251953968e-02
6.700000000000000e-01 1.918222208176775e+00 1.573294896142447e-02
6.750000000000000e-01 1.966900450508319e+00 1.431609796729862e-02
6.800000000000000e-01 2.016808069649473e+00 1.292950484975918e-02
6.850000000000001e-01 2.067976259486829e+00 1.158565695443778e-02
6.900000000000001e-01 2.120437001804702e+00 1.029644896508980e-02
6.950000000000001e-01 2.174223086274785e+00 9.072945024233758e-03
7.000000000000001e-01 2.229368130950753e+00 7.925174056338469e-03
7.050000000000000e-01 2.285906603280654e+00 6.861977341930011e-03
7.100000000000000e-01 2.343873841650178e+00 5.890929707826891e-03
7.150000000000000e-01 2.403306077470301e+00 5.018357432713424e-03
7.200000000000000e-01 2.464240457823092e+00 4.249476914991991e-03
7.250000000000000e-01 2.526715068679855e+00 3.588678167940220e-03
7.300000000000000e-01 2.590768958706095e+00 3.039976205349439e-03
7.350000000000000e-01 2.656442163668210e+00 2.607651263157983e-03
7.400000000000000e-01 2.723775731457148e+00 2.297095343816484e-03
7.450000000000000e-01 2.792811747744667e+00 2.115877224691198e-03
7.500000000000000e-01 2.863593362288260e+00 2.075029731599581e-03
7.550000000000000e-01 2.936164815901156e+00 2.190549816917866e-03
7.600000000000000e-01 3.010571468104263e+00 2.485080850707344e-03
7.650000000000000e-01 3.086859825477351e+00 2.989713518385554e-03
7.700000000000000e-01 3.165077570727174e+00 3.745792000254336e-03
7.750000000000000e-01 3.245273592490716e+00 4.806540832311771e-03
7.800000000000000e-01 3.327498015892184e+00 6.238231641343523e-03
7.850000000000000e-01 3.411802233872832e+00 8.120488413171671e-03
7.900000000000000e-01 3.498238939313234e+00 1.054519326099026e-02
7.950000000000000e-01 3.586862157968046e+00 1.361332206080319e-02
8.000000000000000e-01 3.677727282233856e+00 1.742894784039701e-02
8.050000000000000e-01 3.770891105771243e+00 2.208965651806530e-02
8.100000000000001e-01 3.866411859002656e+00 2.767280069453581e-02
8.150000000000001e-01 3.964349245508326e+00 3.421745914375363e-02
8.200000000000001e-01 4.064764479342956e+00 4.170274797877335e-02
8.250000000000001e-01 4.167720323296481e+00 5.002427267390205e-02
8.300000000000001e-01 4.273281128122877e+00 5.897194986609511e-02
8.350000000000000e-01 4.381512872761445e+00 6.821394541996062e-02
8.400000000000000e-01 4.492483205575838e+00 7.729266559257882e-02
8.450000000000000e-01 4.606261486636447e+00 8.563902466698274e-02
8.500000000000000e-01 4.722918831072739e+00 9.260994957641655e-02
8.550000000000000e-01 4.842528153522501e+00 9.755076930088322e-02
8.600000000000000e-01 4.965164213705875e+00 9.987872635632336e-02
8.650000000000000e-01 5.090903663152626e+00 9.917705959358085e-02
8.700000000000000e-01 5.219825093111814e+00 9.528259150716277e-02
8.750000000000000e-01 5.352009083673925e+00 8.834590027846227e-02
8.800000000000000e-01 5.487538254136007e+00 7.884442744703334e-02
8.850000000000000e-01 5.626497314641444e+00 6.753670995569372e-02
8.900000000000000e-01 5.768973119126561e+00 5.535962449049715e-02
8.950000000000000e-01 5.915054719607133e+00 4.328668345202262e-02
9.000000000000000e-01 6.064833421838831e+00 3.217854640384286e-02
9.050000000000000e-01 6.218402842386253e+00 2.266143768808146e-02
9.100000000000000e-01 6.375858967136348e+00 1.506210954426401e-02
9.150000000000000e-01 6.537300211292723e+00 9.410990856956507e-03
9.200000000000000e-01 6.702827480888332e+00 5.504405415843187e-03
9.250000000000000e-01 6.872544235855034e+00 3.000407973996794e-03
9.300000000000000e-01 7.046556554689444e+00 1.517063342260918e-03
9.350000000000001e-01 7.224973200755413e+00 7.079827442656038e-04
9.400000000000001e-01 7.407905690264673e+00 3.033586144654255e-04
9.450000000000001e-01 7.595468361978146e+00 1.186845872512567e-04
9.500000000000001e-01 7.787778448671316e+00 4.214924559205945e-05
9.550000000000001e-01 7.984956150408610e+00 1.350368006703894e-05
9.600000000000000e-01 8.187124709672272e+00 3.877387319805509e-06
9.650000000000000e-01 8.394410488393007e+00 9.909443224310826e-07
9.700000000000000e-01 8.606943046930221e+00 2.237757114341894e-07
9.750000000000000e-01 8.824855225051540e+00 4.430969389026041e-08
9.800000000000000e-01 9.048283224961922e+00 7.633845320400245e-09
9.850000000000000e-01 9.277366696434507e+00 1.142616414327125e-09
9.900000000000000e-01 9.512248824096272e+00 1.619352993649163e-10
9.950000000000000e-01 9.753076416923058e+00 3.231982579157804e-11
1.000000000000000e+00 1.000000000000000e+01 -1.003724191958160e-11
