0.000000000000000e+00 0.000000000000000e+00 -2.951707312224976e-04
5.000000000000000e-03 3.369477419287315e-03 -2.987713928141559e-04
1.000000000000000e-02 6.741060871647481e-03 -2.989146943071840e-04
1.500000000000000e-02 1.011685770649257e-02 -2.995102892629694e-04
2.000000000000000e-02 1.349897790673588e-02 -2.998865750343739e-04
2.500000000000000e-02 1.688953540759990e-02 -2.998341479318603e-04
3.000000000000000e-02 2.029064941789469e-02 -3.002487159018851e-04
3.500000000000000e-02 2.370444574459234e-02 -3.000471643489708e-04
4.000000000000000e-02 2.713305812152553e-02 -3.005377499930895e-04
4.500000000000000e-02 3.057862954304063e-02 -3.000397039100433e-04
5.000000000000000e-02 3.404331360343898e-02 -3.007849200702356e-04
5.500000000000000e-02 3.752927584304335e-02 -3.004966795026224e-04
6.000000000000000e-02 4.103869510173117e-02 -3.012479905164293e-04
6.500000000000000e-02 4.457376488078044e-02 -3.009535814317393e-04
7.000000000000001e-02 4.813669471387935e-02 -3.016922673286481e-04
7.500000000000000e-02 5.172971154815675e-02 -3.018363599828739e-04
8.000000000000000e-02 5.535506113609672e-02 -3.021872019121431e-04
8.500000000000001e-02 5.901500943920686e-02 -3.026097324020138e-04
9.000000000000000e-02 6.271184404431801e-02 -3.029515010660348e-04
9.500000000000000e-02 6.644787559340060e-02 -3.034661137182891e-04
1.000000000000000e-01 7.022543922779090e-02 -3.038398379180530e-04
1.050000000000000e-01 7.404689604773053e-02 -3.044342509542740e-04
1.100000000000000e-01 7.791463458813094e-02 -3.049534218488451e-04
1.150000000000000e-01 8.183107231148547e-02 -3.054727417222508e-04
1.200000000000000e-01 8.579865711886202e-02 -3.061076445826566e-04
1.250000000000000e-01 8.981986887992111e-02 -3.068090115881439e-04
1.300000000000000e-01 9.389722098291493e-02 -3.073537531810823e-04
1.350000000000000e-01 9.803326190563690e-02 -3.082772348794381e-04
1.400000000000000e-01 1.022305768083033e-01 -3.087834194481288e-04
1.450000000000000e-01 1.064917891493625e-01 -3.098190585379589e-04
1.500000000000000e-01 1.108195623252418e-01 -3.103764555557493e-04
1.550000000000000e-01 1.152166013350572e-01 -3.114852097562386e-04
1.600000000000000e-01 1.196856544713255e-01 -3.123057345624244e-04
1.650000000000000e-01 1.242295150377370e-01 -3.135063045372267e-04
1.700000000000000e-01 1.288510230950609e-01 -3.144480850761786e-04
1.750000000000000e-01 1.335530672362758e-01 -3.156856188680304e-04
1.800000000000000e-01 1.383385863920344e-01 -3.168007341728701e-04
1.850000000000000e-01 1.432105716675912e-01 -3.181160857737011e-04
1.900000000000000e-01 1.481720682123397e-01 -3.193985863896545e-04
1.950000000000000e-01 1.532261771231311e-01 -3.209115966683912e-04
2.000000000000000e-01 1.583760573825595e-01 -3.224108710707368e-04
2.050000000000000e-01 1.636249278334301e-01 -3.239629366706743e-04
2.100000000000000e-01 1.689760691906397e-01 -3.256927157988203e-04
2.150000000000000e-01 1.744328260917313e-01 -3.274331232508353e-04
2.200000000000000e-01 1.799986091874004e-01 -3.293484887348037e-04
2.250000000000000e-01 1.856768972732633e-01 -3.312954769266199e-04
2.300000000000000e-01 1.914712394642179e-01 -3.334242771249730e-04
2.350000000000000e-01 1.973852574127551e-01 -3.356541881677065e-04
2.400000000000000e-01 2.034226475726105e-01 -3.379894470081723e-04
2.450000000000000e-01 2.095871835091678e-01 -3.404909259693202e-04
2.500000000000000e-01 2.158827182580599e-01 -3.431246597123680e-04
2.550000000000000e-01 2.223131867334419e-01 -3.459190547664719e-04
2.600000000000000e-01 2.288826081874405e-01 -3.488615314549625e-04
2.650000000000000e-01 2.355950887223172e-01 -3.519825150422102e-04
2.700000000000000e-01 2.424548238569160e-01 -3.553186457372227e-04
2.750000000000000e-01 2.494661011489995e-01 -3.588886115526948e-04
2.800000000000000e-01 2.566333028751116e-01 -3.625743384858653e-04
2.850000000000000e-01 2.639609087696434e-01 -3.665768564421419e-04
2.900000000000000e-01 2.714534988248126e-01 -3.707520259026573e-04
2.950000000000000e-01 2.791157561533084e-01 -3.752015952813271e-04
3.000000000000000e-01 2.869524699153886e-01 -3.799055508298422e-04
3.050000000000000e-01 2.949685383122613e-01 -3.849721486533392e-04
3.100000000000000e-01 3.031689716476197e-01 -3.902850675458124e-04
3.150000000000000e-01 3.115588954592450e-01 -3.960368957526812e-04
3.200000000000000e-01 3.201435537226349e-01 -4.020656780759637e-04
3.250000000000000e-01 3.289283121286580e-01 -4.085530934668902e-04
3.300000000000000e-01 3.379186614372866e-01 -4.153340207888366e-04
3.350000000000000e-01 3.471202209094989e-01 -4.226759721974846e-04
3.400000000000000e-01 3.565387418195016e-01 -4.304517401485481e-04
3.450000000000000e-01 3.661801110494620e-01 -4.387689742711832e-04
3.500000000000000e-01 3.760503547690021e-01 -4.476815438872919e-04
3.550000000000000e-01 3.861556422017504e-01 -4.571268619255986e-04
3.600000000000000e-01 3.965022894813072e-01 -4.673439731808328e-04
3.650000000000000e-01 4.070967635990345e-01 -4.781517114163781e-04
3.700000000000000e-01 4.179456864461349e-01 -4.897918600748127e-04
3.750000000000000e-01 4.290558389525505e-01 -5.022470873717400e-04
3.800000000000000e-01 4.404341653252637e-01 -5.155564687514643e-04
3.850000000000000e-01 4.520877773886537e-01 -5.299766035116195e-04
3.900000000000000e-01 4.640239590296172e-01 -5.452921575377714e-04
3.950000000000000e-01 4.762501707502353e-01 -5.619316306941823e-04
4.000000000000000e-01 4.887740543308307e-01 -5.796772234030598e-04
4.050000000000000e-01 5.016034376063282e-01 -5.988532991702745e-04
4.100000000000000e-01 5.147463393589066e-01 -6.195753973364909e-04
4.150000000000000e-01 5.282109743299990e-01 -6.418367011084735e-04
4.200000000000000e-01 5.420057583547735e-01 -6.659968000242864e-04
4.250000000000000e-01 5.561393136223041e-01 -6.920216482702967e-04
4.300000000000000e-01 5.706204740647189e-01 -7.201682101859337e-04
4.350000000000000e-01 5.854582908786964e-01 -7.507354198675373e-04
4.400000000000000e-01 6.006620381827575e-01 -7.838393651294815e-04
4.450000000000000e-01 6.162412188138907e-01 -8.197857140289046e-04
4.500000000000000e-01 6.322055702671360e-01 -8.587725122888107e-04
4.550000000000000e-01 6.485650707818353e-01 -9.012785217877694e-04
4.600000000000000e-01 6.653299455783577e-01 -9.474751594333407e-04
4.650000000000000e-01 6.825106732491932e-01 -9.978300103807469e-04
4.700000000000000e-01 7.001179923084168e-01 -1.052798813229761e-03
4.750000000000000e-01 7.181629079036070e-01 -1.112762096592628e-03
4.800000000000000e-01 7.366566986944229e-01 -1.178344187723111e-03
4.850000000000000e-01 7.556109239021327e-01 -1.250077237782210e-03
4.900000000000000e-01 7.750374305345038e-01 -1.328591228262415e-03
4.950000000000000e-01 7.949483607905672e-01 -1.414704332865528e-03
5.000000000000000e-01 8.153561596498893e-01 -1.509077379538803e-03
5.050000000000000e-01 8.362735826510871e-01 -1.612727341872069e-03
5.100000000000000e-01 8.577137038644561e-01 -1.726573288960569e-03
5.150000000000000e-01 8.796899240636907e-01 -1.851687281917656e-03
5.200000000000000e-01 9.022159791018011e-01 -1.989344420963445e-03
5.250000000000000e-01 9.253059484964714e-01 -2.140801539429869e-03
5.300000000000000e-01 9.489742642302165e-01 -2.307526747628133e-03
5.350000000000000e-01 9.732357197708378e-01 -2.491192032275940e-03
5.400000000000000e-01 9.981054793178262e-01 -2.693430524494862e-03
5.450000000000000e-01 1.023599087280478e+00 -2.916251801106917e-03
5.500000000000000e-01 1.049732477993657e+00 -3.161698651446707e-03
5.550000000000000e-01 1.076521985677273e+00 -3.431961397546887e-03
5.600000000000001e-01 1.103984354645701e+00 -3.729500978575591e-03
5.650000000000001e-01 1.132136749773522e+00 -4.056853973764999e-03
5.700000000000001e-01 1.160996767224129e+00 -4.416642863901502e-03
5.750000000000001e-01 1.190582445447902e+00 -4.811770924250096e-03
5.800000000000000e-01 1.220912276456826e+00 -5.245047114330935e-03
5.850000000000000e-01 1.252005217382601e+00 -5.719352278473647e-03
5.900000000000000e-01 1.283880702325469e+00 -6.237586359672249e-03
5.950000000000000e-01 1.316558654501151e+00 -6.802419965496321e-03
6.000000000000000e-01 1.350059498693518e+00 -7.416219068763844e-03
6.050000000000000e-01 1.384404174020732e+00 -8.081063778201518e-03
6.100000000000000e-01 1.419614147022888e+00 -8.798288637170193e-03
6.150000000000000e-01 1.455711425079295e+00 -9.568372925420357e-03
6.200000000000000e-01 1.492718570163803e+00 -1.039074795207181e-02
6.250000000000000e-01 1.530658712946775e+00 -1.126336796589730e-02
6.300000000000000e-01 1.569555567252506e+00 -1.218227740732026e-02
6.350000000000000e-01 1.609433444881138e+00 -1.314141477358485e-02
6.400000000000000e-01 1.650317270804325e+00 -1.413209737689420e-02
6.450000000000000e-01 1.692232598744148e+00 -1.514252078968330e-02
6.500000000000000e-01 1.735205627145031e+00 -1.615748446438896e-02
6.550000000000000e-01 1.779263215548615e+00 -1.715819966827781e-02
6.600000000000000e-01 1.824432901381847e+00 -1.812208453906048e-02
6.650000000000000e-01 1.870742917168772e+00 -1.902295230923521e-02
6.700000000000000e-01 1.918222208176775e+00 -1.983173111400102e-02
6.750000000000000e-01 1.966900450508319e+00 -2.051751558831898e-02
6.800000000000000e-01 2.016808069649473e+00 -2.104894610652444e-02
6.850000000000001e-01 2.067976259486829e+00 -2.139597730821801e-02
6.900000000000001e-01 2.120437001804702e+00 -2.153185240285239e-02
6.950000000000001e-01 2.174223086274785e+00 -2.143487373286881e-02
7.000000000000001e-01 2.229368130950753e+00 -2.108969423958897e-02
7.050000000000000e-01 2.285906603280654e+00 -2.048810179685643e-02
7.100000000000000e-01 2.343873841650178e+00 -1.962921684839932e-02
7.150000000000000e-01 2.403306077470301e+00 -1.851910137392165e-02
7.200000000000000e-01 2.464240457823092e+00 -1.716973217839948e-02
7.250000000000000e-01 2.526715068679855e+00 -1.559761040417073e-02
7.300000000000000e-01 2.590768958706095e+00 -1.382211967490050e-02
7.350000000000000e-01 2.656442163668210e+00 -1.186389354553035e-02
7.400000000000000e-01 2.723775731457148e+00 -9.743163270527393e-03
7.450000000000000e-01 2.792811747744667e+00 -7.478251855936321e-03
7.500000000000000e-01 2.863593362288260e+00 -5.084056442485433e-03
7.550000000000000e-01 2.936164815901156e+00 -2.570701000756323e-03
7.600000000000000e-01 3.010571468104263e+00 5.784462170014689e-05
7.650000000000000e-01 3.086859825477351e+00 2.805014957871593e-03
7.700000000000000e-01 3.165077570727174e+00 5.682877065716496e-03
7.750000000000000e-01 3.245273592490716e+00 8.713223967063441e-03
7.800000000000000e-01 3.327498015892184e+00 1.192858890992714e-02
7.850000000000000e-01 3.411802233872832e+00 1.537312900336068e-02
7.900000000000000e-01 3.498238939313234e+00 1.910321696381742e-02
7.950000000000000e-01 3.586862157968046e+00 2.318719432020489e-02
8.000000000000000e-01 3.677727282233856e+00 2.770326459546646e-02
8.050000000000000e-01 3.770891105771243e+00 3.273409964117042e-02
8.100000000000001e-01 3.866411859002656e+00 3.835668970722625e-02
8.150000000000001e-01 3.964349245508326e+00 4.462647111236629e-02
8.200000000000001e-01 4.064764479342956e+00 5.155585425590899e-02
8.250000000000001e-01 4.167720323296481e+00 5.908882813488422e-02
8.300000000000001e-01 4.273281128122877e+00 6.707511640290532e-02
8.350000000000000e-01 4.381512872761445e+00 7.524911563385983e-02
8.400000000000000e-01 4.492483205575838e+00 8.322017213949771e-02
8.450000000000000e-01 4.606261486636447e+00 9.048111936179462e-02
8.500000000000000e-01 4.722918831072739e+00 9.644076865545569e-02
8.550000000000000e-01 4.842528153522501e+00 1.004826819698383e-01
8.600000000000000e-01 4.965164213705875e+00 1.020469578323835e-01
8.650000000000000e-01 5.090903663152626e+00 1.007246485655721e-01
8.700000000000000e-01 5.219825093111814e+00 9.634751545032690e-02
8.750000000000000e-01 5.352009083673925e+00 8.905162846296696e-02
8.800000000000000e-01 5.487538254136007e+00 7.929439919665728e-02
8.850000000000000e-01 5.626497314641444e+00 6.781249299069067e-02
8.900000000000000e-01 5.768973119126561e+00 5.552196370466683e-02
8.950000000000000e-01 5.915054719607133e+00 4.337839528218156e-02
9.000000000000000e-01 6.064833421838831e+00 3.222823746839266e-02
9.050000000000000e-01 6.218402842386253e+00 2.268724356649169e-02
9.100000000000000e-01 6.375858967136348e+00 1.507494799857038e-02
9.150000000000000e-01 6.537300211292723e+00 9.417106687532466e-03
9.200000000000000e-01 6.702827480888332e+00 5.507193903025675e-03
9.250000000000000e-01 6.872544235855034e+00 3.001624440917575e-03
9.300000000000000e-01 7.046556554689444e+00 1.517570946803094e-03
9.350000000000001e-01 7.224973200755413e+00 7.081853009734156e-04
9.400000000000001e-01 7.407905690264673e+00 3.034359031705964e-04
9.450000000000001e-01 7.595468361978146e+00 1.187127867493057e-04
9.500000000000001e-01 7.787778448671316e+00 4.215908712315697e-05
9.550000000000001e-01 7.984956150408610e+00 1.350697132742946e-05
9.600000000000000e-01 8.187124709672272e+00 3.878446315499743e-06
9.650000000000000e-01 8.394410488393007e+00 9.912795249816237e-07
9.700000000000000e-01 8.606943046930221e+00 2.238894709750146e-07
9.750000000000000e-01 8.824855225051540e+00 4.435406384283277e-08
9.800000000000000e-01 9.048283224961922e+00 7.654427633497034e-09
9.850000000000000e-01 9.277366696434507e+00 1.152428335875279e-09
9.900000000000000e-01 9.512248824096272e+00 1.622102101260139e-10
9.950000000000000e-01 9.753076416923058e+00 1.748828235530551e-11
1.000000000000000e+00 1.000000000000000e+01 -5.246896053433315e-09
