0.000000000000000e+00 0.000000000000000e+00 -3.129411476322062e-03
5.000000000000000e-03 3.369477419287315e-03 -3.133012146586518e-03
1.000000000000000e-02 6.741060871647481e-03 -3.134395638015612e-03
1.500000000000000e-02 1.011685770649257e-02 -3.136295097976719e-03
2.000000000000000e-02 1.349897790673588e-02 -3.136219788073782e-03
2.500000000000000e-02 1.688953540759990e-02 -3.138333011102166e-03
3.000000000000000e-02 2.029064941789469e-02 -3.139219462662731e-03
3.500000000000000e-02 2.370444574459234e-02 -3.141722278844155e-03
4.000000000000000e-02 2.713305812152553e-02 -3.142800729788010e-03
4.500000000000000e-02 3.057862954304063e-02 -3.146190150555395e-03
5.000000000000000e-02 3.404331360343898e-02 -3.147886838321817e-03
5.500000000000000e-02 3.752927584304335e-02 -3.151475390311979e-03
6.000000000000000e-02 4.103869510173117e-02 -3.154139893532879e-03
6.500000000000000e-02 4.457376488078044e-02 -3.158018599897853e-03
7.000000000000001e-02 4.813669471387935e-02 -3.161612169445618e-03
7.500000000000000e-02 5.172971154815675e-02 -3.165841237546276e-03
8.000000000000000e-02 5.535506113609672e-02 -3.170228397766738e-03
8.500000000000001e-02 5.901500943920686e-02 -3.175142499967335e-03
9.000000000000000e-02 6.271184404431801e-02 -3.180197572399021e-03
9.500000000000000e-02 6.644787559340060e-02 -3.185877837960028e-03
1.000000000000000e-01 7.022543922779090e-02 -3.191792328873060e-03
1.050000000000000e-01 7.404689604773053e-02 -3.198206672227492e-03
1.100000000000000e-01 7.791463458813094e-02 -3.205203435707834e-03
1.150000000000000e-01 8.183107231148547e-02 -3.212333072395842e-03
1.200000000000000e-01 8.579865711886202e-02 -3.220327569147044e-03
1.250000000000000e-01 8.981986887992111e-02 -3.228379829573598e-03
1.300000000000000e-01 9.389722098291493e-02 -3.237324360707870e-03
1.350000000000000e-01 9.803326190563690e-02 -3.246526897235416e-03
1.400000000000000e-01 1.022305768083033e-01 -3.256434512080676e-03
1.450000000000000e-01 1.064917891493625e-01 -3.266775498240835e-03
1.500000000000000e-01 1.108195623252418e-01 -3.277805653969621e-03
1.550000000000000e-01 1.152166013350572e-01 -3.289509313759554e-03
1.600000000000000e-01 1.196856544713255e-01 -3.301768572396427e-03
1.650000000000000e-01 1.242295150377370e-01 -3.314831205439875e-03
1.700000000000000e-01 1.288510230950609e-01 -3.328526628738814e-03
1.750000000000000e-01 1.335530672362758e-01 -3.343241043198306e-03
1.800000000000000e-01 1.383385863920344e-01 -3.358407217037515e-03
1.850000000000000e-01 1.432105716675912e-01 -3.374861893088014e-03
1.900000000000000e-01 1.481720682123397e-01 -3.391766154082296e-03
1.950000000000000e-01 1.532261771231311e-01 -3.410014528260079e-03
2.000000000000000e-01 1.583760573825595e-01 -3.428964126021545e-03
2.050000000000000e-01 1.636249278334301e-01 -3.449162304736396e-03
2.100000000000000e-01 1.689760691906397e-01 -3.470227476030859e-03
2.150000000000000e-01 1.744328260917313e-01 -3.492631959202707e-03
2.200000000000000e-01 1.799986091874004e-01 -3.516222058090505e-03
2.250000000000000e-01 1.856768972732633e-01 -3.541100879186621e-03
2.300000000000000e-01 1.914712394642179e-01 -3.567362335124197e-03
2.350000000000000e-01 1.973852574127551e-01 -3.594944273875274e-03
2.400000000000000e-01 2.034226475726105e-01 -3.624259187519324e-03
2.450000000000000e-01 2.095871835091678e-01 -3.654895382652670e-03
2.500000000000000e-01 2.158827182580599e-01 -3.687448866749920e-03
2.550000000000000e-01 2.223131867334419e-01 -3.721629339068101e-03
2.600000000000000e-01 2.288826081874405e-01 -3.757744561683866e-03
2.650000000000000e-01 2.355950887223172e-01 -3.795847307570368e-03
2.700000000000000e-01 2.424548238569160e-01 -3.835939798541701e-03
2.750000000000000e-01 2.494661011489995e-01 -3.878412437007157e-03
2.800000000000000e-01 2.566333028751116e-01 -3.922952424638184e-03
2.850000000000000e-01 2.639609087696434e-01 -3.970253453741037e-03
2.900000000000000e-01 2.714534988248126e-01 -4.019925475208143e-03
2.950000000000000e-01 2.791157561533084e-01 -4.072566780184386e-03
3.000000000000000e-01 2.869524699153886e-01 -4.127942067469033e-03
3.050000000000000e-01 2.949685383122613e-01 -4.186464889651235e-03
3.100000000000000e-01 3.031689716476197e-01 -4.248281171420809e-03
3.150000000000000e-01 3.115588954592450e-01 -4.313456316391968e-03
3.200000000000000e-01 3.201435537226349e-01 -4.382444210224032e-03
3.250000000000000e-01 3.289283121286580e-01 -4.455157965435344e-03
3.300000000000000e-01 3.379186614372866e-01 -4.532094349286260e-03
3.350000000000000e-01 3.471202209094989e-01 -4.613331967908921e-03
3.400000000000000e-01 3.565387418195016e-01 -4.699112859254789e-03
3.450000000000000e-01 3.661801110494620e-01 -4.789900813727481e-03
3.500000000000000e-01 3.760503547690021e-01 -4.885726188872922e-03
3.550000000000000e-01 3.861556422017504e-01 -4.987195729026166e-03
3.600000000000000e-01 3.965022894813072e-01 -5.094405516430194e-03
3.650000000000000e-01 4.070967635990345e-01 -5.207836521548928e-03
3.700000000000000e-01 4.179456864461349e-01 -5.327786740252914e-03
3.750000000000000e-01 4.290558389525505e-01 -5.454721012999212e-03
3.800000000000000e-01 4.404341653252637e-01 -5.589038464498272e-03
3.850000000000000e-01 4.520877773886537e-01 -5.731219721279415e-03
3.900000000000000e-01 4.640239590296172e-01 -5.881719060922558e-03
3.950000000000000e-01 4.762501707502353e-01 -6.040991128248210e-03
4.000000000000000e-01 4.887740543308307e-01 -6.209729359085164e-03
4.050000000000000e-01 5.016034376063282e-01 -6.388420898181107e-03
4.100000000000000e-01 5.147463393589066e-01 -6.577577151876594e-03
4.150000000000000e-01 5.282109743299990e-01 -6.778062165419933e-03
4.200000000000000e-01 5.420057583547735e-01 -6.990352882428977e-03
4.250000000000000e-01 5.561393136223041e-01 -7.215308963764927e-03
4.300000000000000e-01 5.706204740647189e-01 -7.453608307029972e-03
4.350000000000000e-01 5.854582908786964e-01 -7.706057972424767e-03
4.400000000000000e-01 6.006620381827575e-01 -7.973547742782611e-03
4.450000000000000e-01 6.162412188138907e-01 -8.256865750969214e-03
4.500000000000000e-01 6.322055702671360e-01 -8.556972027706430e-03
4.550000000000000e-01 6.485650707818353e-01 -8.874830503803440e-03
4.600000000000000e-01 6.653299455783577e-01 -9.211310881521741e-03
4.650000000000000e-01 6.825106732491932e-01 -9.567557925550535e-03
4.700000000000000e-01 7.001179923084168e-01 -9.944458427869351e-03
4.750000000000000e-01 7.181629079036070e-01 -1.034310510518624e-02
4.800000000000000e-01 7.366566986944229e-01 -1.076454830642910e-02
4.850000000000000e-01 7.556109239021327e-01 -1.120973755395036e-02
4.900000000000000e-01 7.750374305345038e-01 -1.167971843228308e-02
4.950000000000000e-01 7.949483607905672e-01 -1.217544743035009e-02
5.000000000000000e-01 8.153561596498893e-01 -1.269770543036096e-02
5.050000000000000e-01 8.362735826510871e-01 -1.324738460452378e-02
5.100000000000000e-01 8.577137038644561e-01 -1.382504049137480e-02
5.150000000000000e-01 8.796899240636907e-01 -1.443113535890511e-02
5.200000000000000e-01 9.022159791018011e-01 -1.506596903186107e-02
5.250000000000000e-01 9.253059484964714e-01 -1.572945237914132e-02
5.300000000000000e-01 9.489742642302165e-01 -1.642118805254714e-02
5.350000000000000e-01 9.732357197708378e-01 -1.714047175172773e-02
5.400000000000000e-01 9.981054793178262e-01 -1.788593099470429e-02
5.450000000000000e-01 1.023599087280478e+00 -1.865571718380980e-02
5.500000000000000e-01 1.049732477993657e+00 -1.944733105969549e-02
5.550000000000000e-01 1.076521985677273e+00 -2.025737635799398e-02
5.600000000000001e-01 1.103984354645701e+00 -2.108159655524141e-02
5.650000000000001e-01 1.132136749773522e+00 -2.191480686865941e-02
5.700000000000001e-01 1.160996767224129e+00 -2.275056925848690e-02
5.750000000000001e-01 1.190582445447902e+00 -2.358124529783262e-02
5.800000000000000e-01 1.220912276456826e+00 -2.439797334383595e-02
5.850000000000000e-01 1.252005217382601e+00 -2.519044500643407e-02
5.900000000000000e-01 1.283880702325469e+00 -2.594693766386979e-02
5.950000000000000e-01 1.316558654501151e+00 -2.665449805348196e-02
6.000000000000000e-01 1.350059498693518e+00 -2.729895890128258e-02
6.050000000000000e-01 1.384404174020732e+00 -2.786507080233986e-02
6.100000000000000e-01 1.419614147022888e+00 -2.833695635014589e-02
6.150000000000000e-01 1.455711425079295e+00 -2.869853196698460e-02
6.200000000000000e-01 1.492718570163803e+00 -2.893388943035913e-02
6.250000000000000e-01 1.530658712946775e+00 -2.902787285512585e-02
6.300000000000000e-01 1.569555567252506e+00 -2.896678610628387e-02
6.350000000000000e-01 1.609433444881138e+00 -2.873896345731695e-02
6.400000000000000e-01 1.650317270804325e+00 -2.833519504805063e-02
6.450000000000000e-01 1.692232598744148e+00 -2.774918736233614e-02
6.500000000000000e-01 1.735205627145031e+00 -2.697792467580978e-02
6.550000000000000e-01 1.779263215548615e+00 -2.602183652229076e-02
6.600000000000000e-01 1.824432901381847e+00 -2.488468575904606e-02
6.650000000000000e-01 1.870742917168772e+00 -2.357341529042346e-02
6.700000000000000e-01 1.918222208176775e+00 -2.209789242351335e-02
6.750000000000000e-01 1.966900450508319e+00 -2.047062854640483e-02
6.800000000000000e-01 2.016808069649473e+00 -1.870631236996907e-02
6.850000000000001e-01 2.067976259486829e+00 -1.682138620875833e-02
6.900000000000001e-01 2.120437001804702e+00 -1.483358712342955e-02
6.950000000000001e-01 2.174223086274785e+00 -1.276163918089713e-02
7.000000000000001e-01 2.229368130950753e+00 -1.062492324740461e-02
7.050000000000000e-01 2.285906603280654e+00 -8.443295113780655e-03
7.100000000000000e-01 2.343873841650178e+00 -6.236816301173552e-03
7.150000000000000e-01 2.403306077470301e+00 -4.025639820052235e-03
7.200000000000000e-01 2.464240457823092e+00 -1.829796653500490e-03
7.250000000000000e-01 2.526715068679855e+00 3.309453551713186e-04
7.300000000000000e-01 2.590768958706095e+00 2.437359680579406e-03
7.350000000000000e-01 2.656442163668210e+00 4.471140731239090e-03
7.400000000000000e-01 2.723775731457148e+00 6.415547747092710e-03
7.450000000000000e-01 2.792811747744667e+00 8.256396790046657e-03
7.500000000000000e-01 2.863593362288260e+00 9.983561208671068e-03
7.550000000000000e-01 2.936164815901156e+00 1.159309751602726e-02
7.600000000000000e-01 3.010571468104263e+00 1.309005666418419e-02
7.650000000000000e-01 3.086859825477351e+00 1.449189460174388e-02
7.700000000000000e-01 3.165077570727174e+00 1.583220561977257e-02
7.750000000000000e-01 3.245273592490716e+00 1.716429667428150e-02
7.800000000000000e-01 3.327498015892184e+00 1.856395482300997e-02
7.850000000000000e-01 3.411802233872832e+00 2.013066371014497e-02
7.900000000000000e-01 3.498238939313234e+00 2.198650060409255e-02
7.950000000000000e-01 3.586862157968046e+00 2.427197114967372e-02
8.000000000000000e-01 3.677727282233856e+00 2.713809881174285e-02
8.050000000000000e-01 3.770891105771243e+00 3.073420077861521e-02
8.100000000000001e-01 3.866411859002656e+00 3.519102306063915e-02
8.150000000000001e-01 3.964349245508326e+00 4.059937999982414e-02
8.200000000000001e-01 4.064764479342956e+00 4.698524395594020e-02
8.250000000000001e-01 4.167720323296481e+00 5.428339135950384e-02
8.300000000000001e-01 4.273281128122877e+00 6.231314486153892e-02
8.350000000000000e-01 4.381512872761445e+00 7.076121260333369e-02
8.400000000000000e-01 4.492483205575838e+00 7.917769594883450e-02
8.450000000000000e-01 4.606261486636447e+00 8.699145362738397e-02
8.500000000000000e-01 4.722918831072739e+00 9.354956790807413e-02
8.550000000000000e-01 4.842528153522501e+00 9.818220746632762e-02
8.600000000000000e-01 4.965164213705875e+00 1.002887137646071e-01
8.650000000000000e-01 5.090903663152626e+00 9.943398550772393e-02
8.700000000000000e-01 5.219825093111814e+00 9.543783081373677e-02
8.750000000000000e-01 5.352009083673925e+00 8.843625135991565e-02
8.800000000000000e-01 5.487538254136007e+00 7.889503417314489e-02
8.850000000000000e-01 5.626497314641444e+00 6.756396559183417e-02
8.900000000000000e-01 5.768973119126561e+00 5.537372817731416e-02
8.950000000000000e-01 5.915054719607133e+00 4.329369021799859e-02
9.000000000000000e-01 6.064833421838831e+00 3.218188617603725e-02
9.050000000000000e-01 6.218402842386253e+00 2.266296406254486e-02
9.100000000000000e-01 6.375858967136348e+00 1.506277805088166e-02
9.150000000000000e-01 6.537300211292723e+00 9.411271291261054e-03
9.200000000000000e-01 6.702827480888332e+00 5.504518042951206e-03
9.250000000000000e-01 6.872544235855034e+00 3.000451264074209e-03
9.300000000000000e-01 7.046556554689444e+00 1.517079263930447e-03
9.350000000000001e-01 7.224973200755413e+00 7.079883506157065e-04
9.400000000000001e-01 7.407905690264673e+00 3.033605104382202e-04
9.450000000000001e-01 7.595468361978146e+00 1.186852101068877e-04
9.500000000000001e-01 7.787778448671316e+00 4.214945378608737e-05
9.550000000000001e-01 7.984956150408610e+00 1.350375740822067e-05
9.600000000000000e-01 8.187124709672272e+00 3.877424124887387e-06
9.650000000000000e-01 8.394410488393007e+00 9.909681821510695e-07
9.700000000000000e-01 8.606943046930221e+00 2.237926822909340e-07
9.750000000000000e-01 8.824855225051540e+00 4.432559518085048e-08
9.800000000000000e-01 9.048283224961922e+00 7.651443898021615e-09
9.850000000000000e-01 9.277366696434507e+00 1.152400695693456e-09
9.900000000000000e-01 9.512248824096272e+00 1.586205046737009e-10
9.950000000000000e-01 9.753076416923058e+00 3.443681117471937e-11
1.000000000000000e+00 1.000000000000000e+01 1.422102252600525e-10
