0.000000000000000e+00 0.000000000000000e+00 -8.474141288042103e-02
5.000000000000000e-03 3.369477419287315e-03 -8.474504215980237e-02
1.000000000000000e-02 6.741060871647481e-03 -8.474130207647054e-02
1.500000000000000e-02 1.011685770649257e-02 -8.473387303682198e-02
2.000000000000000e-02 1.349897790673588e-02 -8.472021232949524e-02
2.500000000000000e-02 1.688953540759990e-02 -8.470361844577143e-02
3.000000000000000e-02 2.029064941789469e-02 -8.468183867914496e-02
3.500000000000000e-02 2.370444574459234e-02 -8.465616125782729e-02
4.000000000000000e-02 2.713305812152553e-02 -8.462619903351132e-02
4.500000000000000e-02 3.057862954304063e-02 -8.459178127168127e-02
5.000000000000000e-02 3.404331360343898e-02 -8.455350622791176e-02
5.500000000000000e-02 3.752927584304335e-02 -8.451009335229773e-02
6.000000000000000e-02 4.103869510173117e-02 -8.446247691883715e-02
6.500000000000000e-02 4.457376488078044e-02 -8.440996020002363e-02
7.000000000000001e-02 4.813669471387935e-02 -8.435265409724221e-02
7.500000000000000e-02 5.172971154815675e-02 -8.429060706703506e-02
8.000000000000000e-02 5.535506113609672e-02 -8.422310387273475e-02
8.500000000000001e-02 5.901500943920686e-02 -8.415076063435994e-02
9.000000000000000e-02 6.271184404431801e-02 -8.407268219476616e-02
9.500000000000000e-02 6.644787559340060e-02 -8.398921586135683e-02
1.000000000000000e-01 7.022543922779090e-02 -8.389988428687609e-02
1.050000000000000e-01 7.404689604773053e-02 -8.380447880274244e-02
1.100000000000000e-01 7.791463458813094e-02 -8.370317354337863e-02
1.150000000000000e-01 8.183107231148547e-02 -8.359512791527576e-02
1.200000000000000e-01 8.579865711886202e-02 -8.348062295707079e-02
1.250000000000000e-01 8.981986887992111e-02 -8.335908625359433e-02
1.300000000000000e-01 9.389722098291493e-02 -8.323021336180689e-02
1.350000000000000e-01 9.803326190563690e-02 -8.309409963532423e-02
1.400000000000000e-01 1.022305768083033e-01 -8.294992548075314e-02
1.450000000000000e-01 1.064917891493625e-01 -8.279785209250745e-02
1.500000000000000e-01 1.108195623252418e-01 -8.263717985544379e-02
1.550000000000000e-01 1.152166013350572e-01 -8.246767989861085e-02
1.600000000000000e-01 1.196856544713255e-01 -8.228914589832036e-02
1.650000000000000e-01 1.242295150377370e-01 -8.210088675656763e-02
1.700000000000000e-01 1.288510230950609e-01 -8.190277116895822e-02
1.750000000000000e-01 1.335530672362758e-01 -8.169422159362599e-02
1.800000000000000e-01 1.383385863920344e-01 -8.147471751249957e-02
1.850000000000000e-01 1.432105716675912e-01 -8.124406772404702e-02
1.900000000000000e-01 1.481720682123397e-01 -8.100159409924509e-02
1.950000000000000e-01 1.532261771231311e-01 -8.074684826225592e-02
2.000000000000000e-01 1.583760573825595e-01 -8.047920270394285e-02
2.050000000000000e-01 1.636249278334301e-01 -8.019831502020913e-02
2.100000000000000e-01 1.689760691906397e-01 -7.990349791955899e-02
2.150000000000000e-01 1.744328260917313e-01 -7.959412574722372e-02
2.200000000000000e-01 1.799986091874004e-01 -7.926973926083704e-02
2.250000000000000e-01 1.856768972732633e-01 -7.892958862439459e-02
2.300000000000000e-01 1.914712394642179e-01 -7.857303102996432e-02
2.350000000000000e-01 1.973852574127551e-01 -7.819951359137928e-02
2.400000000000000e-01 2.034226475726105e-01 -7.780815935201531e-02
2.450000000000000e-01 2.095871835091678e-01 -7.739844297739285e-02
2.500000000000000e-01 2.158827182580599e-01 -7.696950664954348e-02
2.550000000000000e-01 2.223131867334419e-01 -7.652062397086756e-02
2.600000000000000e-01 2.288826081874405e-01 -7.605108057724695e-02
2.650000000000000e-01 2.355950887223172e-01 -7.556000240664731e-02
2.700000000000000e-01 2.424548238569160e-01 -7.504660459305526e-02
2.750000000000000e-01 2.494661011489995e-01 -7.451012872891541e-02
2.800000000000000e-01 2.566333028751116e-01 -7.394957937483516e-02
2.850000000000000e-01 2.639609087696434e-01 -7.336425820008770e-02
2.900000000000000e-01 2.714534988248126e-01 -7.275319759436882e-02
2.950000000000000e-01 2.791157561533084e-01 -7.211551284670975e-02
3.000000000000000e-01 2.869524699153886e-01 -7.145036927282045e-02
3.050000000000000e-01 2.949685383122613e-01 -7.075682862230000e-02
3.100000000000000e-01 3.031689716476197e-01 -7.003393509999646e-02
3.150000000000000e-01 3.115588954592450e-01 -6.928091070940703e-02
3.200000000000000e-01 3.201435537226349e-01 -6.849671107103095e-02
3.250000000000000e-01 3.289283121286580e-01 -6.768050383071947e-02
3.300000000000000e-01 3.379186614372866e-01 -6.683141612946802e-02
3.350000000000000e-01 3.471202209094989e-01 -6.594852303956507e-02
3.400000000000000e-01 3.565387418195016e-01 -6.503094314966229e-02
3.450000000000000e-01 3.661801110494620e-01 -6.407793779821548e-02
3.500000000000000e-01 3.760503547690021e-01 -6.308856570400090e-02
3.550000000000000e-01 3.861556422017504e-01 -6.206210790543523e-02
3.600000000000000e-01 3.965022894813072e-01 -6.099784016864578e-02
3.650000000000000e-01 4.070967635990345e-01 -5.989503537481054e-02
3.700000000000000e-01 4.179456864461349e-01 -5.875299335407758e-02
3.750000000000000e-01 4.290558389525505e-01 -5.757123694609816e-02
3.800000000000000e-01 4.404341653252637e-01 -5.634915304614292e-02
3.850000000000000e-01 4.520877773886537e-01 -5.508629057441432e-02
3.900000000000000e-01 4.640239590296172e-01 -5.378229792711296e-02
3.950000000000000e-01 4.762501707502353e-01 -5.243692952116409e-02
4.000000000000000e-01 4.887740543308307e-01 -5.104988788059960e-02
4.050000000000000e-01 5.016034376063282e-01 -4.962115781223012e-02
4.100000000000000e-01 5.147463393589066e-01 -4.815077517826491e-02
4.150000000000000e-01 5.282109743299990e-01 -4.663888401201273e-02
4.200000000000000e-01 5.420057583547735e-01 -4.508568554716465e-02
4.250000000000000e-01 5.561393136223041e-01 -4.349169016561682e-02
4.300000000000000e-01 5.706204740647189e-01 -4.185745057620904e-02
4.350000000000000e-01 5.854582908786964e-01 -4.018368031516693e-02
4.400000000000000e-01 6.006620381827575e-01 -3.847120479917857e-02
4.450000000000000e-01 6.162412188138907e-01 -3.672117651783677e-02
4.500000000000000e-01 6.322055702671360e-01 -3.493482971429487e-02
4.550000000000000e-01 6.485650707818353e-01 -3.311360191539302e-02
4.600000000000000e-01 6.653299455783577e-01 -3.125905598889141e-02
4.650000000000000e-01 6.825106732491932e-01 -2.937310606790648e-02
4.700000000000000e-01 7.001179923084168e-01 -2.745781360776279e-02
4.750000000000000e-01 7.181629079036070e-01 -2.551549038946330e-02
4.800000000000000e-01 7.366566986944229e-01 -2.354856623827732e-02
4.850000000000000e-01 7.556109239021327e-01 -2.155980750299921e-02
4.900000000000000e-01 7.750374305345038e-01 -1.955217758412886e-02
4.950000000000000e-01 7.949483607905672e-01 -1.752898290488359e-02
5.000000000000000e-01 8.153561596498893e-01 -1.549368543209179e-02
5.050000000000000e-01 8.362735826510871e-01 -1.345003912127805e-02
5.100000000000000e-01 8.577137038644561e-01 -1.140197385036482e-02
5.150000000000000e-01 8.796899240636907e-01 -9.353780874962692e-03
5.200000000000000e-01 9.022159791018011e-01 -7.309951204098800e-03
5.250000000000000e-01 9.253059484964714e-01 -5.275354461292759e-03
5.300000000000000e-01 9.489742642302165e-01 -3.255061414194723e-03
5.350000000000000e-01 9.732357197708378e-01 -1.254476585893600e-03
5.400000000000000e-01 9.981054793178262e-01 7.207682652855247e-04
5.450000000000000e-01 1.023599087280478e+00 2.664743471120687e-03
5.500000000000000e-01 1.049732477993657e+00 4.571264281464452e-03
5.550000000000000e-01 1.076521985677273e+00 6.433868818802948e-03
5.600000000000001e-01 1.103984354645701e+00 8.245837075561768e-03
5.650000000000001e-01 1.132136749773522e+00 1.000019597405792e-02
5.700000000000001e-01 1.160996767224129e+00 1.168973900727241e-02
5.750000000000001e-01 1.190582445447902e+00 1.330704874370509e-02
5.800000000000000e-01 1.220912276456826e+00 1.484452918186549e-02
5.850000000000000e-01 1.252005217382601e+00 1.629444745859220e-02
5.900000000000000e-01 1.283880702325469e+00 1.764898775117130e-02
5.950000000000000e-01 1.316558654501151e+00 1.890031915947491e-02
6.000000000000000e-01 1.350059498693518e+00 2.004067974701550e-02
6.050000000000000e-01 1.384404174020732e+00 2.106247857885013e-02
6.100000000000000e-01 1.419614147022888e+00 2.195841720967190e-02
6.150000000000000e-01 1.455711425079295e+00 2.272163135855969e-02
6.200000000000000e-01 1.492718570163803e+00 2.334585249940248e-02
6.250000000000000e-01 1.530658712946775e+00 2.382558776946119e-02
6.300000000000000e-01 1.569555567252506e+00 2.415631499323635e-02
6.350000000000000e-01 1.609433444881138e+00 2.433468781831210e-02
6.400000000000000e-01 1.650317270804325e+00 2.435874410504163e-02
6.450000000000000e-01 1.692232598744148e+00 2.422810899236151e-02
6.500000000000000e-01 1.735205627145031e+00 2.394418269767783e-02
6.550000000000000e-01 1.779263215548615e+00 2.351030231906045e-02
6.600000000000000e-01 1.824432901381847e+00 2.293186687317339e-02
6.650000000000000e-01 1.870742917168772e+00 2.221641562595273e-02
6.700000000000000e-01 1.918222208176775e+00 2.137365145572528e-02
6.750000000000000e-01 1.966900450508319e+00 2.041540342378662e-02
6.800000000000000e-01 2.016808069649473e+00 1.935552572458345e-02
6.850000000000001e-01 2.067976259486829e+00 1.820973351965506e-02
6.900000000000001e-01 2.120437001804702e+00 1.699537962733158e-02
6.950000000000001e-01 2.174223086274785e+00 1.573117953572073e-02
7.000000000000001e-01 2.229368130950753e+00 1.443689575479888e-02
7.050000000000000e-01 2.285906603280654e+00 1.313299628639159e-02
7.100000000000000e-01 2.343873841650178e+00 1.184030622087120e-02
7.150000000000000e-01 2.403306077470301e+00 1.057967641238266e-02
7.200000000000000e-01 2.464240457823092e+00 9.371698944730385e-03
7.250000000000000e-01 2.526715068679855e+00 8.236505493012207e-03
7.300000000000000e-01 2.590768958706095e+00 7.193691111172123e-03
7.350000000000000e-01 2.656442163668210e+00 6.262411343337936e-03
7.400000000000000e-01 2.723775731457148e+00 5.461703287734041e-03
7.450000000000000e-01 2.792811747744667e+00 4.811079332205647e-03
7.500000000000000e-01 2.863593362288260e+00 4.331433399090237e-03
7.550000000000000e-01 2.936164815901156e+00 4.046281107979032e-03
7.600000000000000e-01 3.010571468104263e+00 3.983324499778405e-03
7.650000000000000e-01 3.086859825477351e+00 4.176285877609039e-03
7.700000000000000e-01 3.165077570727174e+00 4.666890838565484e-03
7.750000000000000e-01 3.245273592490716e+00 5.506794989158409e-03
7.800000000000000e-01 3.327498015892184e+00 6.759140917022344e-03
7.850000000000000e-01 3.411802233872832e+00 8.499304044809933e-03
7.900000000000000e-01 3.498238939313234e+00 1.081424716155885e-02
7.950000000000000e-01 3.586862157968046e+00 1.379977403931333e-02
8.000000000000000e-01 3.677727282233856e+00 1.755488882677929e-02
8.050000000000000e-01 3.770891105771243e+00 2.217248544689651e-02
8.100000000000001e-01 3.866411859002656e+00 2.772578434085814e-02
8.150000000000001e-01 3.964349245508326e+00 3.425038713639448e-02
8.200000000000001e-01 4.064764479342956e+00 4.172260715656524e-02
8.250000000000001e-01 4.167720323296481e+00 5.003588263114716e-02
8.300000000000001e-01 4.273281128122877e+00 5.897852141220023e-02
8.350000000000000e-01 4.381512872761445e+00 6.821754259553016e-02
8.400000000000000e-01 4.492483205575838e+00 7.729456754519148e-02
8.450000000000000e-01 4.606261486636447e+00 8.563999488189489e-02
8.500000000000000e-01 4.722918831072739e+00 9.261042650589166e-02
8.550000000000000e-01 4.842528153522501e+00 9.755099495846639e-02
8.600000000000000e-01 4.965164213705875e+00 9.987882900491094e-02
8.650000000000000e-01 5.090903663152626e+00 9.917710443398570e-02
8.700000000000000e-01 5.219825093111814e+00 9.528261029672462e-02
8.750000000000000e-01 5.352009083673925e+00 8.834590782286089e-02
8.800000000000000e-01 5.487538254136007e+00 7.884443034664054e-02
8.850000000000000e-01 5.626497314641444e+00 6.753671102136594e-02
8.900000000000000e-01 5.768973119126561e+00 5.535962486466034e-02
8.950000000000000e-01 5.915054719607133e+00 4.328668357741063e-02
9.000000000000000e-01 6.064833421838831e+00 3.217854644391441e-02
9.050000000000000e-01 6.218402842386253e+00 2.266143770028411e-02
9.100000000000000e-01 6.375858967136348e+00 1.506210954780224e-02
9.150000000000000e-01 6.537300211292723e+00 9.410990857932724e-03
9.200000000000000e-01 6.702827480888332e+00 5.504405416099315e-03
9.250000000000000e-01 6.872544235855034e+00 3.000407974060780e-03
9.300000000000000e-01 7.046556554689444e+00 1.517063342276276e-03
9.350000000000001e-01 7.224973200755413e+00 7.079827442709492e-04
9.400000000000001e-01 7.407905690264673e+00 3.033586144699964e-04
9.450000000000001e-01 7.595468361978146e+00 1.186845872768273e-04
9.500000000000001e-01 7.787778448671316e+00 4.214924564358541e-05
9.550000000000001e-01 7.984956150408610e+00 1.350368031901814e-05
9.600000000000000e-01 8.187124709672272e+00 3.877387833354360e-06
9.650000000000000e-01 8.394410488393007e+00 9.909460248907775e-07
9.700000000000000e-01 8.606943046930221e+00 2.237790589883529e-07
9.750000000000000e-01 8.824855225051540e+00 4.431610649313841e-08
9.800000000000000e-01 9.048283224961922e+00 7.644402617504733e-09
9.850000000000000e-01 9.277366696434507e+00 1.150446252189456e-09
9.900000000000000e-01 9.512248824096272e+00 1.628009956054887e-10
9.950000000000000e-01 9.753076416923058e+00 3.151350755012631e-11
1.000000000000000e+00 1.000000000000000e+01 -1.202931287559611e-11
