0.000000000000000e+00 0.000000000000000e+00 -8.200343779942277e-05
5.000000000000000e-03 3.369477419287315e-03 -8.560409938312947e-05
1.000000000000000e-02 6.741060871647481e-03 -8.387843946445342e-05
1.500000000000000e-02 1.011685770649257e-02 -8.304552569211922e-05
2.000000000000000e-02 1.349897790673588e-02 -8.498578594123309e-05
2.500000000000000e-02 1.688953540759990e-02 -8.338664490433480e-05
3.000000000000000e-02 2.029064941789469e-02 -8.505294807577366e-05
3.500000000000000e-02 2.370444574459234e-02 -8.372088884336855e-05
4.000000000000000e-02 2.713305812152553e-02 -8.493175282283499e-05
4.500000000000000e-02 3.057862954304063e-02 -8.366373544517400e-05
5.000000000000000e-02 3.404331360343898e-02 -8.465823978186849e-05
5.500000000000000e-02 3.752927584304335e-02 -8.362227192324645e-05
6.000000000000000e-02 4.103869510173117e-02 -8.463353348464405e-05
6.500000000000000e-02 4.457376488078044e-02 -8.367670422501821e-05
7.000000000000001e-02 4.813669471387935e-02 -8.441108806876353e-05
7.500000000000000e-02 5.172971154815675e-02 -8.386522893466388e-05
8.000000000000000e-02 5.535506113609672e-02 -8.441525206043045e-05
8.500000000000001e-02 5.901500943920686e-02 -8.396552917179972e-05
9.000000000000000e-02 6.271184404431801e-02 -8.451616236327331e-05
9.500000000000000e-02 6.644787559340060e-02 -8.402375786332265e-05
1.000000000000000e-01 7.022543922779090e-02 -8.467581390230754e-05
1.050000000000000e-01 7.404689604773053e-02 -8.403431185742370e-05
1.100000000000000e-01 7.791463458813094e-02 -8.476080491301404e-05
1.150000000000000e-01 8.183107231148547e-02 -8.424965322764512e-05
1.200000000000000e-01 8.579865711886202e-02 -8.473457488435410e-05
1.250000000000000e-01 8.981986887992111e-02 -8.439524632670264e-05
1.300000000000000e-01 9.389722098291493e-02 -8.485029750971091e-05
1.350000000000000e-01 9.803326190563690e-02 -8.451293953400959e-05
1.400000000000000e-01 1.022305768083033e-01 -8.495098642196205e-05
1.450000000000000e-01 1.064917891493625e-01 -8.462226200702449e-05
1.500000000000000e-01 1.108195623252418e-01 -8.507356512002966e-05
1.550000000000000e-01 1.152166013350572e-01 -8.475599032878091e-05
1.600000000000000e-01 1.196856544713255e-01 -8.517612849119421e-05
1.650000000000000e-01 1.242295150377370e-01 -8.506154387957442e-05
1.700000000000000e-01 1.288510230950609e-01 -8.531235004831649e-05
1.750000000000000e-01 1.335530672362758e-01 -8.539893170160901e-05
1.800000000000000e-01 1.383385863920344e-01 -8.548841776718371e-05
1.850000000000000e-01 1.432105716675912e-01 -8.576225043321941e-05
1.900000000000000e-01 1.481720682123397e-01 -8.558473167697850e-05
1.950000000000000e-01 1.532261771231311e-01 -8.593879125871719e-05
2.000000000000000e-01 1.583760573825595e-01 -8.583257478194981e-05
2.050000000000000e-01 1.636249278334301e-01 -8.617939375185388e-05
2.100000000000000e-01 1.689760691906397e-01 -8.608568577449165e-05
2.150000000000000e-01 1.744328260917313e-01 -8.647692494350330e-05
2.200000000000000e-01 1.799986091874004e-01 -8.630655600121059e-05
2.250000000000000e-01 1.856768972732633e-01 -8.671987549645914e-05
2.300000000000000e-01 1.914712394642179e-01 -8.662099140221056e-05
2.350000000000000e-01 1.973852574127551e-01 -8.702273097352460e-05
2.400000000000000e-01 2.034226475726105e-01 -8.697166488524322e-05
2.450000000000000e-01 2.095871835091678e-01 -8.734340009224180e-05
2.500000000000000e-01 2.158827182580599e-01 -8.734069933947697e-05
2.550000000000000e-01 2.223131867334419e-01 -8.769435046359366e-05
2.600000000000000e-01 2.288826081874405e-01 -8.766561980187422e-05
2.650000000000000e-01 2.355950887223172e-01 -8.806853738987888e-05
2.700000000000000e-01 2.424548238569160e-01 -8.806850736234247e-05
2.750000000000000e-01 2.494661011489995e-01 -8.847846830227385e-05
2.800000000000000e-01 2.566333028751116e-01 -8.861590037695429e-05
2.850000000000000e-01 2.639609087696434e-01 -8.893352684613591e-05
2.900000000000000e-01 2.714534988248126e-01 -8.916479242790442e-05
2.950000000000000e-01 2.791157561533084e-01 -8.938917407204424e-05
3.000000000000000e-01 2.869524699153886e-01 -8.970389980178970e-05
3.050000000000000e-01 2.949685383122613e-01 -8.992471500134043e-05
3.100000000000000e-01 3.031689716476197e-01 -9.023199055605654e-05
3.150000000000000e-01 3.115588954592450e-01 -9.044242253596329e-05
3.200000000000000e-01 3.201435537226349e-01 -9.079554717468676e-05
3.250000000000000e-01 3.289283121286580e-01 -9.096622413275130e-05
3.300000000000000e-01 3.379186614372866e-01 -9.135952513302947e-05
3.350000000000000e-01 3.471202209094989e-01 -9.157311703090587e-05
3.400000000000000e-01 3.565387418195016e-01 -9.197148269324103e-05
3.450000000000000e-01 3.661801110494620e-01 -9.218865722127497e-05
3.500000000000000e-01 3.760503547690021e-01 -9.256593905570893e-05
3.550000000000000e-01 3.861556422017504e-01 -9.284810725616546e-05
3.600000000000000e-01 3.965022894813072e-01 -9.322221968346965e-05
3.650000000000000e-01 4.070967635990345e-01 -9.354735977211361e-05
3.700000000000000e-01 4.179456864461349e-01 -9.385874259735228e-05
3.750000000000000e-01 4.290558389525505e-01 -9.421564079602446e-05
3.800000000000000e-01 4.404341653252637e-01 -9.444920259472903e-05
3.850000000000000e-01 4.520877773886537e-01 -9.482322570599449e-05
3.900000000000000e-01 4.640239590296172e-01 -9.504486611001747e-05
3.950000000000000e-01 4.762501707502353e-01 -9.535323643197105e-05
4.000000000000000e-01 4.887740543308307e-01 -9.559176794543870e-05
4.050000000000000e-01 5.016034376063282e-01 -9.591888574457297e-05
4.100000000000000e-01 5.147463393589066e-01 -9.612267226017236e-05
4.150000000000000e-01 5.282109743299990e-01 -9.641233044351099e-05
4.200000000000000e-01 5.420057583547735e-01 -9.660402211695121e-05
4.250000000000000e-01 5.561393136223041e-01 -9.677416307335192e-05
4.300000000000000e-01 5.706204740647189e-01 -9.691111715351066e-05
4.350000000000000e-01 5.854582908786964e-01 -9.701602283034553e-05
4.400000000000000e-01 6.006620381827575e-01 -9.705910906246467e-05
4.450000000000000e-01 6.162412188138907e-01 -9.711428792364244e-05
4.500000000000000e-01 6.322055702671360e-01 -9.710705804452199e-05
4.550000000000000e-01 6.485650707818353e-01 -9.702705408904569e-05
4.600000000000000e-01 6.653299455783577e-01 -9.690139849500049e-05
4.650000000000000e-01 6.825106732491932e-01 -9.672053839366926e-05
4.700000000000000e-01 7.001179923084168e-01 -9.650301679134010e-05
4.750000000000000e-01 7.181629079036070e-01 -9.615095846814373e-05
4.800000000000000e-01 7.366566986944229e-01 -9.577636124075778e-05
4.850000000000000e-01 7.556109239021327e-01 -9.527351810737472e-05
4.900000000000000e-01 7.750374305345038e-01 -9.474274380311412e-05
4.950000000000000e-01 7.949483607905672e-01 -9.412348873873233e-05
5.000000000000000e-01 8.153561596498893e-01 -9.337629654802096e-05
5.050000000000000e-01 8.362735826510871e-01 -9.262602386512001e-05
5.100000000000000e-01 8.577137038644561e-01 -9.163613909037553e-05
5.150000000000000e-01 8.796899240636907e-01 -9.069774824076776e-05
5.200000000000000e-01 9.022159791018011e-01 -8.955895052062946e-05
5.250000000000000e-01 9.253059484964714e-01 -8.838588899925080e-05
5.300000000000000e-01 9.489742642302165e-01 -8.717095872517673e-05
5.350000000000000e-01 9.732357197708378e-01 -8.575067575962126e-05
5.400000000000000e-01 9.981054793178262e-01 -8.437388498225308e-05
5.450000000000000e-01 1.023599087280478e+00 -8.282451652781397e-05
5.500000000000000e-01 1.049732477993657e+00 -8.125790633076491e-05
5.550000000000000e-01 1.076521985677273e+00 -7.970032582062277e-05
5.600000000000001e-01 1.103984354645701e+00 -7.798775857291974e-05
5.650000000000001e-01 1.132136749773522e+00 -7.632348839031398e-05
5.700000000000001e-01 1.160996767224129e+00 -7.462509162361385e-05
5.750000000000001e-01 1.190582445447902e+00 -7.297684375788848e-05
5.800000000000000e-01 1.220912276456826e+00 -7.130506297815563e-05
5.850000000000000e-01 1.252005217382601e+00 -6.968992516299631e-05
5.900000000000000e-01 1.283880702325469e+00 -6.819504731402110e-05
5.950000000000000e-01 1.316558654501151e+00 -6.672524826645994e-05
6.000000000000000e-01 1.350059498693518e+00 -6.541179682894869e-05
6.050000000000000e-01 1.384404174020732e+00 -6.422743905953769e-05
6.100000000000000e-01 1.419614147022888e+00 -6.316153902111709e-05
6.150000000000000e-01 1.455711425079295e+00 -6.232036369503198e-05
6.200000000000000e-01 1.492718570163803e+00 -6.160303726914124e-05
6.250000000000000e-01 1.530658712946775e+00 -6.110768345607237e-05
6.300000000000000e-01 1.569555567252506e+00 -6.080215335479952e-05
6.350000000000000e-01 1.609433444881138e+00 -6.065364691322956e-05
6.400000000000000e-01 1.650317270804325e+00 -6.070755239304878e-05
6.450000000000000e-01 1.692232598744148e+00 -6.087871339120808e-05
6.500000000000000e-01 1.735205627145031e+00 -6.114450732618262e-05
6.550000000000000e-01 1.779263215548615e+00 -6.146952571399285e-05
6.600000000000000e-01 1.824432901381847e+00 -6.170252169340468e-05
6.650000000000000e-01 1.870742917168772e+00 -6.180487391665568e-05
6.700000000000000e-01 1.918222208176775e+00 -6.156244907932476e-05
6.750000000000000e-01 1.966900450508319e+00 -6.076842590392160e-05
6.800000000000000e-01 2.016808069649473e+00 -5.920682209564703e-05
6.850000000000001e-01 2.067976259486829e+00 -5.641543175691772e-05
6.900000000000001e-01 2.120437001804702e+00 -5.192312306593788e-05
6.950000000000001e-01 2.174223086274785e+00 -4.515245700101355e-05
7.000000000000001e-01 2.229368130950753e+00 -3.503650509692867e-05
7.050000000000000e-01 2.285906603280654e+00 -2.041551153525942e-05
7.100000000000000e-01 2.343873841650178e+00 2.264971491881340e-07
7.150000000000000e-01 2.403306077470301e+00 2.932171814988532e-05
7.200000000000000e-01 2.464240457823092e+00 6.992747699380667e-05
7.250000000000000e-01 2.526715068679855e+00 1.258281450620287e-04
7.300000000000000e-01 2.590768958706095e+00 2.026371500145474e-04
7.350000000000000e-01 2.656442163668210e+00 3.079432352989120e-04
7.400000000000000e-01 2.723775731457148e+00 4.511459457032570e-04
7.450000000000000e-01 2.792811747744667e+00 6.447148137116302e-04
7.500000000000000e-01 2.863593362288260e+00 9.058026937385713e-04
7.550000000000000e-01 2.936164815901156e+00 1.256268052028897e-03
7.600000000000000e-01 3.010571468104263e+00 1.722844608342647e-03
7.650000000000000e-01 3.086859825477351e+00 2.339403250530387e-03
7.700000000000000e-01 3.165077570727174e+00 3.149364376809626e-03
7.750000000000000e-01 3.245273592490716e+00 4.205044293283735e-03
7.800000000000000e-01 3.327498015892184e+00 5.565651029331454e-03
7.850000000000000e-01 3.411802233872832e+00 7.297764945418173e-03
7.900000000000000e-01 3.498238939313234e+00 9.477334652447182e-03
7.950000000000000e-01 3.586862157968046e+00 1.218704112530648e-02
8.000000000000000e-01 3.677727282233856e+00 1.550642243418998e-02
8.050000000000000e-01 3.770891105771243e+00 1.950015567944666e-02
8.100000000000001e-01 3.866411859002656e+00 2.421326292105219e-02
8.150000000000001e-01 3.964349245508326e+00 2.967504863395496e-02
8.200000000000001e-01 4.064764479342956e+00 3.590229026435070e-02
8.250000000000001e-01 4.167720323296481e+00 4.288704055248643e-02
8.300000000000001e-01 4.273281128122877e+00 5.056292917236292e-02
8.350000000000000e-01 4.381512872761445e+00 5.875956265072702e-02
8.400000000000000e-01 4.492483205575838e+00 6.716450159063815e-02
8.450000000000000e-01 4.606261486636447e+00 7.531053788722240e-02
8.500000000000000e-01 4.722918831072739e+00 8.259862751925315e-02
8.550000000000000e-01 4.842528153522501e+00 8.835984393922307e-02
8.600000000000000e-01 4.965164213705875e+00 9.195155671862225e-02
8.650000000000000e-01 5.090903663152626e+00 9.287114083271444e-02
8.700000000000000e-01 5.219825093111814e+00 9.085989169882859e-02
8.750000000000000e-01 5.352009083673925e+00 8.596827444338347e-02
8.800000000000000e-01 5.487538254136007e+00 7.856385273154921e-02
8.850000000000000e-01 5.626497314641444e+00 6.927896831812068e-02
8.900000000000000e-01 5.768973119126561e+00 5.891019033950777e-02
8.950000000000000e-01 5.915054719607133e+00 4.829195466566912e-02
9.000000000000000e-01 6.064833421838831e+00 3.817221497204423e-02
9.050000000000000e-01 6.218402842386253e+00 2.911688332421805e-02
9.100000000000000e-01 6.375858967136348e+00 2.146150028459028e-02
9.150000000000000e-01 6.537300211292723e+00 1.531456224442279e-02
9.200000000000000e-01 6.702827480888332e+00 1.060226351758901e-02
9.250000000000000e-01 6.872544235855034e+00 7.134757634431445e-03
9.300000000000000e-01 7.046556554689444e+00 4.672579396787493e-03
9.350000000000001e-01 7.224973200755413e+00 2.977773364190441e-03
9.400000000000001e-01 7.407905690264673e+00 1.843681536352333e-03
9.450000000000001e-01 7.595468361978146e+00 1.105717470573249e-03
9.500000000000001e-01 7.787778448671316e+00 6.398618075410218e-04
9.550000000000001e-01 7.984956150408610e+00 3.558263850894264e-04
9.600000000000000e-01 8.187124709672272e+00 1.894444986403192e-04
9.650000000000000e-01 8.394410488393007e+00 9.634358674819701e-05
9.700000000000000e-01 8.606943046930221e+00 4.677624290698848e-05
9.750000000000000e-01 8.824855225051540e+00 2.226510045291522e-05
9.800000000000000e-01 9.048283224961922e+00 1.112851334589335e-05
9.850000000000000e-01 9.277366696434507e+00 1.127937027525326e-05
9.900000000000000e-01 9.512248824096272e+00 1.774320153235554e-05
9.950000000000000e-01 9.753076416923058e+00 7.174890185710814e-05
1.000000000000000e+00 1.000000000000000e+01 2.221136673925985e-02
