0.000000000000000e+00 0.000000000000000e+00 -1.183688007577902e-04
5.000000000000000e-03 3.369477419287315e-03 -1.219694623427748e-04
1.000000000000000e-02 6.741060871647481e-03 -1.210800277679928e-04
1.500000000000000e-02 1.011685770649257e-02 -1.190571527978938e-04
2.000000000000000e-02 1.349897790673588e-02 -1.216422069382849e-04
2.500000000000000e-02 1.688953540759990e-02 -1.199989298648986e-04
3.000000000000000e-02 2.029064941789469e-02 -1.212159180789339e-04
3.500000000000000e-02 2.370444574459234e-02 -1.201059634910264e-04
4.000000000000000e-02 2.713305812152553e-02 -1.214039962609293e-04
4.500000000000000e-02 3.057862954304063e-02 -1.202663258322837e-04
5.000000000000000e-02 3.404331360343898e-02 -1.210490213642701e-04
5.500000000000000e-02 3.752927584304335e-02 -1.200236889554208e-04
6.000000000000000e-02 4.103869510173117e-02 -1.209788166799417e-04
6.500000000000000e-02 4.457376488078044e-02 -1.201090916954978e-04
7.000000000000001e-02 4.813669471387935e-02 -1.209510013004537e-04
7.500000000000000e-02 5.172971154815675e-02 -1.202222421854873e-04
8.000000000000000e-02 5.535506113609672e-02 -1.209970215868346e-04
8.500000000000001e-02 5.901500943920686e-02 -1.204286160964479e-04
9.000000000000000e-02 6.271184404431801e-02 -1.210617394106655e-04
9.500000000000000e-02 6.644787559340060e-02 -1.204733187396625e-04
1.000000000000000e-01 7.022543922779090e-02 -1.211419027983021e-04
1.050000000000000e-01 7.404689604773053e-02 -1.206695621309972e-04
1.100000000000000e-01 7.791463458813094e-02 -1.211571493855219e-04
1.150000000000000e-01 8.183107231148547e-02 -1.206274088807927e-04
1.200000000000000e-01 8.579865711886202e-02 -1.212223190320996e-04
1.250000000000000e-01 8.981986887992111e-02 -1.208247414524067e-04
1.300000000000000e-01 9.389722098291493e-02 -1.212725027565726e-04
1.350000000000000e-01 9.803326190563690e-02 -1.210638079016113e-04
1.400000000000000e-01 1.022305768083033e-01 -1.213535736893341e-04
1.450000000000000e-01 1.064917891493625e-01 -1.213200049596250e-04
1.500000000000000e-01 1.108195623252418e-01 -1.214523954599358e-04
1.550000000000000e-01 1.152166013350572e-01 -1.216620963013443e-04
1.600000000000000e-01 1.196856544713255e-01 -1.215410348924183e-04
1.650000000000000e-01 1.242295150377370e-01 -1.218891270217921e-04
1.700000000000000e-01 1.288510230950609e-01 -1.216970399820305e-04
1.750000000000000e-01 1.335530672362758e-01 -1.220593323090663e-04
1.800000000000000e-01 1.383385863920344e-01 -1.218049295746196e-04
1.850000000000000e-01 1.432105716675912e-01 -1.222320033795167e-04
1.900000000000000e-01 1.481720682123397e-01 -1.220368315019974e-04
1.950000000000000e-01 1.532261771231311e-01 -1.224762300063391e-04
2.000000000000000e-01 1.583760573825595e-01 -1.222724100556406e-04
2.050000000000000e-01 1.636249278334301e-01 -1.226951741737271e-04
2.100000000000000e-01 1.689760691906397e-01 -1.225503226184612e-04
2.150000000000000e-01 1.744328260917313e-01 -1.229148577430370e-04
2.200000000000000e-01 1.799986091874004e-01 -1.227932042094813e-04
2.250000000000000e-01 1.856768972732633e-01 -1.231686055255051e-04
2.300000000000000e-01 1.914712394642179e-01 -1.230821496926119e-04
2.350000000000000e-01 1.973852574127551e-01 -1.234895138189834e-04
2.400000000000000e-01 2.034226475726105e-01 -1.234324974809224e-04
2.450000000000000e-01 2.095871835091678e-01 -1.237775221117496e-04
2.500000000000000e-01 2.158827182580599e-01 -1.239407351794311e-04
2.550000000000000e-01 2.223131867334419e-01 -1.241500089567871e-04
2.600000000000000e-01 2.288826081874405e-01 -1.243629117854011e-04
2.650000000000000e-01 2.355950887223172e-01 -1.245328593821561e-04
2.700000000000000e-01 2.424548238569160e-01 -1.248064708211411e-04
2.750000000000000e-01 2.494661011489995e-01 -1.249387751601420e-04
2.800000000000000e-01 2.566333028751116e-01 -1.252489885684599e-04
2.850000000000000e-01 2.639609087696434e-01 -1.253415235479329e-04
2.900000000000000e-01 2.714534988248126e-01 -1.257138167331283e-04
2.950000000000000e-01 2.791157561533084e-01 -1.258240434376952e-04
3.000000000000000e-01 2.869524699153886e-01 -1.262105343634589e-04
3.050000000000000e-01 2.949685383122613e-01 -1.263515995265683e-04
3.100000000000000e-01 3.031689716476197e-01 -1.267153284915225e-04
3.150000000000000e-01 3.115588954592450e-01 -1.269257731381372e-04
3.200000000000000e-01 3.201435537226349e-01 -1.272866507736016e-04
3.250000000000000e-01 3.289283121286580e-01 -1.275727928807080e-04
3.300000000000000e-01 3.379186614372866e-01 -1.278708194252531e-04
3.350000000000000e-01 3.471202209094989e-01 -1.282242526524619e-04
3.400000000000000e-01 3.565387418195016e-01 -1.284395396990987e-04
3.450000000000000e-01 3.661801110494620e-01 -1.288516498430586e-04
3.500000000000000e-01 3.760503547690021e-01 -1.290463401837320e-04
3.550000000000000e-01 3.861556422017504e-01 -1.294230383571988e-04
3.600000000000000e-01 3.965022894813072e-01 -1.296705984790251e-04
3.650000000000000e-01 4.070967635990345e-01 -1.300793430258211e-04
3.700000000000000e-01 4.179456864461349e-01 -1.303352020263473e-04
3.750000000000000e-01 4.290558389525505e-01 -1.307380166713978e-04
3.800000000000000e-01 4.404341653252637e-01 -1.310344761547608e-04
3.850000000000000e-01 4.520877773886537e-01 -1.313359026382137e-04
3.900000000000000e-01 4.640239590296172e-01 -1.316487014409543e-04
3.950000000000000e-01 4.762501707502353e-01 -1.319082386718251e-04
4.000000000000000e-01 4.887740543308307e-01 -1.321873670080165e-04
4.050000000000000e-01 5.016034376063282e-01 -1.324571631261881e-04
4.100000000000000e-01 5.147463393589066e-01 -1.327324182864938e-04
4.150000000000000e-01 5.282109743299990e-01 -1.329306049112564e-04
4.200000000000000e-01 5.420057583547735e-01 -1.331399865189971e-04
4.250000000000000e-01 5.561393136223041e-01 -1.333303168686666e-04
4.300000000000000e-01 5.706204740647189e-01 -1.334901833769774e-04
4.350000000000000e-01 5.854582908786964e-01 -1.335914901361370e-04
4.400000000000000e-01 6.006620381827575e-01 -1.336581396054590e-04
4.450000000000000e-01 6.162412188138907e-01 -1.336779746565357e-04
4.500000000000000e-01 6.322055702671360e-01 -1.336700219514011e-04
4.550000000000000e-01 6.485650707818353e-01 -1.336242230591375e-04
4.600000000000000e-01 6.653299455783577e-01 -1.334865674559230e-04
4.650000000000000e-01 6.825106732491932e-01 -1.333577408733556e-04
4.700000000000000e-01 7.001179923084168e-01 -1.330406956742567e-04
4.750000000000000e-01 7.181629079036070e-01 -1.327757400443820e-04
4.800000000000000e-01 7.366566986944229e-01 -1.323434558725702e-04
4.850000000000000e-01 7.556109239021327e-01 -1.318873230463081e-04
4.900000000000000e-01 7.750374305345038e-01 -1.313905274401561e-04
4.950000000000000e-01 7.949483607905672e-01 -1.306965570383348e-04
5.000000000000000e-01 8.153561596498893e-01 -1.300296740711259e-04
5.050000000000000e-01 8.362735826510871e-01 -1.291762276603812e-04
5.100000000000000e-01 8.577137038644561e-01 -1.282747087885022e-04
5.150000000000000e-01 8.796899240636907e-01 -1.273481921373327e-04
5.200000000000000e-01 9.022159791018011e-01 -1.261957436637952e-04
5.250000000000000e-01 9.253059484964714e-01 -1.250458324813442e-04
5.300000000000000e-01 9.489742642302165e-01 -1.237814367197615e-04
5.350000000000000e-01 9.732357197708378e-01 -1.224636985949056e-04
5.400000000000000e-01 9.981054793178262e-01 -1.210328250336550e-04
5.450000000000000e-01 1.023599087280478e+00 -1.195361844510557e-04
5.500000000000000e-01 1.049732477993657e+00 -1.180359271706351e-04
5.550000000000000e-01 1.076521985677273e+00 -1.164279424867459e-04
5.600000000000001e-01 1.103984354645701e+00 -1.148320765924572e-04
5.650000000000001e-01 1.132136749773522e+00 -1.132308589267702e-04
5.700000000000001e-01 1.160996767224129e+00 -1.115974552782844e-04
5.750000000000001e-01 1.190582445447902e+00 -1.100671902322627e-04
5.800000000000000e-01 1.220912276456826e+00 -1.085358271531051e-04
5.850000000000000e-01 1.252005217382601e+00 -1.071317989569716e-04
5.900000000000000e-01 1.283880702325469e+00 -1.058653152522738e-04
5.950000000000000e-01 1.316558654501151e+00 -1.047239766382587e-04
6.000000000000000e-01 1.350059498693518e+00 -1.038418095250843e-04
6.050000000000000e-01 1.384404174020732e+00 -1.032008261444895e-04
6.100000000000000e-01 1.419614147022888e+00 -1.028568549421133e-04
6.150000000000000e-01 1.455711425079295e+00 -1.029548217860098e-04
6.200000000000000e-01 1.492718570163803e+00 -1.034620205286068e-04
6.250000000000000e-01 1.530658712946775e+00 -1.045519207248267e-04
6.300000000000000e-01 1.569555567252506e+00 -1.063386352875122e-04
6.350000000000000e-01 1.609433444881138e+00 -1.088965203437177e-04
6.400000000000000e-01 1.650317270804325e+00 -1.124746169394806e-04
6.450000000000000e-01 1.692232598744148e+00 -1.172866749711937e-04
6.500000000000000e-01 1.735205627145031e+00 -1.235468219495016e-04
6.550000000000000e-01 1.779263215548615e+00 -1.317159353078817e-04
6.600000000000000e-01 1.824432901381847e+00 -1.422202852772591e-04
6.650000000000000e-01 1.870742917168772e+00 -1.556274643135293e-04
6.700000000000000e-01 1.918222208176775e+00 -1.727801383976182e-04
6.750000000000000e-01 1.966900450508319e+00 -1.946664447012154e-04
6.800000000000000e-01 2.016808069649473e+00 -2.225093146597127e-04
6.850000000000001e-01 2.067976259486829e+00 -2.580016929773976e-04
6.900000000000001e-01 2.120437001804702e+00 -3.031855165498456e-04
6.950000000000001e-01 2.174223086274785e+00 -3.606157877549254e-04
7.000000000000001e-01 2.229368130950753e+00 -4.335043270722376e-04
7.050000000000000e-01 2.285906603280654e+00 -5.257378183163829e-04
7.100000000000000e-01 2.343873841650178e+00 -6.419659794133887e-04
7.150000000000000e-01 2.403306077470301e+00 -7.877616959800857e-04
7.200000000000000e-01 2.464240457823092e+00 -9.693218640775099e-04
7.250000000000000e-01 2.526715068679855e+00 -1.193278314517317e-03
7.300000000000000e-01 2.590768958706095e+00 -1.466570078294154e-03
7.350000000000000e-01 2.656442163668210e+00 -1.795669567540685e-03
7.400000000000000e-01 2.723775731457148e+00 -2.184656896424644e-03
7.450000000000000e-01 2.792811747744667e+00 -2.633020270166524e-03
7.500000000000000e-01 2.863593362288260e+00 -3.133399693660867e-03
7.550000000000000e-01 2.936164815901156e+00 -3.668482012272619e-03
7.600000000000000e-01 3.010571468104263e+00 -4.205593353476669e-03
7.650000000000000e-01 3.086859825477351e+00 -4.688981486655469e-03
7.700000000000000e-01 3.165077570727174e+00 -5.031706167126536e-03
7.750000000000000e-01 3.245273592490716e+00 -5.110818521400791e-03
7.800000000000000e-01 3.327498015892184e+00 -4.769075991346609e-03
7.850000000000000e-01 3.411802233872832e+00 -3.824259385461918e-03
7.900000000000000e-01 3.498238939313234e+00 -2.084394466917921e-03
7.950000000000000e-01 3.586862157968046e+00 6.345308709566819e-04
8.000000000000000e-01 3.677727282233856e+00 4.491703171753745e-03
8.050000000000000e-01 3.770891105771243e+00 9.607110258223297e-03
8.100000000000001e-01 3.866411859002656e+00 1.604898111206083e-02
8.150000000000001e-01 3.964349245508326e+00 2.382093550892611e-02
8.200000000000001e-01 4.064764479342956e+00 3.284736948562864e-02
8.250000000000001e-01 4.167720323296481e+00 4.295734293385908e-02
8.300000000000001e-01 4.273281128122877e+00 5.386902531319559e-02
8.350000000000000e-01 4.381512872761445e+00 6.517766855216947e-02
8.400000000000000e-01 4.492483205575838e+00 7.635182765791378e-02
8.450000000000000e-01 4.606261486636447e+00 8.674460172350322e-02
8.500000000000000e-01 4.722918831072739e+00 9.562808664927848e-02
8.550000000000000e-01 4.842528153522501e+00 1.022566645422671e-01
8.600000000000000e-01 4.965164213705875e+00 1.059576995051946e-01
8.650000000000000e-01 5.090903663152626e+00 1.062381307026107e-01
8.700000000000000e-01 5.219825093111814e+00 1.028862555481591e-01
8.750000000000000e-01 5.352009083673925e+00 9.604322543794405e-02
8.800000000000000e-01 5.487538254136007e+00 8.622092699038937e-02
8.850000000000000e-01 5.626497314641444e+00 7.425266559777471e-02
8.900000000000000e-01 5.768973119126561e+00 6.117900447655680e-02
8.950000000000000e-01 5.915054719607133e+00 4.808932741786710e-02
9.000000000000000e-01 6.064833421838831e+00 3.595424076179841e-02
9.050000000000000e-01 6.218402842386253e+00 2.548876743849251e-02
9.100000000000000e-01 6.375858967136348e+00 1.707822461529012e-02
9.150000000000000e-01 6.537300211292723e+00 1.077966417717860e-02
9.200000000000000e-01 6.702827480888332e+00 6.388772257318288e-03
9.250000000000000e-01 6.872544235855034e+00 3.544214960539290e-03
9.300000000000000e-01 7.046556554689444e+00 1.835264528750047e-03
9.350000000000001e-01 7.224973200755413e+00 8.851573371785087e-04
9.400000000000001e-01 7.407905690264673e+00 3.972382723940123e-04
9.450000000000001e-01 7.595468361978146e+00 1.660286225935280e-04
9.500000000000001e-01 7.787778448671316e+00 6.487703790410495e-05
9.550000000000001e-01 7.984956150408610e+00 2.389187198747779e-05
9.600000000000000e-01 8.187124709672272e+00 8.399285346956115e-06
9.650000000000000e-01 8.394410488393007e+00 2.866193267888597e-06
9.700000000000000e-01 8.606943046930221e+00 9.651209510269498e-07
9.750000000000000e-01 8.824855225051540e+00 3.253616737052220e-07
9.800000000000000e-01 9.048283224961922e+00 1.121253307152325e-07
9.850000000000000e-01 9.277366696434507e+00 5.360334431492679e-08
9.900000000000000e-01 9.512248824096272e+00 5.111958713920057e-08
9.950000000000000e-01 9.753076416923058e+00 1.779298583554910e-07
1.000000000000000e+00 1.000000000000000e+01 5.406854698645676e-05
