0.000000000000000e+00 0.000000000000000e+00 -8.542008374694847e-05
5.000000000000000e-03 3.369477419287315e-03 -8.902074533073602e-05
1.000000000000000e-02 6.741060871647481e-03 -8.439537844697594e-05
1.500000000000000e-02 1.011685770649257e-02 -8.602475265738225e-05
2.000000000000000e-02 1.349897790673588e-02 -8.520846528282160e-05
2.500000000000000e-02 1.688953540759990e-02 -8.654688422767325e-05
3.000000000000000e-02 2.029064941789469e-02 -8.535870912765818e-05
3.500000000000000e-02 2.370444574459234e-02 -8.604105252097052e-05
4.000000000000000e-02 2.713305812152553e-02 -8.517798436123558e-05
4.500000000000000e-02 3.057862954304063e-02 -8.618775204371890e-05
5.000000000000000e-02 3.404331360343898e-02 -8.530194131518781e-05
5.500000000000000e-02 3.752927584304335e-02 -8.604921673990601e-05
6.000000000000000e-02 4.103869510173117e-02 -8.535671477225793e-05
6.500000000000000e-02 4.457376488078044e-02 -8.610354129530117e-05
7.000000000000001e-02 4.813669471387935e-02 -8.559602720277040e-05
7.500000000000000e-02 5.172971154815675e-02 -8.611676802624414e-05
8.000000000000000e-02 5.535506113609672e-02 -8.573005090469023e-05
8.500000000000001e-02 5.901500943920686e-02 -8.599559539880093e-05
9.000000000000000e-02 6.271184404431801e-02 -8.577385786370341e-05
9.500000000000000e-02 6.644787559340060e-02 -8.611337980984774e-05
1.000000000000000e-01 7.022543922779090e-02 -8.582301737230339e-05
1.050000000000000e-01 7.404689604773053e-02 -8.624485134004536e-05
1.100000000000000e-01 7.791463458813094e-02 -8.593593229672431e-05
1.150000000000000e-01 8.183107231148547e-02 -8.636228128414499e-05
1.200000000000000e-01 8.579865711886202e-02 -8.600689059202062e-05
1.250000000000000e-01 8.981986887992111e-02 -8.643172908223060e-05
1.300000000000000e-01 9.389722098291493e-02 -8.610385722862857e-05
1.350000000000000e-01 9.803326190563690e-02 -8.653728238569281e-05
1.400000000000000e-01 1.022305768083033e-01 -8.620356839092345e-05
1.450000000000000e-01 1.064917891493625e-01 -8.661340413308003e-05
1.500000000000000e-01 1.108195623252418e-01 -8.640965190861587e-05
1.550000000000000e-01 1.152166013350572e-01 -8.658739793100994e-05
1.600000000000000e-01 1.196856544713255e-01 -8.664982352630443e-05
1.650000000000000e-01 1.242295150377370e-01 -8.682796634895173e-05
1.700000000000000e-01 1.288510230950609e-01 -8.687863000679411e-05
1.750000000000000e-01 1.335530672362758e-01 -8.705821786526292e-05
1.800000000000000e-01 1.383385863920344e-01 -8.708239026611355e-05
1.850000000000000e-01 1.432105716675912e-01 -8.723155258184385e-05
1.900000000000000e-01 1.481720682123397e-01 -8.738104298764382e-05
1.950000000000000e-01 1.532261771231311e-01 -8.741964041970907e-05
2.000000000000000e-01 1.583760573825595e-01 -8.761803311651272e-05
2.050000000000000e-01 1.636249278334301e-01 -8.758020469205737e-05
2.100000000000000e-01 1.689760691906397e-01 -8.786379419908522e-05
2.150000000000000e-01 1.744328260917313e-01 -8.783031280259137e-05
2.200000000000000e-01 1.799986091874004e-01 -8.816436437105647e-05
2.250000000000000e-01 1.856768972732633e-01 -8.816737674061312e-05
2.300000000000000e-01 1.914712394642179e-01 -8.839883565159099e-05
2.350000000000000e-01 1.973852574127551e-01 -8.846655704504581e-05
2.400000000000000e-01 2.034226475726105e-01 -8.874360194531404e-05
2.450000000000000e-01 2.095871835091678e-01 -8.884876919314128e-05
2.500000000000000e-01 2.158827182580599e-01 -8.915242261474960e-05
2.550000000000000e-01 2.223131867334419e-01 -8.919691107367605e-05
2.600000000000000e-01 2.288826081874405e-01 -8.946689992261942e-05
2.650000000000000e-01 2.355950887223172e-01 -8.961665629195369e-05
2.700000000000000e-01 2.424548238569160e-01 -8.985973476579981e-05
2.750000000000000e-01 2.494661011489995e-01 -9.004512040341109e-05
2.800000000000000e-01 2.566333028751116e-01 -9.032957386114828e-05
2.850000000000000e-01 2.639609087696434e-01 -9.057002612132106e-05
2.900000000000000e-01 2.714534988248126e-01 -9.075650390881304e-05
2.950000000000000e-01 2.791157561533084e-01 -9.103679445095660e-05
3.000000000000000e-01 2.869524699153886e-01 -9.123196805414095e-05
3.050000000000000e-01 2.949685383122613e-01 -9.158081022331895e-05
3.100000000000000e-01 3.031689716476197e-01 -9.174602119654934e-05
3.150000000000000e-01 3.115588954592450e-01 -9.215526808045385e-05
3.200000000000000e-01 3.201435537226349e-01 -9.232832637556222e-05
3.250000000000000e-01 3.289283121286580e-01 -9.276964631970932e-05
3.300000000000000e-01 3.379186614372866e-01 -9.290606020960237e-05
3.350000000000000e-01 3.471202209094989e-01 -9.333803955702793e-05
3.400000000000000e-01 3.565387418195016e-01 -9.352475118469743e-05
3.450000000000000e-01 3.661801110494620e-01 -9.392954135773876e-05
3.500000000000000e-01 3.760503547690021e-01 -9.418192457417387e-05
3.550000000000000e-01 3.861556422017504e-01 -9.455506849981403e-05
3.600000000000000e-01 3.965022894813072e-01 -9.482135775217537e-05
3.650000000000000e-01 4.070967635990345e-01 -9.515097393462051e-05
3.700000000000000e-01 4.179456864461349e-01 -9.547217031440003e-05
3.750000000000000e-01 4.290558389525505e-01 -9.571035200463225e-05
3.800000000000000e-01 4.404341653252637e-01 -9.617400035569164e-05
3.850000000000000e-01 4.520877773886537e-01 -9.637386015613739e-05
3.900000000000000e-01 4.640239590296172e-01 -9.676215440214547e-05
3.950000000000000e-01 4.762501707502353e-01 -9.698896057494440e-05
4.000000000000000e-01 4.887740543308307e-01 -9.734968873025897e-05
4.050000000000000e-01 5.016034376063282e-01 -9.753509104245132e-05
4.100000000000000e-01 5.147463393589066e-01 -9.781424557340605e-05
4.150000000000000e-01 5.282109743299990e-01 -9.800188597508746e-05
4.200000000000000e-01 5.420057583547735e-01 -9.817677869007026e-05
4.250000000000000e-01 5.561393136223041e-01 -9.843697081050916e-05
4.300000000000000e-01 5.706204740647189e-01 -9.849245710395727e-05
4.350000000000000e-01 5.854582908786964e-01 -9.873577269226675e-05
4.400000000000000e-01 6.006620381827575e-01 -9.870796507802216e-05
4.450000000000000e-01 6.162412188138907e-01 -9.882387562023979e-05
4.500000000000000e-01 6.322055702671360e-01 -9.869428626518533e-05
4.550000000000000e-01 6.485650707818353e-01 -9.868666092387064e-05
4.600000000000000e-01 6.653299455783577e-01 -9.856173535780650e-05
4.650000000000000e-01 6.825106732491932e-01 -9.833897425105709e-05
4.700000000000000e-01 7.001179923084168e-01 -9.816110446323241e-05
4.750000000000000e-01 7.181629079036070e-01 -9.776463251859271e-05
4.800000000000000e-01 7.366566986944229e-01 -9.747646102614452e-05
4.850000000000000e-01 7.556109239021327e-01 -9.693763948664832e-05
4.900000000000000e-01 7.750374305345038e-01 -9.641334232224809e-05
4.950000000000000e-01 7.949483607905672e-01 -9.577662210104013e-05
5.000000000000000e-01 8.153561596498893e-01 -9.500865902357495e-05
5.050000000000000e-01 8.362735826510871e-01 -9.427213406555126e-05
5.100000000000000e-01 8.577137038644561e-01 -9.330367888504762e-05
5.150000000000000e-01 8.796899240636907e-01 -9.237188327239387e-05
5.200000000000000e-01 9.022159791018011e-01 -9.123875515849934e-05
5.250000000000000e-01 9.253059484964714e-01 -9.005508170673210e-05
5.300000000000000e-01 9.489742642302165e-01 -8.880127891468703e-05
5.350000000000000e-01 9.732357197708378e-01 -8.743955696763017e-05
5.400000000000000e-01 9.981054793178262e-01 -8.603397046712174e-05
5.450000000000000e-01 1.023599087280478e+00 -8.452102540607395e-05
5.500000000000000e-01 1.049732477993657e+00 -8.294822717201883e-05
5.550000000000000e-01 1.076521985677273e+00 -8.130743070203609e-05
5.600000000000001e-01 1.103984354645701e+00 -7.970423499733052e-05
5.650000000000001e-01 1.132136749773522e+00 -7.802483824538665e-05
5.700000000000001e-01 1.160996767224129e+00 -7.628208820041968e-05
5.750000000000001e-01 1.190582445447902e+00 -7.466587674950004e-05
5.800000000000000e-01 1.220912276456826e+00 -7.298554406884315e-05
5.850000000000000e-01 1.252005217382601e+00 -7.139490766072894e-05
5.900000000000000e-01 1.283880702325469e+00 -6.987439416464834e-05
5.950000000000000e-01 1.316558654501151e+00 -6.841607706079274e-05
6.000000000000000e-01 1.350059498693518e+00 -6.712014052953234e-05
6.050000000000000e-01 1.384404174020732e+00 -6.590892120388461e-05
6.100000000000000e-01 1.419614147022888e+00 -6.487217820251474e-05
6.150000000000000e-01 1.455711425079295e+00 -6.402046007706182e-05
6.200000000000000e-01 1.492718570163803e+00 -6.330029401493113e-05
6.250000000000000e-01 1.530658712946775e+00 -6.282578502302698e-05
6.300000000000000e-01 1.569555567252506e+00 -6.250109985843377e-05
6.350000000000000e-01 1.609433444881138e+00 -6.236785619421569e-05
6.400000000000000e-01 1.650317270804325e+00 -6.242377826674861e-05
6.450000000000000e-01 1.692232598744148e+00 -6.258648041714979e-05
6.500000000000000e-01 1.735205627145031e+00 -6.286980675092488e-05
6.550000000000000e-01 1.779263215548615e+00 -6.318586800396936e-05
6.600000000000000e-01 1.824432901381847e+00 -6.342844763089222e-05
6.650000000000000e-01 1.870742917168772e+00 -6.354152910893224e-05
6.700000000000000e-01 1.918222208176775e+00 -6.329171189506367e-05
6.750000000000000e-01 1.966900450508319e+00 -6.252996779538311e-05
6.800000000000000e-01 2.016808069649473e+00 -6.097822165358263e-05
6.850000000000001e-01 2.067976259486829e+00 -5.819776009643644e-05
6.900000000000001e-01 2.120437001804702e+00 -5.378455788997401e-05
6.950000000000001e-01 2.174223086274785e+00 -4.706036035801415e-05
7.000000000000001e-01 2.229368130950753e+00 -3.701273072005496e-05
7.050000000000000e-01 2.285906603280654e+00 -2.259638300300103e-05
7.100000000000000e-01 2.343873841650178e+00 -2.166990481060508e-06
7.150000000000000e-01 2.403306077470301e+00 2.666506626180288e-05
7.200000000000000e-01 2.464240457823092e+00 6.671483048962524e-05
7.250000000000000e-01 2.526715068679855e+00 1.218305485713718e-04
7.300000000000000e-01 2.590768958706095e+00 1.976774886931629e-04
7.350000000000000e-01 2.656442163668210e+00 3.014340887940502e-04
7.400000000000000e-01 2.723775731457148e+00 4.421729534146915e-04
7.450000000000000e-01 2.792811747744667e+00 6.324135379240255e-04
7.500000000000000e-01 2.863593362288260e+00 8.889453162034667e-04
7.550000000000000e-01 2.936164815901156e+00 1.232537472278785e-03
7.600000000000000e-01 3.010571468104263e+00 1.689020845148390e-03
7.650000000000000e-01 3.086859825477351e+00 2.291878021939823e-03
7.700000000000000e-01 3.165077570727174e+00 3.083410824304935e-03
7.750000000000000e-01 3.245273592490716e+00 4.113292100972675e-03
7.800000000000000e-01 3.327498015892184e+00 5.437915884051654e-03
7.850000000000000e-01 3.411802233872832e+00 7.122545287741240e-03
7.900000000000000e-01 3.498238939313234e+00 9.242624672033992e-03
7.950000000000000e-01 3.586862157968046e+00 1.187904215321636e-02
8.000000000000000e-01 3.677727282233856e+00 1.510856717421013e-02
8.050000000000000e-01 3.770891105771243e+00 1.899674951096199e-02
8.100000000000001e-01 3.866411859002656e+00 2.359912187828302e-02
8.150000000000001e-01 3.964349245508326e+00 2.896689881258205e-02
8.200000000000001e-01 4.064764479342956e+00 3.514449407627319e-02
8.250000000000001e-01 4.167720323296481e+00 4.214683975518053e-02
8.300000000000001e-01 4.273281128122877e+00 4.991678735936448e-02
8.350000000000000e-01 4.381512872761445e+00 5.827682776151306e-02
8.400000000000000e-01 4.492483205575838e+00 6.689437009107990e-02
8.450000000000000e-01 4.606261486636447e+00 7.527526845654363e-02
8.500000000000000e-01 4.722918831072739e+00 8.279347381734785e-02
8.550000000000000e-01 4.842528153522501e+00 8.875873607811829e-02
8.600000000000000e-01 4.965164213705875e+00 9.251595020405086e-02
8.650000000000000e-01 5.090903663152626e+00 9.355804170833404e-02
8.700000000000000e-01 5.219825093111814e+00 9.162574274548697e-02
8.750000000000000e-01 5.352009083673925e+00 8.676840862050347e-02
8.800000000000000e-01 5.487538254136007e+00 7.935038642933864e-02
8.850000000000000e-01 5.626497314641444e+00 7.000089388450874e-02
8.900000000000000e-01 5.768973119126561e+00 5.951768431756460e-02
8.950000000000000e-01 5.915054719607133e+00 4.874413547671064e-02
9.000000000000000e-01 6.064833421838831e+00 3.844549304337588e-02
9.050000000000000e-01 6.218402842386253e+00 2.921050842066751e-02
9.100000000000000e-01 6.375858967136348e+00 2.139788779518132e-02
9.150000000000000e-01 6.537300211292723e+00 1.513395427870821e-02
9.200000000000000e-01 6.702827480888332e+00 1.035340969451496e-02
9.250000000000000e-01 6.872544235855034e+00 6.864664273947177e-03
9.300000000000000e-01 7.046556554689444e+00 4.418403876967779e-03
9.350000000000001e-01 7.224973200755413e+00 2.762749236665676e-03
9.400000000000001e-01 7.407905690264673e+00 1.677253113526733e-03
9.450000000000001e-01 7.595468361978146e+00 9.866697402512693e-04
9.500000000000001e-01 7.787778448671316e+00 5.606572651478810e-04
9.550000000000001e-01 7.984956150408610e+00 3.065923007147335e-04
9.600000000000000e-01 8.187124709672272e+00 1.607547933558277e-04
9.650000000000000e-01 8.394410488393007e+00 8.061142378276018e-05
9.700000000000000e-01 8.606943046930221e+00 3.862229767569021e-05
9.750000000000000e-01 8.824855225051540e+00 1.809721984449190e-05
9.800000000000000e-01 9.048283224961922e+00 8.835333899648003e-06
9.850000000000000e-01 9.277366696434507e+00 8.456857633562658e-06
9.900000000000000e-01 9.512248824096272e+00 1.294403468472272e-05
9.950000000000000e-01 9.753076416923058e+00 5.190567735361310e-05
1.000000000000000e+00 1.000000000000000e+01 1.600792158148188e-02
