0.000000000000000e+00 0.000000000000000e+00 3.323968367680858e-01
3.125000000000000e-03 3.369263549427258e-03 3.323930480108500e-01
6.250000000000000e-03 6.739349689698711e-03 3.323881415298610e-01
9.375000000000001e-03 1.011108121249049e-02 3.323697163220003e-01
1.250000000000000e-02 1.348528131119160e-02 3.323460764924237e-01
1.562500000000000e-02 1.686277378188298e-02 3.323129615429056e-01
1.875000000000000e-02 2.024438322446370e-02 3.322741597512445e-01
2.187500000000000e-02 2.363093524397333e-02 3.322258411361279e-01
2.500000000000000e-02 2.702325665215984e-02 3.321699439439483e-01
2.812500000000000e-02 3.042217566934200e-02 3.321054817952754e-01
3.125000000000000e-02 3.382852212661575e-02 3.320329722112899e-01
3.437500000000000e-02 3.724312766845378e-02 3.319522870631875e-01
3.750000000000001e-02 4.066682595574785e-02 3.318634774847392e-01
4.062500000000000e-02 4.410045286934348e-02 3.317664876751016e-01
4.375000000000000e-02 4.754484671411652e-02 3.316612596192063e-01
4.687500000000000e-02 5.100084842364160e-02 3.315477125488698e-01
5.000000000000000e-02 5.446930176550237e-02 3.314257542862066e-01
5.312500000000001e-02 5.795105354729364e-02 3.312952815934112e-01
5.625000000000000e-02 6.144695382336569e-02 3.311561817554088e-01
5.937500000000000e-02 6.495785610236132e-02 3.310083331267947e-01
6.250000000000000e-02 6.848461755559625e-02 3.308516054995989e-01
6.562500000000000e-02 7.202809922633362e-02 3.306858602866952e-01
6.875000000000001e-02 7.558916624000402e-02 3.305109506113638e-01
7.187500000000001e-02 7.916868801542200e-02 3.303267213341209e-01
7.500000000000001e-02 8.276753847705080e-02 3.301330090387053e-01
7.812500000000000e-02 8.638659626836727e-02 3.299296419895713e-01
8.125000000000000e-02 9.002674496637868e-02 3.297164400690811e-01
8.437500000000001e-02 9.368887329734420e-02 3.294932146995392e-01
8.750000000000001e-02 9.737387535375355e-02 3.292597687536089e-01
9.062500000000001e-02 1.010826508126157e-01 3.290158964555133e-01
9.375000000000000e-02 1.048161051551108e-01 3.287613832747956e-01
9.687500000000000e-02 1.085751498876601e-01 3.284960058138669e-01
1.000000000000000e-01 1.123607027644654e-01 3.282195316903244e-01
1.031250000000000e-01 1.161736880115753e-01 3.279317194148113e-01
1.062500000000000e-01 1.200150365525305e-01 3.276323182650560e-01
1.093750000000000e-01 1.238856862356450e-01 3.273210681565581e-01
1.125000000000000e-01 1.277865820629775e-01 3.269976995105114e-01
1.156250000000000e-01 1.317186764210495e-01 3.266619331193487e-01
1.187500000000000e-01 1.356829293133661e-01 3.263134800102737e-01
1.218750000000000e-01 1.396803085947971e-01 3.259520413073165e-01
1.250000000000000e-01 1.437117902078738e-01 3.255773080922619e-01
1.281250000000000e-01 1.477783584210617e-01 3.251889612648557e-01
1.312500000000000e-01 1.518810060690650e-01 3.247866714028187e-01
1.343750000000000e-01 1.560207347952229e-01 3.243700986220326e-01
1.375000000000000e-01 1.601985552960564e-01 3.239388924374631e-01
1.406250000000000e-01 1.644154875680252e-01 3.234926916252764e-01
1.437500000000000e-01 1.686725611565558e-01 3.230311240867652e-01
1.468750000000000e-01 1.729708154074000e-01 3.225538067145500e-01
1.500000000000000e-01 1.773112997203869e-01 3.220603452618118e-01
1.531250000000000e-01 1.816950738056289e-01 3.215503342151081e-01
1.562500000000000e-01 1.861232079422458e-01 3.210233566714852e-01
1.593750000000000e-01 1.905967832396682e-01 3.204789842206701e-01
1.625000000000000e-01 1.951168919015860e-01 3.199167768330887e-01
1.656250000000000e-01 1.996846374926046e-01 3.193362827545759e-01
1.687500000000000e-01 2.043011352076760e-01 3.187370384086702e-01
1.718750000000000e-01 2.089675121443681e-01 3.181185683073742e-01
1.750000000000000e-01 2.136849075780412e-01 3.174803849715334e-01
1.781250000000000e-01 2.184544732399964e-01 3.168219888617160e-01
1.812500000000000e-01 2.232773735986666e-01 3.161428683209035e-01
1.843750000000000e-01 2.281547861439151e-01 3.154424995300398e-01
1.875000000000000e-01 2.330879016745160e-01 3.147203464778077e-01
1.906250000000000e-01 2.380779245888810e-01 3.139758609459337e-01
1.937500000000000e-01 2.431260731791094e-01 3.132084825114656e-01
1.968750000000000e-01 2.482335799284277e-01 3.124176385674501e-01
2.000000000000000e-01 2.534016918120952e-01 3.116027443636733e-01
2.031250000000000e-01 2.586316706018478e-01 3.107632030690993e-01
2.062500000000000e-01 2.639247931739538e-01 3.098984058577000e-01
2.093750000000000e-01 2.692823518209576e-01 3.090077320195859e-01
2.125000000000000e-01 2.747056545671873e-01 3.080905490993502e-01
2.156250000000000e-01 2.801960254881028e-01 3.071462130636166e-01
2.187500000000000e-01 2.857548050335636e-01 3.061740684999735e-01
2.218750000000000e-01 2.913833503550930e-01 3.051734488494388e-01
2.250000000000000e-01 2.970830356372213e-01 3.041436766748412e-01
2.281250000000000e-01 3.028552524329863e-01 3.030840639675546e-01
2.312500000000000e-01 3.087014100036755e-01 3.019939124950285e-01
2.343750000000000e-01 3.146229356628902e-01 3.008725141918057e-01
2.375000000000000e-01 3.206212751250189e-01 2.997191515968022e-01
2.406250000000000e-01 3.266978928582008e-01 2.985330983395975e-01
2.437500000000000e-01 3.328542724418705e-01 2.973136196787495e-01
2.468750000000000e-01 3.390919169289667e-01 2.960599730951743e-01
2.500000000000000e-01 3.454123492128958e-01 2.947714089436900e-01
2.531250000000000e-01 3.518171123993401e-01 2.934471711660638e-01
2.562500000000000e-01 3.583077701830001e-01 2.920864980687997e-01
2.593750000000000e-01 3.648859072293631e-01 2.906886231691738e-01
2.625000000000000e-01 3.715531295615936e-01 2.892527761129990e-01
2.656250000000000e-01 3.783110649526354e-01 2.877781836677304e-01
2.687500000000000e-01 3.851613633226258e-01 2.862640707945556e-01
2.718750000000000e-01 3.921056971417164e-01 2.847096618032119e-01
2.750000000000000e-01 3.991457618383991e-01 2.831141815932838e-01
2.781250000000000e-01 4.062832762134377e-01 2.814768569858246e-01
2.812500000000000e-01 4.135199828595055e-01 2.797969181491291e-01
2.843750000000000e-01 4.208576485866312e-01 2.780736001224878e-01
2.875000000000000e-01 4.282980648535585e-01 2.763061444417716e-01
2.906250000000000e-01 4.358430482051222e-01 2.744938008706730e-01
2.937500000000000e-01 4.434944407157500e-01 2.726358292413541e-01
2.968750000000000e-01 4.512541104391968e-01 2.707315014082032e-01
3.000000000000000e-01 4.591239518646220e-01 2.687801033182477e-01
3.031250000000000e-01 4.671058863791195e-01 2.667809372017952e-01
3.062500000000000e-01 4.752018627368176e-01 2.647333238864559e-01
3.093750000000000e-01 4.834138575346580e-01 2.626366052378516e-01
3.125000000000000e-01 4.917438756949728e-01 2.604901467297235e-01
3.156250000000000e-01 5.001939509549778e-01 2.582933401461854e-01
3.187500000000000e-01 5.087661463633005e-01 2.560456064184185e-01
3.218750000000000e-01 5.174625547836644e-01 2.537463985977337e-01
3.250000000000000e-01 5.262852994058529e-01 2.513952049666300e-01
3.281250000000000e-01 5.352365342640750e-01 2.489915522889077e-01
3.312500000000000e-01 5.443184447628656e-01 2.465350091995547e-01
3.343750000000000e-01 5.535332482106405e-01 2.440251897343226e-01
3.375000000000000e-01 5.628831943610435e-01 2.414617569985973e-01
3.406250000000000e-01 5.723705659622137e-01 2.388444269742112e-01
3.437500000000000e-01 5.819976793141081e-01 2.361729724622804e-01
3.468750000000000e-01 5.917668848340161e-01 2.334472271592620e-01
3.500000000000000e-01 6.016805676304035e-01 2.306670898625706e-01
3.531250000000000e-01 6.117411480852264e-01 2.278325288011296e-01
3.562500000000000e-01 6.219510824448572e-01 2.249435860851909e-01
3.593750000000000e-01 6.323128634197650e-01 2.220003822686832e-01
3.625000000000000e-01 6.428290207931012e-01 2.190031210160758e-01
3.656250000000000e-01 6.535021220383342e-01 2.159520938645599e-01
3.687500000000000e-01 6.643347729460869e-01 2.128476850708698e-01
3.718750000000000e-01 6.753296182603294e-01 2.096903765306294e-01
3.750000000000000e-01 6.864893423240808e-01 2.064807527565134e-01
3.781250000000000e-01 6.978166697347804e-01 2.032195058997978e-01
3.812500000000000e-01 7.093143660094854e-01 1.999074407979887e-01
3.843750000000000e-01 7.209852382600603e-01 1.965454800292887e-01
3.875000000000000e-01 7.328321358785219e-01 1.931346689524412e-01
3.906250000000000e-01 7.448579512327029e-01 1.896761807081907e-01
3.937500000000000e-01 7.570656203724140e-01 1.861713211560064e-01
3.968750000000000e-01 7.694581237462648e-01 1.826215337169365e-01
4.000000000000000e-01 7.820384869293291e-01 1.790284040904022e-01
4.031250000000000e-01 7.948097813618253e-01 1.753936648093023e-01
4.062500000000000e-01 8.077751250989945e-01 1.717191995941257e-01
4.093750000000000e-01 8.209376835723596e-01 1.680070474625390e-01
4.125000000000000e-01 8.343006703625532e-01 1.642594065464175e-01
4.156250000000000e-01 8.478673479838968e-01 1.604786375630911e-01
4.187500000000000e-01 8.616410286809313e-01 1.566672668820281e-01
4.218750000000000e-01 8.756250752370857e-01 1.528279891219395e-01
4.250000000000000e-01 8.898229017956865e-01 1.489636692064942e-01
4.281250000000000e-01 9.042379746935050e-01 1.450773437994669e-01
4.312500000000000e-01 9.188738133070491e-01 1.411722220322338e-01
4.343750000000000e-01 9.337339909118028e-01 1.372516854281301e-01
4.375000000000000e-01 9.488221355546261e-01 1.333192869194829e-01
4.406250000000000e-01 9.641419309395265e-01 1.293787488443581e-01
4.437500000000000e-01 9.796971173270190e-01 1.254339598014044e-01
4.468750000000000e-01 9.954914924472941e-01 1.214889702331569e-01
4.500000000000000e-01 1.011528912427417e+00 1.175479866013572e-01
4.531250000000000e-01 1.027813292732786e+00 1.136153640124871e-01
4.562500000000000e-01 1.044348609123070e+00 1.096955971492932e-01
4.593750000000000e-01 1.061138898622882e+00 1.057933093646742e-01
4.625000000000000e-01 1.078188260507393e+00 1.019132397994531e-01
4.656250000000000e-01 1.095500857303154e+00 9.806022839613655e-02
4.687500000000000e-01 1.113080915804360e+00 9.423919869763092e-02
4.718750000000000e-01 1.130932728104805e+00 9.045513834441490e-02
4.750000000000000e-01 1.149060652645771e+00 8.671307721629203e-02
4.781250000000000e-01 1.167469115280130e+00 8.301806320644692e-02
4.812500000000000e-01 1.186162610352890e+00 7.937513566618948e-02
4.843750000000000e-01 1.205145701798475e+00 7.578929661819650e-02
4.875000000000000e-01 1.224423024254985e+00 7.226547990357286e-02
4.906250000000000e-01 1.243999284195726e+00 6.880851850186827e-02
4.937500000000000e-01 1.263879261078271e+00 6.542311034142857e-02
4.968750000000000e-01 1.284067808511348e+00 6.211378299696794e-02
5.000000000000000e-01 1.304569855439823e+00 5.888485774871804e-02
5.031250000000000e-01 1.325390407348082e+00 5.574041354903414e-02
5.062500000000000e-01 1.346534547482100e+00 5.268425150375546e-02
5.093750000000000e-01 1.368007438090487e+00 4.971986052296390e-02
5.125000000000001e-01 1.389814321684837e+00 4.685038482542034e-02
5.156250000000000e-01 1.411960522319654e+00 4.407859398988164e-02
5.187500000000000e-01 1.434451446892208e+00 4.140685623280520e-02
5.218750000000000e-01 1.457292586462593e+00 3.883711555472771e-02
5.250000000000000e-01 1.480489517594354e+00 3.637087333738544e-02
5.281250000000001e-01 1.504047903715979e+00 3.400917489207424e-02
5.312500000000000e-01 1.527973496503592e+00 3.175260135967662e-02
5.343750000000000e-01 1.552272137285215e+00 2.960126724799528e-02
5.375000000000000e-01 1.576949758466886e+00 2.755482376680943e-02
5.406250000000000e-01 1.602012384981041e+00 2.561246799005841e-02
5.437500000000001e-01 1.627466135757470e+00 2.377295774233347e-02
5.468750000000000e-01 1.653317225217225e+00 2.203463197760442e-02
5.500000000000000e-01 1.679571964789851e+00 2.039543629556846e-02
5.531250000000000e-01 1.706236764454286e+00 1.885295312819214e-02
5.562500000000000e-01 1.733318134303830e+00 1.740443602839629e-02
5.593750000000001e-01 1.760822686135563e+00 1.604684740620569e-02
5.625000000000000e-01 1.788757135064574e+00 1.477689898648751e-02
5.656250000000000e-01 1.817128301163438e+00 1.359109420774396e-02
5.687500000000000e-01 1.845943111127301e+00 1.248577174427264e-02
5.718750000000000e-01 1.875208599965003e+00 1.145714931527708e-02
5.750000000000001e-01 1.904931912716643e+00 1.050136694510351e-02
5.781250000000000e-01 1.935120306198011e+00 9.614528859523075e-03
5.812500000000000e-01 1.965781150772311e+00 8.792743244499926e-03
5.843750000000000e-01 1.996921932149593e+00 8.032159156464030e-03
5.875000000000000e-01 2.028550253214365e+00 7.328999956399534e-03
5.906250000000001e-01 2.060673835881802e+00 6.679592742929433e-03
5.937500000000000e-01 2.093300522983012e+00 6.080393379867382e-03
5.968750000000000e-01 2.126438280179837e+00 5.528006848158757e-03
6.000000000000001e-01 2.160095197909630e+00 5.019202796336376e-03
6.031250000000000e-01 2.194279493360494e+00 4.550926312145044e-03
6.062500000000001e-01 2.228999512477486e+00 4.120304084615720e-03
6.093750000000000e-01 2.264263732000228e+00 3.724646263927423e-03
6.125000000000000e-01 2.300080761532477e+00 3.361444449212839e-03
6.156250000000001e-01 2.336459345644116e+00 3.028366335873878e-03
6.187500000000000e-01 2.373408366006099e+00 2.723247628823742e-03
6.218750000000001e-01 2.410936843558884e+00 2.444081872672785e-03
6.250000000000000e-01 2.449053940714840e+00 2.189008862386413e-03
6.281250000000000e-01 2.487768963595221e+00 1.956302278581189e-03
6.312500000000001e-01 2.527091364302215e+00 1.744357142717851e-03
6.343750000000000e-01 2.567030743226622e+00 1.551677613293593e-03
6.375000000000001e-01 2.607596851391758e+00 1.376865550658147e-03
6.406250000000000e-01 2.648799592834118e+00 1.218610172352201e-03
6.437500000000000e-01 2.690649027021411e+00 1.075679010498568e-03
6.468750000000001e-01 2.733155371308524e+00 9.469102752554928e-04
6.500000000000000e-01 2.776329003432049e+00 8.312066303881413e-04
6.531250000000001e-01 2.820180464043967e+00 7.275303040471080e-04
6.562500000000000e-01 2.864720459285089e+00 6.348993935693455e-04
6.593750000000000e-01 2.909959863398929e+00 5.523851793421104e-04
6.625000000000001e-01 2.955909721386590e+00 4.791102394068429e-04
6.656250000000000e-01 3.002581251703353e+00 4.142471517605416e-04
6.687500000000001e-01 3.049985848997626e+00 3.570175821743977e-04
6.718750000000000e-01 3.098135086892879e+00 3.066915779110009e-04
6.750000000000000e-01 3.147040720813310e+00 2.625869178003485e-04
6.781250000000001e-01 3.196714690853871e+00 2.240684027238113e-04
6.812500000000000e-01 3.247169124695383e+00 1.905470042038954e-04
6.843750000000001e-01 3.298416340565477e+00 1.614788198574519e-04
6.875000000000000e-01 3.350468850246008e+00 1.363638111963467e-04
6.906250000000000e-01 3.403339362127777e+00 1.147443207746911e-04
6.937500000000001e-01 3.457040784313211e+00 9.620338184068711e-05
6.968750000000000e-01 3.511586227767823e+00 8.036284484394003e-05
7.000000000000001e-01 3.566989009521205e+00 6.688135209076494e-05
7.031250000000000e-01 3.623262655918307e+00 5.545219537912320e-05
7.062500000000000e-01 3.680420905921852e+00 4.580109241884983e-05
7.093750000000001e-01 3.738477714466631e+00 3.768391698594383e-05
7.125000000000000e-01 3.797447255866536e+00 3.088441566241073e-05
7.156250000000001e-01 3.857343927275175e+00 2.521194111956051e-05
7.187500000000000e-01 3.918182352200844e+00 2.049922853206550e-05
7.218750000000000e-01 3.979977384076828e+00 1.660023808724733e-05
7.250000000000001e-01 4.042744109887770e+00 1.338808283904240e-05
7.281250000000000e-01 4.106497853853101e+00 1.075305746713569e-05
7.312500000000001e-01 4.171254181168399e+00 8.600779930429053e-06
7.343750000000000e-01 4.237028901805528e+00 6.850454623279029e-06
7.375000000000000e-01 4.303838074372613e+00 5.433262510781611e-06
7.406250000000001e-01 4.371698010034643e+00 4.290880879996686e-06
7.437500000000000e-01 4.440625276495786e+00 3.374132828279651e-06
7.468750000000001e-01 4.510636702044332e+00 2.641764435969472e-06
7.500000000000000e-01 4.581749379661216e+00 2.059345744898116e-06
7.531250000000000e-01 4.653980671193226e+00 1.598290182358121e-06
7.562500000000001e-01 4.727348211591802e+00 1.234985919127979e-06
7.593750000000000e-01 4.801869913218528e+00 9.500318094076583e-07
7.625000000000001e-01 4.877563970218381e+00 7.275700038719957e-07
7.656250000000000e-01 4.954448862961714e+00 5.547070242514495e-07
7.687500000000000e-01 5.032543362556198e+00 4.210150060963788e-07
7.718750000000001e-01 5.111866535429675e+00 3.181049217173668e-07
7.750000000000000e-01 5.192437747985146e+00 2.392638538575373e-07
7.781250000000001e-01 5.274276671329015e+00 1.791487697275553e-07
7.812500000000000e-01 5.357403286073669e+00 1.335297139240806e-07
7.843750000000000e-01 5.441837887215693e+00 9.907586944597545e-08
7.875000000000001e-01 5.527601089090773e+00 7.317850366286472e-08
7.906250000000000e-01 5.614713830406605e+00 5.380539925678266e-08
7.937500000000001e-01 5.703197379355005e+00 3.938195097127580e-08
7.968750000000000e-01 5.793073338804412e+00 2.869467308548826e-08
8.000000000000000e-01 5.884363651574169e+00 2.081339883558000e-08
8.031250000000001e-01 5.977090605791737e+00 1.502895354959973e-08
8.062500000000000e-01 6.071276840334257e+00 1.080354279148577e-08
8.093750000000001e-01 6.166945350355728e+00 7.731512425605926e-09
8.125000000000000e-01 6.264119492901173e+00 5.508508275784405e-09
8.156250000000000e-01 6.362822992609162e+00 3.907389593508283e-09
8.187500000000001e-01 6.463079947504072e+00 2.759534702544609e-09
8.218750000000000e-01 6.564914834879517e+00 1.940421651196348e-09
8.250000000000001e-01 6.668352517274371e+00 1.358574749662708e-09
8.281250000000000e-01 6.773418248542846e+00 9.471430901796473e-10
8.312500000000000e-01 6.880137680020114e+00 6.575232505004931e-10
8.343750000000001e-01 6.988536866784961e+00 4.545590328577451e-10
8.375000000000000e-01 7.098642274021019e+00 3.129497955483924e-10
8.406250000000001e-01 7.210480783478133e+00 2.145789537549996e-10
8.437500000000000e-01 7.324079700035414e+00 1.465385260468994e-10
8.468750000000000e-01 7.439466758367605e+00 9.967682776060056e-11
8.500000000000001e-01 7.556670129716381e+00 6.753687905096569e-11
8.531250000000000e-01 7.675718428768239e+00 4.558480165519112e-11
8.562500000000001e-01 7.796640720640633e+00 3.065212203219809e-11
8.593750000000000e-01 7.919466527978115e+00 2.053490281922656e-11
8.625000000000000e-01 8.044225838160141e+00 1.370716768673482e-11
8.656250000000001e-01 8.170949110622363e+00 9.117130412100951e-12
8.687500000000000e-01 8.299667284293170e+00 6.043066770763664e-12
8.718750000000001e-01 8.430411785147284e+00 3.991901277896782e-12
8.750000000000000e-01 8.563214533878281e+00 2.628213729114260e-12
8.781250000000000e-01 8.698107953691880e+00 1.724790077145365e-12
8.812500000000001e-01 8.835124978221932e+00 1.128349149353336e-12
8.843750000000000e-01 8.974299059571019e+00 7.359024619481470e-13
8.875000000000001e-01 9.115664176477637e+00 4.785254208884613e-13
8.906250000000000e-01 9.259254842611947e+00 3.102679900825005e-13
8.937500000000000e-01 9.405106115002161e+00 2.006115552554337e-13
8.968750000000001e-01 9.553253602593529e+00 1.293606873090077e-13
9.000000000000000e-01 9.703733474942130e+00 8.319878441528992e-14
9.031250000000001e-01 9.856582471045494e+00 5.337542058665889e-14
9.062500000000000e-01 1.001183790831228e+01 3.415993856677281e-14
9.093750000000000e-01 1.016953769167313e+01 2.181154529523733e-14
9.125000000000001e-01 1.032972032283505e+01 1.389606471463958e-14
9.156250000000000e-01 1.049242490968134e+01 8.834377977044868e-15
9.187500000000001e-01 1.065769117581972e+01 5.605079973240902e-15
9.218750000000000e-01 1.082555947028058e+01 3.549379516120155e-15
9.250000000000000e-01 1.099607077736805e+01 2.243525822978524e-15
9.281250000000001e-01 1.116926672666618e+01 1.415666686025166e-15
9.312500000000000e-01 1.134518960320255e+01 8.918372055547250e-16
9.343750000000001e-01 1.152388235777201e+01 5.609809497953377e-16
9.375000000000000e-01 1.170538861742293e+01 3.523642676661180e-16
9.406250000000000e-01 1.188975269610854e+01 2.210344702196372e-16
9.437500000000001e-01 1.207701960550600e+01 1.384827243074801e-16
9.468750000000000e-01 1.226723506600578e+01 8.666455687897848e-17
9.500000000000001e-01 1.246044551787411e+01 5.418018154749001e-17
9.531250000000000e-01 1.265669813259115e+01 3.384035272915093e-17
9.562500000000000e-01 1.285604082436773e+01 2.111869187752101e-17
9.593750000000001e-01 1.305852226184337e+01 1.316981293849601e-17
9.625000000000000e-01 1.326419187996850e+01 8.207597860691355e-18
9.656250000000001e-01 1.347309989207381e+01 5.112679083522733e-18
9.687500000000000e-01 1.368529730212962e+01 3.184120342844589e-18
9.718750000000000e-01 1.390083591719824e+01 1.987823600444759e-18
9.750000000000001e-01 1.411976836008246e+01 1.251121469311153e-18
9.781250000000000e-01 1.434214808217320e+01 8.600940712244862e-19
9.812500000000001e-01 1.456802937649935e+01 7.197605784289903e-19
9.843750000000000e-01 1.479746739098328e+01 1.479055180847351e-18
9.875000000000000e-01 1.503051814190487e+01 3.178876689178971e-18
9.906250000000001e-01 1.526723852757770e+01 1.430929820467135e-17
9.937500000000000e-01 1.550768634224049e+01 3.508113748491058e-17
9.968750000000001e-01 1.575192029016732e+01 1.616853849559852e-16
1.000000000000000e+00 1.600000000000000e+01 5.254287794101385e-14
