0.000000000000000e+00 0.000000000000000e+00 -8.295994920810609e-05
5.000000000000000e-03 3.369477419287315e-03 -8.656061079192127e-05
1.000000000000000e-02 6.741060871647481e-03 -9.024148967284697e-05
1.500000000000000e-02 1.011685770649257e-02 -8.932884965948716e-05
2.000000000000000e-02 1.349897790673588e-02 -9.068212413736888e-05
2.500000000000000e-02 1.688953540759990e-02 -8.976390664667777e-05
3.000000000000000e-02 2.029064941789469e-02 -9.042352897995128e-05
3.500000000000000e-02 2.370444574459234e-02 -8.999106182685791e-05
4.000000000000000e-02 2.713305812152553e-02 -9.060326546488163e-05
4.500000000000000e-02 3.057862954304063e-02 -9.004212430985655e-05
5.000000000000000e-02 3.404331360343898e-02 -9.065927023295591e-05
5.500000000000000e-02 3.752927584304335e-02 -8.998263151120843e-05
6.000000000000000e-02 4.103869510173117e-02 -9.083167676995178e-05
6.500000000000000e-02 4.457376488078044e-02 -9.004975472391085e-05
7.000000000000001e-02 4.813669471387935e-02 -9.105747162873297e-05
7.500000000000000e-02 5.172971154815675e-02 -9.011567600096979e-05
8.000000000000000e-02 5.535506113609672e-02 -9.108208063548114e-05
8.500000000000001e-02 5.901500943920686e-02 -9.014774183706866e-05
9.000000000000000e-02 6.271184404431801e-02 -9.125307197727901e-05
9.500000000000000e-02 6.644787559340060e-02 -9.037169067574421e-05
1.000000000000000e-01 7.022543922779090e-02 -9.144213102501620e-05
1.050000000000000e-01 7.404689604773053e-02 -9.070886327934738e-05
1.100000000000000e-01 7.791463458813094e-02 -9.153636194480927e-05
1.150000000000000e-01 8.183107231148547e-02 -9.092362267500845e-05
1.200000000000000e-01 8.579865711886202e-02 -9.150274492980733e-05
1.250000000000000e-01 8.981986887992111e-02 -9.117723902649472e-05
1.300000000000000e-01 9.389722098291493e-02 -9.146830205964996e-05
1.350000000000000e-01 9.803326190563690e-02 -9.128418120834147e-05
1.400000000000000e-01 1.022305768083033e-01 -9.157698204756694e-05
1.450000000000000e-01 1.064917891493625e-01 -9.151515501294479e-05
1.500000000000000e-01 1.108195623252418e-01 -9.160688844707924e-05
1.550000000000000e-01 1.152166013350572e-01 -9.167059078935091e-05
1.600000000000000e-01 1.196856544713255e-01 -9.174821395361515e-05
1.650000000000000e-01 1.242295150377370e-01 -9.180457811429179e-05
1.700000000000000e-01 1.288510230950609e-01 -9.184891768226071e-05
1.750000000000000e-01 1.335530672362758e-01 -9.195093745228941e-05
1.800000000000000e-01 1.383385863920344e-01 -9.200406311184042e-05
1.850000000000000e-01 1.432105716675912e-01 -9.217989927907089e-05
1.900000000000000e-01 1.481720682123397e-01 -9.222189725029119e-05
1.950000000000000e-01 1.532261771231311e-01 -9.241186573759823e-05
2.000000000000000e-01 1.583760573825595e-01 -9.238327931415588e-05
2.050000000000000e-01 1.636249278334301e-01 -9.266598700543927e-05
2.100000000000000e-01 1.689760691906397e-01 -9.257815227048037e-05
2.150000000000000e-01 1.744328260917313e-01 -9.306723483355013e-05
2.200000000000000e-01 1.799986091874004e-01 -9.283609276763533e-05
2.250000000000000e-01 1.856768972732633e-01 -9.340601342630811e-05
2.300000000000000e-01 1.914712394642179e-01 -9.316818451142557e-05
2.350000000000000e-01 1.973852574127551e-01 -9.370965943565516e-05
2.400000000000000e-01 2.034226475726105e-01 -9.355864463070654e-05
2.450000000000000e-01 2.095871835091678e-01 -9.402652564414301e-05
2.500000000000000e-01 2.158827182580599e-01 -9.397410756929273e-05
2.550000000000000e-01 2.223131867334419e-01 -9.436463051736651e-05
2.600000000000000e-01 2.288826081874405e-01 -9.439077353594367e-05
2.650000000000000e-01 2.355950887223172e-01 -9.474533080391010e-05
2.700000000000000e-01 2.424548238569160e-01 -9.480379495044601e-05
2.750000000000000e-01 2.494661011489995e-01 -9.507436158016997e-05
2.800000000000000e-01 2.566333028751116e-01 -9.526866236308212e-05
2.850000000000000e-01 2.639609087696434e-01 -9.548995807294424e-05
2.900000000000000e-01 2.714534988248126e-01 -9.570311887433854e-05
2.950000000000000e-01 2.791157561533084e-01 -9.593951959426933e-05
3.000000000000000e-01 2.869524699153886e-01 -9.627196684945473e-05
3.050000000000000e-01 2.949685383122613e-01 -9.642208169615301e-05
3.100000000000000e-01 3.031689716476197e-01 -9.686889102085230e-05
3.150000000000000e-01 3.115588954592450e-01 -9.692955605034239e-05
3.200000000000000e-01 3.201435537226349e-01 -9.745591933731306e-05
3.250000000000000e-01 3.289283121286580e-01 -9.759217257373752e-05
3.300000000000000e-01 3.379186614372866e-01 -9.806639672133061e-05
3.350000000000000e-01 3.471202209094989e-01 -9.824123304548251e-05
3.400000000000000e-01 3.565387418195016e-01 -9.861712402894199e-05
3.450000000000000e-01 3.661801110494620e-01 -9.885652909342688e-05
3.500000000000000e-01 3.760503547690021e-01 -9.921296958097574e-05
3.550000000000000e-01 3.861556422017504e-01 -9.949149891254889e-05
3.600000000000000e-01 3.965022894813072e-01 -9.980178953675968e-05
3.650000000000000e-01 4.070967635990345e-01 -1.001772273627523e-04
3.700000000000000e-01 4.179456864461349e-01 -1.003692996304848e-04
3.750000000000000e-01 4.290558389525505e-01 -1.008364110645524e-04
3.800000000000000e-01 4.404341653252637e-01 -1.010368388262821e-04
3.850000000000000e-01 4.520877773886537e-01 -1.015310295976758e-04
3.900000000000000e-01 4.640239590296172e-01 -1.016586043719157e-04
3.950000000000000e-01 4.762501707502353e-01 -1.020766083367508e-04
4.000000000000000e-01 4.887740543308307e-01 -1.022610242539107e-04
4.050000000000000e-01 5.016034376063282e-01 -1.025680385279087e-04
4.100000000000000e-01 5.147463393589066e-01 -1.027682403862650e-04
4.150000000000000e-01 5.282109743299990e-01 -1.030037794798799e-04
4.200000000000000e-01 5.420057583547735e-01 -1.032552069030075e-04
4.250000000000000e-01 5.561393136223041e-01 -1.033506022510302e-04
4.300000000000000e-01 5.706204740647189e-01 -1.036237434270321e-04
4.350000000000000e-01 5.854582908786964e-01 -1.036175752872641e-04
4.400000000000000e-01 6.006620381827575e-01 -1.037789204759934e-04
4.450000000000000e-01 6.162412188138907e-01 -1.037598410034125e-04
4.500000000000000e-01 6.322055702671360e-01 -1.037905168895512e-04
4.550000000000000e-01 6.485650707818353e-01 -1.037202199153906e-04
4.600000000000000e-01 6.653299455783577e-01 -1.035333920940829e-04
4.650000000000000e-01 6.825106732491932e-01 -1.034248489012428e-04
4.700000000000000e-01 7.001179923084168e-01 -1.031056036926502e-04
4.750000000000000e-01 7.181629079036070e-01 -1.028845909209914e-04
4.800000000000000e-01 7.366566986944229e-01 -1.024361355574873e-04
4.850000000000000e-01 7.556109239021327e-01 -1.020092080110461e-04
4.900000000000000e-01 7.750374305345038e-01 -1.014441005259898e-04
4.950000000000000e-01 7.949483607905672e-01 -1.007910609455522e-04
5.000000000000000e-01 8.153561596498893e-01 -1.001008039148857e-04
5.050000000000000e-01 8.362735826510871e-01 -9.926994495067545e-05
5.100000000000000e-01 8.577137038644561e-01 -9.840239067613929e-05
5.150000000000000e-01 8.796899240636907e-01 -9.740079998874235e-05
5.200000000000000e-01 9.022159791018011e-01 -9.630710891180758e-05
5.250000000000000e-01 9.253059484964714e-01 -9.511492245015814e-05
5.300000000000000e-01 9.489742642302165e-01 -9.386551475935828e-05
5.350000000000000e-01 9.732357197708378e-01 -9.252034992003453e-05
5.400000000000000e-01 9.981054793178262e-01 -9.109721367056965e-05
5.450000000000000e-01 1.023599087280478e+00 -8.962762146495670e-05
5.500000000000000e-01 1.049732477993657e+00 -8.798930147911746e-05
5.550000000000000e-01 1.076521985677273e+00 -8.644518522548212e-05
5.600000000000001e-01 1.103984354645701e+00 -8.479442429089147e-05
5.650000000000001e-01 1.132136749773522e+00 -8.308147000462638e-05
5.700000000000001e-01 1.160996767224129e+00 -8.143749060924968e-05
5.750000000000001e-01 1.190582445447902e+00 -7.974213213281014e-05
5.800000000000000e-01 1.220912276456826e+00 -7.811525759706806e-05
5.850000000000000e-01 1.252005217382601e+00 -7.651805844436273e-05
5.900000000000000e-01 1.283880702325469e+00 -7.497728354512295e-05
5.950000000000000e-01 1.316558654501151e+00 -7.358093908388181e-05
6.000000000000000e-01 1.350059498693518e+00 -7.222486146222369e-05
6.050000000000000e-01 1.384404174020732e+00 -7.106110632569460e-05
6.100000000000000e-01 1.419614147022888e+00 -7.002795767622814e-05
6.150000000000000e-01 1.455711425079295e+00 -6.914157059090303e-05
6.200000000000000e-01 1.492718570163803e+00 -6.848285633522758e-05
6.250000000000000e-01 1.530658712946775e+00 -6.796980559779011e-05
6.300000000000000e-01 1.569555567252506e+00 -6.765967031412988e-05
6.350000000000000e-01 1.609433444881138e+00 -6.755961167819150e-05
6.400000000000000e-01 1.650317270804325e+00 -6.757929495201966e-05
6.450000000000000e-01 1.692232598744148e+00 -6.778571485527095e-05
6.500000000000000e-01 1.735205627145031e+00 -6.807341276225628e-05
6.550000000000000e-01 1.779263215548615e+00 -6.839008007883709e-05
6.600000000000000e-01 1.824432901381847e+00 -6.869131910966435e-05
6.650000000000000e-01 1.870742917168772e+00 -6.881490942399593e-05
6.700000000000000e-01 1.918222208176775e+00 -6.863985810383882e-05
6.750000000000000e-01 1.966900450508319e+00 -6.798121048362284e-05
6.800000000000000e-01 2.016808069649473e+00 -6.651913306359471e-05
6.850000000000001e-01 2.067976259486829e+00 -6.398494301413372e-05
6.900000000000001e-01 2.120437001804702e+00 -5.986272045524698e-05
6.950000000000001e-01 2.174223086274785e+00 -5.350139430588601e-05
7.000000000000001e-01 2.229368130950753e+00 -4.417511413369486e-05
7.050000000000000e-01 2.285906603280654e+00 -3.070591926025696e-05
7.100000000000000e-01 2.343873841650178e+00 -1.149909437984300e-05
7.150000000000000e-01 2.403306077470301e+00 1.527129370269733e-05
7.200000000000000e-01 2.464240457823092e+00 5.233414075684414e-05
7.250000000000000e-01 2.526715068679855e+00 1.035323559351687e-04
7.300000000000000e-01 2.590768958706095e+00 1.735525518063761e-04
7.350000000000000e-01 2.656442163668210e+00 2.685476732623494e-04
7.400000000000000e-01 2.723775731457148e+00 3.972600151738952e-04
7.450000000000000e-01 2.792811747744667e+00 5.710333495284438e-04
7.500000000000000e-01 2.863593362288260e+00 8.038114494050162e-04
7.550000000000000e-01 2.936164815901156e+00 1.113596832771545e-03
7.600000000000000e-01 3.010571468104263e+00 1.524355567533210e-03
7.650000000000000e-01 3.086859825477351e+00 2.066154401346743e-03
7.700000000000000e-01 3.165077570727174e+00 2.774502022276670e-03
7.750000000000000e-01 3.245273592490716e+00 3.691641369513834e-03
7.800000000000000e-01 3.327498015892184e+00 4.869862266800851e-03
7.850000000000000e-01 3.411802233872832e+00 6.372806090286696e-03
7.900000000000000e-01 3.498238939313234e+00 8.272526403099433e-03
7.950000000000000e-01 3.586862157968046e+00 1.064557921690380e-02
8.000000000000000e-01 3.677727282233856e+00 1.357411482995327e-02
8.050000000000000e-01 3.770891105771243e+00 1.715297008095070e-02
8.100000000000001e-01 3.866411859002656e+00 2.149560233309564e-02
8.150000000000001e-01 3.964349245508326e+00 2.672675365422652e-02
8.200000000000001e-01 4.064764479342956e+00 3.295378298349155e-02
8.250000000000001e-01 4.167720323296481e+00 4.021967282003735e-02
8.300000000000001e-01 4.273281128122877e+00 4.845112130445920e-02
8.350000000000000e-01 4.381512872761445e+00 5.741763211438299e-02
8.400000000000000e-01 4.492483205575838e+00 6.671332368063794e-02
8.450000000000000e-01 4.606261486636447e+00 7.576843392374610e-02
8.500000000000000e-01 4.722918831072739e+00 8.389437107794138e-02
8.550000000000000e-01 4.842528153522501e+00 9.036105521126489e-02
8.600000000000000e-01 4.965164213705875e+00 9.449663074405945e-02
8.650000000000000e-01 5.090903663152626e+00 9.579127747344447e-02
8.700000000000000e-01 5.219825093111814e+00 9.398457613038576e-02
8.750000000000000e-01 5.352009083673925e+00 8.911931742843693e-02
8.800000000000000e-01 5.487538254136007e+00 8.155086429480501e-02
8.850000000000000e-01 5.626497314641444e+00 7.190745407338825e-02
8.900000000000000e-01 5.768973119126561e+00 6.100463930042842e-02
8.950000000000000e-01 5.915054719607133e+00 4.972694050925845e-02
9.000000000000000e-01 6.064833421838831e+00 3.889953335618137e-02
9.050000000000000e-01 6.218402842386253e+00 2.917754953095327e-02
9.100000000000000e-01 6.375858967136348e+00 2.097689397278265e-02
9.150000000000000e-01 6.537300211292723e+00 1.445871299040465e-02
9.200000000000000e-01 6.702827480888332e+00 9.564043076368590e-03
9.250000000000000e-01 6.872544235855034e+00 6.081729660502378e-03
9.300000000000000e-01 7.046556554689444e+00 3.726373674090788e-03
9.350000000000001e-01 7.224973200755413e+00 2.205438720016608e-03
9.400000000000001e-01 7.407905690264673e+00 1.263401491312688e-03
9.450000000000001e-01 7.595468361978146e+00 7.012061792218312e-04
9.500000000000001e-01 7.787778448671316e+00 3.768545308129517e-04
9.550000000000001e-01 7.984956150408610e+00 1.957189944601559e-04
9.600000000000000e-01 8.187124709672272e+00 9.791940282552545e-05
9.650000000000000e-01 8.394410488393007e+00 4.701011108538674e-05
9.700000000000000e-01 8.606943046930221e+00 2.156559446526628e-05
9.750000000000000e-01 8.824855225051540e+00 9.256401841171172e-06
9.800000000000000e-01 9.048283224961922e+00 3.476786852516831e-06
9.850000000000000e-01 9.277366696434507e+00 -4.879702538748124e-07
9.900000000000000e-01 9.512248824096272e+00 -3.947807273719133e-06
9.950000000000000e-01 9.753076416923058e+00 -1.967883574984307e-05
1.000000000000000e+00 1.000000000000000e+01 -6.179397256863173e-03
