0.000000000000000e+00 0.000000000000000e+00 -4.158277720290492e-02
5.000000000000000e-03 3.369477419287315e-03 -4.158638793055158e-02
1.000000000000000e-02 6.741060871647481e-03 -4.158301079190345e-02
1.500000000000000e-02 1.011685770649257e-02 -4.158675173009763e-02
2.000000000000000e-02 1.349897790673588e-02 -4.158926385063997e-02
2.500000000000000e-02 1.688953540759990e-02 -4.159390123441793e-02
3.000000000000000e-02 2.029064941789469e-02 -4.159812366555005e-02
3.500000000000000e-02 2.370444574459234e-02 -4.160457257365058e-02
4.000000000000000e-02 2.713305812152553e-02 -4.161106301315368e-02
4.500000000000000e-02 3.057862954304063e-02 -4.161960740704174e-02
5.000000000000000e-02 3.404331360343898e-02 -4.162807242054693e-02
5.500000000000000e-02 3.752927584304335e-02 -4.163858318800848e-02
6.000000000000000e-02 4.103869510173117e-02 -4.164928755618424e-02
6.500000000000000e-02 4.457376488078044e-02 -4.166165126019437e-02
7.000000000000001e-02 4.813669471387935e-02 -4.167496801952609e-02
7.500000000000000e-02 5.172971154815675e-02 -4.168934263160112e-02
8.000000000000000e-02 5.535506113609672e-02 -4.170506792587325e-02
8.500000000000001e-02 5.901500943920686e-02 -4.172187511350570e-02
9.000000000000000e-02 6.271184404431801e-02 -4.173990059450407e-02
9.500000000000000e-02 6.644787559340060e-02 -4.175932493749873e-02
1.000000000000000e-01 7.022543922779090e-02 -4.178003303458081e-02
1.050000000000000e-01 7.404689604773053e-02 -4.180213921947796e-02
1.100000000000000e-01 7.791463458813094e-02 -4.182569791019097e-02
1.150000000000000e-01 8.183107231148547e-02 -4.185074732759958e-02
1.200000000000000e-01 8.579865711886202e-02 -4.187720033171886e-02
1.250000000000000e-01 8.981986887992111e-02 -4.190545358274747e-02
1.300000000000000e-01 9.389722098291493e-02 -4.193528897623823e-02
1.350000000000000e-01 9.803326190563690e-02 -4.196692738724982e-02
1.400000000000000e-01 1.022305768083033e-01 -4.200022163939169e-02
1.450000000000000e-01 1.064917891493625e-01 -4.203556160224029e-02
1.500000000000000e-01 1.108195623252418e-01 -4.207270418559308e-02
1.550000000000000e-01 1.152166013350572e-01 -4.211205412586186e-02
1.600000000000000e-01 1.196856544713255e-01 -4.215329893132296e-02
1.650000000000000e-01 1.242295150377370e-01 -4.219694065036208e-02
1.700000000000000e-01 1.288510230950609e-01 -4.224274231416440e-02
1.750000000000000e-01 1.335530672362758e-01 -4.229100195104283e-02
1.800000000000000e-01 1.383385863920344e-01 -4.234173769539689e-02
1.850000000000000e-01 1.432105716675912e-01 -4.239515558499488e-02
1.900000000000000e-01 1.481720682123397e-01 -4.245113235084336e-02
1.950000000000000e-01 1.532261771231311e-01 -4.251005567485370e-02
2.000000000000000e-01 1.583760573825595e-01 -4.257176200375128e-02
2.050000000000000e-01 1.636249278334301e-01 -4.263657696496696e-02
2.100000000000000e-01 1.689760691906397e-01 -4.270453189947969e-02
2.150000000000000e-01 1.744328260917313e-01 -4.277586596898195e-02
2.200000000000000e-01 1.799986091874004e-01 -4.285062081473571e-02
2.250000000000000e-01 1.856768972732633e-01 -4.292887546833248e-02
2.300000000000000e-01 1.914712394642179e-01 -4.301089401265480e-02
2.350000000000000e-01 1.973852574127551e-01 -4.309670706264524e-02
2.400000000000000e-01 2.034226475726105e-01 -4.318651780696683e-02
2.450000000000000e-01 2.095871835091678e-01 -4.328049114005543e-02
2.500000000000000e-01 2.158827182580599e-01 -4.337867162614437e-02
2.550000000000000e-01 2.223131867334419e-01 -4.348142671994397e-02
2.600000000000000e-01 2.288826081874405e-01 -4.358859376590631e-02
2.650000000000000e-01 2.355950887223172e-01 -4.370068077515155e-02
2.700000000000000e-01 2.424548238569160e-01 -4.381746271210377e-02
2.750000000000000e-01 2.494661011489995e-01 -4.393939947860102e-02
2.800000000000000e-01 2.566333028751116e-01 -4.406651659062253e-02
2.850000000000000e-01 2.639609087696434e-01 -4.419889964071296e-02
2.900000000000000e-01 2.714534988248126e-01 -4.433690703099088e-02
2.950000000000000e-01 2.791157561533084e-01 -4.448037140866616e-02
3.000000000000000e-01 2.869524699153886e-01 -4.462961473019849e-02
3.050000000000000e-01 2.949685383122613e-01 -4.478474967154156e-02
3.100000000000000e-01 3.031689716476197e-01 -4.494573801483848e-02
3.150000000000000e-01 3.115588954592450e-01 -4.511293321498600e-02
3.200000000000000e-01 3.201435537226349e-01 -4.528610566126592e-02
3.250000000000000e-01 3.289283121286580e-01 -4.546550789573012e-02
3.300000000000000e-01 3.379186614372866e-01 -4.565111799215828e-02
3.350000000000000e-01 3.471202209094989e-01 -4.584294923959132e-02
3.400000000000000e-01 3.565387418195016e-01 -4.604093244401680e-02
3.450000000000000e-01 3.661801110494620e-01 -4.624500767940101e-02
3.500000000000000e-01 3.760503547690021e-01 -4.645516869112610e-02
3.550000000000000e-01 3.861556422017504e-01 -4.667113542749181e-02
3.600000000000000e-01 3.965022894813072e-01 -4.689274398190083e-02
3.650000000000000e-01 4.070967635990345e-01 -4.711980245133095e-02
3.700000000000000e-01 4.179456864461349e-01 -4.735183678242105e-02
3.750000000000000e-01 4.290558389525505e-01 -4.758859592015299e-02
3.800000000000000e-01 4.404341653252637e-01 -4.782947206214255e-02
3.850000000000000e-01 4.520877773886537e-01 -4.807392035775073e-02
3.900000000000000e-01 4.640239590296172e-01 -4.832130035067957e-02
3.950000000000000e-01 4.762501707502353e-01 -4.857071114215107e-02
4.000000000000000e-01 4.887740543308307e-01 -4.882131516428142e-02
4.050000000000000e-01 5.016034376063282e-01 -4.907202043244449e-02
4.100000000000000e-01 5.147463393589066e-01 -4.932155250785997e-02
4.150000000000000e-01 5.282109743299990e-01 -4.956864171899673e-02
4.200000000000000e-01 5.420057583547735e-01 -4.981163067759591e-02
4.250000000000000e-01 5.561393136223041e-01 -5.004880116708355e-02
4.300000000000000e-01 5.706204740647189e-01 -5.027825464754759e-02
4.350000000000000e-01 5.854582908786964e-01 -5.049772319979699e-02
4.400000000000000e-01 6.006620381827575e-01 -5.070487484088755e-02
4.450000000000000e-01 6.162412188138907e-01 -5.089707718442690e-02
4.500000000000000e-01 6.322055702671360e-01 -5.107136081532521e-02
4.550000000000000e-01 6.485650707818353e-01 -5.122465657633955e-02
4.600000000000000e-01 6.653299455783577e-01 -5.135354052643156e-02
4.650000000000000e-01 6.825106732491932e-01 -5.145427568655488e-02
4.700000000000000e-01 7.001179923084168e-01 -5.152301860311941e-02
4.750000000000000e-01 7.181629079036070e-01 -5.155556093768313e-02
4.800000000000000e-01 7.366566986944229e-01 -5.154744410473226e-02
4.850000000000000e-01 7.556109239021327e-01 -5.149412263823168e-02
4.900000000000000e-01 7.750374305345038e-01 -5.139078544774223e-02
4.950000000000000e-01 7.949483607905672e-01 -5.123243745458449e-02
5.000000000000000e-01 8.153561596498893e-01 -5.101411888289265e-02
5.050000000000000e-01 8.362735826510871e-01 -5.073076799265362e-02
5.100000000000000e-01 8.577137038644561e-01 -5.037728494371627e-02
5.150000000000000e-01 8.796899240636907e-01 -4.994878124367904e-02
5.200000000000000e-01 9.022159791018011e-01 -4.944053653643759e-02
5.250000000000000e-01 9.253059484964714e-01 -4.884800059111491e-02
5.300000000000000e-01 9.489742642302165e-01 -4.816702574173524e-02
5.350000000000000e-01 9.732357197708378e-01 -4.739397045536889e-02
5.400000000000000e-01 9.981054793178262e-01 -4.652561639324006e-02
5.450000000000000e-01 1.023599087280478e+00 -4.555933875202463e-02
5.500000000000000e-01 1.049732477993657e+00 -4.449325446849085e-02
5.550000000000000e-01 1.076521985677273e+00 -4.332623145312452e-02
5.600000000000001e-01 1.103984354645701e+00 -4.205782781468521e-02
5.650000000000001e-01 1.132136749773522e+00 -4.068846660383478e-02
5.700000000000001e-01 1.160996767224129e+00 -3.921946826850097e-02
5.750000000000001e-01 1.190582445447902e+00 -3.765302415602113e-02
5.800000000000000e-01 1.220912276456826e+00 -3.599209495776501e-02
5.850000000000000e-01 1.252005217382601e+00 -3.424051614385888e-02
5.900000000000000e-01 1.283880702325469e+00 -3.240296739846757e-02
5.950000000000000e-01 1.316558654501151e+00 -3.048494905575094e-02
6.000000000000000e-01 1.350059498693518e+00 -2.849262226017964e-02
6.050000000000000e-01 1.384404174020732e+00 -2.643283465560069e-02
6.100000000000000e-01 1.419614147022888e+00 -2.431306672791384e-02
6.150000000000000e-01 1.455711425079295e+00 -2.214147334782391e-02
6.200000000000000e-01 1.492718570163803e+00 -1.992673663310382e-02
6.250000000000000e-01 1.530658712946775e+00 -1.767805976260567e-02
6.300000000000000e-01 1.569555567252506e+00 -1.540507698066678e-02
6.350000000000000e-01 1.609433444881138e+00 -1.311792759632731e-02
6.400000000000000e-01 1.650317270804325e+00 -1.082719592101709e-02
6.450000000000000e-01 1.692232598744148e+00 -8.544012461970878e-03
6.500000000000000e-01 1.735205627145031e+00 -6.279971141513276e-03
6.550000000000000e-01 1.779263215548615e+00 -4.047227390042506e-03
6.600000000000000e-01 1.824432901381847e+00 -1.858456591882116e-03
6.650000000000000e-01 1.870742917168772e+00 2.730658477613639e-04
6.700000000000000e-01 1.918222208176775e+00 2.333467826631052e-03
6.750000000000000e-01 1.966900450508319e+00 4.308252104210013e-03
6.800000000000000e-01 2.016808069649473e+00 6.182331312617018e-03
6.850000000000001e-01 2.067976259486829e+00 7.940103430267150e-03
6.900000000000001e-01 2.120437001804702e+00 9.565614793550420e-03
6.950000000000001e-01 2.174223086274785e+00 1.104282876468472e-02
7.000000000000001e-01 2.229368130950753e+00 1.235603520570677e-02
7.050000000000000e-01 2.285906603280654e+00 1.349042646715825e-02
7.100000000000000e-01 2.343873841650178e+00 1.443285876411252e-02
7.150000000000000e-01 2.403306077470301e+00 1.517279944908934e-02
7.200000000000000e-01 2.464240457823092e+00 1.570343711856003e-02
7.250000000000000e-01 2.526715068679855e+00 1.602290498546382e-02
7.300000000000000e-01 2.590768958706095e+00 1.613554581484729e-02
7.350000000000000e-01 2.656442163668210e+00 1.605313589652355e-02
7.400000000000000e-01 2.723775731457148e+00 1.579599087713702e-02
7.450000000000000e-01 2.792811747744667e+00 1.539389761805199e-02
7.500000000000000e-01 2.863593362288260e+00 1.488684752195995e-02
7.550000000000000e-01 2.936164815901156e+00 1.432557728374043e-02
7.600000000000000e-01 3.010571468104263e+00 1.377194051805807e-02
7.650000000000000e-01 3.086859825477351e+00 1.329912787599499e-02
7.700000000000000e-01 3.165077570727174e+00 1.299171807476279e-02
7.750000000000000e-01 3.245273592490716e+00 1.294547645520512e-02
7.800000000000000e-01 3.327498015892184e+00 1.326672356802812e-02
7.850000000000000e-01 3.411802233872832e+00 1.407097858682939e-02
7.900000000000000e-01 3.498238939313234e+00 1.548044893576608e-02
7.950000000000000e-01 3.586862157968046e+00 1.761980354586415e-02
8.000000000000000e-01 3.677727282233856e+00 2.060956209552636e-02
8.050000000000000e-01 3.770891105771243e+00 2.455640764731087e-02
8.100000000000001e-01 3.866411859002656e+00 2.953986112639827e-02
8.150000000000001e-01 3.964349245508326e+00 3.559513633979136e-02
8.200000000000001e-01 4.064764479342956e+00 4.269271173383286e-02
8.250000000000001e-01 4.167720323296481e+00 5.071625246491893e-02
8.300000000000001e-01 4.273281128122877e+00 5.944193633615716e-02
8.350000000000000e-01 4.381512872761445e+00 6.852376538181651e-02
8.400000000000000e-01 4.492483205575838e+00 7.749067284437385e-02
8.450000000000000e-01 4.606261486636447e+00 8.576157648478215e-02
8.500000000000000e-01 4.722918831072739e+00 9.268332502763328e-02
8.550000000000000e-01 4.842528153522501e+00 9.759322226078181e-02
8.600000000000000e-01 4.965164213705875e+00 9.990243658350711e-02
8.650000000000000e-01 5.090903663152626e+00 9.918982959820082e-02
8.700000000000000e-01 5.219825093111814e+00 9.528921741860363e-02
8.750000000000000e-01 5.352009083673925e+00 8.834920920700938e-02
8.800000000000000e-01 5.487538254136007e+00 7.884601644064432e-02
8.850000000000000e-01 5.626497314641444e+00 6.753744307539240e-02
8.900000000000000e-01 5.768973119126561e+00 5.535994919688186e-02
8.950000000000000e-01 5.915054719607133e+00 4.328682140665792e-02
9.000000000000000e-01 6.064833421838831e+00 3.217860258612205e-02
9.050000000000000e-01 6.218402842386253e+00 2.266145960554428e-02
9.100000000000000e-01 6.375858967136348e+00 1.506211772969970e-02
9.150000000000000e-01 6.537300211292723e+00 9.410993781872979e-03
9.200000000000000e-01 6.702827480888332e+00 5.504406415374126e-03
9.250000000000000e-01 6.872544235855034e+00 3.000408300675991e-03
9.300000000000000e-01 7.046556554689444e+00 1.517063444541615e-03
9.350000000000001e-01 7.224973200755413e+00 7.079827757187826e-04
9.400000000000001e-01 7.407905690264673e+00 3.033586249961126e-04
9.450000000000001e-01 7.595468361978146e+00 1.186845936175633e-04
9.500000000000001e-01 7.787778448671316e+00 4.214925288141978e-05
9.550000000000001e-01 7.984956150408610e+00 1.350369101368376e-05
9.600000000000000e-01 8.187124709672272e+00 3.877403371069764e-06
9.650000000000000e-01 8.394410488393007e+00 9.909632254129917e-07
9.700000000000000e-01 8.606943046930221e+00 2.237970869679911e-07
9.750000000000000e-01 8.824855225051540e+00 4.432798878076453e-08
9.800000000000000e-01 9.048283224961922e+00 7.645002555254551e-09
9.850000000000000e-01 9.277366696434507e+00 1.149395309939265e-09
9.900000000000000e-01 9.512248824096272e+00 1.649633151573824e-10
9.950000000000000e-01 9.753076416923058e+00 3.291344512922223e-11
1.000000000000000e+00 1.000000000000000e+01 -1.260518463593952e-11
