0.000000000000000e+00 0.000000000000000e+00 -1.472071622453729e-04
5.000000000000000e-03 3.369477419287315e-03 -1.508078238312622e-04
1.000000000000000e-02 6.741060871647481e-03 -1.484859609358566e-04
1.500000000000000e-02 1.011685770649257e-02 -1.472054642228830e-04
2.000000000000000e-02 1.349897790673588e-02 -1.486576708619294e-04
2.500000000000000e-02 1.688953540759990e-02 -1.477289935436923e-04
3.000000000000000e-02 2.029064941789469e-02 -1.490598087541718e-04
3.500000000000000e-02 2.370444574459234e-02 -1.484045748803366e-04
4.000000000000000e-02 2.713305812152553e-02 -1.492138760540661e-04
4.500000000000000e-02 3.057862954304063e-02 -1.486160607636845e-04
5.000000000000000e-02 3.404331360343898e-02 -1.495429564616023e-04
5.500000000000000e-02 3.752927584304335e-02 -1.486397050667571e-04
6.000000000000000e-02 4.103869510173117e-02 -1.498043769608788e-04
6.500000000000000e-02 4.457376488078044e-02 -1.487738995425041e-04
7.000000000000001e-02 4.813669471387935e-02 -1.498126688054661e-04
7.500000000000000e-02 5.172971154815675e-02 -1.489818799239141e-04
8.000000000000000e-02 5.535506113609672e-02 -1.497804056282970e-04
8.500000000000001e-02 5.901500943920686e-02 -1.491780672720499e-04
9.000000000000000e-02 6.271184404431801e-02 -1.497834151707586e-04
9.500000000000000e-02 6.644787559340060e-02 -1.492998625701476e-04
1.000000000000000e-01 7.022543922779090e-02 -1.498473588674631e-04
1.050000000000000e-01 7.404689604773053e-02 -1.494920109761034e-04
1.100000000000000e-01 7.791463458813094e-02 -1.498873048614619e-04
1.150000000000000e-01 8.183107231148547e-02 -1.497206850654731e-04
1.200000000000000e-01 8.579865711886202e-02 -1.498754536169712e-04
1.250000000000000e-01 8.981986887992111e-02 -1.498053975938766e-04
1.300000000000000e-01 9.389722098291493e-02 -1.498606752856044e-04
1.350000000000000e-01 9.803326190563690e-02 -1.499258808732027e-04
1.400000000000000e-01 1.022305768083033e-01 -1.498663184119497e-04
1.450000000000000e-01 1.064917891493625e-01 -1.501226081811875e-04
1.500000000000000e-01 1.108195623252418e-01 -1.499614329988454e-04
1.550000000000000e-01 1.152166013350572e-01 -1.503480290831840e-04
1.600000000000000e-01 1.196856544713255e-01 -1.501294705135318e-04
1.650000000000000e-01 1.242295150377370e-01 -1.505003682030374e-04
1.700000000000000e-01 1.288510230950609e-01 -1.502765391055166e-04
1.750000000000000e-01 1.335530672362758e-01 -1.507466888630871e-04
1.800000000000000e-01 1.383385863920344e-01 -1.504411178804713e-04
1.850000000000000e-01 1.432105716675912e-01 -1.509255639601671e-04
1.900000000000000e-01 1.481720682123397e-01 -1.506969299728537e-04
1.950000000000000e-01 1.532261771231311e-01 -1.511632133372388e-04
2.000000000000000e-01 1.583760573825595e-01 -1.510147846982443e-04
2.050000000000000e-01 1.636249278334301e-01 -1.514045738921140e-04
2.100000000000000e-01 1.689760691906397e-01 -1.512842965718429e-04
2.150000000000000e-01 1.744328260917313e-01 -1.516044697636628e-04
2.200000000000000e-01 1.799986091874004e-01 -1.515984388116972e-04
2.250000000000000e-01 1.856768972732633e-01 -1.518123369718931e-04
2.300000000000000e-01 1.914712394642179e-01 -1.518792167577555e-04
2.350000000000000e-01 1.973852574127551e-01 -1.520170327743295e-04
2.400000000000000e-01 2.034226475726105e-01 -1.522603285357078e-04
2.450000000000000e-01 2.095871835091678e-01 -1.523488415105681e-04
2.500000000000000e-01 2.158827182580599e-01 -1.526663758740132e-04
2.550000000000000e-01 2.223131867334419e-01 -1.527096833666091e-04
2.600000000000000e-01 2.288826081874405e-01 -1.530518776196484e-04
2.650000000000000e-01 2.355950887223172e-01 -1.531182485609610e-04
2.700000000000000e-01 2.424548238569160e-01 -1.534947777340949e-04
2.750000000000000e-01 2.494661011489995e-01 -1.535066957772690e-04
2.800000000000000e-01 2.566333028751116e-01 -1.539478097007162e-04
2.850000000000000e-01 2.639609087696434e-01 -1.540271553544762e-04
2.900000000000000e-01 2.714534988248126e-01 -1.543569230082410e-04
2.950000000000000e-01 2.791157561533084e-01 -1.545764018169574e-04
3.000000000000000e-01 2.869524699153886e-01 -1.547808370875174e-04
3.050000000000000e-01 2.949685383122613e-01 -1.551290925418528e-04
3.100000000000000e-01 3.031689716476197e-01 -1.553162329669491e-04
3.150000000000000e-01 3.115588954592450e-01 -1.556980556567344e-04
3.200000000000000e-01 3.201435537226349e-01 -1.558374235065931e-04
3.250000000000000e-01 3.289283121286580e-01 -1.562926447975490e-04
3.300000000000000e-01 3.379186614372866e-01 -1.564197418839050e-04
3.350000000000000e-01 3.471202209094989e-01 -1.568817099013296e-04
3.400000000000000e-01 3.565387418195016e-01 -1.570714739894112e-04
3.450000000000000e-01 3.661801110494620e-01 -1.574745654813538e-04
3.500000000000000e-01 3.760503547690021e-01 -1.577669947781978e-04
3.550000000000000e-01 3.861556422017504e-01 -1.580967008721264e-04
3.600000000000000e-01 3.965022894813072e-01 -1.584442817628342e-04
3.650000000000000e-01 4.070967635990345e-01 -1.587092364797104e-04
3.700000000000000e-01 4.179456864461349e-01 -1.591162116704698e-04
3.750000000000000e-01 4.290558389525505e-01 -1.593216557758078e-04
3.800000000000000e-01 4.404341653252637e-01 -1.597697928888738e-04
3.850000000000000e-01 4.520877773886537e-01 -1.600675962891513e-04
3.900000000000000e-01 4.640239590296172e-01 -1.604177197017874e-04
3.950000000000000e-01 4.762501707502353e-01 -1.607169985079862e-04
4.000000000000000e-01 4.887740543308307e-01 -1.609782021535594e-04
4.050000000000000e-01 5.016034376063282e-01 -1.613438726252450e-04
4.100000000000000e-01 5.147463393589066e-01 -1.615457816200591e-04
4.150000000000000e-01 5.282109743299990e-01 -1.618894555370826e-04
4.200000000000000e-01 5.420057583547735e-01 -1.621019588700522e-04
4.250000000000000e-01 5.561393136223041e-01 -1.623846206311606e-04
4.300000000000000e-01 5.706204740647189e-01 -1.625916409303207e-04
4.350000000000000e-01 5.854582908786964e-01 -1.627800004767941e-04
4.400000000000000e-01 6.006620381827575e-01 -1.629489462238958e-04
4.450000000000000e-01 6.162412188138907e-01 -1.630853855875257e-04
4.500000000000000e-01 6.322055702671360e-01 -1.632173569327331e-04
4.550000000000000e-01 6.485650707818353e-01 -1.633118411964162e-04
4.600000000000000e-01 6.653299455783577e-01 -1.633782629730368e-04
4.650000000000000e-01 6.825106732491932e-01 -1.633762540163121e-04
4.700000000000000e-01 7.001179923084168e-01 -1.633923344238557e-04
4.750000000000000e-01 7.181629079036070e-01 -1.633492042181731e-04
4.800000000000000e-01 7.366566986944229e-01 -1.633049842237658e-04
4.850000000000000e-01 7.556109239021327e-01 -1.632800139418851e-04
4.900000000000000e-01 7.750374305345038e-01 -1.630906285971178e-04
4.950000000000000e-01 7.949483607905672e-01 -1.630456141515267e-04
5.000000000000000e-01 8.153561596498893e-01 -1.629611938867234e-04
5.050000000000000e-01 8.362735826510871e-01 -1.628592774872317e-04
5.100000000000000e-01 8.577137038644561e-01 -1.628396470250050e-04
5.150000000000000e-01 8.796899240636907e-01 -1.628391635912534e-04
5.200000000000000e-01 9.022159791018011e-01 -1.629707712361771e-04
5.250000000000000e-01 9.253059484964714e-01 -1.631948069064045e-04
5.300000000000000e-01 9.489742642302165e-01 -1.635805834243407e-04
5.350000000000000e-01 9.732357197708378e-01 -1.642349868304860e-04
5.400000000000000e-01 9.981054793178262e-01 -1.651002986228927e-04
5.450000000000000e-01 1.023599087280478e+00 -1.663947514784968e-04
5.500000000000000e-01 1.049732477993657e+00 -1.681111159334480e-04
5.550000000000000e-01 1.076521985677273e+00 -1.703877582261856e-04
5.600000000000001e-01 1.103984354645701e+00 -1.734123634238182e-04
5.650000000000001e-01 1.132136749773522e+00 -1.772589713541092e-04
5.700000000000001e-01 1.160996767224129e+00 -1.821932967355394e-04
5.750000000000001e-01 1.190582445447902e+00 -1.884504571268597e-04
5.800000000000000e-01 1.220912276456826e+00 -1.962371483467602e-04
5.850000000000000e-01 1.252005217382601e+00 -2.060085884230007e-04
5.900000000000000e-01 1.283880702325469e+00 -2.180826026150538e-04
5.950000000000000e-01 1.316558654501151e+00 -2.329667696968420e-04
6.000000000000000e-01 1.350059498693518e+00 -2.513044123315386e-04
6.050000000000000e-01 1.384404174020732e+00 -2.737283081323802e-04
6.100000000000000e-01 1.419614147022888e+00 -3.011135750368219e-04
6.150000000000000e-01 1.455711425079295e+00 -3.345311772314012e-04
6.200000000000000e-01 1.492718570163803e+00 -3.751057588731413e-04
6.250000000000000e-01 1.530658712946775e+00 -4.243739254214231e-04
6.300000000000000e-01 1.569555567252506e+00 -4.840910380217325e-04
6.350000000000000e-01 1.609433444881138e+00 -5.562860945505935e-04
6.400000000000000e-01 1.650317270804325e+00 -6.434899032908272e-04
6.450000000000000e-01 1.692232598744148e+00 -7.486737602116476e-04
6.500000000000000e-01 1.735205627145031e+00 -8.752210169629599e-04
6.550000000000000e-01 1.779263215548615e+00 -1.027254792683219e-03
6.600000000000000e-01 1.824432901381847e+00 -1.209501597056808e-03
6.650000000000000e-01 1.870742917168772e+00 -1.427312671745357e-03
6.700000000000000e-01 1.918222208176775e+00 -1.686832721034201e-03
6.750000000000000e-01 1.966900450508319e+00 -1.994960430133295e-03
6.800000000000000e-01 2.016808069649473e+00 -2.359067131610373e-03
6.850000000000001e-01 2.067976259486829e+00 -2.786999386827576e-03
6.900000000000001e-01 2.120437001804702e+00 -3.286759476330330e-03
6.950000000000001e-01 2.174223086274785e+00 -3.865904441016479e-03
7.000000000000001e-01 2.229368130950753e+00 -4.530761025774580e-03
7.050000000000000e-01 2.285906603280654e+00 -5.285504620248692e-03
7.100000000000000e-01 2.343873841650178e+00 -6.130716678509771e-03
7.150000000000000e-01 2.403306077470301e+00 -7.061766809759767e-03
7.200000000000000e-01 2.464240457823092e+00 -8.066897487870641e-03
7.250000000000000e-01 2.526715068679855e+00 -9.124807966153677e-03
7.300000000000000e-01 2.590768958706095e+00 -1.020180196482015e-02
7.350000000000000e-01 2.656442163668210e+00 -1.124958632574623e-02
7.400000000000000e-01 2.723775731457148e+00 -1.220486217304372e-02
7.450000000000000e-01 2.792811747744667e+00 -1.299138530692607e-02
7.500000000000000e-01 2.863593362288260e+00 -1.352440211822232e-02
7.550000000000000e-01 2.936164815901156e+00 -1.371660220504271e-02
7.600000000000000e-01 3.010571468104263e+00 -1.348412210626410e-02
7.650000000000000e-01 3.086859825477351e+00 -1.275099137825632e-02
7.700000000000000e-01 3.165077570727174e+00 -1.145093526128008e-02
7.750000000000000e-01 3.245273592490716e+00 -9.526391409096186e-03
7.800000000000000e-01 3.327498015892184e+00 -6.925407367193936e-03
7.850000000000000e-01 3.411802233872832e+00 -3.597810341629901e-03
7.900000000000000e-01 3.498238939313234e+00 5.077887510306326e-04
7.950000000000000e-01 3.586862157968046e+00 5.444585969393083e-03
8.000000000000000e-01 3.677727282233856e+00 1.126469025552051e-02
8.050000000000000e-01 3.770891105771243e+00 1.801165465522477e-02
8.100000000000001e-01 3.866411859002656e+00 2.570773457701499e-02
8.150000000000001e-01 3.964349245508326e+00 3.433540038609505e-02
8.200000000000001e-01 4.064764479342956e+00 4.381419606702108e-02
8.250000000000001e-01 4.167720323296481e+00 5.397592398948674e-02
8.300000000000001e-01 4.273281128122877e+00 6.454325626111224e-02
8.350000000000000e-01 4.381512872761445e+00 7.511784580284070e-02
8.400000000000000e-01 4.492483205575838e+00 8.518381551004041e-02
8.450000000000000e-01 4.606261486636447e+00 9.413117300742978e-02
8.500000000000000e-01 4.722918831072739e+00 1.013015655260662e-01
8.550000000000000e-01 4.842528153522501e+00 1.060556435051185e-01
8.600000000000000e-01 4.965164213705875e+00 1.078568309431274e-01
8.650000000000000e-01 5.090903663152626e+00 1.063606898462534e-01
8.700000000000000e-01 5.219825093111814e+00 1.014936037471279e-01
8.750000000000000e-01 5.352009083673925e+00 9.350146135001684e-02
8.800000000000000e-01 5.487538254136007e+00 8.295081583508661e-02
8.850000000000000e-01 5.626497314641444e+00 7.067296310348969e-02
8.900000000000000e-01 5.768973119126561e+00 5.765468536509857e-02
8.950000000000000e-01 5.915054719607133e+00 4.489464560680798e-02
9.000000000000000e-01 6.064833421838831e+00 3.325636402051470e-02
9.050000000000000e-01 6.218402842386253e+00 2.335219735007230e-02
9.100000000000000e-01 6.375858967136348e+00 1.548515389024816e-02
9.150000000000000e-01 6.537300211292723e+00 9.658464320618315e-03
9.200000000000000e-01 6.702827480888332e+00 5.642635177181453e-03
9.250000000000000e-01 6.872544235855034e+00 3.074111374120273e-03
9.300000000000000e-01 7.046556554689444e+00 1.554569451621894e-03
9.350000000000001e-01 7.224973200755413e+00 7.261960707640524e-04
9.400000000000001e-01 7.407905690264673e+00 3.117981473009824e-04
9.450000000000001e-01 7.595468361978146e+00 1.224160618110786e-04
9.500000000000001e-01 7.787778448671316e+00 4.372354063372355e-05
9.550000000000001e-01 7.984956150408610e+00 1.413749387360464e-05
9.600000000000000e-01 8.187124709672272e+00 4.120918182263336e-06
9.650000000000000e-01 8.394410488393007e+00 1.080257393491529e-06
9.700000000000000e-01 8.606943046930221e+00 2.550408312203262e-07
9.750000000000000e-01 8.824855225051540e+00 5.472328332126076e-08
9.800000000000000e-01 9.048283224961922e+00 1.087761764359596e-08
9.850000000000000e-01 9.277366696434507e+00 1.710982318508607e-09
9.900000000000000e-01 9.512248824096272e+00 -5.533014816295334e-10
9.950000000000000e-01 9.753076416923058e+00 -4.297028648724862e-09
1.000000000000000e+00 1.000000000000000e+01 -1.371528127797954e-06
