0.000000000000000e+00 0.000000000000000e+00 -1.787050896516974e-04
5.000000000000000e-03 3.369477419287315e-03 -1.823057512386080e-04
1.000000000000000e-02 6.741060871647481e-03 -1.790611556683191e-04
1.500000000000000e-02 1.011685770649257e-02 -1.794506801495698e-04
2.000000000000000e-02 1.349897790673588e-02 -1.798835867863261e-04
2.500000000000000e-02 1.688953540759990e-02 -1.803358598089833e-04
3.000000000000000e-02 2.029064941789469e-02 -1.802056034341398e-04
3.500000000000000e-02 2.370444574459234e-02 -1.804334029831222e-04
4.000000000000000e-02 2.713305812152553e-02 -1.801044469772970e-04
4.500000000000000e-02 3.057862954304063e-02 -1.803431623428940e-04
5.000000000000000e-02 3.404331360343898e-02 -1.801745048148656e-04
5.500000000000000e-02 3.752927584304335e-02 -1.804045411310152e-04
6.000000000000000e-02 4.103869510173117e-02 -1.800430368873434e-04
6.500000000000000e-02 4.457376488078044e-02 -1.805506644871046e-04
7.000000000000001e-02 4.813669471387935e-02 -1.802710426668954e-04
7.500000000000000e-02 5.172971154815675e-02 -1.806689088476234e-04
8.000000000000000e-02 5.535506113609672e-02 -1.804153121297495e-04
8.500000000000001e-02 5.901500943920686e-02 -1.807961545275054e-04
9.000000000000000e-02 6.271184404431801e-02 -1.805885100104299e-04
9.500000000000000e-02 6.644787559340060e-02 -1.808108963324802e-04
1.000000000000000e-01 7.022543922779090e-02 -1.808954229470663e-04
1.050000000000000e-01 7.404689604773053e-02 -1.809637055937916e-04
1.100000000000000e-01 7.791463458813094e-02 -1.809824183771793e-04
1.150000000000000e-01 8.183107231148547e-02 -1.811479672876610e-04
1.200000000000000e-01 8.579865711886202e-02 -1.811380864799297e-04
1.250000000000000e-01 8.981986887992111e-02 -1.813842593412826e-04
1.300000000000000e-01 9.389722098291493e-02 -1.813532080722913e-04
1.350000000000000e-01 9.803326190563690e-02 -1.814888908649488e-04
1.400000000000000e-01 1.022305768083033e-01 -1.816326974945678e-04
1.450000000000000e-01 1.064917891493625e-01 -1.817727072651646e-04
1.500000000000000e-01 1.108195623252418e-01 -1.819483346929006e-04
1.550000000000000e-01 1.152166013350572e-01 -1.820634137581770e-04
1.600000000000000e-01 1.196856544713255e-01 -1.822519172449723e-04
1.650000000000000e-01 1.242295150377370e-01 -1.824180205720003e-04
1.700000000000000e-01 1.288510230950609e-01 -1.825307556129146e-04
1.750000000000000e-01 1.335530672362758e-01 -1.827356048875335e-04
1.800000000000000e-01 1.383385863920344e-01 -1.828960083313125e-04
1.850000000000000e-01 1.432105716675912e-01 -1.831221871765140e-04
1.900000000000000e-01 1.481720682123397e-01 -1.832832782329592e-04
1.950000000000000e-01 1.532261771231311e-01 -1.835305552775900e-04
2.000000000000000e-01 1.583760573825595e-01 -1.837552347093271e-04
2.050000000000000e-01 1.636249278334301e-01 -1.840181547446550e-04
2.100000000000000e-01 1.689760691906397e-01 -1.842266787773527e-04
2.150000000000000e-01 1.744328260917313e-01 -1.845193818792447e-04
2.200000000000000e-01 1.799986091874004e-01 -1.847900826679620e-04
2.250000000000000e-01 1.856768972732633e-01 -1.850487572403426e-04
2.300000000000000e-01 1.914712394642179e-01 -1.853987309536796e-04
2.350000000000000e-01 1.973852574127551e-01 -1.857444152271208e-04
2.400000000000000e-01 2.034226475726105e-01 -1.860983513228373e-04
2.450000000000000e-01 2.095871835091678e-01 -1.864749358310635e-04
2.500000000000000e-01 2.158827182580599e-01 -1.868439587524197e-04
2.550000000000000e-01 2.223131867334419e-01 -1.873029069116225e-04
2.600000000000000e-01 2.288826081874405e-01 -1.876946048407246e-04
2.650000000000000e-01 2.355950887223172e-01 -1.881579008429512e-04
2.700000000000000e-01 2.424548238569160e-01 -1.885990646754141e-04
2.750000000000000e-01 2.494661011489995e-01 -1.890880979210537e-04
2.800000000000000e-01 2.566333028751116e-01 -1.896165069217835e-04
2.850000000000000e-01 2.639609087696434e-01 -1.902384028633737e-04
2.900000000000000e-01 2.714534988248126e-01 -1.907450601188979e-04
2.950000000000000e-01 2.791157561533084e-01 -1.914552142846272e-04
3.000000000000000e-01 2.869524699153886e-01 -1.920782322202838e-04
3.050000000000000e-01 2.949685383122613e-01 -1.928294624082417e-04
3.100000000000000e-01 3.031689716476197e-01 -1.934937498954609e-04
3.150000000000000e-01 3.115588954592450e-01 -1.943077897427728e-04
3.200000000000000e-01 3.201435537226349e-01 -1.950598492481615e-04
3.250000000000000e-01 3.289283121286580e-01 -1.959314210404247e-04
3.300000000000000e-01 3.379186614372866e-01 -1.968603725767939e-04
3.350000000000000e-01 3.471202209094989e-01 -1.977912679949730e-04
3.400000000000000e-01 3.565387418195016e-01 -1.988954702059203e-04
3.450000000000000e-01 3.661801110494620e-01 -1.999492565093635e-04
3.500000000000000e-01 3.760503547690021e-01 -2.011492135207135e-04
3.550000000000000e-01 3.861556422017504e-01 -2.022993089693438e-04
3.600000000000000e-01 3.965022894813072e-01 -2.036345408660914e-04
3.650000000000000e-01 4.070967635990345e-01 -2.050410369823635e-04
3.700000000000000e-01 4.179456864461349e-01 -2.064686907066279e-04
3.750000000000000e-01 4.290558389525505e-01 -2.081076370561428e-04
3.800000000000000e-01 4.404341653252637e-01 -2.097133079474920e-04
3.850000000000000e-01 4.520877773886537e-01 -2.116240630543815e-04
3.900000000000000e-01 4.640239590296172e-01 -2.134629362516032e-04
3.950000000000000e-01 4.762501707502353e-01 -2.155817197595503e-04
4.000000000000000e-01 4.887740543308307e-01 -2.177747320135338e-04
4.050000000000000e-01 5.016034376063282e-01 -2.201332992218811e-04
4.100000000000000e-01 5.147463393589066e-01 -2.227875447865091e-04
4.150000000000000e-01 5.282109743299990e-01 -2.255073251413672e-04
4.200000000000000e-01 5.420057583547735e-01 -2.285958202841722e-04
4.250000000000000e-01 5.561393136223041e-01 -2.318361375380924e-04
4.300000000000000e-01 5.706204740647189e-01 -2.353597736590879e-04
4.350000000000000e-01 5.854582908786964e-01 -2.392821714325732e-04
4.400000000000000e-01 6.006620381827575e-01 -2.434607808189105e-04
4.450000000000000e-01 6.162412188138907e-01 -2.481537082864391e-04
4.500000000000000e-01 6.322055702671360e-01 -2.532001107536377e-04
4.550000000000000e-01 6.485650707818353e-01 -2.587795714667886e-04
4.600000000000000e-01 6.653299455783577e-01 -2.649304635153691e-04
4.650000000000000e-01 6.825106732491932e-01 -2.717604524643140e-04
4.700000000000000e-01 7.001179923084168e-01 -2.792837138735009e-04
4.750000000000000e-01 7.181629079036070e-01 -2.876034181984611e-04
4.800000000000000e-01 7.366566986944229e-01 -2.969523223270821e-04
4.850000000000000e-01 7.556109239021327e-01 -3.073107842200280e-04
4.900000000000000e-01 7.750374305345038e-01 -3.188852596742490e-04
4.950000000000000e-01 7.949483607905672e-01 -3.319019028712776e-04
5.000000000000000e-01 8.153561596498893e-01 -3.464344813944216e-04
5.050000000000000e-01 8.362735826510871e-01 -3.628574332577570e-04
5.100000000000000e-01 8.577137038644561e-01 -3.813017536652175e-04
5.150000000000000e-01 8.796899240636907e-01 -4.021404117645647e-04
5.200000000000000e-01 9.022159791018011e-01 -4.257286640797934e-04
5.250000000000000e-01 9.253059484964714e-01 -4.523922990777699e-04
5.300000000000000e-01 9.489742642302165e-01 -4.826796851180576e-04
5.350000000000000e-01 9.732357197708378e-01 -5.170721361041141e-04
5.400000000000000e-01 9.981054793178262e-01 -5.561471948407365e-04
5.450000000000000e-01 1.023599087280478e+00 -6.007050336545328e-04
5.500000000000000e-01 1.049732477993657e+00 -6.514253084627486e-04
5.550000000000000e-01 1.076521985677273e+00 -7.093141880482550e-04
5.600000000000001e-01 1.103984354645701e+00 -7.754236300592188e-04
5.650000000000001e-01 1.132136749773522e+00 -8.509033289115954e-04
5.700000000000001e-01 1.160996767224129e+00 -9.372078092638386e-04
5.750000000000001e-01 1.190582445447902e+00 -1.035899503043079e-03
5.800000000000000e-01 1.220912276456826e+00 -1.148711929944920e-03
5.850000000000000e-01 1.252005217382601e+00 -1.277789404473119e-03
5.900000000000000e-01 1.283880702325469e+00 -1.425359582750865e-03
5.950000000000000e-01 1.316558654501151e+00 -1.594018533811885e-03
6.000000000000000e-01 1.350059498693518e+00 -1.786732025339033e-03
6.050000000000000e-01 1.384404174020732e+00 -2.006689154410992e-03
6.100000000000000e-01 1.419614147022888e+00 -2.257440693675229e-03
6.150000000000000e-01 1.455711425079295e+00 -2.542988865098161e-03
6.200000000000000e-01 1.492718570163803e+00 -2.867496861698655e-03
6.250000000000000e-01 1.530658712946775e+00 -3.235489471981870e-03
6.300000000000000e-01 1.569555567252506e+00 -3.651759359715927e-03
6.350000000000000e-01 1.609433444881138e+00 -4.121126742634451e-03
6.400000000000000e-01 1.650317270804325e+00 -4.648339578653745e-03
6.450000000000000e-01 1.692232598744148e+00 -5.238001235095313e-03
6.500000000000000e-01 1.735205627145031e+00 -5.894039894380733e-03
6.550000000000000e-01 1.779263215548615e+00 -6.619405052388680e-03
6.600000000000000e-01 1.824432901381847e+00 -7.415667120721145e-03
6.650000000000000e-01 1.870742917168772e+00 -8.282349977818963e-03
6.700000000000000e-01 1.918222208176775e+00 -9.216102184070240e-03
6.750000000000000e-01 1.966900450508319e+00 -1.021006761401643e-02
6.800000000000000e-01 2.016808069649473e+00 -1.125300423722283e-02
6.850000000000001e-01 2.067976259486829e+00 -1.232827419932813e-02
6.900000000000001e-01 2.120437001804702e+00 -1.341300215196086e-02
6.950000000000001e-01 2.174223086274785e+00 -1.447763869344047e-02
7.000000000000001e-01 2.229368130950753e+00 -1.548596402619440e-02
7.050000000000000e-01 2.285906603280654e+00 -1.639591620217965e-02
7.100000000000000e-01 2.343873841650178e+00 -1.716157932378708e-02
7.150000000000000e-01 2.403306077470301e+00 -1.773613997063694e-02
7.200000000000000e-01 2.464240457823092e+00 -1.807526779508558e-02
7.250000000000000e-01 2.526715068679855e+00 -1.814033964238248e-02
7.300000000000000e-01 2.590768958706095e+00 -1.790100519458224e-02
7.350000000000000e-01 2.656442163668210e+00 -1.733663741209515e-02
7.400000000000000e-01 2.723775731457148e+00 -1.643632369224006e-02
7.450000000000000e-01 2.792811747744667e+00 -1.519745083945755e-02
7.500000000000000e-01 2.863593362288260e+00 -1.362311504743928e-02
7.550000000000000e-01 2.936164815901156e+00 -1.171886962226850e-02
7.600000000000000e-01 3.010571468104263e+00 -9.489161948572957e-03
7.650000000000000e-01 3.086859825477351e+00 -6.933909687234645e-03
7.700000000000000e-01 3.165077570727174e+00 -4.045397360519161e-03
7.750000000000000e-01 3.245273592490716e+00 -8.058886691779731e-04
7.800000000000000e-01 3.327498015892184e+00 2.813938629418271e-03
7.850000000000000e-01 3.411802233872832e+00 6.855194364148099e-03
7.900000000000000e-01 3.498238939313234e+00 1.136924555707195e-02
7.950000000000000e-01 3.586862157968046e+00 1.641384916809786e-02
8.000000000000000e-01 3.677727282233856e+00 2.204672487088385e-02
8.050000000000000e-01 3.770891105771243e+00 2.831651886804229e-02
8.100000000000001e-01 3.866411859002656e+00 3.525134232141959e-02
8.150000000000001e-01 3.964349245508326e+00 4.284499822553400e-02
8.200000000000001e-01 4.064764479342956e+00 5.104102638470793e-02
8.250000000000001e-01 4.167720323296481e+00 5.971512845960584e-02
8.300000000000001e-01 4.273281128122877e+00 6.865771536345468e-02
8.350000000000000e-01 4.381512872761445e+00 7.756010603179711e-02
8.400000000000000e-01 4.492483205575838e+00 8.600971210697576e-02
8.450000000000000e-01 4.606261486636447e+00 9.350049336962261e-02
8.500000000000000e-01 4.722918831072739e+00 9.946422452863511e-02
8.550000000000000e-01 4.842528153522501e+00 1.033251433449062e-01
8.600000000000000e-01 4.965164213705875e+00 1.045753521963455e-01
8.650000000000000e-01 5.090903663152626e+00 1.028616477189933e-01
8.700000000000000e-01 5.219825093111814e+00 9.806784208973150e-02
8.750000000000000e-01 5.352009083673925e+00 9.037244003362961e-02
8.800000000000000e-01 5.487538254136007e+00 8.026223473970483e-02
8.850000000000000e-01 5.626497314641444e+00 6.848957662209218e-02
8.900000000000000e-01 5.768973119126561e+00 5.597425707262407e-02
8.950000000000000e-01 5.915054719607133e+00 4.366689144612457e-02
9.000000000000000e-01 6.064833421838831e+00 3.240394020757647e-02
9.050000000000000e-01 6.218402842386253e+00 2.278940792758677e-02
9.100000000000000e-01 6.375858967136348e+00 1.513165840345441e-02
9.150000000000000e-01 6.537300211292723e+00 9.447155726898512e-03
9.200000000000000e-01 6.702827480888332e+00 5.522391352322258e-03
9.250000000000000e-01 6.872544235855034e+00 3.008960425778232e-03
9.300000000000000e-01 7.046556554689444e+00 1.520950645539117e-03
9.350000000000001e-01 7.224973200755413e+00 7.096713142045887e-04
9.400000000000001e-01 7.407905690264673e+00 3.040594846067386e-04
9.450000000000001e-01 7.595468361978146e+00 1.189625354881274e-04
9.500000000000001e-01 7.787778448671316e+00 4.225455782353406e-05
9.550000000000001e-01 7.984956150408610e+00 1.354180798683869e-05
9.600000000000000e-01 8.187124709672272e+00 3.890585582489831e-06
9.650000000000000e-01 8.394410488393007e+00 9.953180771158551e-07
9.700000000000000e-01 8.606943046930221e+00 2.251706229279230e-07
9.750000000000000e-01 8.824855225051540e+00 4.474529677473636e-08
9.800000000000000e-01 9.048283224961922e+00 7.772890849898418e-09
9.850000000000000e-01 9.277366696434507e+00 1.205063512474543e-09
9.900000000000000e-01 9.512248824096272e+00 2.180120900545311e-10
9.950000000000000e-01 9.753076416923058e+00 2.292448279974768e-10
1.000000000000000e+00 1.000000000000000e+01 5.923091696731298e-08
