0.000000000000000e+00 0.000000000000000e+00 -1.659369295932937e-04
5.000000000000000e-03 3.369477419287315e-03 -1.695375911798461e-04
1.000000000000000e-02 6.741060871647481e-03 -1.666459356928888e-04
1.500000000000000e-02 1.011685770649257e-02 -1.669469292192414e-04
2.000000000000000e-02 1.349897790673588e-02 -1.670882601419541e-04
2.500000000000000e-02 1.688953540759990e-02 -1.675430809310667e-04
3.000000000000000e-02 2.029064941789469e-02 -1.673450432442524e-04
3.500000000000000e-02 2.370444574459234e-02 -1.672214683723869e-04
4.000000000000000e-02 2.713305812152553e-02 -1.673082959981476e-04
4.500000000000000e-02 3.057862954304063e-02 -1.675416557359818e-04
5.000000000000000e-02 3.404331360343898e-02 -1.672520269059291e-04
5.500000000000000e-02 3.752927584304335e-02 -1.675311208193205e-04
6.000000000000000e-02 4.103869510173117e-02 -1.673008015055903e-04
6.500000000000000e-02 4.457376488078044e-02 -1.674859493130671e-04
7.000000000000001e-02 4.813669471387935e-02 -1.673710379879312e-04
7.500000000000000e-02 5.172971154815675e-02 -1.677084539559177e-04
8.000000000000000e-02 5.535506113609672e-02 -1.674538139851665e-04
8.500000000000001e-02 5.901500943920686e-02 -1.678243199422742e-04
9.000000000000000e-02 6.271184404431801e-02 -1.675655879216754e-04
9.500000000000000e-02 6.644787559340060e-02 -1.678285403227261e-04
1.000000000000000e-01 7.022543922779090e-02 -1.677966226293779e-04
1.050000000000000e-01 7.404689604773053e-02 -1.678346886671231e-04
1.100000000000000e-01 7.791463458813094e-02 -1.679199082421869e-04
1.150000000000000e-01 8.183107231148547e-02 -1.679871376956267e-04
1.200000000000000e-01 8.579865711886202e-02 -1.680207024759047e-04
1.250000000000000e-01 8.981986887992111e-02 -1.681933491993141e-04
1.300000000000000e-01 9.389722098291493e-02 -1.680558617259838e-04
1.350000000000000e-01 9.803326190563690e-02 -1.682636577769128e-04
1.400000000000000e-01 1.022305768083033e-01 -1.682925901324598e-04
1.450000000000000e-01 1.064917891493625e-01 -1.683914090506548e-04
1.500000000000000e-01 1.108195623252418e-01 -1.685048879151176e-04
1.550000000000000e-01 1.152166013350572e-01 -1.685904139229717e-04
1.600000000000000e-01 1.196856544713255e-01 -1.687020190328684e-04
1.650000000000000e-01 1.242295150377370e-01 -1.688250917146658e-04
1.700000000000000e-01 1.288510230950609e-01 -1.689056925182008e-04
1.750000000000000e-01 1.335530672362758e-01 -1.690767555711561e-04
1.800000000000000e-01 1.383385863920344e-01 -1.691555896077214e-04
1.850000000000000e-01 1.432105716675912e-01 -1.693194475525481e-04
1.900000000000000e-01 1.481720682123397e-01 -1.693573527723431e-04
1.950000000000000e-01 1.532261771231311e-01 -1.695260335468434e-04
2.000000000000000e-01 1.583760573825595e-01 -1.696679235306446e-04
2.050000000000000e-01 1.636249278334301e-01 -1.698676158673874e-04
2.100000000000000e-01 1.689760691906397e-01 -1.699910530636200e-04
2.150000000000000e-01 1.744328260917313e-01 -1.701811952682406e-04
2.200000000000000e-01 1.799986091874004e-01 -1.703249180723909e-04
2.250000000000000e-01 1.856768972732633e-01 -1.705045638239825e-04
2.300000000000000e-01 1.914712394642179e-01 -1.706951600241089e-04
2.350000000000000e-01 1.973852574127551e-01 -1.708716559397763e-04
2.400000000000000e-01 2.034226475726105e-01 -1.711342694357420e-04
2.450000000000000e-01 2.095871835091678e-01 -1.713408193451250e-04
2.500000000000000e-01 2.158827182580599e-01 -1.716002898343418e-04
2.550000000000000e-01 2.223131867334419e-01 -1.718479520445823e-04
2.600000000000000e-01 2.288826081874405e-01 -1.720882904033378e-04
2.650000000000000e-01 2.355950887223172e-01 -1.723914663334142e-04
2.700000000000000e-01 2.424548238569160e-01 -1.726425074696813e-04
2.750000000000000e-01 2.494661011489995e-01 -1.729331115804945e-04
2.800000000000000e-01 2.566333028751116e-01 -1.732142687042619e-04
2.850000000000000e-01 2.639609087696434e-01 -1.735188952932268e-04
2.900000000000000e-01 2.714534988248126e-01 -1.738386422544921e-04
2.950000000000000e-01 2.791157561533084e-01 -1.742609440915220e-04
3.000000000000000e-01 2.869524699153886e-01 -1.745362369885112e-04
3.050000000000000e-01 2.949685383122613e-01 -1.750108347448901e-04
3.100000000000000e-01 3.031689716476197e-01 -1.753613421988823e-04
3.150000000000000e-01 3.115588954592450e-01 -1.758389556893815e-04
3.200000000000000e-01 3.201435537226349e-01 -1.761944329777783e-04
3.250000000000000e-01 3.289283121286580e-01 -1.766859500928383e-04
3.300000000000000e-01 3.379186614372866e-01 -1.770894250481056e-04
3.350000000000000e-01 3.471202209094989e-01 -1.775850207654829e-04
3.400000000000000e-01 3.565387418195016e-01 -1.781157582222304e-04
3.450000000000000e-01 3.661801110494620e-01 -1.786056224831015e-04
3.500000000000000e-01 3.760503547690021e-01 -1.792463279305605e-04
3.550000000000000e-01 3.861556422017504e-01 -1.797823965449491e-04
3.600000000000000e-01 3.965022894813072e-01 -1.804381534778028e-04
3.650000000000000e-01 4.070967635990345e-01 -1.809922404853854e-04
3.700000000000000e-01 4.179456864461349e-01 -1.816884506575713e-04
3.750000000000000e-01 4.290558389525505e-01 -1.823993892247105e-04
3.800000000000000e-01 4.404341653252637e-01 -1.830720582251214e-04
3.850000000000000e-01 4.520877773886537e-01 -1.838974819735795e-04
3.900000000000000e-01 4.640239590296172e-01 -1.846149182343146e-04
3.950000000000000e-01 4.762501707502353e-01 -1.855657869078657e-04
4.000000000000000e-01 4.887740543308307e-01 -1.863586140916254e-04
4.050000000000000e-01 5.016034376063282e-01 -1.873401539337334e-04
4.100000000000000e-01 5.147463393589066e-01 -1.882983649798866e-04
4.150000000000000e-01 5.282109743299990e-01 -1.893091721341952e-04
4.200000000000000e-01 5.420057583547735e-01 -1.904959727062828e-04
4.250000000000000e-01 5.561393136223041e-01 -1.916150401319756e-04
4.300000000000000e-01 5.706204740647189e-01 -1.929542340029136e-04
4.350000000000000e-01 5.854582908786964e-01 -1.942853454272796e-04
4.400000000000000e-01 6.006620381827575e-01 -1.957227780957747e-04
4.450000000000000e-01 6.162412188138907e-01 -1.973583315801153e-04
4.500000000000000e-01 6.322055702671360e-01 -1.990399623233030e-04
4.550000000000000e-01 6.485650707818353e-01 -2.009882846331567e-04
4.600000000000000e-01 6.653299455783577e-01 -2.030302606135406e-04
4.650000000000000e-01 6.825106732491932e-01 -2.053114677122518e-04
4.700000000000000e-01 7.001179923084168e-01 -2.078332877964846e-04
4.750000000000000e-01 7.181629079036070e-01 -2.106811590885169e-04
4.800000000000000e-01 7.366566986944229e-01 -2.138184314995441e-04
4.850000000000000e-01 7.556109239021327e-01 -2.173080947960610e-04
4.900000000000000e-01 7.750374305345038e-01 -2.213362061312917e-04
4.950000000000000e-01 7.949483607905672e-01 -2.258221318309002e-04
5.000000000000000e-01 8.153561596498893e-01 -2.309192058744877e-04
5.050000000000000e-01 8.362735826510871e-01 -2.367748397822202e-04
5.100000000000000e-01 8.577137038644561e-01 -2.433943932426547e-04
5.150000000000000e-01 8.796899240636907e-01 -2.510619731822015e-04
5.200000000000000e-01 9.022159791018011e-01 -2.598104489416659e-04
5.250000000000000e-01 9.253059484964714e-01 -2.699112893735313e-04
5.300000000000000e-01 9.489742642302165e-01 -2.815926845917784e-04
5.350000000000000e-01 9.732357197708378e-01 -2.950498456726956e-04
5.400000000000000e-01 9.981054793178262e-01 -3.106841659135792e-04
5.450000000000000e-01 1.023599087280478e+00 -3.288033170606773e-04
5.500000000000000e-01 1.049732477993657e+00 -3.498104775724370e-04
5.550000000000000e-01 1.076521985677273e+00 -3.742950447361350e-04
5.600000000000001e-01 1.103984354645701e+00 -4.027136784793978e-04
5.650000000000001e-01 1.132136749773522e+00 -4.358304503581434e-04
5.700000000000001e-01 1.160996767224129e+00 -4.744222920746929e-04
5.750000000000001e-01 1.190582445447902e+00 -5.193499682180860e-04
5.800000000000000e-01 1.220912276456826e+00 -5.717569935248856e-04
5.850000000000000e-01 1.252005217382601e+00 -6.328623612165681e-04
5.900000000000000e-01 1.283880702325469e+00 -7.040539771885193e-04
5.950000000000000e-01 1.316558654501151e+00 -7.871060129393639e-04
6.000000000000000e-01 1.350059498693518e+00 -8.838686352007993e-04
6.050000000000000e-01 1.384404174020732e+00 -9.965717410041453e-04
6.100000000000000e-01 1.419614147022888e+00 -1.127824382569803e-03
6.150000000000000e-01 1.455711425079295e+00 -1.280489336778334e-03
6.200000000000000e-01 1.492718570163803e+00 -1.457860311676023e-03
6.250000000000000e-01 1.530658712946775e+00 -1.663756463883674e-03
6.300000000000000e-01 1.569555567252506e+00 -1.902281918884466e-03
6.350000000000000e-01 1.609433444881138e+00 -2.178075591585128e-03
6.400000000000000e-01 1.650317270804325e+00 -2.496254595632999e-03
6.450000000000000e-01 1.692232598744148e+00 -2.862235270595900e-03
6.500000000000000e-01 1.735205627145031e+00 -3.281713756546595e-03
6.550000000000000e-01 1.779263215548615e+00 -3.760643327917017e-03
6.600000000000000e-01 1.824432901381847e+00 -4.304766570771827e-03
6.650000000000000e-01 1.870742917168772e+00 -4.919384612367971e-03
6.700000000000000e-01 1.918222208176775e+00 -5.608991405082277e-03
6.750000000000000e-01 1.966900450508319e+00 -6.376602080116236e-03
6.800000000000000e-01 2.016808069649473e+00 -7.222878413861772e-03
6.850000000000001e-01 2.067976259486829e+00 -8.145397618229777e-03
6.900000000000001e-01 2.120437001804702e+00 -9.137586083492766e-03
6.950000000000001e-01 2.174223086274785e+00 -1.018744545122630e-02
7.000000000000001e-01 2.229368130950753e+00 -1.127626041751591e-02
7.050000000000000e-01 2.285906603280654e+00 -1.237747744488373e-02
7.100000000000000e-01 2.343873841650178e+00 -1.345582572946891e-02
7.150000000000000e-01 2.403306077470301e+00 -1.446730095561228e-02
7.200000000000000e-01 2.464240457823092e+00 -1.536059433294468e-02
7.250000000000000e-01 2.526715068679855e+00 -1.607999439994927e-02
7.300000000000000e-01 2.590768958706095e+00 -1.656927928303105e-02
7.350000000000000e-01 2.656442163668210e+00 -1.677589135176979e-02
7.400000000000000e-01 2.723775731457148e+00 -1.665461624741380e-02
7.450000000000000e-01 2.792811747744667e+00 -1.616997226057674e-02
7.500000000000000e-01 2.863593362288260e+00 -1.529673136347295e-02
7.550000000000000e-01 2.936164815901156e+00 -1.401851717966422e-02
7.600000000000000e-01 3.010571468104263e+00 -1.232477297192453e-02
7.650000000000000e-01 3.086859825477351e+00 -1.020677308540146e-02
7.700000000000000e-01 3.165077570727174e+00 -7.653297402034395e-03
7.750000000000000e-01 3.245273592490716e+00 -4.646703562238630e-03
7.800000000000000e-01 3.327498015892184e+00 -1.159863080970260e-03
7.850000000000000e-01 3.411802233872832e+00 2.845393058603709e-03
7.900000000000000e-01 3.498238939313234e+00 7.417913455572769e-03
7.950000000000000e-01 3.586862157968046e+00 1.261409253712839e-02
8.000000000000000e-01 3.677727282233856e+00 1.849133895311872e-02
8.050000000000000e-01 3.770891105771243e+00 2.509759135041519e-02
8.100000000000001e-01 3.866411859002656e+00 3.245714095771938e-02
8.150000000000001e-01 3.964349245508326e+00 4.055365484023116e-02
8.200000000000001e-01 4.064764479342956e+00 4.931188485791201e-02
8.250000000000001e-01 4.167720323296481e+00 5.857981890447036e-02
8.300000000000001e-01 4.273281128122877e+00 6.811345593262294e-02
8.350000000000000e-01 4.381512872761445e+00 7.756722095540636e-02
8.400000000000000e-01 4.492483205575838e+00 8.649422918215345e-02
8.450000000000000e-01 4.606261486636447e+00 9.436147653557640e-02
8.500000000000000e-01 4.722918831072739e+00 1.005845912391824e-01
8.550000000000000e-01 4.842528153522501e+00 1.045842090353572e-01
8.600000000000000e-01 4.965164213705875e+00 1.058611639973234e-01
8.650000000000000e-01 5.090903663152626e+00 1.040812572838723e-01
8.700000000000000e-01 5.219825093111814e+00 9.915404057905849e-02
8.750000000000000e-01 5.352009083673925e+00 9.128615376881268e-02
8.800000000000000e-01 5.487538254136007e+00 8.099066346756884e-02
8.850000000000000e-01 5.626497314641444e+00 6.904101952385631e-02
8.900000000000000e-01 5.768973119126561e+00 5.637114616358107e-02
8.950000000000000e-01 5.915054719607133e+00 4.393866866054098e-02
9.000000000000000e-01 6.064833421838831e+00 3.258108810856479e-02
9.050000000000000e-01 6.218402842386253e+00 2.289935243631484e-02
9.100000000000000e-01 6.375858967136348e+00 1.519664463269059e-02
9.150000000000000e-01 6.537300211292723e+00 9.483744896683341e-03
9.200000000000000e-01 6.702827480888332e+00 5.542017199940717e-03
9.250000000000000e-01 6.872544235855034e+00 3.018990514086130e-03
9.300000000000000e-01 7.046556554689444e+00 1.525835324173756e-03
9.350000000000001e-01 7.224973200755413e+00 7.119384521950098e-04
9.400000000000001e-01 7.407905690264673e+00 3.050624560469899e-04
9.450000000000001e-01 7.595468361978146e+00 1.193855260258658e-04
9.500000000000001e-01 7.787778448671316e+00 4.242464580078200e-05
9.550000000000001e-01 7.984956150408610e+00 1.360702841683338e-05
9.600000000000000e-01 8.187124709672272e+00 3.914439002718373e-06
9.650000000000000e-01 8.394410488393007e+00 1.003640615831441e-06
9.700000000000000e-01 8.606943046930221e+00 2.279400312491115e-07
9.750000000000000e-01 8.824855225051540e+00 4.562895010222462e-08
9.800000000000000e-01 9.048283224961922e+00 8.050710939853776e-09
9.850000000000000e-01 9.277366696434507e+00 1.320564187917349e-09
9.900000000000000e-01 9.512248824096272e+00 3.194325148257074e-10
9.950000000000000e-01 9.753076416923058e+00 5.979153395248787e-10
1.000000000000000e+00 1.000000000000000e+01 1.717374085541369e-07
