0.000000000000000e+00 0.000000000000000e+00 -9.081691236435404e-05
5.000000000000000e-03 3.369477419287315e-03 -9.441757394843625e-05
1.000000000000000e-02 6.741060871647481e-03 -9.395056134269396e-05
1.500000000000000e-02 1.011685770649257e-02 -9.484452283476748e-05
2.000000000000000e-02 1.349897790673588e-02 -9.377966356478474e-05
2.500000000000000e-02 1.688953540759990e-02 -9.481586643813166e-05
3.000000000000000e-02 2.029064941789469e-02 -9.425037512060778e-05
3.500000000000000e-02 2.370444574459234e-02 -9.529892982162523e-05
4.000000000000000e-02 2.713305812152553e-02 -9.445109478878081e-05
4.500000000000000e-02 3.057862954304063e-02 -9.536939635378726e-05
5.000000000000000e-02 3.404331360343898e-02 -9.466389882705208e-05
5.500000000000000e-02 3.752927584304335e-02 -9.556988285534641e-05
6.000000000000000e-02 4.103869510173117e-02 -9.445792142987516e-05
6.500000000000000e-02 4.457376488078044e-02 -9.571516621875623e-05
7.000000000000001e-02 4.813669471387935e-02 -9.453578855826493e-05
7.500000000000000e-02 5.172971154815675e-02 -9.598302914631891e-05
8.000000000000000e-02 5.535506113609672e-02 -9.464074015515458e-05
8.500000000000001e-02 5.901500943920686e-02 -9.613827803987713e-05
9.000000000000000e-02 6.271184404431801e-02 -9.491551650672003e-05
9.500000000000000e-02 6.644787559340060e-02 -9.616560878404820e-05
1.000000000000000e-01 7.022543922779090e-02 -9.508002345765752e-05
1.050000000000000e-01 7.404689604773053e-02 -9.605617495411140e-05
1.100000000000000e-01 7.791463458813094e-02 -9.536560171075799e-05
1.150000000000000e-01 8.183107231148547e-02 -9.611230039249958e-05
1.200000000000000e-01 8.579865711886202e-02 -9.557161059148067e-05
1.250000000000000e-01 8.981986887992111e-02 -9.619124708079957e-05
1.300000000000000e-01 9.389722098291493e-02 -9.579862507577308e-05
1.350000000000000e-01 9.803326190563690e-02 -9.620037801335630e-05
1.400000000000000e-01 1.022305768083033e-01 -9.595943661588801e-05
1.450000000000000e-01 1.064917891493625e-01 -9.632397617996291e-05
1.500000000000000e-01 1.108195623252418e-01 -9.610347770018748e-05
1.550000000000000e-01 1.152166013350572e-01 -9.633778459819884e-05
1.600000000000000e-01 1.196856544713255e-01 -9.626880010827771e-05
1.650000000000000e-01 1.242295150377370e-01 -9.642320553779742e-05
1.700000000000000e-01 1.288510230950609e-01 -9.643845178745054e-05
1.750000000000000e-01 1.335530672362758e-01 -9.651269252011245e-05
1.800000000000000e-01 1.383385863920344e-01 -9.663513725804492e-05
1.850000000000000e-01 1.432105716675912e-01 -9.662810623326960e-05
1.900000000000000e-01 1.481720682123397e-01 -9.684843851198647e-05
1.950000000000000e-01 1.532261771231311e-01 -9.685926170258932e-05
2.000000000000000e-01 1.583760573825595e-01 -9.714686934256875e-05
2.050000000000000e-01 1.636249278334301e-01 -9.708623448875331e-05
2.100000000000000e-01 1.689760691906397e-01 -9.743250205201290e-05
2.150000000000000e-01 1.744328260917313e-01 -9.730627645491394e-05
2.200000000000000e-01 1.799986091874004e-01 -9.783029953876818e-05
2.250000000000000e-01 1.856768972732633e-01 -9.760510449102863e-05
2.300000000000000e-01 1.914712394642179e-01 -9.816018248910222e-05
2.350000000000000e-01 1.973852574127551e-01 -9.798272482694666e-05
2.400000000000000e-01 2.034226475726105e-01 -9.842488407279733e-05
2.450000000000000e-01 2.095871835091678e-01 -9.841058840457764e-05
2.500000000000000e-01 2.158827182580599e-01 -9.878507989201353e-05
2.550000000000000e-01 2.223131867334419e-01 -9.884005514712041e-05
2.600000000000000e-01 2.288826081874405e-01 -9.913102005256620e-05
2.650000000000000e-01 2.355950887223172e-01 -9.926059024707254e-05
2.700000000000000e-01 2.424548238569160e-01 -9.944179209393118e-05
2.750000000000000e-01 2.494661011489995e-01 -9.961819290371640e-05
2.800000000000000e-01 2.566333028751116e-01 -9.986585189336998e-05
2.850000000000000e-01 2.639609087696434e-01 -1.001273457252153e-04
2.900000000000000e-01 2.714534988248126e-01 -1.002901604309731e-04
2.950000000000000e-01 2.791157561533084e-01 -1.006523364043784e-04
3.000000000000000e-01 2.869524699153886e-01 -1.007564089451858e-04
3.050000000000000e-01 2.949685383122613e-01 -1.012292692578828e-04
3.100000000000000e-01 3.031689716476197e-01 -1.012569841775350e-04
3.150000000000000e-01 3.115588954592450e-01 -1.017964231043342e-04
3.200000000000000e-01 3.201435537226349e-01 -1.018863159237229e-04
3.250000000000000e-01 3.289283121286580e-01 -1.023975059201963e-04
3.300000000000000e-01 3.379186614372866e-01 -1.025322254142568e-04
3.350000000000000e-01 3.471202209094989e-01 -1.029687181383920e-04
3.400000000000000e-01 3.565387418195016e-01 -1.031357883731797e-04
3.450000000000000e-01 3.661801110494620e-01 -1.035095171592308e-04
3.500000000000000e-01 3.760503547690021e-01 -1.037723166268448e-04
3.550000000000000e-01 3.861556422017504e-01 -1.040808936932777e-04
3.600000000000000e-01 3.965022894813072e-01 -1.044563091721782e-04
3.650000000000000e-01 4.070967635990345e-01 -1.047099232719440e-04
3.700000000000000e-01 4.179456864461349e-01 -1.051219607178825e-04
3.750000000000000e-01 4.290558389525505e-01 -1.053314199975425e-04
3.800000000000000e-01 4.404341653252637e-01 -1.058242212485484e-04
3.850000000000000e-01 4.520877773886537e-01 -1.059774635174717e-04
3.900000000000000e-01 4.640239590296172e-01 -1.063983766773289e-04
3.950000000000000e-01 4.762501707502353e-01 -1.066109275290704e-04
4.000000000000000e-01 4.887740543308307e-01 -1.069206632467130e-04
4.050000000000000e-01 5.016034376063282e-01 -1.071766161581602e-04
4.100000000000000e-01 5.147463393589066e-01 -1.074002054695414e-04
4.150000000000000e-01 5.282109743299990e-01 -1.076922356795758e-04
4.200000000000000e-01 5.420057583547735e-01 -1.077982758747946e-04
4.250000000000000e-01 5.561393136223041e-01 -1.081067305737206e-04
4.300000000000000e-01 5.706204740647189e-01 -1.081257424080260e-04
4.350000000000000e-01 5.854582908786964e-01 -1.083351446167216e-04
4.400000000000000e-01 6.006620381827575e-01 -1.083548534240118e-04
4.450000000000000e-01 6.162412188138907e-01 -1.084546067637485e-04
4.500000000000000e-01 6.322055702671360e-01 -1.084099128803418e-04
4.550000000000000e-01 6.485650707818353e-01 -1.083002184309190e-04
4.600000000000000e-01 6.653299455783577e-01 -1.082360167957272e-04
4.650000000000000e-01 6.825106732491932e-01 -1.080027467380489e-04
4.700000000000000e-01 7.001179923084168e-01 -1.078327354020936e-04
4.750000000000000e-01 7.181629079036070e-01 -1.074796742348978e-04
4.800000000000000e-01 7.366566986944229e-01 -1.071175004273649e-04
4.850000000000000e-01 7.556109239021327e-01 -1.066529211213424e-04
4.900000000000000e-01 7.750374305345038e-01 -1.060734897833481e-04
4.950000000000000e-01 7.949483607905672e-01 -1.054712285434033e-04
5.000000000000000e-01 8.153561596498893e-01 -1.047332155745622e-04
5.050000000000000e-01 8.362735826510871e-01 -1.039598250813610e-04
5.100000000000000e-01 8.577137038644561e-01 -1.030506833328394e-04
5.150000000000000e-01 8.796899240636907e-01 -1.020741529247594e-04
5.200000000000000e-01 9.022159791018011e-01 -1.009517291852633e-04
5.250000000000000e-01 9.253059484964714e-01 -9.980924005115081e-05
5.300000000000000e-01 9.489742642302165e-01 -9.853331450598317e-05
5.350000000000000e-01 9.732357197708378e-01 -9.720157352511483e-05
5.400000000000000e-01 9.981054793178262e-01 -9.579860205770036e-05
5.450000000000000e-01 1.023599087280478e+00 -9.423182797023923e-05
5.500000000000000e-01 1.049732477993657e+00 -9.273630592219278e-05
5.550000000000000e-01 1.076521985677273e+00 -9.113685881013966e-05
5.600000000000001e-01 1.103984354645701e+00 -8.944358910376672e-05
5.650000000000001e-01 1.132136749773522e+00 -8.781197552699007e-05
5.700000000000001e-01 1.160996767224129e+00 -8.610402258265377e-05
5.750000000000001e-01 1.190582445447902e+00 -8.446406259012943e-05
5.800000000000000e-01 1.220912276456826e+00 -8.280546748825136e-05
5.850000000000000e-01 1.252005217382601e+00 -8.120830343890039e-05
5.900000000000000e-01 1.283880702325469e+00 -7.971350939905441e-05
5.950000000000000e-01 1.316558654501151e+00 -7.825285317123919e-05
6.000000000000000e-01 1.350059498693518e+00 -7.695556304829225e-05
6.050000000000000e-01 1.384404174020732e+00 -7.577590409254596e-05
6.100000000000000e-01 1.419614147022888e+00 -7.471955295012739e-05
6.150000000000000e-01 1.455711425079295e+00 -7.389196864922070e-05
6.200000000000000e-01 1.492718570163803e+00 -7.318353022931219e-05
6.250000000000000e-01 1.530658712946775e+00 -7.269823620176540e-05
6.300000000000000e-01 1.569555567252506e+00 -7.241513177511086e-05
6.350000000000000e-01 1.609433444881138e+00 -7.227993566167347e-05
6.400000000000000e-01 1.650317270804325e+00 -7.235907154716705e-05
6.450000000000000e-01 1.692232598744148e+00 -7.257756623531418e-05
6.500000000000000e-01 1.735205627145031e+00 -7.288149516268868e-05
6.550000000000000e-01 1.779263215548615e+00 -7.328745899889013e-05
6.600000000000000e-01 1.824432901381847e+00 -7.364036502797679e-05
6.650000000000000e-01 1.870742917168772e+00 -7.388290516431618e-05
6.700000000000000e-01 1.918222208176775e+00 -7.388930621457016e-05
6.750000000000000e-01 1.966900450508319e+00 -7.344416084821117e-05
6.800000000000000e-01 2.016808069649473e+00 -7.235702030280916e-05
6.850000000000001e-01 2.067976259486829e+00 -7.031197898971084e-05
6.900000000000001e-01 2.120437001804702e+00 -6.687019702130182e-05
6.950000000000001e-01 2.174223086274785e+00 -6.158528342128907e-05
7.000000000000001e-01 2.229368130950753e+00 -5.368234956298031e-05
7.050000000000000e-01 2.285906603280654e+00 -4.219140080906314e-05
7.100000000000000e-01 2.343873841650178e+00 -2.598260618743224e-05
7.150000000000000e-01 2.403306077470301e+00 -3.325580581097464e-06
7.200000000000000e-01 2.464240457823092e+00 2.817346006180456e-05
7.250000000000000e-01 2.526715068679855e+00 7.131242489572526e-05
7.300000000000000e-01 2.590768958706095e+00 1.299531249738706e-04
7.350000000000000e-01 2.656442163668210e+00 2.096393887596804e-04
7.400000000000000e-01 2.723775731457148e+00 3.174008988545225e-04
7.450000000000000e-01 2.792811747744667e+00 4.618805371037542e-04
7.500000000000000e-01 2.863593362288260e+00 6.547572748351136e-04
7.550000000000000e-01 2.936164815901156e+00 9.118968629893535e-04
7.600000000000000e-01 3.010571468104263e+00 1.253244405890050e-03
7.650000000000000e-01 3.086859825477351e+00 1.702837588153165e-03
7.700000000000000e-01 3.165077570727174e+00 2.291051771277986e-03
7.750000000000000e-01 3.245273592490716e+00 3.058010089954847e-03
7.800000000000000e-01 3.327498015892184e+00 4.055201920014007e-03
7.850000000000000e-01 3.411802233872832e+00 5.344570916983976e-03
7.900000000000000e-01 3.498238939313234e+00 6.998965668148141e-03
7.950000000000000e-01 3.586862157968046e+00 9.107894617986025e-03
8.000000000000000e-01 3.677727282233856e+00 1.178735078888676e-02
8.050000000000000e-01 3.770891105771243e+00 1.518561673941045e-02
8.100000000000001e-01 3.866411859002656e+00 1.947482521837863e-02
8.150000000000001e-01 3.964349245508326e+00 2.482251578888236e-02
8.200000000000001e-01 4.064764479342956e+00 3.134667987108460e-02
8.250000000000001e-01 4.167720323296481e+00 3.906552574286140e-02
8.300000000000001e-01 4.273281128122877e+00 4.785464961973027e-02
8.350000000000000e-01 4.381512872761445e+00 5.742065890942595e-02
8.400000000000000e-01 4.492483205575838e+00 6.729686872702255e-02
8.450000000000000e-01 4.606261486636447e+00 7.686547935975611e-02
8.500000000000000e-01 4.722918831072739e+00 8.540860709231880e-02
8.550000000000000e-01 4.842528153522501e+00 9.218487673954356e-02
8.600000000000000e-01 4.965164213705875e+00 9.652169027873826e-02
8.650000000000000e-01 5.090903663152626e+00 9.790929228364456e-02
8.700000000000000e-01 5.219825093111814e+00 9.608265046230899e-02
8.750000000000000e-01 5.352009083673925e+00 9.107769928897193e-02
8.800000000000000e-01 5.487538254136007e+00 8.324912769355715e-02
8.850000000000000e-01 5.626497314641444e+00 7.323954889873971e-02
8.900000000000000e-01 5.768973119126561e+00 6.189793427378990e-02
8.950000000000000e-01 5.915054719607133e+00 5.015799773365853e-02
9.000000000000000e-01 6.064833421838831e+00 3.890029660409940e-02
9.050000000000000e-01 6.218402842386253e+00 2.882901776633067e-02
9.100000000000000e-01 6.375858967136348e+00 2.039174710246282e-02
9.150000000000000e-01 6.537300211292723e+00 1.375811355828839e-02
9.200000000000000e-01 6.702827480888332e+00 8.855488718952883e-03
9.250000000000000e-01 6.872544235855034e+00 5.443789019839501e-03
9.300000000000000e-01 7.046556554689444e+00 3.203068285758434e-03
9.350000000000001e-01 7.224973200755413e+00 1.809480078663746e-03
9.400000000000001e-01 7.407905690264673e+00 9.849891538614634e-04
9.450000000000001e-01 7.595468361978146e+00 5.183937974741559e-04
9.500000000000001e-01 7.787778448671316e+00 2.643612928410469e-04
9.550000000000001e-01 7.984956150408610e+00 1.306781510627455e-04
9.600000000000000e-01 8.187124709672272e+00 6.251366612542843e-05
9.650000000000000e-01 8.394410488393007e+00 2.886063438933119e-05
9.700000000000000e-01 8.606943046930221e+00 1.282200740403012e-05
9.750000000000000e-01 8.824855225051540e+00 5.539853072187487e-06
9.800000000000000e-01 9.048283224961922e+00 2.422610591366719e-06
9.850000000000000e-01 9.277366696434507e+00 1.759965098823117e-06
9.900000000000000e-01 9.512248824096272e+00 2.299006925143015e-06
9.950000000000000e-01 9.753076416923058e+00 8.806389645442652e-06
1.000000000000000e+00 1.000000000000000e+01 2.697200731465158e-03
