0.000000000000000e+00 0.000000000000000e+00 -3.398067528084623e-04
5.000000000000000e-03 3.369477419287315e-03 -3.434074144030292e-04
1.000000000000000e-02 6.741060871647481e-03 -3.386656719210676e-04
1.500000000000000e-02 1.011685770649257e-02 -3.412811141166803e-04
2.000000000000000e-02 1.349897790673588e-02 -3.392733553217185e-04
2.500000000000000e-02 1.688953540759990e-02 -3.418078904585614e-04
3.000000000000000e-02 2.029064941789469e-02 -3.394646711009029e-04
3.500000000000000e-02 2.370444574459234e-02 -3.416022648967412e-04
4.000000000000000e-02 2.713305812152553e-02 -3.403220763761027e-04
4.500000000000000e-02 3.057862954304063e-02 -3.416888270801101e-04
5.000000000000000e-02 3.404331360343898e-02 -3.409158785028891e-04
5.500000000000000e-02 3.752927584304335e-02 -3.422212022342139e-04
6.000000000000000e-02 4.103869510173117e-02 -3.414551289317574e-04
6.500000000000000e-02 4.457376488078044e-02 -3.425769709847233e-04
7.000000000000001e-02 4.813669471387935e-02 -3.422090804341194e-04
7.500000000000000e-02 5.172971154815675e-02 -3.433802560556609e-04
8.000000000000000e-02 5.535506113609672e-02 -3.432215260516783e-04
8.500000000000001e-02 5.901500943920686e-02 -3.442843181267989e-04
9.000000000000000e-02 6.271184404431801e-02 -3.443398024035537e-04
9.500000000000000e-02 6.644787559340060e-02 -3.452068625780839e-04
1.000000000000000e-01 7.022543922779090e-02 -3.455360619858195e-04
1.050000000000000e-01 7.404689604773053e-02 -3.461959115251413e-04
1.100000000000000e-01 7.791463458813094e-02 -3.469502108167677e-04
1.150000000000000e-01 8.183107231148547e-02 -3.475759366223723e-04
1.200000000000000e-01 8.579865711886202e-02 -3.485362709913671e-04
1.250000000000000e-01 8.981986887992111e-02 -3.491310520759541e-04
1.300000000000000e-01 9.389722098291493e-02 -3.502376678414499e-04
1.350000000000000e-01 9.803326190563690e-02 -3.508598078582247e-04
1.400000000000000e-01 1.022305768083033e-01 -3.520719340508943e-04
1.450000000000000e-01 1.064917891493625e-01 -3.528525534548213e-04
1.500000000000000e-01 1.108195623252418e-01 -3.541366988888877e-04
1.550000000000000e-01 1.152166013350572e-01 -3.550459369657002e-04
1.600000000000000e-01 1.196856544713255e-01 -3.565410954720877e-04
1.650000000000000e-01 1.242295150377370e-01 -3.575287846774377e-04
1.700000000000000e-01 1.288510230950609e-01 -3.591924920026068e-04
1.750000000000000e-01 1.335530672362758e-01 -3.604444078218950e-04
1.800000000000000e-01 1.383385863920344e-01 -3.620643367507341e-04
1.850000000000000e-01 1.432105716675912e-01 -3.637199204942214e-04
1.900000000000000e-01 1.481720682123397e-01 -3.653031463443750e-04
1.950000000000000e-01 1.532261771231311e-01 -3.672705361439270e-04
2.000000000000000e-01 1.583760573825595e-01 -3.689985024431334e-04
2.050000000000000e-01 1.636249278334301e-01 -3.712173381075015e-04
2.100000000000000e-01 1.689760691906397e-01 -3.731387996243972e-04
2.150000000000000e-01 1.744328260917313e-01 -3.755886105092475e-04
2.200000000000000e-01 1.799986091874004e-01 -3.777129360350646e-04
2.250000000000000e-01 1.856768972732633e-01 -3.804404501175585e-04
2.300000000000000e-01 1.914712394642179e-01 -3.828926707897800e-04
2.350000000000000e-01 1.973852574127551e-01 -3.859060934834858e-04
2.400000000000000e-01 2.034226475726105e-01 -3.887663921415230e-04
2.450000000000000e-01 2.095871835091678e-01 -3.920231415194877e-04
2.500000000000000e-01 2.158827182580599e-01 -3.953361424621498e-04
2.550000000000000e-01 2.223131867334419e-01 -3.988691679899291e-04
2.600000000000000e-01 2.288826081874405e-01 -4.026641685385050e-04
2.650000000000000e-01 2.355950887223172e-01 -4.065264871788246e-04
2.700000000000000e-01 2.424548238569160e-01 -4.108178123249254e-04
2.750000000000000e-01 2.494661011489995e-01 -4.151477010663865e-04
2.800000000000000e-01 2.566333028751116e-01 -4.199731903811761e-04
2.850000000000000e-01 2.639609087696434e-01 -4.248628723583934e-04
2.900000000000000e-01 2.714534988248126e-01 -4.302835577402691e-04
2.950000000000000e-01 2.791157561533084e-01 -4.358952992466127e-04
3.000000000000000e-01 2.869524699153886e-01 -4.418720371742476e-04
3.050000000000000e-01 2.949685383122613e-01 -4.482815205860495e-04
3.100000000000000e-01 3.031689716476197e-01 -4.549343741735508e-04
3.150000000000000e-01 3.115588954592450e-01 -4.621704169134401e-04
3.200000000000000e-01 3.201435537226349e-01 -4.696899392266405e-04
3.250000000000000e-01 3.289283121286580e-01 -4.779471214001442e-04
3.300000000000000e-01 3.379186614372866e-01 -4.865009849754484e-04
3.350000000000000e-01 3.471202209094989e-01 -4.957477359675163e-04
3.400000000000000e-01 3.565387418195016e-01 -5.055542927693501e-04
3.450000000000000e-01 3.661801110494620e-01 -5.160368708658915e-04
3.500000000000000e-01 3.760503547690021e-01 -5.272208711640725e-04
3.550000000000000e-01 3.861556422017504e-01 -5.391084088856373e-04
3.600000000000000e-01 3.965022894813072e-01 -5.518673075581516e-04
3.650000000000000e-01 4.070967635990345e-01 -5.654733413325748e-04
3.700000000000000e-01 4.179456864461349e-01 -5.800691400987325e-04
3.750000000000000e-01 4.290558389525505e-01 -5.956862869364987e-04
3.800000000000000e-01 4.404341653252637e-01 -6.124076716604064e-04
3.850000000000000e-01 4.520877773886537e-01 -6.303404800385255e-04
3.900000000000000e-01 4.640239590296172e-01 -6.495708409908627e-04
3.950000000000000e-01 4.762501707502353e-01 -6.702436166664237e-04
4.000000000000000e-01 4.887740543308307e-01 -6.924613665349889e-04
4.050000000000000e-01 5.016034376063282e-01 -7.164135777119180e-04
4.100000000000000e-01 5.147463393589066e-01 -7.420892015680467e-04
4.150000000000000e-01 5.282109743299990e-01 -7.698771362587728e-04
4.200000000000000e-01 5.420057583547735e-01 -7.997334016564656e-04
4.250000000000000e-01 5.561393136223041e-01 -8.320353499282457e-04
4.300000000000000e-01 5.706204740647189e-01 -8.669991886513749e-04
4.350000000000000e-01 5.854582908786964e-01 -9.046741775552634e-04
4.400000000000000e-01 6.006620381827575e-01 -9.455456527928058e-04
4.450000000000000e-01 6.162412188138907e-01 -9.898330701380183e-04
4.500000000000000e-01 6.322055702671360e-01 -1.037824729726060e-03
4.550000000000000e-01 6.485650707818353e-01 -1.089969525440508e-03
4.600000000000000e-01 6.653299455783577e-01 -1.146562434077022e-03
4.650000000000000e-01 6.825106732491932e-01 -1.208192623080451e-03
4.700000000000000e-01 7.001179923084168e-01 -1.275203982201759e-03
4.750000000000000e-01 7.181629079036070e-01 -1.348242837901417e-03
4.800000000000000e-01 7.366566986944229e-01 -1.427903517729416e-03
4.850000000000000e-01 7.556109239021327e-01 -1.514791151108930e-03
4.900000000000000e-01 7.750374305345038e-01 -1.609737556783118e-03
4.950000000000000e-01 7.949483607905672e-01 -1.713499342272102e-03
5.000000000000000e-01 8.153561596498893e-01 -1.826968971930774e-03
5.050000000000000e-01 8.362735826510871e-01 -1.951231930680303e-03
5.100000000000000e-01 8.577137038644561e-01 -2.087251565831251e-03
5.150000000000000e-01 8.796899240636907e-01 -2.236354158065861e-03
5.200000000000000e-01 9.022159791018011e-01 -2.399812208931281e-03
5.250000000000000e-01 9.253059484964714e-01 -2.579048771618861e-03
5.300000000000000e-01 9.489742642302165e-01 -2.775721038671199e-03
5.350000000000000e-01 9.732357197708378e-01 -2.991500942544726e-03
5.400000000000000e-01 9.981054793178262e-01 -3.228239943079638e-03
5.450000000000000e-01 1.023599087280478e+00 -3.488048857462881e-03
5.500000000000000e-01 1.049732477993657e+00 -3.772980658891385e-03
5.550000000000000e-01 1.076521985677273e+00 -4.085412186759796e-03
5.600000000000001e-01 1.103984354645701e+00 -4.427801042816610e-03
5.650000000000001e-01 1.132136749773522e+00 -4.802643901736340e-03
5.700000000000001e-01 1.160996767224129e+00 -5.212623878182238e-03
5.750000000000001e-01 1.190582445447902e+00 -5.660475271462048e-03
5.800000000000000e-01 1.220912276456826e+00 -6.148792231746212e-03
5.850000000000000e-01 1.252005217382601e+00 -6.680263800783235e-03
5.900000000000000e-01 1.283880702325469e+00 -7.257330202400204e-03
5.950000000000000e-01 1.316558654501151e+00 -7.882086407649532e-03
6.000000000000000e-01 1.350059498693518e+00 -8.556271467451687e-03
6.050000000000000e-01 1.384404174020732e+00 -9.281018466586743e-03
6.100000000000000e-01 1.419614147022888e+00 -1.005649008463726e-02
6.150000000000000e-01 1.455711425079295e+00 -1.088186647525209e-02
6.200000000000000e-01 1.492718570163803e+00 -1.175493671745398e-02
6.250000000000000e-01 1.530658712946775e+00 -1.267167334013952e-02
6.300000000000000e-01 1.569555567252506e+00 -1.362597016960216e-02
6.350000000000000e-01 1.609433444881138e+00 -1.460934083348733e-02
6.400000000000000e-01 1.650317270804325e+00 -1.561036944945397e-02
6.450000000000000e-01 1.692232598744148e+00 -1.661442658949363e-02
6.500000000000000e-01 1.735205627145031e+00 -1.760354520904483e-02
6.550000000000000e-01 1.779263215548615e+00 -1.855628517524540e-02
6.600000000000000e-01 1.824432901381847e+00 -1.944782710625377e-02
6.650000000000000e-01 1.870742917168772e+00 -2.025058241066604e-02
6.700000000000000e-01 1.918222208176775e+00 -2.093519669159962e-02
6.750000000000000e-01 1.966900450508319e+00 -2.147178058872785e-02
6.800000000000000e-01 2.016808069649473e+00 -2.183146773272517e-02
6.850000000000001e-01 2.067976259486829e+00 -2.198821944101376e-02
6.900000000000001e-01 2.120437001804702e+00 -2.192053474082919e-02
6.950000000000001e-01 2.174223086274785e+00 -2.161276490429538e-02
7.000000000000001e-01 2.229368130950753e+00 -2.105591636054843e-02
7.050000000000000e-01 2.285906603280654e+00 -2.024798364691874e-02
7.100000000000000e-01 2.343873841650178e+00 -1.919371535439253e-02
7.150000000000000e-01 2.403306077470301e+00 -1.790387753157458e-02
7.200000000000000e-01 2.464240457823092e+00 -1.639402979811428e-02
7.250000000000000e-01 2.526715068679855e+00 -1.468312047356439e-02
7.300000000000000e-01 2.590768958706095e+00 -1.279196684375632e-02
7.350000000000000e-01 2.656442163668210e+00 -1.074182060298378e-02
7.400000000000000e-01 2.723775731457148e+00 -8.552926129345967e-03
7.450000000000000e-01 2.792811747744667e+00 -6.243236683947191e-03
7.500000000000000e-01 2.863593362288260e+00 -3.827093757358701e-03
7.550000000000000e-01 2.936164815901156e+00 -1.314042967490597e-03
7.600000000000000e-01 3.010571468104263e+00 1.292419956417503e-03
7.650000000000000e-01 3.086859825477351e+00 3.996040023830235e-03
7.700000000000000e-01 3.165077570727174e+00 6.809045414092057e-03
7.750000000000000e-01 3.245273592490716e+00 9.753394996415332e-03
7.800000000000000e-01 3.327498015892184e+00 1.286210864608393e-02
7.850000000000000e-01 3.411802233872832e+00 1.618061884433592e-02
7.900000000000000e-01 3.498238939313234e+00 1.976786762865930e-02
7.950000000000000e-01 3.586862157968046e+00 2.369642651867859e-02
8.000000000000000e-01 3.677727282233856e+00 2.805044010866689e-02
8.050000000000000e-01 3.770891105771243e+00 3.291987915680957e-02
8.100000000000001e-01 3.866411859002656e+00 3.838967998022417e-02
8.150000000000001e-01 3.964349245508326e+00 4.452296366028182e-02
8.200000000000001e-01 4.064764479342956e+00 5.133865886672579e-02
8.250000000000001e-01 4.167720323296481e+00 5.878537289630930e-02
8.300000000000001e-01 4.273281128122877e+00 6.671508459156190e-02
8.350000000000000e-01 4.381512872761445e+00 7.486192495631010e-02
8.400000000000000e-01 4.492483205575838e+00 8.283259911186580e-02
8.450000000000000e-01 4.606261486636447e+00 9.011534704929583e-02
8.500000000000000e-01 4.722918831072739e+00 9.611308555651808e-02
8.550000000000000e-01 4.842528153522501e+00 1.002029715843449e-01
8.600000000000000e-01 4.965164213705875e+00 1.018189928319802e-01
8.650000000000000e-01 5.090903663152626e+00 1.005470638375943e-01
8.700000000000000e-01 5.219825093111814e+00 9.621521966916009e-02
8.750000000000000e-01 5.352009083673925e+00 8.895735975109814e-02
8.800000000000000e-01 5.487538254136007e+00 7.923015081084678e-02
8.850000000000000e-01 5.626497314641444e+00 6.777061630635337e-02
8.900000000000000e-01 5.768973119126561e+00 5.549586533272916e-02
8.950000000000000e-01 5.915054719607133e+00 4.336284676800873e-02
9.000000000000000e-01 6.064833421838831e+00 3.221938429767538e-02
9.050000000000000e-01 6.218402842386253e+00 2.268242690466526e-02
9.100000000000000e-01 6.375858967136348e+00 1.507244454004310e-02
9.150000000000000e-01 6.537300211292723e+00 9.415863890342470e-03
9.200000000000000e-01 6.702827480888332e+00 5.506604713292943e-03
9.250000000000000e-01 6.872544235855034e+00 3.001357726900189e-03
9.300000000000000e-01 7.046556554689444e+00 1.517455674373973e-03
9.350000000000001e-01 7.224973200755413e+00 7.081377393290248e-04
9.400000000000001e-01 7.407905690264673e+00 3.034171700374472e-04
9.450000000000001e-01 7.595468361978146e+00 1.187057435861264e-04
9.500000000000001e-01 7.787778448671316e+00 4.215655985254292e-05
9.550000000000001e-01 7.984956150408610e+00 1.350610564038356e-05
9.600000000000000e-01 8.187124709672272e+00 3.878162878810493e-06
9.650000000000000e-01 8.394410488393007e+00 9.911908790599936e-07
9.700000000000000e-01 8.606943046930221e+00 2.238627588282231e-07
9.750000000000000e-01 8.824855225051540e+00 4.434640116589663e-08
9.800000000000000e-01 9.048283224961922e+00 7.652892626403290e-09
9.850000000000000e-01 9.277366696434507e+00 1.152430905786540e-09
9.900000000000000e-01 9.512248824096272e+00 1.622417053491541e-10
9.950000000000000e-01 9.753076416923058e+00 2.145671375123133e-11
1.000000000000000e+00 1.000000000000000e+01 -3.941650633163067e-09
