0.000000000000000e+00 0.000000000000000e+00 -2.546260610729542e-04
5.000000000000000e-03 3.369477419287315e-03 -2.582267226626696e-04
1.000000000000000e-02 6.741060871647481e-03 -2.595350520718916e-04
1.500000000000000e-02 1.011685770649257e-02 -2.606244437439384e-04
2.000000000000000e-02 1.349897790673588e-02 -2.596843344989444e-04
2.500000000000000e-02 1.688953540759990e-02 -2.600603511885646e-04
3.000000000000000e-02 2.029064941789469e-02 -2.601235284496605e-04
3.500000000000000e-02 2.370444574459234e-02 -2.604627861284372e-04
4.000000000000000e-02 2.713305812152553e-02 -2.606024873552455e-04
4.500000000000000e-02 3.057862954304063e-02 -2.604095502358983e-04
5.000000000000000e-02 3.404331360343898e-02 -2.608676153960198e-04
5.500000000000000e-02 3.752927584304335e-02 -2.609369248861648e-04
6.000000000000000e-02 4.103869510173117e-02 -2.612931417860709e-04
6.500000000000000e-02 4.457376488078044e-02 -2.616657601846987e-04
7.000000000000001e-02 4.813669471387935e-02 -2.616971471750185e-04
7.500000000000000e-02 5.172971154815675e-02 -2.620804674142871e-04
8.000000000000000e-02 5.535506113609672e-02 -2.622680761680661e-04
8.500000000000001e-02 5.901500943920686e-02 -2.626063651469283e-04
9.000000000000000e-02 6.271184404431801e-02 -2.627318832900500e-04
9.500000000000000e-02 6.644787559340060e-02 -2.631604074808753e-04
1.000000000000000e-01 7.022543922779090e-02 -2.634008232310105e-04
1.050000000000000e-01 7.404689604773053e-02 -2.637805924086195e-04
1.100000000000000e-01 7.791463458813094e-02 -2.641018087452460e-04
1.150000000000000e-01 8.183107231148547e-02 -2.646022118259027e-04
1.200000000000000e-01 8.579865711886202e-02 -2.649135878062961e-04
1.250000000000000e-01 8.981986887992111e-02 -2.653842070695162e-04
1.300000000000000e-01 9.389722098291493e-02 -2.658721969041042e-04
1.350000000000000e-01 9.803326190563690e-02 -2.664659540917082e-04
1.400000000000000e-01 1.022305768083033e-01 -2.670028559199181e-04
1.450000000000000e-01 1.064917891493625e-01 -2.677562519777789e-04
1.500000000000000e-01 1.108195623252418e-01 -2.681862692874131e-04
1.550000000000000e-01 1.152166013350572e-01 -2.690268210082501e-04
1.600000000000000e-01 1.196856544713255e-01 -2.696115399711710e-04
1.650000000000000e-01 1.242295150377370e-01 -2.704508740630143e-04
1.700000000000000e-01 1.288510230950609e-01 -2.711281375614187e-04
1.750000000000000e-01 1.335530672362758e-01 -2.719928092412727e-04
1.800000000000000e-01 1.383385863920344e-01 -2.728658546712673e-04
1.850000000000000e-01 1.432105716675912e-01 -2.738101788716252e-04
1.900000000000000e-01 1.481720682123397e-01 -2.747207809279262e-04
1.950000000000000e-01 1.532261771231311e-01 -2.758080802955587e-04
2.000000000000000e-01 1.583760573825595e-01 -2.768257276558608e-04
2.050000000000000e-01 1.636249278334301e-01 -2.779630634993747e-04
2.100000000000000e-01 1.689760691906397e-01 -2.792453063558592e-04
2.150000000000000e-01 1.744328260917313e-01 -2.804927457455615e-04
2.200000000000000e-01 1.799986091874004e-01 -2.819884810136354e-04
2.250000000000000e-01 1.856768972732633e-01 -2.833739176319493e-04
2.300000000000000e-01 1.914712394642179e-01 -2.849463029395344e-04
2.350000000000000e-01 1.973852574127551e-01 -2.865785986075996e-04
2.400000000000000e-01 2.034226475726105e-01 -2.882810640875194e-04
2.450000000000000e-01 2.095871835091678e-01 -2.900925706689829e-04
2.500000000000000e-01 2.158827182580599e-01 -2.920177426600749e-04
2.550000000000000e-01 2.223131867334419e-01 -2.940268464243526e-04
2.600000000000000e-01 2.288826081874405e-01 -2.961397191635962e-04
2.650000000000000e-01 2.355950887223172e-01 -2.984892079319313e-04
2.700000000000000e-01 2.424548238569160e-01 -3.008348818330456e-04
2.750000000000000e-01 2.494661011489995e-01 -3.035344555528960e-04
2.800000000000000e-01 2.566333028751116e-01 -3.061613218785977e-04
2.850000000000000e-01 2.639609087696434e-01 -3.091631669710283e-04
2.900000000000000e-01 2.714534988248126e-01 -3.121405742510124e-04
2.950000000000000e-01 2.791157561533084e-01 -3.154417428931289e-04
3.000000000000000e-01 2.869524699153886e-01 -3.188271759750733e-04
3.050000000000000e-01 2.949685383122613e-01 -3.225341900743206e-04
3.100000000000000e-01 3.031689716476197e-01 -3.264312853863565e-04
3.150000000000000e-01 3.115588954592450e-01 -3.305532709852620e-04
3.200000000000000e-01 3.201435537226349e-01 -3.350669222043558e-04
3.250000000000000e-01 3.289283121286580e-01 -3.396912759790713e-04
3.300000000000000e-01 3.379186614372866e-01 -3.447872559329022e-04
3.350000000000000e-01 3.471202209094989e-01 -3.500754876745108e-04
3.400000000000000e-01 3.565387418195016e-01 -3.558374293735341e-04
3.450000000000000e-01 3.661801110494620e-01 -3.619309229423871e-04
3.500000000000000e-01 3.760503547690021e-01 -3.683790832579099e-04
3.550000000000000e-01 3.861556422017504e-01 -3.754106150841218e-04
3.600000000000000e-01 3.965022894813072e-01 -3.827638157087889e-04
3.650000000000000e-01 4.070967635990345e-01 -3.908560359638772e-04
3.700000000000000e-01 4.179456864461349e-01 -3.993110478864708e-04
3.750000000000000e-01 4.290558389525505e-01 -4.085343354436386e-04
3.800000000000000e-01 4.404341653252637e-01 -4.183386101518160e-04
3.850000000000000e-01 4.520877773886537e-01 -4.288689882187926e-04
3.900000000000000e-01 4.640239590296172e-01 -4.402908180692522e-04
3.950000000000000e-01 4.762501707502353e-01 -4.524551831249838e-04
4.000000000000000e-01 4.887740543308307e-01 -4.656996571131729e-04
4.050000000000000e-01 5.016034376063282e-01 -4.798849497927193e-04
4.100000000000000e-01 5.147463393589066e-01 -4.951855721332755e-04
4.150000000000000e-01 5.282109743299990e-01 -5.117878628542428e-04
4.200000000000000e-01 5.420057583547735e-01 -5.296656680737063e-04
4.250000000000000e-01 5.561393136223041e-01 -5.491232552226736e-04
4.300000000000000e-01 5.706204740647189e-01 -5.701486874108258e-04
4.350000000000000e-01 5.854582908786964e-01 -5.929880037771918e-04
4.400000000000000e-01 6.006620381827575e-01 -6.177528814734106e-04
4.450000000000000e-01 6.162412188138907e-01 -6.447760294246794e-04
4.500000000000000e-01 6.322055702671360e-01 -6.741562140980588e-04
4.550000000000000e-01 6.485650707818353e-01 -7.061373032579240e-04
4.600000000000000e-01 6.653299455783577e-01 -7.411328007848568e-04
4.650000000000000e-01 6.825106732491932e-01 -7.793077718010440e-04
4.700000000000000e-01 7.001179923084168e-01 -8.210679604553072e-04
4.750000000000000e-01 7.181629079036070e-01 -8.668371996576711e-04
4.800000000000000e-01 7.366566986944229e-01 -9.169435103963178e-04
4.850000000000000e-01 7.556109239021327e-01 -9.720129818330653e-04
4.900000000000000e-01 7.750374305345038e-01 -1.032441479157955e-03
4.950000000000000e-01 7.949483607905672e-01 -1.098926834161719e-03
5.000000000000000e-01 8.153561596498893e-01 -1.172126916534395e-03
5.050000000000000e-01 8.362735826510871e-01 -1.252734521195054e-03
5.100000000000000e-01 8.577137038644561e-01 -1.341673394988809e-03
5.150000000000000e-01 8.796899240636907e-01 -1.439820769332452e-03
5.200000000000000e-01 9.022159791018011e-01 -1.548197000778115e-03
5.250000000000000e-01 9.253059484964714e-01 -1.668050686845202e-03
5.300000000000000e-01 9.489742642302165e-01 -1.800535594123802e-03
5.350000000000000e-01 9.732357197708378e-01 -1.947169526768536e-03
5.400000000000000e-01 9.981054793178262e-01 -2.109498837402652e-03
5.450000000000000e-01 1.023599087280478e+00 -2.289202491490938e-03
5.500000000000000e-01 1.049732477993657e+00 -2.488248856664272e-03
5.550000000000000e-01 1.076521985677273e+00 -2.708691373350274e-03
5.600000000000001e-01 1.103984354645701e+00 -2.952733738189596e-03
5.650000000000001e-01 1.132136749773522e+00 -3.222929275337718e-03
5.700000000000001e-01 1.160996767224129e+00 -3.521820349064264e-03
5.750000000000001e-01 1.190582445447902e+00 -3.852221619339779e-03
5.800000000000000e-01 1.220912276456826e+00 -4.217141017077879e-03
5.850000000000000e-01 1.252005217382601e+00 -4.619605947275202e-03
5.900000000000000e-01 1.283880702325469e+00 -5.062747861815729e-03
5.950000000000000e-01 1.316558654501151e+00 -5.549810864122809e-03
6.000000000000000e-01 1.350059498693518e+00 -6.083790504619201e-03
6.050000000000000e-01 1.384404174020732e+00 -6.667568958677458e-03
6.100000000000000e-01 1.419614147022888e+00 -7.303714453736173e-03
6.150000000000000e-01 1.455711425079295e+00 -7.994161430493854e-03
6.200000000000000e-01 1.492718570163803e+00 -8.740042647067148e-03
6.250000000000000e-01 1.530658712946775e+00 -9.541537372503291e-03
6.300000000000000e-01 1.569555567252506e+00 -1.039730327144178e-02
6.350000000000000e-01 1.609433444881138e+00 -1.130417415707707e-02
6.400000000000000e-01 1.650317270804325e+00 -1.225682339069483e-02
6.450000000000000e-01 1.692232598744148e+00 -1.324722160997254e-02
6.500000000000000e-01 1.735205627145031e+00 -1.426406848420011e-02
6.550000000000000e-01 1.779263215548615e+00 -1.529250657101261e-02
6.600000000000000e-01 1.824432901381847e+00 -1.631377087014471e-02
6.650000000000000e-01 1.870742917168772e+00 -1.730490489023266e-02
6.700000000000000e-01 1.918222208176775e+00 -1.823892011578441e-02
6.750000000000000e-01 1.966900450508319e+00 -1.908547311379047e-02
6.800000000000000e-01 2.016808069649473e+00 -1.981191861228537e-02
6.850000000000001e-01 2.067976259486829e+00 -2.038478448928945e-02
6.900000000000001e-01 2.120437001804702e+00 -2.077174887220167e-02
6.950000000000001e-01 2.174223086274785e+00 -2.094381498973583e-02
7.000000000000001e-01 2.229368130950753e+00 -2.087725001870211e-02
7.050000000000000e-01 2.285906603280654e+00 -2.055504635128143e-02
7.100000000000000e-01 2.343873841650178e+00 -1.996778868136861e-02
7.150000000000000e-01 2.403306077470301e+00 -1.911387835012867e-02
7.200000000000000e-01 2.464240457823092e+00 -1.799899136458211e-02
7.250000000000000e-01 2.526715068679855e+00 -1.663492026644120e-02
7.300000000000000e-01 2.590768958706095e+00 -1.503791248043091e-02
7.350000000000000e-01 2.656442163668210e+00 -1.322684009008623e-02
7.400000000000000e-01 2.723775731457148e+00 -1.122127178923076e-02
7.450000000000000e-01 2.792811747744667e+00 -9.039645600745156e-03
7.500000000000000e-01 2.863593362288260e+00 -6.697450027562309e-03
7.550000000000000e-01 2.936164815901156e+00 -4.205601886429934e-03
7.600000000000000e-01 3.010571468104263e+00 -1.568838990291589e-03
7.650000000000000e-01 3.086859825477351e+00 1.215679392270870e-03
7.700000000000000e-01 3.165077570727174e+00 4.159674715162267e-03
7.750000000000000e-01 3.245273592490716e+00 7.284759272075459e-03
7.800000000000000e-01 3.327498015892184e+00 1.062316182458510e-02
7.850000000000000e-01 3.411802233872832e+00 1.421807007083731e-02
7.900000000000000e-01 3.498238939313234e+00 1.812351926050353e-02
7.950000000000000e-01 3.586862157968046e+00 2.240348258627776e-02
8.000000000000000e-01 3.677727282233856e+00 2.712941527126883e-02
8.050000000000000e-01 3.770891105771243e+00 3.237503216962905e-02
8.100000000000001e-01 3.866411859002656e+00 3.820689001888899e-02
8.150000000000001e-01 3.964349245508326e+00 4.466965846615523e-02
8.200000000000001e-01 4.064764479342956e+00 5.176593608546248e-02
8.250000000000001e-01 4.167720323296481e+00 5.943201660616312e-02
8.300000000000001e-01 4.273281128122877e+00 6.751288890810327e-02
8.350000000000000e-01 4.381512872761445e+00 7.574160905174589e-02
8.400000000000000e-01 4.492483205575838e+00 8.372957995229419e-02
8.450000000000000e-01 4.606261486636447e+00 9.097468001344712e-02
8.500000000000000e-01 4.722918831072739e+00 9.689298640211531e-02
8.550000000000000e-01 4.842528153522501e+00 1.008765224346683e-01
8.600000000000000e-01 4.965164213705875e+00 1.023739182387639e-01
8.650000000000000e-01 5.090903663152626e+00 1.009837970200963e-01
8.700000000000000e-01 5.219825093111814e+00 9.654377555396228e-02
8.750000000000000e-01 5.352009083673925e+00 8.919369930371399e-02
8.800000000000000e-01 5.487538254136007e+00 7.939271286866754e-02
8.850000000000000e-01 5.626497314641444e+00 6.787752688035108e-02
8.900000000000000e-01 5.768973119126561e+00 5.556308118142122e-02
8.950000000000000e-01 5.915054719607133e+00 4.340323801777338e-02
9.000000000000000e-01 6.064833421838831e+00 3.224257837287810e-02
9.050000000000000e-01 6.218402842386253e+00 2.269515173009440e-02
9.100000000000000e-01 6.375858967136348e+00 1.507911303786167e-02
9.150000000000000e-01 6.537300211292723e+00 9.419201460003948e-03
9.200000000000000e-01 6.702827480888332e+00 5.508199834416092e-03
9.250000000000000e-01 6.872544235855034e+00 3.002085613359873e-03
9.300000000000000e-01 7.046556554689444e+00 1.517772775505148e-03
9.350000000000001e-01 7.224973200755413e+00 7.082696145866487e-04
9.400000000000001e-01 7.407905690264673e+00 3.034695221980736e-04
9.450000000000001e-01 7.595468361978146e+00 1.187255816365396e-04
9.500000000000001e-01 7.787778448671316e+00 4.216373450096720e-05
9.550000000000001e-01 7.984956150408610e+00 1.350858265230376e-05
9.600000000000000e-01 8.187124709672272e+00 3.878980219276887e-06
9.650000000000000e-01 8.394410488393007e+00 9.914485006256477e-07
9.700000000000000e-01 8.606943046930221e+00 2.239407639963446e-07
9.750000000000000e-01 8.824855225051540e+00 4.436941246547909e-08
9.800000000000000e-01 9.048283224961922e+00 7.659085283878905e-09
9.850000000000000e-01 9.277366696434507e+00 1.157690797801473e-09
9.900000000000000e-01 9.512248824096272e+00 1.728043811280901e-10
9.950000000000000e-01 9.753076416923058e+00 5.938279677710822e-11
1.000000000000000e+00 1.000000000000000e+01 7.640126510167798e-09
